0 0.5956918360977577 1.092118741795442 0.29289724825984065 0
5 0.9184922198270988 0.17274644712792497 0.0051936910510106404 1.6344680888718082
10 0.9199185467703929 0.17036148308069277 0.0009596149098727302 1.6344722514913044
15 0.9230633138020632 0.16393297383032324 8.818537235377732e-05 1.634543071563902
20 0.9231621317355668 0.16399712824880863 0.0018801652554185644 1.6345675637261368
25 0.9154754320840622 0.17999595520224299 0.006249624720617408 1.6346660669641446
30 0.9142327010726997 0.18266482366235914 0.0004305056705113941 1.6343951031714712
35 0.9169323989447462 0.1777671423724061 0.0018485162042756187 1.6339387318394882
40 0.9188482400610607 0.1747522316574237 0.0011934541802602894 1.633744978893037
45 0.9151745759853367 0.1821400333031289 0.0011058816801103877 1.6341251251003726
50 0.9104016378419113 0.19160482009152835 0.0003782399555947169 1.6338029402853425
55 0.9106054204427967 0.19185773407026896 0.0027202503683185775 1.6337938277743005
60 0.9080311359672559 0.19730889356906767 0.001242084383755948 1.6339690743857878
65 0.9099838233056614 0.19449340929070247 0.006709394931637691 1.6338598844533618
70 0.9077676878413269 0.19855729869128025 0.0017412745410105845 1.6338631844448048
75 0.9101229509928028 0.19390402311909827 0.001033910869595589 1.6336651100846398
80 0.9069672436742516 0.20131820569911785 0.001341349639595979 1.6335868830455005
85 0.901239926677416 0.21243460139243364 0.0003581707224769026 1.6335312648507858
90 0.9077795107819807 0.20070775373340854 0.0025435866916583283 1.6335644612986449
95 0.9049389739390487 0.20741051520834297 0.00046276033014458484 1.6336723195361906
100 0.9033188206783 0.21192283607229312 0.008414460492237374 1.6338801751886947
105 0.900231822471449 0.21630053892456758 0.001738202849040249 1.633577711175051
110 0.8988142561710688 0.22155298421290381 0.01002078196679701 1.6334036874923765
115 0.9011297459234284 0.21512680699935727 0.000261423820987261 1.6336617307651022
120 0.9008054175649295 0.2157879349923777 0.0017420164337895727 1.6335939777508615
125 0.9026356237282641 0.2125898911007853 0.0007416963958144507 1.633531415478294
130 0.8982805376648946 0.22353880605780208 0.004663735707836736 1.6333057569413796
135 0.896369411455658 0.2258624146071182 0.00033474816313305844 1.6333880273981933
140 0.8955884917888072 0.22824696426299984 0.0014674602539377357 1.6334456585309913
145 0.8977502182757455 0.22380161051949665 0.0010867120962747556 1.6333067461024813
150 0.8954888411473074 0.22915396906230678 0.002328824243086558 1.6333457961468572
155 0.8988991349197172 0.2225911677342327 0.0035837399754001797 1.6331237647652728
160 0.8939749051785513 0.23219427503633971 0.004024923713024542 1.6333461727884748
165 0.894754305202246 0.23232038632103125 0.007351767825233502 1.6334860572219234
170 0.896519278217038 0.2287566233902283 0.00014411865321428685 1.633613302800276
175 0.8916655437454859 0.23854837437809095 0.0018776018794697258 1.633391245506313
180 0.8930118673764893 0.23592949528706986 0.0003974974504323825 1.63348126189098
185 0.8954784411116948 0.23177254286497284 0.0006706028857377255 1.6335353162787751
190 0.8939401702842379 0.2357418226724186 0.005930049233317414 1.6332408331552148
195 0.8886409993588926 0.24586330499302744 0.003424944249917239 1.6330656890752528
200 0.8867387523818189 0.25049716707478176 0.004209059494925116 1.6332803154424524
205 0.8871764847233228 0.2500174026930493 0.0013655634645655113 1.6330986414898712
210 0.8852167849745307 0.2549837249438167 0.0020599671687289156 1.6331696413688206
215 0.8921664663585878 0.24047715663319136 0.00792260583482074 1.6331471829007116
220 0.8871006764269409 0.24977887847026725 3.8792997736125656e-05 1.6332961421201129
225 0.8881304061569092 0.24915563467343604 0.0014410742097670237 1.6335301908323956
230 0.8882026620587522 0.24978963768770335 0.0026258221323010034 1.6329217023063638
235 0.8863149112190432 0.25280715482874494 0.0018425809008217886 1.633064472014788
240 0.8846547233885684 0.2565422278463343 0.005031432360356414 1.6332200680246296
245 0.8911242107024081 0.2475300998427059 0.00011649816886394326 1.6331053577021841
250 0.8823787724646887 0.26197344937706646 0.00020427076345508333 1.6332587790951294
255 0.8884507198683447 0.25052509177873095 0.0026863462780419844 1.633556335463185
260 0.8863072357278364 0.25527469556080873 0.003067989374960778 1.6332464538606049
265 0.8861481460051681 0.2564043007592576 0.0016506186564830827 1.6329327023975777
270 0.8771191834856309 0.2760996008237404 0.002120368632946068 1.6332138047615772
275 0.883421913715637 0.2627214906493405 0.0019963625278249797 1.633161503941532
280 0.8788478096854142 0.2729825655268856 8.814511641475065e-05 1.6331739372039613
285 0.8798863102636657 0.27308288247445556 0.003388698855734784 1.633188541987446
290 0.8819428085672734 0.267905091481101 0.0012270223571910766 1.6330640675809476
295 0.884151176384097 0.2661754000949126 0.002661001621670156 1.632640435006599
300 0.8795408901413888 0.2722561195577924 0.003342562965488627 1.6329050585016205
305 0.8812862182523795 0.27079495488671057 0.002674773504902861 1.6332680161730955
310 0.8790933532382422 0.2737370187738133 0.001090049227760348 1.6332041514286177
315 0.8761512796724319 0.2803837836754295 0.0005813754929608894 1.633208766808122
320 0.8762636823437788 0.28043291215257504 0.0017478176038252524 1.6331008408655916
325 0.8714677495143879 0.29253519421232843 0.0003121055493082725 1.6332215650020645
330 0.8749793734492297 0.28361662737381454 0.00034945577437994757 1.633341953695947
335 0.8779508882714662 0.2784278851144988 0.0015884248050819227 1.6328625025765353
340 0.8750919275707761 0.28446425056286584 0.0011008782399266615 1.6329842713210616
345 0.8746138126813372 0.2853356671179068 0.0055563939827560915 1.6333479066165564
350 0.8706708249117416 0.2954067452417266 0.0008064402776546409 1.6331900365284397
355 0.8718273756573541 0.2921744505598385 0.0004279369462090177 1.6327478946000142
360 0.8709780516152714 0.29446883136553725 0.0010688328423309468 1.633073820347348
365 0.8727195463215924 0.29067133306880066 0.0007267326024043008 1.6331163970947131
370 0.8726587285972017 0.2908020761067309 0.00029348212881696867 1.6331545296970398
375 0.8744526390696675 0.2885864050553524 0.0010553144783835844 1.6330929403744319
380 0.8740643097185049 0.2887959946031291 0.00010569429557638621 1.63322277884625
385 0.8729157570125854 0.2913632059311324 0.003988923577814996 1.632945186548079
390 0.8740428145703443 0.28784091826907576 0.00020372627928422204 1.6330916874575516
395 0.868343467178323 0.3008961308417235 0.0073973839001690855 1.63311203778756
400 0.8748878729565213 0.2874749752824042 0.0034303833345452617 1.6330711242758311
405 0.870236471400902 0.29654197074587674 0.001137827145855308 1.632949888499608
410 0.8724431742184247 0.29289514116614734 0.004754237814069029 1.6331000354071121
415 0.8738529043098526 0.29045636313723167 0.003245701679507107 1.6328512090552778
420 0.8744443070662224 0.28856964845552957 0.0013157855264482876 1.6332277228598944
425 0.867907546946936 0.3015206413431677 0.002670909964989754 1.6329735128451701
430 0.8625954838770439 0.3136548956582317 0.004553705022204424 1.633144078291829
435 0.8672822244673191 0.3051392493849796 0.0016875276479004775 1.6328768083083665
440 0.8696829879864167 0.30048767857909064 0.0024769619375186736 1.6330440791930518
445 0.87035468135673 0.3004112563165626 0.0008530968046767118 1.6329872694602892
450 0.8706655085522799 0.30194235555348525 0.001607775625514174 1.6329307305461083
455 0.864766147975863 0.3123115617675898 0.0009873704989527 1.6330274609628121
460 0.8679685739978396 0.30660256185923473 0.0011938759548222322 1.632875743814376
465 0.8641513438548799 0.31462081933531394 0.0008075047331110863 1.632949401259342
470 0.861826055340186 0.31635596072298644 0.0008891510770525635 1.632861394264966
475 0.8628919706568372 0.3151652986578606 0.0027348537474256585 1.632992675553167
480 0.8725259898710256 0.29720895423213367 0.0012103712388729093 1.6330603297142468
485 0.8668299892864972 0.3103052824876493 0.0023257428456866513 1.6329099244475296
490 0.8650921352501433 0.3114748655393167 0.008009451702959858 1.6327300760592605
495 0.8676503336437187 0.3074428268044678 0.007451053613344527 1.633132249792974
500 0.9633717109776667 0.09154273612778674 0.04933080541026191 1.754917571048983
505 0.9946933774778957 0.01286403754982679 0.0018457939721185923 1.6528731656339846
510 0.9983026189229323 0.004414931228108321 0.002963033213637445 1.6391186032469292
515 0.9979099122627841 0.006367918598633615 0.004534806344932196 1.6374878465871063
520 0.9990947991637199 0.0027363435103548994 0.0019108046232663156 1.6369241350879116
525 0.9991700580522147 0.002472215944832268 0.009714956599869096 1.6360388620770991
530 0.9993854499526387 0.0019379721143280015 0.0005511668413860082 1.6361511220460903
535 0.9993636163852886 0.0019339861220033505 8.624255916522827e-06 1.6353669993242463
540 0.9994978787864226 0.0015297558381321963 0.0011262462959273911 1.6354203512471712
545 0.9989858302105987 0.003358296287474527 0.0008127460925433372 1.6353848577892265
550 0.999051232848481 0.0035194256154980064 0.005194599892419216 1.634377626530001
555 0.9983524261661422 0.005918342195503801 0.0017226942448258509 1.6348631306325543
560 0.999036442492683 0.003252974332216496 0.0035879345766969273 1.6350481902188008
565 0.9983444430168067 0.0055911043276273276 0.008443395662320219 1.634564334697768
570 0.9992372986655582 0.002472896402552216 0.0028693820745229193 1.634564812420218
575 0.9995852652944224 0.001101955262875265 0.0021450830419300626 1.6348892390953653
580 0.9989700919659964 0.003350774633178233 0.00612217458238451 1.6343885925906658
585 0.9991573914263456 0.002361609631744921 0.0014684048327708865 1.6344254164979737
590 0.9995327732227393 0.0011877267261246605 0.00118516706923244 1.6346392893791937
595 0.9994990059716138 0.0017919638619467992 0.0002400207250252695 1.634520445457081
600 0.9995892289261133 0.0011493047444472992 0.001865338319135823 1.63454315480778
605 0.9990807935825814 0.0029332177566003814 0.0005374957790778012 1.6342621885810145
610 0.9998088883771321 0.000485664245206463 0.000880750145021203 1.634161973319321
615 0.9995713758061758 0.0013794274316436539 0.0017962405252478497 1.6342378349607138
620 0.9988433912805059 0.003803090346464977 0.005795126929106331 1.6345510926489037
625 0.999694470811898 0.0007503526721359677 0.0004689786476417268 1.634538618948504
630 0.9991760216667442 0.003036457062800757 0.0017856509125997455 1.6341561153717123
635 0.9996791558868362 0.0009116366759167605 0.0018389850399969099 1.6342339415037588
640 0.9995218723528989 0.0015485298101129974 0.003534421783807584 1.6340063683286465
645 0.9997001825354869 0.0009534071700196822 0.001049758343990126 1.6344019992038283
650 0.9995651763143248 0.0012606914837924865 0.000693407367068799 1.6341878776999073
655 0.9998458624155522 0.00034276466842597664 0.0010965213439286803 1.634271903071884
660 0.9996279362909961 0.0011594661333231837 0.0018832450720172034 1.6343543472065436
665 0.9995239148422926 0.0015684704835048358 0.002207197026171892 1.634245132857349
670 0.99941476105937 0.0019360944248663081 0.0020619974086737436 1.6343971681282736
675 0.9977969088117036 0.008667846531011936 0.017283742540469937 1.6334472737294208
680 0.9993733799352308 0.0022226791555439718 0.001151246010786977 1.634351695059091
685 0.9992084582499415 0.0022896532471206044 0.0053410119021952696 1.6338344084363623
690 0.9992804132825603 0.0026220131064360608 0.003135489397447788 1.6340212350173742
695 0.9988432502110446 0.004597132019770411 0.004419500592604653 1.6340070883520386
700 0.9995989681748583 0.0013244959360538822 0.00035514746651665874 1.6344955922825593
705 0.9994446550258945 0.0018905863636855536 0.0068018294973175575 1.6340297658926164
710 0.9992926522919892 0.002207255999037372 0.000549596306034017 1.6343478132533966
715 0.9997153723747146 0.0008014085846319574 0.00198041746557176 1.633575244749273
720 0.9988915739765509 0.0040866087565327724 0.007646112612310629 1.6342382042756773
725 0.9994720219352327 0.0015590875436923834 0.0006293620589619131 1.6342426854277337
730 0.9996542065847753 0.0010231245036953496 0.00305165081034664 1.6339785820004178
735 0.9995266550867715 0.0013710957160313342 0.001799113284743914 1.6342895767050354
740 0.9994410744362119 0.001982853360645409 0.004362047103456668 1.6338056235345948
745 0.9981349214625772 0.0074850376255930495 0.005736151412479629 1.633677144548595
750 0.9994635215596558 0.002029257074184443 0.005119037993587927 1.6341648024240232
755 0.9994974086908153 0.0016984621643623132 0.0011473561315882286 1.6335751763998336
760 0.9994659828676767 0.00187650238843462 1.822478877500089e-05 1.6336978303755345
765 0.9994412933405229 0.0020652176451680937 0.0026045931044524906 1.634190175072996
770 0.9998081736893403 0.0004437096341229907 0.0015081479286820354 1.634178337812119
775 0.9994593717628495 0.001972382472782419 0.011236233709244647 1.6338887935365454
780 0.9992662574049629 0.002709768296022874 0.0007275653437055496 1.633856786746327
785 0.99952938770365 0.001634415438143133 0.002153613064848958 1.6338554242166419
790 0.9995700804374374 0.0014498806728415747 2.348834466037175e-05 1.633794341818283
795 0.99960068430826 0.0013578355145165144 0.003375204829800804 1.6337503752294924
800 0.999591860710439 0.0013435834070700814 0.0004551622117874299 1.6340270338412892
805 0.9996039626848103 0.0014011268983682434 0.0002032568913648003 1.6340926922781194
810 0.9995631695274186 0.0014761308077417823 0.0009810137718060385 1.6342242109454863
815 0.9993477268557455 0.0022685143992751122 0.0028669105225067604 1.6339272901913588
820 0.999638796936922 0.0010761991931500514 0.0002682351491709589 1.6338446668056636
825 0.9997777338166037 0.0006656201010628582 0.0003252572621976757 1.6340085413200713
830 0.9995297517410436 0.001541289412480884 0.00371190528885057 1.6340832190259855
835 0.9980539613600755 0.007047873113040781 0.0014507339226894622 1.6336150764350066
840 0.9989852201955023 0.0037124602004752205 0.010170774281284434 1.6335752063775864
845 0.9995597510083969 0.001546386527717214 0.0005011519900144368 1.6338650949273301
850 0.9997525709749465 0.0007309473893819529 0.0009923978246968446 1.6337966159040962
855 0.9997227073253416 0.0009092527949476903 0.00122836343838717 1.6338988994140282
860 0.999766610163526 0.000575047649392646 0.0012733876990596027 1.633800603030357
865 0.9998332244400862 0.0004319651239315103 0.00163485734890223 1.633650230938112
870 0.9996379299003064 0.0012694084267448336 0.002238234066334055 1.633803785128753
875 0.9996777533099338 0.001117252975598726 0.0018168787372836448 1.6337975978062083
880 0.9996060360770755 0.001212745650483571 0.0011381531611904805 1.633731666339863
885 0.999116444779431 0.0034573528049244295 0.0008918575247793825 1.633692727706596
890 0.9995363357465639 0.0014455294666857466 0.004438396822680213 1.6339144906811947
895 0.9987925838862197 0.004586911441002872 0.00223223328064015 1.6334849528481024
900 0.9992247817833145 0.0030150445254397695 0.000498704008706996 1.633687991311416
905 0.9995181609052185 0.001703209956905427 0.0027971495322705042 1.6335217241829219
910 0.9996872874743081 0.0010982215795787287 0.00700594251383202 1.6336539953059879
915 0.9994972006781498 0.0017675430231269829 0.0011648302243996156 1.6336090773062841
920 0.9994897034675191 0.0016912103104160803 0.002461662514804397 1.6335540313007937
925 0.9996933219264754 0.0008908123643991406 0.0014842554313014844 1.6336019844710268
930 0.9995221921469013 0.0016442374778509183 0.0060299436203767875 1.633290242571809
935 0.9994893882120265 0.0016457220832426511 0.012026991333345727 1.63354556568691
940 0.9997284652892027 0.0007924754039616566 0.005124823639133025 1.6336696120143797
945 0.9997943437749492 0.0006406413200241712 0.00023888119954906806 1.633891375222566
950 0.9997358496558919 0.0009057557668719074 0.0008386731902640943 1.6329547287365176
955 0.9989742979271702 0.0032634841125904757 0.002934230792239312 1.6333480891071537
960 0.9996920172724166 0.001077032893821439 0.0033500548174938416 1.633456733895944
965 0.9992589543771884 0.002798609693435372 0.007691039027069468 1.633409380415408
970 0.9998172308414739 0.0005413323507239554 4.944793470551545e-05 1.633454308169477
975 0.9998719764699411 0.00030284406239533546 0.00048759595092118246 1.633603221275157
980 0.9992714558907352 0.00281034002439573 0.0011875319456158273 1.6334067938887957
985 0.9996750187725134 0.001118808383093084 0.0034361120195463 1.6336200029681134
990 0.9997701741833613 0.000655393631808554 0.002247046406941511 1.633644419311504
995 0.99970836900601 0.0009032454131068235 0.0013032314563252712 1.6336032433110033
1000 0.9998522363232023 0.0003738646846560556 0.0006767228357791311 1.6336233417870847
