0 0.5816404590672924 1.150045051071284 0.27428944417161094 0
5 0.9229114126955432 0.164469395785239 0.0030349762592840612 1.6348725131016786
10 0.9246159585069131 0.16037431297897742 0.0006458047473325568 1.634828267562087
15 0.9241965205396627 0.16034931338159564 0.001186959899731832 1.6346294583692178
20 0.9233031977949862 0.16254457290047575 0.001294545637348321 1.6343178367088778
25 0.924738989148874 0.160853898674449 0.0013896299243418841 1.6346370091523499
30 0.9196479614021085 0.17029286372898578 0.0021724526141977396 1.6347006129461783
35 0.9214314250843386 0.1672189191076412 0.0025449353037336753 1.6344310823440784
40 0.9192114310595304 0.17410180183060864 0.0036581861439988206 1.634128123113748
45 0.9152470908760714 0.1803011478884302 0.010976351792425731 1.6342412626763316
50 0.920044823132621 0.17072878124516966 0.000997452051936465 1.6344573032881706
55 0.9153192475175321 0.18052419796261754 0.00028257017725086264 1.6337008610701258
60 0.915948369862357 0.1799051620919807 0.004606053444405678 1.6342953750455471
65 0.9154439707628506 0.1804165886833018 0.0004749396734438083 1.6335763842884938
70 0.9148919171756071 0.18318890057942983 0.0024407631576126576 1.6335439144034725
75 0.912066933650567 0.18785791672553054 0.0003676985398248789 1.633822067913603
80 0.9088283221146509 0.19494897642289288 0.00418936957431737 1.6337703099574883
85 0.9091663975013486 0.19483673727786477 0.0036207487539847705 1.6339433030976611
90 0.9049939442002518 0.20481794227896177 0.008960661402325432 1.6336590547650718
95 0.9057185542567341 0.20350192310691329 0.010283925596195509 1.6340267945519076
100 0.9104033230140866 0.19381726323995707 0.0002475793576395269 1.6339210015303345
105 0.9017317809774955 0.21173834588996043 0.0011158844618779362 1.633716602447468
110 0.9041716845322889 0.20823133125384508 0.0017744822022156548 1.6336238563376324
115 0.9014856131608444 0.21265312421514304 0.0007448862000378753 1.6332710937702186
120 0.9083162534538836 0.19921918311767683 0.0006150376714852968 1.6337538052999567
125 0.9090914231879752 0.1983524977670248 0.004198892880893146 1.6333058290608986
130 0.9046651150436815 0.20840040669736126 0.0015512940664643704 1.633498089537555
135 0.9056866596929797 0.20540526053235464 0.0012080495594362084 1.6335160311874497
140 0.9021696687694202 0.2137951989523772 0.0028330795065389935 1.6333601986352957
145 0.9020711269769714 0.21344848067379152 0.00310878439768425 1.6334502061391862
150 0.8967111894755104 0.22395082571425995 0.0002742195806169079 1.6334738081511304
155 0.8997248755967211 0.21977158405642827 0.0106474114806141 1.633325322626666
160 0.9010318011240847 0.21947036543665188 3.8558041671965526e-05 1.6332171643676483
165 0.9006075767917366 0.21778745827711066 0.0024219270018568384 1.6334054227322
170 0.8999478091951487 0.21942513097536098 0.000652291074598299 1.6333089090145785
175 0.898515750044536 0.22239800302752277 0.0009270547458450906 1.6334018858080077
180 0.9019557821977564 0.21610322967981022 0.003067706581747487 1.6333130349887262
185 0.8995962825275291 0.22227722389082816 0.0008808661787744754 1.633543332593626
190 0.8954933192045756 0.22962785167566468 0.0010366645119901374 1.6332781560543501
195 0.8932205122286263 0.23542777256627545 0.00158635930789508 1.6333770773151761
200 0.8902692894687407 0.2406130660564203 0.0004133636674643615 1.6334867176337893
205 0.8904926104187432 0.24163285781457322 0.0011946800688957815 1.6333474373114099
210 0.8931453193156321 0.23587609888631467 0.003944128330277907 1.633160070787904
215 0.8950195354598238 0.23329053561166435 0.00022144295589332508 1.6333267184430702
220 0.8932240884486693 0.23643715868951065 0.0027095299445181187 1.6331719065079375
225 0.8885029173303582 0.2461192275945021 0.0038767096313561122 1.6332217867191523
230 0.8924407947438712 0.2391291104272213 0.000290461665223507 1.6332219624000308
235 0.8893301457183413 0.24566907598537502 0.0012623572858554422 1.6332070749107646
240 0.8903542566750304 0.24652146390894947 0.0016296195082361464 1.6332194520176526
245 0.8860490340844438 0.255505231942456 0.0025139985911684093 1.633269814487366
250 0.8855681223518246 0.2549651973509097 0.004978231054125759 1.633077822849228
255 0.8830256903926793 0.26088457286009725 0.0009555393960374303 1.6332668069022276
260 0.8828977544022345 0.26069276737257074 0.000263080949070682 1.6330965933783514
265 0.8827382161799493 0.2634380843314854 0.0035907283053711048 1.6328185827041455
270 0.8843327926236437 0.2591516179891673 0.001108504268964916 1.633101072307706
275 0.8808942904746615 0.26599336213847335 0.0003542497973976211 1.6328857373173964
280 0.8776289503137562 0.27406234466898716 0.0005865415630661452 1.6331870565147077
285 0.8812674409706525 0.26677889551301703 0.000887934105443744 1.633298978946922
290 0.8839431470489716 0.26264513179453886 0.0022526821385635554 1.6333356868765774
295 0.8818981355538429 0.2669810683546656 0.000594581961093521 1.632928374153
300 0.880019949477235 0.2701594118148105 0.00020765918350607038 1.6329308306629235
305 0.8769559583431108 0.27617162642139825 0.0009290521620692882 1.633254863075341
310 0.8758592023167641 0.2802315171930987 0.0006497050044100838 1.6333585284440102
315 0.8745665831087468 0.2860985966419223 0.005585960076761154 1.6331292386193068
320 0.8757729138568899 0.2829705527093149 0.003872773335891644 1.6333411352169338
325 0.8747888051798659 0.28364916089089753 0.0037194082269551565 1.6328897357079954
330 0.8689828969648021 0.2990286535538689 0.00550965102983092 1.6328150256758922
335 0.8687242757976654 0.29834868034163153 0.004081160804409345 1.6332241889729773
340 0.8731162259520175 0.28713884820665103 0.0008599316675022006 1.6331811247477896
345 0.8762596288018762 0.281934808080579 0.0008905209644081147 1.6332388767595845
350 0.8751209233393732 0.285415149351792 0.0013560026426890914 1.632978042721982
355 0.8729598530166203 0.2902256679788626 0.0018097893130037956 1.632910977210921
360 0.8690492638260678 0.29991382354649687 0.0027666082330526365 1.6330654494845658
365 0.8702873491636245 0.29809070158672224 0.005397673617457244 1.6327375641845057
370 0.8725392030181962 0.2905965162314279 0.00245337922252431 1.633032351701536
375 0.8659856216436743 0.3056485032231617 0.004083091397346195 1.6330249318936163
380 0.8723053001946892 0.2925419281102801 0.002281607108745476 1.6331208565593263
385 0.8712748381196034 0.2957968738887835 0.0014543288532860021 1.6332339366652524
390 0.8674545434477753 0.3035807182515917 0.005528630422771297 1.633133687989914
395 0.865408056520806 0.30677188971208236 0.0010249836765585663 1.633211044427042
400 0.8677228832049272 0.30613823685213526 0.0007747934135240442 1.633076829657864
405 0.8627059339057453 0.31835810609251247 0.00474044265099316 1.6328657700804294
410 0.8665742768760355 0.30862662151718734 0.0005955975846301254 1.6328309222636728
415 0.8690355006414764 0.30217290527913243 0.0011137383676342871 1.6330680253868446
420 0.8607215685369721 0.3225372046212911 0.0005813555116862545 1.6332417434143864
425 0.8632114008630613 0.3174632927807286 0.0013095968752632192 1.6328438333076898
430 0.8670221696773015 0.3110644173872914 0.0016558365355645588 1.6328939941793934
435 0.8684708607339022 0.30763897948606633 0.002369650619476804 1.632963780349721
440 0.8665634261824919 0.31173295803301126 0.0009802339855560227 1.632905603187283
445 0.8641315677405117 0.3148098023471191 6.224687082556635e-05 1.6330424635170353
450 0.86595780799966 0.31241947467315967 0.000536757222290074 1.6329902393205835
455 0.8617018242640176 0.3189463577131133 0.0005869925739321324 1.6331075797871861
460 0.8585220754834393 0.3284890870870669 0.0034992482673654735 1.6329480071902258
465 0.8646115125638318 0.3167920601389884 0.0017396367841389093 1.6330859136499947
470 0.8645910615924022 0.31387439381796334 0.00599303370198534 1.6328795098308078
475 0.8612418571081719 0.3219853114719171 0.00012077121905429422 1.633086924992281
480 0.8594354885945089 0.3258354617260055 0.0016649143085980533 1.6328887888322543
485 0.8637901841673519 0.3168709606842992 0.0038599449672080954 1.6327612316256435
490 0.8628999173185614 0.3213755367041484 0.0003402824960820894 1.632733886942754
495 0.862978050640812 0.32372065712356335 0.0009169068656167401 1.6329663414729407
500 0.9651831795820461 0.08863820360234187 0.03401070423624519 1.755036169716812
505 0.9949162872965542 0.01191848442110044 0.003921874146097792 1.6512411432831637
510 0.9952235594783091 0.01734745642607094 0.028636332992896918 1.6389352731203046
515 0.9984524304570994 0.00439324725049417 0.0008924050233636294 1.6373041025290471
520 0.9970842826679256 0.010789927126761523 0.0023058392555104223 1.636952783762132
525 0.9976025804970038 0.00893516952506146 0.015374541256003127 1.6358410734198483
530 0.9993538091376233 0.001863055345425746 0.000332434123658798 1.6357430953479968
535 0.9995185985767268 0.0012479478052991322 0.0010900670531404089 1.6357343588461177
540 0.999484151662357 0.001585292437833452 0.00773488984943782 1.6358007233700398
545 0.9986661899860562 0.004413109538060178 0.0007989688300660269 1.6349782826944204
550 0.999110121808228 0.00305975464331687 0.01023508968913811 1.6353738911593587
555 0.9988666121016194 0.004175094851265326 0.0009110873430127064 1.6342956361727692
560 0.9995730773081859 0.0013272895593043899 0.002490952363345178 1.6351279961072231
565 0.9992774682681214 0.002404443186688532 0.0010026998619923067 1.634650525135802
570 0.9992818639965233 0.00244075773177288 0.006987476309614493 1.634100799805515
575 0.9984541360881328 0.005852813373985466 0.007214514625516699 1.6346748213818756
580 0.9994835584263546 0.0017209318362849668 0.007412122621866413 1.6341439803044386
585 0.9992981209051321 0.0019246370089789355 0.007200778480859427 1.6345407754687213
590 0.999296856978018 0.002443786331781439 0.0014761700699925662 1.6342463434516776
595 0.9989700411715462 0.00384430026857574 0.004988053580840646 1.63448192402984
600 0.999574217124235 0.001179418212190697 0.0006941353511438209 1.6348060634383268
605 0.9985955929568161 0.005027619179012621 0.006265655611606746 1.6342083463072798
610 0.9996621988395828 0.0009877677778937777 0.0020335985713495486 1.634775181450699
615 0.9987313037165367 0.004885779714159488 0.0004227827918708016 1.6343858677187604
620 0.9988803355055051 0.00405715558945885 0.0005967805776871948 1.6338830552997086
625 0.9996410865037263 0.0010331581065112783 0.0010385606819973692 1.634605568204347
630 0.9992810792076844 0.002576515355026787 0.0014690866447280015 1.6343030055636782
635 0.999707249240834 0.0007036759228467027 0.0008809906269093837 1.6344934455158153
640 0.9995392834100889 0.001277525758410114 0.001231921043380213 1.6344080674894008
645 0.9994438200517681 0.0020320435139058457 0.00525009321029235 1.6339846012244288
650 0.9995845006590123 0.001384437365849145 0.0041250577561073865 1.6342355900495413
655 0.9995400740103211 0.0016120465331688205 0.002586096612299249 1.6341467764827216
660 0.9991665007819402 0.0029472168799811183 0.0066892178435242755 1.633835650948254
665 0.9990413953398314 0.003754817229848717 0.004631898188292016 1.6342834055959516
670 0.9995164528284861 0.0012979698266872841 8.020987989909578e-05 1.6337134294494828
675 0.9996464817577081 0.0009676234458444455 0.0018172429625737951 1.6342447940045342
680 0.9989774286244076 0.0040193752124686455 0.0018832693544199586 1.6342132695327907
685 0.9987282772894923 0.004779821530588091 0.018071709400790503 1.6339920942155481
690 0.9994467296882592 0.0019306875424465186 0.0161289791016761 1.6341476623452542
695 0.9993182061293739 0.0022451497922686414 0.0018624806132270244 1.6338920942338786
700 0.9995905623185095 0.001417305072313635 0.00011853570053599327 1.6340694467480272
705 0.9995759290653989 0.0012431669761419073 0.003701887851763175 1.6340368662120814
710 0.9990346738675386 0.0037689595968808387 0.0006253345982465408 1.6340766106450055
715 0.999113269121009 0.003160450542544213 0.0022018204352671766 1.6341342348020325
720 0.9997631872534398 0.0006739036528289333 0.0040244193995400135 1.6339215695816727
725 0.999783819895047 0.0006918861247089403 0.0009028259028061036 1.6342326998309205
730 0.9996187022586842 0.0011682594389978984 0.00040559537842477233 1.63392462269363
735 0.9994395837426847 0.0018774402348156194 0.003541763676103926 1.6340319840255018
740 0.9996065705393047 0.0011428564201296787 0.0002901568272575261 1.6337292422173677
745 0.9995486238083077 0.0014588795915084773 0.002988859353304063 1.6340987700331215
750 0.9994449789046131 0.002044427452085662 0.0024621282141135126 1.6338797042957642
755 0.9988459492464247 0.004355836576997785 0.0069973655189068396 1.633799640776095
760 0.9995935313014642 0.001139793372555431 0.0011731390141496156 1.6339802390356726
765 0.9993063362065071 0.00233088522477809 0.0037604706804945653 1.6338936950597216
770 0.999785589979258 0.0006049469331488311 0.002138334667996178 1.6340952247698939
775 0.9995908062456419 0.0011485787392446767 0.0008582286686698026 1.6337628184074975
780 0.999722798646274 0.0007329311342700873 0.00021929426730249446 1.633885567059054
785 0.9989273004684246 0.004072339973716144 0.0029821387011279565 1.6337847416800764
790 0.9996191447308367 0.001334575807892202 0.0001955695702051674 1.6339739588703737
795 0.9996358211555789 0.0011356307166474622 0.0047310649573968355 1.6341607791860182
800 0.9997474468612957 0.0006730185225372054 0.0005710287837681349 1.633939717891966
805 0.9996058773038163 0.0011047167927593637 0.0007547831190013454 1.6340937966425289
810 0.999569394445402 0.0014351113908661617 0.0011940209994452111 1.6338086186043075
815 0.9995183510350734 0.0017563730692966573 0.0012960154045948968 1.633728818719824
820 0.9997778480868775 0.0006812038728452041 0.0015083511500753044 1.6340467624022181
825 0.9996711792717404 0.0010657812886036844 0.0014187644389793697 1.6337126368406558
830 0.9995475851706929 0.0014274972647458917 0.0015245129340448749 1.633857640934971
835 0.9995552692093148 0.0016498010822691977 0.003036368733123851 1.63359301281982
840 0.9994516265955884 0.0019598509918237195 0.0024173801454474564 1.6341123501506627
845 0.9995873540725606 0.0014174599450635927 0.001716203826493068 1.6336402384579751
850 0.9996436827478236 0.0010976731492660097 0.0018982002888181526 1.6338326013025501
855 0.9996483299821943 0.0011097241051720719 0.0006723543894695538 1.6336174624375348
860 0.9995493972990208 0.0017105256787166567 0.000690189539074737 1.6335396411993468
865 0.999389616235141 0.0022968052321055143 0.00020204505316678834 1.633726020343953
870 0.9997383196715881 0.0007884546279028903 4.170235013289947e-05 1.6337143229396591
875 0.999663547651493 0.0011588883471591593 0.0026323194318584875 1.6337802077966501
880 0.999240126547436 0.0027263880329475576 0.011653596939585231 1.6338958142780735
885 0.9995882466467589 0.0015359788170157262 0.006037486885292154 1.6339880830517384
890 0.9993434148141275 0.0025458918822161003 0.0038796414086743614 1.6336058354834588
895 0.999319026724482 0.002535641498390584 0.0016024273807107026 1.6335284132548475
900 0.9997398410263246 0.0007394651726211343 0.0001618571528334556 1.6335523170351463
905 0.9994943143215385 0.0017897892378653246 0.0014706685350935889 1.633419596101605
910 0.9994783391762079 0.001898541788087682 0.003676974761506635 1.6334643755783573
915 0.9998314403483433 0.0004398114468777692 0.0015146971853496893 1.6337489720848026
920 0.9997420638915958 0.0008128468595989258 0.000647602117711088 1.6335891615225078
925 0.999615276840095 0.0013361337061714718 0.001959761497032142 1.6334906638568163
930 0.9997483959896915 0.0008271574542373372 0.006550467464220278 1.633289844655265
935 0.9998534327647718 0.0003659130884809958 0.01056317117149197 1.6334783030164077
940 0.9996824767645796 0.000900140092545243 0.0008320041887683871 1.6335211043041054
945 0.9997978224943611 0.0006264419825221523 0.0015927619102480417 1.633287322918219
950 0.9994618239469722 0.0019417077154175733 0.001105103471925828 1.6336974523972185
955 0.9995356639292103 0.0013842509562049798 0.004255914398921812 1.6335224067053409
960 0.9998020454927593 0.0005184623165563895 0.002665563210973554 1.6334441510006819
965 0.9997569734397673 0.0007203868733216545 0.002339005642391534 1.633487885029786
970 0.9992377919473168 0.0028997252707396726 0.005022647916165246 1.633122719379064
975 0.9997485729154129 0.000858622944856835 0.0028901814511015367 1.633566512172153
980 0.9997342656347428 0.0009291065609793314 0.0013753421316193837 1.633823493780052
985 0.9998135822410927 0.0005055890722429623 0.0007118862835044926 1.6334277346343529
990 0.9988012268704999 0.0045674214960409465 0.0009575999276423275 1.6334421811507502
995 0.9995758720695145 0.0014479245361036508 0.003189191256145252 1.633484121627044
1000 0.9991713832820028 0.003059871166239736 0.003941664741747175 1.6331975830351544
