0 0 0 0.3876386056445801 0
5 0 0 0.005717368499931874 26.979782894798472
10 0 0 0.006797308919485712 26.82155378842266
15 0 0 0.004861700120668333 26.75386355430728
20 0 0 0.007876984947374321 26.699911650829264
25 0 0 0.0028313202408862814 26.647604810466195
30 0 0 0.011608980443644112 26.610568363915437
35 0 0 0.014125893461322647 26.56206471745254
40 0 0 0.01104176125377454 26.51809181892289
45 0 0 0.01569195529582701 26.458675873128804
50 0 0 0.020116833175678694 26.42120205871911
55 0 0 0.01041509087157233 26.380120865047147
60 0 0 0.013822308867273092 26.352115267474677
65 0 0 0.015994617219073026 26.316699939698005
70 0 0 0.016833857864474444 26.300970807194904
75 0 0 0.01840726841111917 26.28552743487938
80 0 0 0.01791863907871405 26.264773289117365
85 0 0 0.014799703851785306 26.25969885658354
90 0 0 0.018910208558818864 26.243918699337414
95 0 0 0.019575810004847094 26.24717149956534
100 0 0 0.016984409584145155 26.231843050104565
105 0 0 0.018203373530789824 26.227377344912444
110 0 0 0.019479789611160925 26.210700451241017
115 0 0 0.014865783812859634 26.21225969440472
120 0 0 0.018029925937854463 26.208271457034776
125 0 0 0.01990215637096493 26.209247235175543
130 0 0 0.01900145443737955 26.198388052580185
135 0 0 0.01849713455895108 26.191716829359237
140 0 0 0.016625630468091623 26.19032578985865
145 0 0 0.017909311395976735 26.187563365452156
150 0 0 0.018178148152077078 26.19236813945744
155 0 0 0.018522024718054864 26.18922170037474
160 0 0 0.01926224206667504 26.18708775139205
165 0 0 0.02084513670296384 26.18519450293372
170 0 0 0.016922733884250585 26.185594897762726
175 0 0 0.01643798023830323 26.180916608477343
180 0 0 0.01670471166405374 26.174604985308846
185 0 0 0.016432789485100407 26.183241608537934
190 0 0 0.016813954858188707 26.183247672756355
195 0 0 0.018842857135114244 26.18245203767075
200 0 0 0.0176900474194146 26.183725465328664
205 0 0 0.01983942033473829 26.175451920428195
210 0 0 0.01898977592578155 26.173576827937005
215 0 0 0.019131002485059057 26.176802253053367
220 0 0 0.018325319922400496 26.173410273620533
225 0 0 0.018143309822461484 26.170473015642166
230 0 0 0.019156848035594365 26.166580079122642
235 0 0 0.019246296137490848 26.169091356377525
240 0 0 0.01805655318280941 26.166486712678957
245 0 0 0.019480405984101834 26.168494035528482
250 0 0 0.018119453309128897 26.171534830991916
255 0 0 0.018620525460828485 26.169096928591365
260 0 0 0.02125499044237955 26.17080039044878
265 0 0 0.018742893750418377 26.16515888934427
270 0 0 0.01911805472883743 26.165126134521593
275 0 0 0.021065730034706354 26.166546084061174
280 0 0 0.020555577492369803 26.165215405236513
285 0 0 0.02064142138941505 26.16718356629201
290 0 0 0.01794162835015567 26.1653668652147
295 0 0 0.01808825636187006 26.166732634264672
300 0 0 0.019600553278717125 26.164677692089366
305 0 0 0.016724525411454083 26.1641834223713
310 0 0 0.01968671483757589 26.162436273021658
315 0 0 0.01888559603184814 26.15973884457666
320 0 0 0.017151209943955692 26.155013265396985
325 0 0 0.018364461336436877 26.160669985683622
330 0 0 0.01991190425505085 26.155441278793724
335 0 0 0.01830110451362521 26.160487500286962
340 0 0 0.02062265561609955 26.161522579841886
345 0 0 0.017821596119213412 26.160531971156953
350 0 0 0.019589605904155816 26.15980830947647
355 0 0 0.020812373076640522 26.153759186125647
360 0 0 0.019436802267214004 26.157312429793397
365 0 0 0.020775621644723907 26.156349619970946
370 0 0 0.017847759257622275 26.151224354832813
375 0 0 0.020562290412627693 26.157282140325183
380 0 0 0.0202750502316551 26.1570447445721
385 0 0 0.017922798667588724 26.15318146891161
390 0 0 0.019754169805327404 26.154994307039914
395 0 0 0.018758945439879326 26.1531357308446
400 0 0 0.02055054557583702 26.15260599833805
405 0 0 0.01896373584749056 26.15159447866594
410 0 0 0.020727880739449978 26.150770071646228
415 0 0 0.018426164809793644 26.153153885416238
420 0 0 0.01987958148495883 26.15244303131225
425 0 0 0.017857159133265688 26.146246010349383
430 0 0 0.01963364369869991 26.148091517051274
435 0 0 0.01943843866544026 26.149399256977805
440 0 0 0.01864854615924627 26.145662624762707
445 0 0 0.018147666870018897 26.147837072673155
450 0 0 0.02256558639072548 26.150298426479484
455 0 0 0.01849596387589436 26.144951953312763
460 0 0 0.01890000308274975 26.14508997383566
465 0 0 0.019102707731435187 26.14428214844197
470 0 0 0.018473245398400673 26.145141087378303
475 0 0 0.019648624316277452 26.144985076637276
480 0 0 0.019971476022133006 26.143769605411304
485 0 0 0.018095433008503026 26.14169170082942
490 0 0 0.01952084004732213 26.144861850583364
495 0 0 0.019542885421170997 26.143567326041907
500 0 0 0.016215641402492986 26.36995316286759
505 0 0 0.018787260520689353 26.361915129813372
510 0 0 0.016906006997450707 26.367497067068854
515 0 0 0.015361696336268382 26.359215458722414
520 0 0 0.016135254258864862 26.356808415799822
525 0 0 0.017208499811856237 26.353378324344845
530 0 0 0.01785933959498731 26.356751509659325
535 0 0 0.014228038843052682 26.34833164768374
540 0 0 0.01475592371381551 26.3420303183485
545 0 0 0.015813264568556473 26.332022130379077
550 0 0 0.016055591888233245 26.32583678534726
555 0 0 0.01743132230541722 26.321108905234173
560 0 0 0.017351028177364558 26.32414897445799
565 0 0 0.01594072253177692 26.309531620287345
570 0 0 0.012925976510096415 26.298838427494612
575 0 0 0.01835124970344104 26.296469552744092
580 0 0 0.015385528781825863 26.285750083525127
585 0 0 0.015938717875744413 26.26515236929115
590 0 0 0.017808511548506933 26.27874281637972
595 0 0 0.01749809493827925 26.266165418470283
600 0 0 0.015417784202928164 26.2683575585831
605 0 0 0.020278789934904173 26.266519657365798
610 0 0 0.01447497408946763 26.245753548224233
615 0 0 0.02001913460793525 26.233925559143948
620 0 0 0.017172827815244318 26.248212046577486
625 0 0 0.01685231082130567 26.233709284429953
630 0 0 0.017093400259395652 26.230166944326132
635 0 0 0.018965175567581483 26.218097616443888
640 0 0 0.017351248193623547 26.22008100526381
645 0 0 0.017388523182876536 26.218279368338372
650 0 0 0.01725015404037933 26.21238660429697
655 0 0 0.013094605985043417 26.203622452258955
660 0 0 0.01647323574882109 26.195943328544594
665 0 0 0.020072583370859043 26.196459762405333
670 0 0 0.02040454112214829 26.190733291796146
675 0 0 0.017124652095614312 26.195043044740515
680 0 0 0.01733332011288402 26.18475408583163
685 0 0 0.01917181125946721 26.1824665800781
690 0 0 0.02160004051249942 26.187446777322386
695 0 0 0.017045181261050812 26.179478826695895
700 0 0 0.018363367231608363 26.167122498725938
705 0 0 0.015511964970620795 26.172769149241585
710 0 0 0.018682870624642023 26.171988662291017
715 0 0 0.01959705868784889 26.165563817918706
720 0 0 0.016533558159620876 26.16077068303368
725 0 0 0.019218389263191638 26.157270577816895
730 0 0 0.020814004758084925 26.16309421707294
735 0 0 0.02050304289415994 26.17410038310282
740 0 0 0.0186879749336617 26.158572033204464
745 0 0 0.016827460370105296 26.16458891368677
750 0 0 0.01771216060851466 26.15331440426363
755 0 0 0.020475751379924523 26.147185388031332
760 0 0 0.021072452420345833 26.146743659560777
765 0 0 0.020097309998687196 26.153608044340462
770 0 0 0.02058542632316729 26.148018016595096
775 0 0 0.01951679073678969 26.155822435343985
780 0 0 0.020810974817056405 26.153570706033573
785 0 0 0.018826628110608645 26.143033909653763
790 0 0 0.01526296791214099 26.14206285266802
795 0 0 0.017609127810555236 26.145116520313085
800 0 0 0.018633326678136664 26.139470735352088
805 0 0 0.02042911065134345 26.140708939188325
810 0 0 0.01764458238799005 26.140276603276416
815 0 0 0.02161810028325828 26.14823069822694
820 0 0 0.019632880711127676 26.127053906588106
825 0 0 0.019763681484604945 26.136614167515614
830 0 0 0.020130942492269543 26.130391584668587
835 0 0 0.01976400512773946 26.133769855594174
840 0 0 0.02011505797824631 26.131588485214834
845 0 0 0.014414567095373254 26.14580841967363
850 0 0 0.018644187190083095 26.147976859262634
855 0 0 0.01918208684691547 26.130599829491533
860 0 0 0.019198335143297607 26.12673102283475
865 0 0 0.02106409504290996 26.123325116565542
870 0 0 0.017999126818995848 26.128488785586697
875 0 0 0.019232290426256293 26.129339897380163
880 0 0 0.019392408155518126 26.122853024629453
885 0 0 0.01857438990750948 26.12853587144523
890 0 0 0.01987147072998341 26.128068201538028
895 0 0 0.019532099276369896 26.123219486831267
900 0 0 0.019222786809129255 26.121209997108085
905 0 0 0.020247700354472986 26.11764376338961
910 0 0 0.019131405378185917 26.127286238546976
915 0 0 0.02101445382560785 26.116868374576992
920 0 0 0.020072795122941356 26.121006076985694
925 0 0 0.021050923229928298 26.11936680176058
930 0 0 0.020237108551973026 26.11765550435008
935 0 0 0.020579812284509558 26.125524494387218
940 0 0 0.019857056501317194 26.118247026029852
945 0 0 0.018437250236303493 26.11484164330873
950 0 0 0.019244601730311395 26.125468525699127
955 0 0 0.019260843997739086 26.117061540175964
960 0 0 0.021037601992259125 26.112544556304805
