0 0 0 0.27257592222711946 0
5 0 0 0.010318147709539538 21.782676966694357
10 0 0 0.015077049827460831 21.603658593740285
15 0 0 0.01754994942526089 21.503771428762253
20 0 0 0.015805941389069655 21.451051857332747
25 0 0 0.015018273105410707 21.383567262330487
30 0 0 0.018958518989750983 21.308759093376683
35 0 0 0.017655067845668615 21.27453378816353
40 0 0 0.015005129651702642 21.21690453741732
45 0 0 0.01860164429789868 21.174308618394527
50 0 0 0.01933661464464609 21.143451858878212
55 0 0 0.02106365391620013 21.108414173254914
60 0 0 0.018513455022289627 21.079169634462595
65 0 0 0.01959129865107534 21.073958802684636
70 0 0 0.020378736005960407 21.058841359158322
75 0 0 0.0215657959582205 21.05158202433337
80 0 0 0.017855869083363896 21.040882184287433
85 0 0 0.017855527029193574 21.034252403521876
90 0 0 0.018937422944438342 21.037155127883306
95 0 0 0.0174482226223458 21.02641640196907
100 0 0 0.020601278552188074 21.025888840884587
105 0 0 0.018961439035754424 21.030168828607042
110 0 0 0.019495167485726217 21.023595143403305
115 0 0 0.018739820646178407 21.023760521034315
120 0 0 0.019840677545344576 21.014177531804833
125 0 0 0.021270156903748783 21.02067460914465
130 0 0 0.019627264671601807 21.016441997322723
135 0 0 0.019348873841825487 21.013532095650408
140 0 0 0.018550528611297912 21.017290734500865
145 0 0 0.0166481697967249 21.013325856226082
150 0 0 0.01900066378801535 21.01177277495154
155 0 0 0.023547264156053682 21.007941780479296
160 0 0 0.018496022852029448 21.011969128365372
165 0 0 0.018041139994619426 21.00381373458749
170 0 0 0.016317304833253665 21.00718821029072
175 0 0 0.02134680449318882 21.004942518241013
180 0 0 0.019397762589705936 21.003325316590754
185 0 0 0.020228012374191362 21.004482706861758
190 0 0 0.022031507358730718 21.00289382861935
195 0 0 0.019444834445039083 21.0007878368315
200 0 0 0.019277467217140964 20.997262450521113
205 0 0 0.01712009135540793 20.997130207005934
210 0 0 0.01812707808654146 20.99600581971974
215 0 0 0.0210107656558709 20.99974295246492
220 0 0 0.020424493977706515 20.994103267505917
225 0 0 0.018413211054801204 20.991735481177525
230 0 0 0.018342408289207857 20.986128265366577
235 0 0 0.02073805443193888 20.990030403411776
240 0 0 0.016230184485090282 20.988204221462166
245 0 0 0.020161857209432865 20.985510123655168
250 0 0 0.021354848351593736 20.980541173683797
255 0 0 0.02225531263774405 20.975418188758027
260 0 0 0.02339433022549331 20.975544802990104
265 0 0 0.020531527712593478 20.976492793435238
270 0 0 0.018996652724752927 20.971764298070788
275 0 0 0.01985291535425593 20.967147724358224
280 0 0 0.022057952884002807 20.964646881727255
285 0 0 0.016981376781846302 20.96259403415577
290 0 0 0.0186858202893585 20.962264217589173
295 0 0 0.019026266882786302 20.955697433429734
300 0 0 0.022985509080786892 20.955020273139112
305 0 0 0.0183780893935388 20.949867781017016
310 0 0 0.02175912288365578 20.939715161879427
315 0 0 0.022403568234730553 20.944178858981555
320 0 0 0.0200507828307801 20.92951711185708
325 0 0 0.01735478463373319 20.93173414321567
330 0 0 0.01861017958032174 20.92670211801372
335 0 0 0.02061997640454649 20.90943278405052
340 0 0 0.015804772006588808 20.902936981826773
345 0 0 0.021987491809027482 20.903966392484122
350 0 0 0.020024195479420026 20.90495872086574
355 0 0 0.022325235896153872 20.89497781123622
360 0 0 0.02105834550868746 20.921023539319922
365 0 0 0.02305299555578122 20.889188331049603
370 0 0 0.01900218920583452 20.88181936198355
375 0 0 0.024018765737140235 20.858406424643935
380 0 0 0.022214344283514098 20.862631762180598
385 0 0 0.021753359177530962 20.858948848564683
390 0 0 0.019833659862053876 20.854326944264294
395 0 0 0.023736937074599673 20.85003304601719
400 0 0 0.018764934502976782 20.854702730567496
405 0 0 0.025295878997873444 20.841911802020746
410 0 0 0.019060475573818847 20.845220430336767
415 0 0 0.02064570306863378 20.846345619119006
420 0 0 0.02162520260125067 20.828827264562015
425 0 0 0.018175698787969763 20.83310261851173
430 0 0 0.021269011550100192 20.82070359940245
435 0 0 0.022630205949517368 20.82177275017796
440 0 0 0.021274572447811835 20.824047193541023
445 0 0 0.020394619409488834 20.81754074002194
450 0 0 0.02384356039180724 20.825133963836333
455 0 0 0.019923384835835778 20.802133410866755
460 0 0 0.02383840831045747 20.817953612307438
465 0 0 0.023105739137702974 20.812249486124625
470 0 0 0.024981646627357357 20.802927407009765
475 0 0 0.02337169585852794 20.801776106001896
480 0 0 0.023885939920260668 20.799844447437586
485 0 0 0.023746318851166848 20.789716586087803
490 0 0 0.023497060740058195 20.799327353453734
495 0 0 0.02654141428829071 20.790560273185115
