0 0.384242658251697 2.191716563490804 0.35283969138648796 0
5 0.8088654490373853 0.45491592471928843 0.0243210496420061 5.314258103811214
10 0.9246657045542451 0.17894978944483242 0.019157966693113426 4.866856631417946
15 0.9284828402876406 0.16761674745018595 0.0192830470363492 4.854769121209005
20 0.9300283574162851 0.16196399654251437 0.03315324285194854 4.848650583578117
25 0.9300859837975257 0.16118285241871977 0.026877082244789907 4.84592606915648
30 0.9256436320670303 0.17538018474986838 0.029444477689028803 4.843643570889805
35 0.9323738338930907 0.15414145085404307 0.018624836157273617 4.843771338390235
40 0.9309981075428823 0.160358646252023 0.023450973139657494 4.842426520470884
45 0.9234135757587743 0.18057684976735722 0.013266604937928417 4.84225129500013
50 0.9246343647579434 0.17838410221454382 0.0213985809965469 4.84134921746152
55 0.9332187123860578 0.15366743370463087 0.01740705698007483 4.841253195322967
60 0.9329845863809438 0.15320589908899507 0.022209825512789383 4.840389665372515
65 0.9342580118184333 0.1502276022417277 0.011564514475574494 4.839221171562172
70 0.925178738023261 0.17622482284995833 0.029495083568765734 4.838321698142185
75 0.9344041917299333 0.14895645266918578 0.025897252041942265 4.838874021389302
80 0.9325161361213277 0.15549621072043252 0.018481517111767598 4.838062972138252
85 0.9296809277490119 0.16416629769355762 0.02750736685674382 4.837435816564205
90 0.9348787738554649 0.14814856530157705 0.017014378892380222 4.835908265649783
95 0.9350101046230789 0.1481085022584807 0.0213150770066588 4.836473360427856
100 0.9217143233737308 0.32639362754136947 0.009033162183780252 4.890315384304999
105 0.9044837538422097 0.4294817607034762 0.018182462549261036 4.789897091390751
110 0.9151674847470019 0.3906284018618589 0.010256458361966425 4.779413234533833
115 0.9130600047955618 0.40093185817794375 0.012475940522010065 4.775868525956368
120 0.908065998472831 0.41925617423276673 0.015527726274687792 4.775897370272545
125 0.9030770864989595 0.4326123104639823 0.018611920364593804 4.772326258415324
130 0.9043153270856189 0.4319781953567139 0.018688329786724855 4.768555679044063
135 0.9086773089847995 0.41736466234212344 0.009063732551601644 4.765715096398262
140 0.9155606100399177 0.38906596656280623 0.01567012729816364 4.768506363450905
145 0.9159409686000728 0.38509054891783645 0.014998464402613765 4.765434780874152
150 0.9149926792649941 0.39120183919358364 0.012087854966242206 4.764797710318653
155 0.902466746803617 0.43868593488690877 0.00924035260151257 4.763032824225585
160 0.9146167837883397 0.3944477945991478 0.00616997842825695 4.763151926989613
165 0.9070829315279758 0.420641272430327 0.014186255860464625 4.763243292389972
170 0.9154376180110877 0.39352656633778604 0.003639424509880307 4.764792317039807
175 0.9137199880126596 0.40425345276463087 0.009039820651653319 4.76258157503668
180 0.9143973281030908 0.39864862050445016 0.008754097266530536 4.7590270650297235
185 0.9093130951987206 0.4166635223197481 0.008740905099494434 4.757656414751946
190 0.908373213108677 0.41806693198988576 0.0009674782950890304 4.760161526199929
195 0.9148388394252538 0.3983398616156997 0.010594005426711295 4.756788585424143
200 0.9133935909240181 0.4017812753094141 0.008914067560988004 4.759079954020461
205 0.9154457924594733 0.3926842132308517 0.008651318507050698 4.759016707020163
210 0.9136361724092479 0.4071103713639781 0.0049661528610820405 4.759919527020521
215 0.8993089843568345 0.46202718069147597 0.01943327230789116 4.7572742613736825
220 0.9141598780218945 0.3972232679358747 0.010242612188988698 4.7572248698047845
225 0.9150116473834653 0.39246611530210274 0.008934497477098846 4.75606438016421
230 0.9143303616184744 0.3951530640804295 0.009691121038954531 4.75801083105855
235 0.9146870562992764 0.39760765216700644 0.01141256172599947 4.756534486794069
240 0.9158333982897624 0.3860689802763648 0.005545534827414045 4.756162279423893
245 0.9139116013674374 0.3983221515899702 0.00610680156296306 4.754755085547493
250 0.9156252238515215 0.3883109350091365 0.001825365534696477 4.75551601823608
255 0.9149444827834622 0.3955627332489007 0.005245792754339895 4.754318284467365
260 0.9130063737667524 0.39837137482692153 0.01300791000935586 4.754506257214311
265 0.9157974233190255 0.3851493228958631 0.014478457789639965 4.753377272398356
270 0.9152962656426411 0.39179396664647204 0.011274307435509945 4.753110911547317
275 0.9154971967237794 0.3914199558312381 0.006116105607548494 4.752680216941376
280 0.9141627718007886 0.39758351340941456 0.003940160939742032 4.753342409588683
285 0.9152365884178832 0.39068004129961054 0.013328872067718933 4.7516837797405085
290 0.9151072197684733 0.39185713514398746 0.011603866966894305 4.752291814076111
295 0.9159180340626423 0.3857657939948034 0.013212700693530532 4.752193865906238
300 0.9160096738781914 0.38426770533685417 0.0083772511700686 4.751356298437824
305 0.9144620221758639 0.394861599272466 0.007617151351676066 4.751978033650329
310 0.9137851410307696 0.3960016941177713 0.00792440049356502 4.751034951961648
315 0.9137355772929229 0.3953859603735621 0.010223518897220174 4.750320412195743
320 0.9155596526502142 0.39167305564275257 0.003931805663859311 4.7496341485613796
325 0.9154390828230283 0.38556065088193314 0.011018440462948531 4.748132723087107
330 0.9143807105190188 0.40069445553105343 0.008537303159856346 4.748055320329843
335 0.9159265752789314 0.38506818602583337 0.012247594546451746 4.748501525659468
340 0.9154451146059076 0.3895764958412471 0.00736368581333724 4.748722869695013
345 0.9154367826341188 0.38680301631968916 0.012293017906384929 4.74828566505844
350 0.9153779749967468 0.3886716141452835 0.010152890889713051 4.749518114566184
355 0.9163979400504572 0.3848008968169401 0.005427569093964468 4.747231920109514
360 0.915496745034386 0.3859184425003175 0.01206525486865484 4.74764892062051
365 0.9156404600742396 0.38930103153797013 0.012386671760796109 4.746003178156068
370 0.9093623742983993 0.4117240940779885 0.012748077656866474 4.7455420833797675
375 0.9168519378619188 0.38188738682995815 0.0019242386177871218 4.745362454347477
380 0.9136945356795816 0.39971662213752435 0.009077852561513833 4.745686798805223
385 0.9159202571698787 0.38862762336326107 0.009025054928471166 4.744440204261995
390 0.9171514236647834 0.38016040841593934 0.007868087388899214 4.744593718571485
395 0.9149534127807847 0.3917604058344333 0.010092239296409566 4.745506354227414
400 0.9167944200346732 0.3859255803764734 0.01171652467086659 4.743177533245748
405 0.918408950184646 0.37144947616761215 0.0036148620271223564 4.742097620450882
410 0.9159802721670942 0.38592699322155344 0.010111761125908725 4.7417158498980765
415 0.9175619661323338 0.3780978975993943 0.0029984325045755433 4.74126465651273
420 0.9185653614691602 0.37686919664341456 0.010862434814653543 4.740421388556323
425 0.9192378502344912 0.3733472775274995 0.006977886753586571 4.740074582479122
430 0.9196480481745584 0.37206083576651316 0.010575434605984535 4.739033488452771
435 0.9150851158063106 0.3959824871401221 0.010656745966820758 4.73865835997494
440 0.9163234044137842 0.3868099798541902 0.005620430707744539 4.7372855719423805
445 0.9140959265368467 0.39998145412985586 0.019634396432417267 4.73575776839362
450 0.9216205401762656 0.3691711233792452 0.00910505226938163 4.7343531295639405
455 0.920910596426866 0.37970706306203805 0.003873214382002832 4.733055342605787
460 0.9220096579256769 0.36613586050664537 0.015468187804084765 4.73159466743654
465 0.92381526784552 0.3661307310118431 0.005634683405962626 4.729762919400998
470 0.9244899970372198 0.3629015500387842 0.00256669581600133 4.727708559431765
475 0.9262402215318035 0.35643872662099785 0.011360609912934416 4.724314031984921
480 0.926569410806001 0.35023458326563794 0.008214475188417225 4.722930775337034
485 0.9254113118355345 0.3593879816525716 0.009561972851922063 4.722206704796375
490 0.9277585210022943 0.35645797475866203 0.009404213813290374 4.721053662957365
495 0.9294864220563519 0.35049225918356175 0.012338516394472476 4.717618395849958
500 0.9291034745140578 0.35178467384236 0.004953906514286732 4.717415637782692
505 0.9296371275001621 0.35244848487454483 0.012039737596900135 4.715251951426622
510 0.9329328094939762 0.3363655589723571 0.005317242353461982 4.714719341414989
515 0.9335796029801591 0.33327353740268784 0.008210562307621627 4.713740364821922
520 0.9341302428313145 0.33168287053802104 0.00510784722498947 4.710531327532766
525 0.9353438114731729 0.3251613020268218 0.0047637545863676856 4.709977758524215
530 0.9358057455795388 0.32507687517909023 0.0055177061456295196 4.708955586033457
535 0.9318407867365124 0.3426015983539612 0.008933871413357553 4.708350370394114
540 0.9336121188895805 0.33592605847544554 0.008939384386805305 4.705596036856184
545 0.9365366178593385 0.32722554796323955 0.0038566294476538587 4.703354055884909
550 0.9357169168842678 0.3261645911024704 0.0010905523995288213 4.704570012808706
555 0.9372629492773203 0.32270823892100786 0.004730720534207089 4.7030877425425714
560 0.9390509349501144 0.3108953143204207 0.004976577503384094 4.7019756703281885
565 0.9372818359713357 0.32133819576916967 0.0019190472933670044 4.703240385782949
570 0.9329624099505014 0.34390136369649404 0.011046382765970808 4.700431198920301
575 0.9380376627098427 0.32029166020384725 0.005195984411203947 4.701243747260362
580 0.9294838105391623 0.3594781737929358 0.01195467081290813 4.6989272325516085
585 0.9378657086340803 0.3192571644213702 0.008483039980003548 4.698644956266167
590 0.9392169441418264 0.3156080576816329 0.0066390165534391254 4.700066512634078
595 0.9393844561463549 0.31463142476192374 0.00601339869103823 4.6975762982503895
600 0.9323640177896165 0.3456490276509756 0.015703096738275857 4.69943602154715
605 0.9382544825788073 0.3201235188114282 0.0023687969871475367 4.699711556369237
610 0.9389932639298733 0.3193050955280343 0.002320603854631731 4.696760420823585
615 0.9399429220300127 0.3127247386412195 0.00393966096617393 4.696866241693037
620 0.9343059987767339 0.34310269509664604 0.00533796376101936 4.697265631781705
625 0.939807034937389 0.3138852339978442 0.0018493502920775562 4.696520132286421
630 0.9360495936513863 0.33102528100523276 0.00506881554252514 4.695421148378593
635 0.9387633746373096 0.31812509192049987 0.005639764035304529 4.69422668460976
640 0.9404944304699927 0.31194417489781756 0.002792090144393189 4.697643089022562
645 0.9397155465690725 0.31548179596116377 0.004223944593197304 4.695893920415392
650 0.9393680464135793 0.3189312143820109 0.003532249148077593 4.695017912868375
655 0.9394195770160949 0.31972546943130187 0.003923070463371703 4.695171377378081
660 0.9413822580116221 0.3040481631267058 0.0007847354912047244 4.694213135483447
665 0.940300783001184 0.31441598281675365 0.0034384060119339033 4.694790153986605
670 0.9408816301121149 0.3102289655764654 0.004245067664669477 4.69339278936996
675 0.9398912583788086 0.3167639434155678 0.004077863043204122 4.694401709722346
680 0.9416378166755586 0.306346813536166 0.003932563590433702 4.69451345911158
685 0.9391262160729463 0.3205495969510519 0.0023328911753393022 4.6940727341015505
690 0.9411792550521632 0.30865296127692154 0.0022920164897746176 4.6940995459564006
695 0.9416467529080592 0.3049582684216565 0.0006937279653844719 4.693487839223278
700 0.9412762350559909 0.30873310377140584 0.002476033213559825 4.694300261530067
705 0.940446784807012 0.3127396916026033 0.0008094994133223121 4.692639837319271
710 0.9406765895426463 0.31313633059464774 0.0014255060679453369 4.693732865430717
715 0.9424811587419752 0.3019559241526446 0.0006828939879686136 4.693344975814083
720 0.9418691326726556 0.30439497264607507 0.001147356577945624 4.692293515038858
725 0.94108591158174 0.3104684400847013 0.0042342920743378976 4.69292743012537
730 0.9407117681776989 0.31180626185082083 0.00553578103139718 4.692614005267821
735 0.9400467862725586 0.31345520925792947 0.004191318908433939 4.692537716839171
740 0.9385626884251195 0.3212062704403982 0.003058963119376701 4.6927816436975816
745 0.9403585863388046 0.3163494926380519 9.324278254307927e-05 4.693233807339472
750 0.9413549890411408 0.3090524013913267 0.0019613089790848637 4.692581503301769
755 0.9399636913718007 0.3156603372867677 0.0063832666080039235 4.693289075966407
760 0.9375981960620098 0.32654405476324033 0.00743916336526107 4.692356146972371
765 0.9408054882040173 0.3076845624950577 0.005474579450897243 4.691220170611533
770 0.9408280965766402 0.3119280002342455 0.004800816143043729 4.693293266356716
775 0.9416734930586743 0.30685065622823693 0.0026277322198979824 4.690882975427707
780 0.9421624532639368 0.3032395460376378 0.0014940482997500837 4.69313020014132
785 0.9401663494141799 0.3163548236744864 0.00272852133873025 4.6920249440401935
790 0.9405640860080622 0.3158129501383682 0.002869201202177818 4.691469854446197
795 0.941953136278326 0.30553632040409795 0.001640342760486302 4.693190009982197
800 0.9423974743088698 0.30396102565553207 0.0007030925929401022 4.692682403065363
805 0.941056239306991 0.31058723431009216 0.006871628388670725 4.690458254623655
810 0.9410088476314149 0.311838991990399 0.00409312646506943 4.691018416855354
815 0.9402148584573241 0.317705525876403 0.00029053764848940844 4.691899926278979
820 0.9363187126586934 0.3338441151016598 0.005933361287263406 4.69091487186064
825 0.9396316399088351 0.31771352213581494 0.0016092692114186846 4.692336225572194
830 0.9340445939329751 0.34108846500337453 0.008388126315605815 4.691133321109962
835 0.9401482178029399 0.31874490238217135 0.0022635344420280923 4.691347425143724
840 0.9390442488377972 0.31946600707496575 6.657168641210909e-05 4.6911533309724796
845 0.9410056600566602 0.31335779705899736 0.002014907165959423 4.690437120807707
850 0.9406936614846855 0.31282725769161157 0.008476531802408482 4.689613955138983
855 0.9414907777683339 0.3096484450619048 0.0011911104440955889 4.691211021095821
860 0.942325198357491 0.3038416241769273 0.0036252779163352677 4.690470611143178
865 0.942411061280402 0.30418443990354493 0.00023485048312221757 4.690763273431839
870 0.9424965642838075 0.30408451316015483 0.0015936679683912214 4.690817596707804
875 0.9416595190964352 0.30818555817595605 0.006121425667016123 4.691128630789613
880 0.932969601941886 0.35285349436342006 0.004595302595017392 4.6891595492609355
885 0.9412809821553251 0.31233487416586314 0.0008006658933470412 4.691202440031306
890 0.9396513964941842 0.31754832262836175 0.004232301977025399 4.691130577907617
895 0.9408076636689424 0.31462417945371346 0.002878503165912427 4.69079105376099
900 0.9417080651340706 0.3068768390361196 0.0053287548500848825 4.690766627627006
905 0.9422337722805872 0.30548990260195996 0.0013425380567542167 4.690470247526173
910 0.9413140255468453 0.30849536225369967 0.0033494302089682737 4.689118851684017
915 0.9413987788548104 0.30700666025984713 0.004679238672888664 4.690522710510217
920 0.9415924725383303 0.3103549420527658 0.0008566009942196917 4.690620949254068
925 0.9405612817844271 0.3154753509689092 0.003500646532480056 4.690148683647026
930 0.9400162682822082 0.32080102243703923 0.003308296301012481 4.689234624452146
935 0.9408026555092088 0.3110508249314874 0.0023668461775459004 4.689481780725677
940 0.9389374439662943 0.3231619384436044 0.0016770811082700288 4.689844337561624
945 0.9424893665469356 0.3023653836987865 0.0031930951275342956 4.689551437210397
950 0.9408520297061468 0.31572615549018135 0.001575615334173719 4.689405708408531
955 0.9422488040651407 0.30562882469098973 0.0022012504945381206 4.689841882983662
960 0.9416413577373944 0.308807764381859 0.0012920858761433784 4.690186162515944
965 0.9380299176750307 0.33121543255055474 0.007372086180938764 4.690079763271411
970 0.9398485826149923 0.31998231610232963 0.0004095917304354213 4.6899144790422325
975 0.9383649454379211 0.32210183139078197 4.276233775657445e-05 4.689123644801917
980 0.9380297439334445 0.3299389335590339 0.002601740086437321 4.688952163968152
985 0.9400962100214687 0.31863676335773317 0.0029677038659228216 4.688369045252465
990 0.9401292066232614 0.31985695489770105 0.006485312345241301 4.688885423165632
995 0.9434581354563346 0.29821086531150254 0.0018766891228894078 4.688841875796056
1000 0.9411716698070188 0.31246824818943786 0.0015742658269581877 4.6890441762913095
