0 0.4803182554278569 1.6235788361806303 0.3513134458967415 0
5 0.9674368639811843 0.0787786290258703 0.03349111288813744 2.731650275036012
10 0.995865048401075 0.010753526883537923 0.0044969973373534256 2.657269226578586
15 0.9951615181686262 0.013764881310657895 0.005278666511484564 2.649715143614127
20 0.9933543606211519 0.023479712904711736 0.014964854099267066 2.6478680116285642
25 0.99639806051049 0.009776057192297127 0.002250788103992374 2.645579135997467
30 0.9991078273875645 0.0024333989442424375 0.00396497533536766 2.6456264010969095
35 0.9985631004112447 0.004650053673278531 0.005073316071007916 2.6453775416407495
40 0.9969328223312891 0.010474633664491417 0.018809201841205603 2.6439674304215135
45 0.9949413822931285 0.018122384099559685 0.006024688599328032 2.6432240120230825
50 0.9989560205888384 0.0027646331671564717 0.002092249805152102 2.643432615239684
55 0.9990130585501809 0.0029540683861553063 0.002011124971552203 2.6432750219984356
60 0.99930048775814 0.00183837398186526 0.0001306218977947804 2.6422276840292658
65 0.9992359153571847 0.0021065373251887287 0.0054011758306125035 2.6422094710969697
70 0.9987318951733558 0.004304477839562004 0.007705856368958708 2.64183551292093
75 0.9988110465613564 0.0037284002384145865 0.0004094573737909446 2.6416859309090075
80 0.997515028127163 0.008457186487158541 0.00802763801463513 2.641698022015416
85 0.9991925719117949 0.002554555013929871 0.0009204039138557274 2.641026944637386
90 0.99953136043983 0.0013583991025827302 0.0032669953229365056 2.6419561816309836
95 0.9989340092984953 0.0036866391274026356 0.008292051179798587 2.640505008174115
100 0.9976093626347933 0.005354512127225597 0.0008123584870605161 2.640348612230544
105 0.9907726153336376 0.020404643224998686 0.0034877200647325246 2.640801420447224
110 0.9734860794935984 0.054316910155291165 0.0026345253299391302 2.640343771796947
115 0.9644429524223287 0.07339758045561773 0.0006147254228205945 2.6398200934283285
120 0.9585552186273678 0.0853939172084126 0.003024554856880135 2.6393059096539235
125 0.962454593906968 0.07800156883241227 0.007747216589001127 2.639213722638087
130 0.9639543088208165 0.07386220379954311 0.0011612836108054747 2.6397404900110772
135 0.9664338135690849 0.06920019124528043 0.003021286659398603 2.6397823901414585
140 0.9400300418230247 0.12418336482006964 0.00015894660171977826 2.639094839754426
145 0.9468822849891492 0.11055512907473819 0.0027179783637072408 2.6386166866780956
150 0.9507236318120005 0.1017865925088115 0.00018095641188398126 2.6392428101242023
155 0.9383720760798675 0.12800168193161143 0.0019224040948069288 2.6391067680743614
160 0.9402938554347889 0.12362987760441335 0.00014985809314427279 2.638831552217545
165 0.9408859142939908 0.12227695697038055 0.0006067721469908971 2.6389946430357627
170 0.9388956998664277 0.1268673298630838 0.0013421746631261389 2.638490324606761
175 0.931748916058486 0.14164489958217885 0.001774031984939528 2.6388984272822706
180 0.9389855438865482 0.12678297897508095 0.004717867759242322 2.6389669664375184
185 0.9291434625937972 0.1481194821397409 0.0014344547440769961 2.6388799827036618
190 0.9316410697026978 0.14272050908510137 0.0015522504065554887 2.638812134827252
195 0.9288268942101363 0.1488690477360497 0.0022100481738498434 2.638585362488901
200 0.928305096296185 0.15021792730831285 0.0034131400555599267 2.6387737983751953
205 0.9222318544335841 0.1627295999635634 0.001569608885070517 2.6387339921339104
210 0.9177162767874072 0.17313361648338388 0.0009129882724090432 2.638558494617912
215 0.9254759136373916 0.15591140510929247 0.0014795327945051895 2.6388444290495783
220 0.9218363641462602 0.16424500736932668 0.0025036564882487955 2.638921991090314
225 0.9218344314807853 0.16434594815977155 0.0017166233813845633 2.6391297181158286
230 0.9243527371163813 0.1586669558805025 0.0030021164308140502 2.6384964039711365
235 0.9234449790498609 0.15982459183952402 0.0007891474734564863 2.638406107339179
240 0.9231831484633087 0.16049377860129033 0.0036048833994366536 2.638980873330131
245 0.9219420814813939 0.16346499390820668 0.0008538364191696957 2.638588638994591
250 0.9112771641131319 0.1877447550524809 0.0021749456845658877 2.6382434610014087
255 0.92094634187343 0.16654303257350866 0.011088224923427425 2.638447303970513
260 0.9156886318385433 0.17749757497445406 0.0008772345163441386 2.6381806402732484
265 0.9171788368300331 0.1751488912232837 0.005571232408204674 2.638510924879167
270 0.917393764462876 0.1743888603138135 0.0012883941535803967 2.6381215641964424
275 0.907720925835722 0.1948219930444579 0.0001768507084887183 2.6385734941880075
280 0.9141033150107571 0.18132080946927376 0.001013794730444273 2.638786976572733
285 0.9072147912678161 0.19568705549253096 0.0032054694462788635 2.6386840222750907
290 0.9098048569241867 0.1917415749456728 0.0025253621793324132 2.638232930685606
295 0.9024782101264628 0.2057709474057794 0.00796829381503561 2.63844231595516
300 0.9098961212675352 0.19090694453718982 0.003850449853681548 2.638361269641629
305 0.9066725189600215 0.19746270910942343 0.001099472902468701 2.638260365867091
310 0.9086802702084096 0.19286803947278885 0.0017643370102335965 2.6390191727441987
315 0.9012638971681874 0.20958318673481102 0.0037108300324291132 2.6381054097819043
320 0.9091653420703378 0.19136623659678653 0.0011708641745518111 2.638307133159314
325 0.9075600537184594 0.19550986607971454 0.003017026982372162 2.6385148970678074
330 0.9013082456372912 0.20962302555593793 0.0012126253474795678 2.638417817964994
335 0.9130149633254628 0.18356457447332186 0.001217897545369384 2.6382794097517417
340 0.9065088997060914 0.1974460818613326 0.0024311029563386377 2.6387818621450627
345 0.9136724384488568 0.18174023683322904 0.0009924224411681504 2.6385009117813625
350 0.9024593030578945 0.20614502089092301 0.0030914541266715556 2.638131983183417
355 0.9109482769043444 0.18712109171799707 0.0034822401904919253 2.6382947019983227
360 0.9038991186476024 0.2039723877125854 0.00039258628330940404 2.6380389880212283
365 0.90244901321721 0.20645506831420102 0.004273062099722003 2.638360879193877
370 0.9035382173584456 0.2047408960149042 0.0016260377303105589 2.638416857433516
375 0.9087195475955716 0.19235715276619514 0.0018078790651938625 2.638077559421086
380 0.901106837540693 0.2087656073832478 0.0035285059531589003 2.638126311268473
385 0.9032572856838772 0.2044005260246302 0.0049076968092582884 2.6381120395485596
390 0.899525994861677 0.21255018533111825 0.0015358961814919692 2.6380172580756285
395 0.9133213083578107 0.18313041495747262 0.005029389091637082 2.637788955158048
400 0.9042184618269331 0.20198818931413998 0.0006304176248204119 2.638344294324271
405 0.9078435037826769 0.1942220999970714 0.002315827109961699 2.6379544781612427
410 0.9098132445101919 0.19148528556769095 0.00512027317136865 2.6383159284752042
415 0.9079288942103851 0.19755968430182236 0.0019643507858631004 2.6381591415064
420 0.8974068667338595 0.2172613430331638 0.0010033635591388812 2.637821104396415
425 0.911880684402876 0.18515163208806573 0.001712489810145934 2.6382699334369075
430 0.9015219342459782 0.20820163457780483 0.0010286012362941133 2.6376443644867447
435 0.9049463146417849 0.20143683636850618 0.0029360830229574475 2.638119020169396
440 0.9095580663442135 0.1905156257196814 0.003594297982865813 2.637977058456915
445 0.9046834600955385 0.20291025837048737 0.007568971460205409 2.6382207430388784
450 0.9047991057746135 0.20130530748120323 0.00438710551239585 2.638112080059449
455 0.9160206499908464 0.1768857687900205 3.0533216906158955e-05 2.6382336077600184
460 0.9082311338793835 0.19416575484813858 0.00046425092668545 2.63808558649916
465 0.9095815828313414 0.19074536638165585 0.008024741490611165 2.638147961280501
470 0.9068653282931706 0.19626898270797621 0.0010813871626573768 2.6377227784779183
475 0.9052884242151098 0.20003465059530523 0.0046541520970839745 2.6377234242770244
480 0.9081260706282727 0.1934609434301513 0.0015769719090907852 2.6382991336717896
485 0.9095964531553811 0.1903687835231831 0.0044593612419892015 2.6376647526754935
490 0.9132148375115148 0.18237947945293032 0.002335577777455633 2.637531584915503
495 0.9099476456214524 0.1894204564531381 0.0027696566546377976 2.63775531539216
500 0.9113835684406753 0.1863114455136219 0.004952749742491935 2.6381331548229086
505 0.9144275696916426 0.1798693937323117 0.00022202178839214604 2.6377730504719814
510 0.9148973508496789 0.1794000183412483 0.0021650903937651123 2.6377188438484778
515 0.9159200716383763 0.17673607667174362 0.0004510753182465077 2.637964202651403
520 0.9171325418678122 0.17398193885446211 0.002349963754358697 2.637672452300796
525 0.9098390292587408 0.18971396149677355 0.000990189660359464 2.637810202915503
530 0.912892558444879 0.18404225364970683 0.0008810395447735875 2.6376854868900415
535 0.9192320014670781 0.17067132174218536 0.003547479370313411 2.638264937150161
540 0.9092215082205495 0.19130336435967799 0.002261613254963768 2.6380441472472325
545 0.9109228596832395 0.188215583827525 0.002955497329896195 2.63766336381771
550 0.9124635761611747 0.18387292304086822 0.00021721100056493192 2.6377238254458133
555 0.9112842876106608 0.1873975166651598 0.005361111027585741 2.637818932339796
560 0.9160669458031776 0.1773856980861943 0.008008393655028812 2.637600552258832
565 0.9113831489389845 0.18673282531364244 0.005952926555668148 2.6378848049806067
570 0.9097941068762918 0.1901128964023071 0.005083392003347065 2.637679110894317
575 0.9129570605185222 0.1834648485918371 0.00281357201660426 2.638309875505031
580 0.9159404788248668 0.17652758141151192 0.001063330325214995 2.6378747199638712
585 0.9085240838405849 0.19335883597575476 0.002295439175820535 2.6376822371589066
590 0.9154490200170974 0.17768793766634383 0.0012478961575557168 2.6380288471858298
595 0.9123077665226597 0.18471277295005395 0.003201148962802547 2.6381156722470296
600 0.913501220426516 0.18292638633497393 0.00039674092853991816 2.637849386050122
605 0.9115424831408826 0.18616631020929875 0.004972549146982752 2.637808208075394
610 0.9069045044195572 0.1968173132496136 0.003953656664017258 2.6373089241474617
615 0.9097424710862154 0.19023445340435652 0.002505002374282972 2.637633472751304
620 0.9151920556482309 0.1782841434835003 0.0012177284647727493 2.6377702277377955
625 0.9050440782761424 0.20058315402453575 0.0017462505402885409 2.637720170130836
630 0.9068729403419791 0.19632086244694413 0.0024163782666597466 2.6377587818207173
635 0.9122285822814702 0.18467758186121053 0.002398424988685255 2.637603795447137
640 0.9098869912825229 0.19120910654739598 0.0026088137076143436 2.63768433222829
645 0.9057231495946031 0.19910190716730058 0.002646649731448125 2.637791521183507
650 0.9064722158975306 0.19700108264003902 0.0019851426852917076 2.6376451203681497
655 0.9048584607653996 0.20098875340468503 0.0010050681511022397 2.6376693481725657
660 0.9021022130818815 0.20734138744474384 0.000705826633053519 2.6374482413551403
665 0.9135933761523356 0.18177495263843202 0.0020874433898645517 2.6378159351518495
670 0.9125711889402892 0.18428149031687102 0.000691966535280919 2.6375822453488973
675 0.9165273583351236 0.17586996643774144 0.000637703981814397 2.6376861733053785
680 0.9052391685006672 0.19998965045632877 0.0004582353377744486 2.6374729324049566
685 0.9165996594480326 0.17530763840264996 0.0009928735551727463 2.6377904829968877
690 0.9163540405955755 0.17579173665341363 0.0013044076126818016 2.6378672641939875
695 0.9160509782009078 0.17670695873902398 0.0005313976592622449 2.6381209146789577
700 0.9101886860955002 0.18940035091740315 0.0030976957145423256 2.6376621546031758
705 0.9078815071588158 0.19437774150601772 0.0028434174204692297 2.6377007801189065
710 0.9107792668741654 0.18802976655986692 0.00462722730182108 2.637636408228174
715 0.9113751661059888 0.18804065913601065 0.0051363875639904855 2.637582999627457
720 0.9070930060299148 0.19603143296003234 0.001496154884977896 2.6375416418724997
725 0.906276364162378 0.1976588679950151 0.00424026360915164 2.637836148182927
730 0.9156445368036489 0.1773019581595885 0.0016997884008709274 2.6375691134122614
735 0.9095990725863918 0.19116790654063065 0.0011955683370972192 2.637733065034197
740 0.9080993611255286 0.19401839954946798 0.001532485265698158 2.637473977148762
745 0.9118809243130643 0.1853736548966496 0.0018031658574495513 2.637925690719316
750 0.9124969071354885 0.18410579644368497 0.003115643601395268 2.637306616774614
755 0.9154946824546324 0.17772302585201416 0.0016009153473053317 2.6376434703485385
760 0.9200361411674155 0.16907174052116147 0.0018458647708674558 2.6376907799089433
765 0.9124107265942981 0.1843969696253036 0.0003405126433753125 2.637676787198541
770 0.9094449183915408 0.19180214665725437 0.0006243603408460086 2.6373893290101136
775 0.9119186521587067 0.1858898120993704 0.001531312270934837 2.637497939013898
780 0.915314221517417 0.17865605244099303 0.0009421481482039251 2.6374231164368935
785 0.9142932198009595 0.18066745834444475 0.0012069657305697756 2.6374899115998676
790 0.912101935197024 0.1852288922784182 0.0008250758738970188 2.6375596548590092
795 0.9185068277249503 0.17253841880033738 0.00338591620544082 2.63717332558809
800 0.9121486281377148 0.18556344940803582 0.0010310813926714957 2.637369656622363
805 0.9198441395969289 0.16839140437977962 0.0009053965852447998 2.6377656214488967
810 0.9128568205031933 0.18378132280442916 0.0013655386237565459 2.6374919074902072
815 0.9190485213789339 0.17044928255448077 0.0005792795835506404 2.637473398467373
820 0.9130396991840243 0.18319611594144236 0.005561368702811764 2.6375810050234296
825 0.9241345310969729 0.1599057369636947 0.002090146632812484 2.6376703565212676
830 0.9164247291113299 0.17601990346485819 0.0006764418874072309 2.6376212532994017
835 0.917342465612546 0.17365017468005428 0.0009129992150134214 2.6375908020585097
840 0.9233161098275169 0.1615704693511626 0.0004059653789676432 2.6374368822426977
845 0.9171916875946639 0.1741727755011957 0.0008910189351456488 2.6374826456382845
850 0.915681577264688 0.1778368575814886 0.0009948827220800371 2.637366959159188
855 0.9124093441833645 0.18543053609973503 0.0051693616642833895 2.637434400092599
860 0.9182825793400371 0.1723106808547934 0.00655938862487182 2.637162915817825
865 0.9160745332320244 0.17653604427037273 1.0471753388641147e-05 2.6372628939585048
870 0.9196652323604839 0.16901820600330897 0.0025116047081554793 2.637480150969491
875 0.9177694474164177 0.17378191564107315 0.002427623790935085 2.637287061133355
880 0.9219204024062921 0.16424760251759007 0.0021795134932878213 2.637329701768268
885 0.9212548237996927 0.16600891817955654 0.0013619307527135138 2.637394616302249
890 0.9219808417284153 0.16406953658904255 0.00029693141122688615 2.6376228180412697
895 0.9183698184381827 0.17187355228772905 0.0008855657713562337 2.637360409399855
900 0.9184272567220556 0.17191978520662676 0.0003773558284139167 2.637597791122994
905 0.9200214180724224 0.16846555139078 0.00012709972872460007 2.637255478075893
910 0.9204812090312571 0.1673161569739574 0.004101016879359598 2.6373785501647173
915 0.9197305725239522 0.16901345468064788 0.0017545027368672805 2.637361148088685
920 0.9243056985695086 0.1592848731217762 0.002282998642759493 2.6370485660336986
925 0.9190858205696765 0.17084645010409893 0.003670773738482902 2.6374413578837435
930 0.9200876968089372 0.1679689983082171 0.001148940605192994 2.6375243918758247
935 0.9184835831714353 0.17162271284311625 0.0020583510864782273 2.637558316803279
940 0.9218839350258001 0.16484619865532046 0.0005519370087194719 2.6371155497477083
945 0.9206409201633361 0.1673436765021612 0.0010334474873818777 2.6372639512217364
950 0.9224257353448747 0.16372066207673308 0.001771575297197181 2.6371406473556953
955 0.923305546016234 0.1620083281177518 0.003433223845857425 2.637343249155557
960 0.9249643121123078 0.15833838034557735 0.0005239608597955581 2.637388458357649
965 0.9231549618896123 0.16164723330321618 0.00034430983602984355 2.6373216697903996
970 0.9204872813616012 0.16783538125291075 0.0011015495609079107 2.6372840728707683
975 0.9287909463265052 0.15014436665705988 0.003229312679160934 2.637189006549373
980 0.9267673806382034 0.15460058614687577 0.0012821119283055182 2.6372800785036072
985 0.9199327375452042 0.16852800597553186 0.0013304565460454665 2.637325007989812
990 0.9237284683208233 0.1602163751760055 0.00017971303034314268 2.6371027346327374
995 0.9231618435567114 0.16214741128413213 5.93021184536191e-06 2.637188802533583
1000 0.9231127465047778 0.16201013590359103 0.006741897173397016 2.637366732399934
