0 0.4907271918873092 1.5660553457298243 0.405178958805149 0
5 0.9686422464562667 0.07610934725820062 0.01223996840660857 2.7173551942169043
10 0.9942222110055245 0.014344187285930676 0.0024074424668463212 2.656178621906
15 0.9977920362463943 0.006369035132443468 0.0038451515764801325 2.6500336100750292
20 0.9969900699280216 0.009998334471071235 0.0027566417574371727 2.6480053444425398
25 0.9980431713370014 0.006054172839377703 0.0028470607192601083 2.6472813727712685
30 0.9936664731275238 0.022518180789373954 0.017855382362895078 2.6467022729704777
35 0.9985133799951335 0.004339339914199325 0.0012981876156759053 2.64459652596078
40 0.9981907133237875 0.005334702309550465 0.0034444109913065457 2.6444303918957393
45 0.9955019813331277 0.01664108038208756 0.01035096348470499 2.643960939205288
50 0.9986613217521076 0.004571392285293019 0.0008334141397112749 2.6431624084214804
55 0.9992120450281553 0.002387109126940512 0.0025623016280638122 2.6435990201425783
60 0.9944078354871038 0.02162350230850585 0.014268077085655362 2.6433638081347572
65 0.9978542044842293 0.007517485345138297 0.0013036597407340977 2.6437936122475403
70 0.9988029974745514 0.0041374462199614825 0.0024666993638613466 2.642973587120716
75 0.998514612206957 0.005176373736839768 0.0010559255392703637 2.6424919575772576
80 0.995867659656376 0.015942303383038148 0.0009216172368766706 2.6419313701132956
85 0.9991419523015884 0.0028533020960779254 0.0008519263264978871 2.64166205162625
90 0.9991447629707182 0.002748598208601738 0.0037011855296438245 2.642068332183614
95 0.9982805592321397 0.005496935269515557 0.00038812020188272456 2.6425840869864086
100 0.998758168047046 0.003053606910804252 0.00026058338389534086 2.6402001780503617
105 0.9928985380210548 0.014702545772399045 0.002615780352725361 2.640855331191864
110 0.977233953063172 0.047358442065924766 0.010712748030097696 2.6396645054954346
115 0.9715360280083165 0.05835764760758133 0.005016992896833994 2.638995901530218
120 0.9857138034433606 0.030434453355281388 0.0023577444960276583 2.63956995645505
125 0.966637635789478 0.06985874515664703 0.0018379460675488346 2.639315268315105
130 0.9515883756638549 0.09942750788331978 8.300872077104948e-05 2.639042868756423
135 0.9476679683216136 0.10800301918921518 0.0011059657428285075 2.6404636780344934
140 0.9532133395759117 0.09672126367521505 0.005814474119595792 2.639113380835054
145 0.9605159493634432 0.0827056191842841 0.0013296993740476992 2.639691616382618
150 0.9534084727540701 0.09807853814001 0.002938394967049618 2.639152359756983
155 0.9468538702519711 0.11089511223954585 0.002480722537117286 2.638803789250969
160 0.953357599755446 0.09965983401199319 0.003610076029239684 2.638849978292667
165 0.9426347420385286 0.11921261925081561 0.004160632162891309 2.6393715647922504
170 0.9285358000422089 0.15048606069194337 0.0013593762592007952 2.638664148450926
175 0.9445992854134763 0.12271198940473615 0.004475353874886956 2.6390099122550934
180 0.9226877518846368 0.16243622875132546 0.001371282348027636 2.6388060713309134
185 0.9288843998150607 0.1538523163374852 0.0034193624082856644 2.6386428473786405
190 0.9049387868990044 0.20187805390179658 0.007849159742873812 2.6391071003923474
195 0.9116730831020533 0.1862714482705452 0.0029804333209100253 2.638639899423899
200 0.9095364520644921 0.19135701940738237 0.001170913104000304 2.638539187235054
205 0.9076277042942259 0.1968907131982358 0.0014067396153207845 2.638623554864894
210 0.9091655853440364 0.192240443922584 0.0030095492121020584 2.6387037189042264
215 0.9117759301690944 0.1911659826048444 0.0026355946968530386 2.6387843493288408
220 0.8991188496486917 0.21393202654193066 0.0006518535320874097 2.6383882557154004
225 0.8904423318107679 0.23417375623033276 0.0007772011454243444 2.6385321990423396
230 0.8965256675859059 0.2197964375661119 0.0025710386413002606 2.638447747044797
235 0.9131849885747374 0.18772757338019774 9.064429056238055e-06 2.638974965147826
240 0.8919004584840323 0.23088002130229723 0.004633342331518575 2.6377086052135934
245 0.9083733502021165 0.2004266565875601 0.0007640876573289379 2.638886004336233
250 0.9050921578481825 0.2062224710149172 0.0015189281300242996 2.6386367867739993
255 0.9049210408695676 0.20869355846430304 0.003669945117698914 2.6387108107124635
260 0.8982560532077172 0.22453038706591766 0.0013527641437454108 2.6387850750719166
265 0.8947601206179432 0.22565744637612983 0.0031842816181544276 2.63855240578796
270 0.8948399949169372 0.2301312652620915 0.002819437423200899 2.6385223162560822
275 0.8988828682483733 0.22161413186696377 0.00026513527963190064 2.6382645011684356
280 0.8890504791492855 0.24301838589982783 0.00487343915293037 2.6387965470196026
285 0.8830645283942213 0.2522593057388236 0.0020457166891416634 2.638176882172573
290 0.8924632110064475 0.23221027750092604 0.0004351742080854759 2.6383953711871477
295 0.8912901775752107 0.23742192158230546 6.183564604067548e-05 2.6384167307153983
300 0.8825174919447382 0.25422295324223176 0.0011349945251060145 2.638497109102551
305 0.8925669410982509 0.23129190339041328 0.00021088617944808874 2.6383843679699988
310 0.8909911285165624 0.23764584926396104 0.003532384164865343 2.638057691399376
315 0.8897140983641668 0.24206805250710728 0.0011784181829348483 2.638231411661286
320 0.8934082876664123 0.23770232017672255 0.007318259229122992 2.6382057556543894
325 0.8845391134678934 0.25177398921488914 0.0030829113347421444 2.638636418297367
330 0.8801661886174053 0.2585326486672992 0.0007107417626142087 2.638110069713663
335 0.8889675778418393 0.24083406063905866 0.0007495202212164376 2.6377945111717844
340 0.8674574596131603 0.2935664716752222 0.005186601558018866 2.6382146250459173
345 0.871244806623328 0.2864295233592653 0.0033214401790329084 2.6379952689691764
350 0.8627134923633624 0.2980456845038355 0.007977279898081946 2.637765527484481
355 0.886231153419338 0.2506268664001712 0.0035746225546831045 2.6385844074383527
360 0.8760787262719893 0.27230165372200554 0.000826029616741053 2.6385662425089977
365 0.8724380877018321 0.27933592000843044 0.0024573561300071933 2.6381013718501425
370 0.8632131939407142 0.300616566653801 0.00018251840431049438 2.638552763138378
375 0.8725356456371083 0.2853718954545372 0.003619553024466926 2.638057856445209
380 0.8627540559276579 0.3093939533414991 0.0019142425142517627 2.6380990146141516
385 0.8682534862709799 0.2951065092758025 0.0015716718729972268 2.6382466349141724
390 0.8377330704018906 0.37220858693070014 0.0014485596929085798 2.638406192545501
395 0.8618550201344194 0.31151785751327976 0.0002399156989394413 2.637654260609488
400 0.8683537663139613 0.29718514910152516 0.0011782528223049926 2.6382019602843507
405 0.8546497153270679 0.33228396081714884 0.0007924012783833145 2.637981185510435
410 0.8663381465000778 0.3062605473966622 0.002193848308745805 2.6382781207206176
415 0.8582394038168746 0.3206872442622042 0.0018154875395135495 2.637787452434877
420 0.8290652635899767 0.3955027095397634 0.004223871609464469 2.6380808536301226
425 0.8574579630676922 0.32927924837477995 0.0016879441867232448 2.6380955040701353
430 0.8661401345493203 0.3000378346140118 0.003221490277062422 2.6382237088568896
435 0.8333702406865218 0.3891340924690416 0.0013072959687743246 2.6382802209358314
440 0.8446030063131693 0.3588871285497408 0.00270295834622325 2.6383146297510685
445 0.8509456233362236 0.34670313035286515 0.004654666750966818 2.6378971246502
450 0.830368563774752 0.3992025452671837 0.004620537180319628 2.638025079665717
455 0.8076631274910736 0.4589124881446356 0.0002480837592013785 2.637929941291294
460 0.8294762281782242 0.39796840227750163 0.0002259177667209844 2.6380529152220737
465 0.8451967113819298 0.3522159545148531 0.0005939830059851214 2.6380333523347606
470 0.8418212164773631 0.37697207098349095 0.0013411461595553842 2.6383822909655827
475 0.8394727056837383 0.3730964590288348 0.001481278558520538 2.6381903511839018
480 0.8412813170370111 0.35943825488838543 2.4783312776444077e-05 2.638263323251022
485 0.8497319831752255 0.3450804794701572 0.0051624602903865835 2.638215398403921
490 0.8285125014384205 0.4012917057145744 0.0017576691536504985 2.6377063573836206
495 0.7981641605019403 0.4868364628567772 0.0014635765419452884 2.6379275228278374
500 0.8201376344315261 0.4537683898705902 0.0030082315806456705 2.6380597058330992
505 0.8425227407970655 0.35764556684340754 0.0020065110608673553 2.63791077700685
510 0.8422149320091146 0.36075524184367813 0.00024925140236353727 2.6377592311118327
515 0.8419499455763917 0.365915889626669 0.001349931535150617 2.6379266517068025
520 0.8013367943305654 0.48918985460164643 0.0010028138849162982 2.637884290369215
525 0.7979987428310635 0.5086809402867449 0.004466797361340147 2.6381067089211934
530 0.8309608214361344 0.40071443377493043 0.00013765113122210515 2.638229175918543
535 0.8209170313570318 0.4380027925426382 0.00019619880582588678 2.6378283146898984
540 0.8260585218980541 0.40532414383768467 0.001447640473060563 2.638053868453967
545 0.7968739416374293 0.5052094201855484 0.0021250295683821196 2.6379817660877136
550 0.8287011104455934 0.4114684843469658 0.004280401180194238 2.6377555587196957
555 0.8158933483375654 0.4421193162282697 0.0026060585320373253 2.638074329870901
560 0.8151211833251304 0.44015805035262945 0.0016229186624112657 2.6381061749701846
565 0.8206771235279028 0.42257181624558093 0.0011812387466980656 2.638237030056652
570 0.7980233189941253 0.5056222272137427 0.0019566253089242647 2.637897037904239
575 0.8229678344380197 0.41936277148919077 0.0026745298509804893 2.6382646717433995
580 0.8264089773786226 0.41459635671246886 0.001193418261564494 2.6380250682398816
585 0.8223334153157156 0.42489390625296064 0.0016944072242439656 2.6380264948260357
590 0.7931766650983331 0.5237527505912403 0.004642529186494659 2.637819883842608
595 0.8023164308891435 0.5061565776932064 0.002528031115165419 2.6374219718582337
600 0.8383686395418186 0.38199505490917396 0.00032378536332777763 2.6377135796748115
605 0.8315473369583697 0.38608217796288935 0.00023760338926015478 2.6375828025490478
610 0.8202866062949941 0.43917416805255316 0.0029271681894675883 2.6375077810418555
615 0.7931944960610099 0.5348053904018224 0.002990650016827079 2.637923139587715
620 0.8078854552905494 0.4833618890708933 0.0009155490815759837 2.638229035111987
625 0.8114926468276256 0.4695499086904191 0.0004281095644798061 2.6380025948508843
630 0.7838200777954194 0.5661974948242863 0.0024745932058911624 2.6382940487725297
635 0.8107308310932388 0.4448376491199082 0.0050750190031016995 2.6377555657221374
640 0.8265998143371689 0.4196575315297997 0.00047179728347290784 2.6380903126239126
645 0.7916031145531496 0.5413311035838526 0.0011247426582285946 2.6380087936575323
650 0.8089368770894141 0.468996176388889 0.0025767622073471497 2.6379346030346422
655 0.8055737603565127 0.4936162589609614 0.0020988965049297814 2.6380548072179697
660 0.8004670830786094 0.5095820270892011 0.0020175979810754807 2.637989275033499
665 0.7941790339342161 0.5273435020619361 0.0014667302002167038 2.638112388848624
670 0.8012791292316276 0.4958878941150324 0.002092040942198059 2.637809146961049
675 0.779367940903672 0.5659648940775943 0.000500978076812153 2.6378139758413868
680 0.7880890766601314 0.5615560050798347 0.0014458839741315899 2.637622734193453
685 0.7684795253235032 0.6297299186621568 0.0024232056520585576 2.638047724391283
690 0.8105194164936096 0.4648945140788938 0.0025265568742363076 2.637664822084849
695 0.7667649449783747 0.6308633078266217 0.0046777346325033164 2.637775737324343
700 0.7684655336830035 0.6304610860037809 0.0036131691660519216 2.638017108184457
705 0.7712599494851431 0.599108647502363 0.00302664145078424 2.6377679908371534
710 0.760254082100146 0.637182968236687 0.0034054105109369015 2.6380872276009426
715 0.7723660177325917 0.6143141726529397 0.0044841275335854025 2.637877979744738
720 0.7986576236408218 0.4994179554913023 0.0013625595268493829 2.637582521144115
725 0.7653373127310352 0.6518150769733904 0.001861353732591553 2.6377281841822633
730 0.770732852278567 0.6235357010728166 0.003601096152975991 2.6378556193620972
735 0.7675713311629426 0.6586318101846853 0.004055526561524081 2.6374795007078613
740 0.7803338691177435 0.5932598578254722 0.0014846654340354704 2.6377320800603146
745 0.7459868741813721 0.7126214134180295 0.0030171173857933553 2.6377979294672436
750 0.7538051186734502 0.6643519031705734 0.0009793391030485932 2.6377728401319023
755 0.7541044026759859 0.7020434644657763 0.0026767594021033236 2.6378106665532424
760 0.7889873648948171 0.5334990475780113 0.00038080417817254464 2.63767690987911
765 0.7673581733649828 0.6324197873141615 0.006414396076898532 2.637323991620401
770 0.7908845683711827 0.5437973680830774 0.0017633152713791844 2.6377833143177964
775 0.7764860649486739 0.5948150268745223 0.0005247171535387452 2.6372898481765774
780 0.7847279858000165 0.5701017866108709 0.0005484255064702737 2.638155586730067
785 0.7897510334108944 0.5269803562267636 0.0026049142042687823 2.637906599181593
790 0.7799905223403095 0.5712290751798599 0.002078308312245314 2.637827579263247
795 0.7566060445436718 0.6710728510525112 0.0018714269525832439 2.637598507666404
800 0.7882726360610057 0.5420843604450973 0.0019393523444140026 2.6380588593814265
805 0.7633440880907933 0.6371633828599865 0.006815097874675935 2.637618226284094
810 0.7742625201076574 0.5964532617772935 0.0004352531096982748 2.637632495301538
815 0.7451899489098931 0.7188376507691712 0.0008855085755863357 2.637662652288357
820 0.7363972459432933 0.7494092732712039 0.0035544016807322887 2.637614156889286
825 0.7473345258477906 0.7290072524109346 0.001893305780429566 2.6375015850519734
830 0.7164177860479699 0.8401386756869447 0.0022961389482187844 2.637655036535542
835 0.7667075326206252 0.6371879550543746 0.0012813689887449797 2.637726295131734
840 0.7266949629883368 0.8121066905444283 5.165561167053134e-05 2.637453032746955
845 0.7345052201987745 0.7622823177604658 0.0001870272052173494 2.6378985104448622
850 0.7522142229643128 0.6769844674743979 0.0010856500493361398 2.637678210284772
855 0.7335073120239453 0.7485108502010145 0.001985419806650457 2.6376513823956906
860 0.7815377588962678 0.5674373294275346 0.0004967639349446884 2.6378399322218393
865 0.748027692173378 0.7251279607831775 0.0019555378830158343 2.637559085244041
870 0.741658929078842 0.732466134696482 0.002871027179714103 2.637746454722125
875 0.7550712924810372 0.6718145796845794 0.003625094124374728 2.6376071448922063
880 0.7351502759956082 0.7428724665032727 0.0002714633611549111 2.6376513521901677
885 0.7412942711857393 0.7572501239934231 0.008759503901250243 2.6377715045295997
890 0.7469742471958629 0.7143163977726137 0.0010350087787791562 2.6376816146290394
895 0.7417348252910617 0.7243577772042857 0.00016765627903070346 2.63760672643033
900 0.7329606093005192 0.7851153870131395 0.0009123044511751832 2.6377631851475574
905 0.7360871195298604 0.748655734536976 0.00022332744170738827 2.6378208174212547
910 0.7088923580642256 0.878223243826461 0.0064557219988619075 2.6373192637513743
915 0.7637662654433658 0.629214193535804 0.0022610626319019556 2.63772549710462
920 0.7354962514536025 0.7618923196047334 0.007866988065740932 2.6376770541009904
925 0.7370977305062041 0.7927292043749787 0.0014245904009022592 2.6377347959186603
930 0.7387954330932878 0.7591008213435226 0.00034274144152623975 2.6376291621251973
935 0.7565366930875979 0.6672470517718083 0.0034688834868699114 2.6374771647987556
940 0.7193148519625403 0.8146748734136202 0.00025208700860912536 2.637654244577492
945 0.74759527638722 0.6928239151009716 0.0008681745045546752 2.6374760625682487
950 0.7589874197673597 0.6666117840648171 0.005086447682085549 2.637631520530367
955 0.7438388756951682 0.7221999305056048 0.004940787010940584 2.6377215924771455
960 0.7562091562880671 0.6675330956291705 0.0046136759706498776 2.6377649376371117
965 0.7478991028995535 0.6983925417321304 0.002043903481149467 2.6377712304360847
970 0.7352472928301588 0.734821831121367 0.0003171651850173429 2.6377724107495464
975 0.7428552446966521 0.7260192614618535 0.00011683602984446928 2.6377970585239807
980 0.7420454240649415 0.721712241713393 0.0009910016296950097 2.63777266977784
985 0.7548004136773856 0.6864408432322042 0.0027512091404557903 2.637677954319074
990 0.7701290756362784 0.6023119570157971 0.0040797446614917465 2.637594035699128
995 0.7390497389767436 0.7081273939166 0.001270613661858322 2.637395700295688
1000 0.7610526034537388 0.6514087450750883 0.0048513890396315595 2.6378124423475926
