0 0 0 0.28683118722638645 0
5 0 0 0.0030180280423737216 10.2645471347619
10 0 0 0.009356762391673934 10.233224759829188
15 0 0 9.395597675809775e-05 10.19774574282795
20 0 0 0.004677731770447391 10.11660934702937
25 0 0 0.010846144213676912 10.087647694597553
30 0 0 0.010150987717426174 10.058214036315555
35 0 0 0.00036187838460000066 10.033715070157205
40 0 0 0.013474739563344107 10.026378635617624
45 0 0 0.014616963826398877 10.0217045011441
50 0 0 0.011765062094714285 10.016649087633915
55 0 0 0.015339195552450224 10.00946738781695
60 0 0 0.010808562581581693 10.00645702975377
65 0 0 0.012998960825159944 10.003043214154909
70 0 0 0.01120148053411385 10.00261658176192
75 0 0 0.013361704288266996 9.995067882169117
80 0 0 0.013292862779480386 9.992478005839985
85 0 0 0.012645927499660203 9.991894365799808
90 0 0 0.014327379023754805 9.994311318233931
95 0 0 0.011811725820693564 9.994230994404314
100 0 0 0.014548855230097635 9.989365943523337
105 0 0 0.012877612811093675 9.988975419865662
110 0 0 0.012536527089942018 9.988897290932437
115 0 0 0.012228777343707087 9.986467929860481
120 0 0 0.015964904723857476 9.99817999435614
125 0 0 0.012613287084275893 9.983111867616138
130 0 0 0.011758208807797654 9.989110741562369
135 0 0 0.011342160305430893 9.985129852136371
140 0 0 0.012248265197381425 9.984862677332686
145 0 0 0.01294701959465061 9.984428712088919
150 0 0 0.016358978061520313 9.982717276010693
155 0 0 0.013881153021198411 9.981561780175115
160 0 0 0.013140577570092571 9.980491533711497
165 0 0 0.013432233933065474 9.98143321795933
170 0 0 0.012425401827439009 9.984626313908931
175 0 0 0.008884483449426828 9.981882532779323
180 0 0 0.012683198018783148 9.982740881429503
185 0 0 0.012955450480895303 9.980358359961496
190 0 0 0.011144831594478877 9.97933867293218
195 0 0 0.01712946130442594 9.979410701860557
200 0 0 0.013365341287909782 9.977222305975594
205 0 0 0.014827354587264585 9.97942530095852
210 0 0 0.010863390022414876 9.981180081365315
215 0 0 0.015340175264649814 9.979090278709307
220 0 0 0.014687575776920703 9.978381486339297
225 0 0 0.012614242511700624 9.980486603598427
230 0 0 0.01488055748982453 9.978327145993857
235 0 0 0.011348555184625742 9.97770954684693
240 0 0 0.010207818904985011 9.979935778474841
245 0 0 0.013667724083771926 9.976760849854411
250 0 0 0.012557698311914667 9.977748330985369
255 0 0 0.01242941637718542 9.978880403371937
260 0 0 0.014566336578932582 9.978407399839066
265 0 0 0.011624187106549 9.978385647769827
270 0 0 0.012544557933419798 9.976932353530481
275 0 0 0.008601815836323468 9.976644132147579
280 0 0 0.008507242733096554 9.975502767332104
285 0 0 0.014099765793535557 9.978390672378191
290 0 0 0.014062643979417588 9.977014533902471
295 0 0 0.013206866812014662 9.976655759469416
300 0 0 0.015626859052571662 9.978138552097889
305 0 0 0.011435828330674358 9.977043184708213
310 0 0 0.01286051085605755 9.975454820581
315 0 0 0.010545346855046045 9.97689124542474
320 0 0 0.014846866815524828 9.975637076091802
325 0 0 0.012685627804911892 9.973828481583034
330 0 0 0.012839509871446664 9.977586127600802
335 0 0 0.012598567985780296 9.976090340924321
340 0 0 0.01464594308485645 9.975828398604282
345 0 0 0.016690924164677767 9.975635354704512
350 0 0 0.011133229464512784 9.974004960348818
355 0 0 0.006903199413483385 9.973641365193279
360 0 0 0.010769032588393568 9.974223454557706
365 0 0 0.011391639718843383 9.976562861493607
370 0 0 0.012161089192595176 9.974125302325273
375 0 0 0.010664150304714015 9.972501701395096
380 0 0 0.010478539736828996 9.973805070260592
385 0 0 0.01148295818062417 9.973734921035964
390 0 0 0.011572922454741619 9.972798270271658
395 0 0 0.015175729620295453 9.975236920405663
400 0 0 0.015049616993366044 9.971982834775577
405 0 0 0.011994199438030817 9.973095141339888
410 0 0 0.006797499107257021 9.97116427416154
415 0 0 0.014123392580149163 9.97252815314651
420 0 0 0.01394874260025114 9.973500418201343
425 0 0 0.01582458044861257 9.971481793944614
430 0 0 0.012908091877646743 9.971695981210667
435 0 0 0.012070780242733115 9.970746112887953
440 0 0 0.009196056379642714 9.971521315621585
445 0 0 0.013700738292016457 9.970586065330592
450 0 0 0.015822570200021424 9.971127666716777
455 0 0 0.015063304941001832 9.970183890257912
460 0 0 0.0108980725003609 9.971859674711183
465 0 0 0.01820000168932534 9.971396186321785
470 0 0 0.012705092310309585 9.97047117460182
475 0 0 0.010572029341555211 9.970575559601938
480 0 0 0.010577601192702346 9.969868312290874
485 0 0 0.010970197511503077 9.970940614004377
490 0 0 0.0072007707760546324 9.969559900948134
495 0 0 0.010418689274624304 9.970488566851188
500 0 0 0.015128529624175435 9.969762041514242
505 0 0 0.006185520685684454 9.968682909682787
510 0 0 0.019089410284433672 9.96871935231034
515 0 0 0.01743759492217878 9.968363547245788
520 0 0 0.008937597601581748 9.969589231247314
525 0 0 0.011266456964543536 9.969320629959782
530 0 0 0.005077947425497387 9.966569498571268
535 0 0 0.01481534613078983 9.967047023761994
540 0 0 0.009486335524321987 9.967462105572821
545 0 0 0.01248135970284281 9.966613874053873
550 0 0 0.007600307861713951 9.965929001299378
555 0 0 0.011437886333676373 9.967018604758605
560 0 0 0.01118617036342373 9.964963531335759
565 0 0 0.012065783201250735 9.965197521828275
570 0 0 0.020902618601781775 9.963160638927311
575 0 0 0.011199023917067397 9.96476484807179
580 0 0 0.00889968236599703 9.964323141500877
585 0 0 0.011025341544397937 9.964742268677256
590 0 0 0.018345862626909737 9.964770532729197
595 0 0 0.006983194863461328 9.963370290412799
600 0 0 0.007823625805908119 9.963264274921997
605 0 0 0.008605768418237236 9.961990100093224
610 0 0 0.013597909747294246 9.961935367861653
615 0 0 0.007945765697980667 9.9622133626012
620 0 0 0.002103208435938475 9.960769280861918
625 0 0 0.0048242490851369 9.96023515319183
630 0 0 0.01670722759644816 9.960221746459414
635 0 0 0.016966025675983376 9.960491260261206
640 0 0 0.008652546138032902 9.959698992986143
645 0 0 0.01572040565943711 9.959960856430031
650 0 0 0.01947958504878633 9.957460788654128
655 0 0 0.006461919035449792 9.95868364488085
660 0 0 0.003627942148387353 9.95823141850072
665 0 0 0.002248861186149309 9.958091815801096
670 0 0 0.01727792470463463 9.957084103407578
675 0 0 0.008328608530375758 9.954330165345816
680 0 0 0.0062644804501226226 9.954467971453745
685 0 0 0.009541374773222255 9.95430744694555
690 0 0 0.008411276413774926 9.954101587536506
695 0 0 0.009706350216163173 9.95345583433685
700 0 0 0.005841218376029911 9.952608459259606
705 0 0 0.0158480218160153 9.950784465262583
710 0 0 0.010603858774029806 9.949754292839625
715 0 0 0.010359147074720187 9.950718551669425
720 0 0 0.014392766056750883 9.950464941395461
725 0 0 0.013570645847675422 9.949710130862995
730 0 0 0.014547415007422737 9.949603562765677
735 0 0 0.016272940578224482 9.948303533531833
740 0 0 0.005992932168959797 9.946332759451787
745 0 0 0.012867508654212267 9.947631275969496
750 0 0 0.003438389509100359 9.945165664693821
755 0 0 0.009240160651726281 9.943876774797324
760 0 0 0.0076061760963022085 9.943182608705953
765 0 0 0.015225592031207436 9.941409329232298
770 0 0 0.001215550874817506 9.94184415657144
775 0 0 0.003397925768787058 9.940020500868966
780 0 0 0.006469397479502481 9.940822971582982
785 0 0 0.016077855265586027 9.938058495684452
790 0 0 0.0015333365594605297 9.936833795300691
795 0 0 0.008245783517358163 9.936706657272143
800 0 0 0.011771505804405669 9.936521320926571
805 0 0 0.013975411109115932 9.935125806613687
810 0 0 0.009659590637700166 9.933418460524626
815 0 0 0.009940354637001825 9.934916425791062
820 0 0 0.002282096679422363 9.932477637573685
825 0 0 0.0038291401328374164 9.929506607324106
830 0 0 0.005282177390829368 9.929035312513456
835 0 0 0.010054695219851473 9.928523978786446
840 0 0 0.01046243012180148 9.928106004726127
845 0 0 0.01135233604682151 9.925671466841232
850 0 0 0.0013915483070738865 9.925897687043364
855 0 0 0.016517231663230714 9.921601955886475
860 0 0 0.02629819027328506 9.92035090817206
865 0 0 0.008810234016528806 9.919040123053515
870 0 0 0.01555489726458803 9.919170475938664
875 0 0 0.011683512277071983 9.91675572443336
880 0 0 0.010119088055693615 9.914679467736523
885 0 0 0.007714749985978653 9.91420310500839
890 0 0 0.020262559615936038 9.913274524929275
895 0 0 0.001344626479618194 9.910372652535429
900 0 0 0.02063486990101504 9.909629172618162
905 0 0 0.007619020111717223 9.907472017202307
910 0 0 0.018161689947022497 9.905400670198972
915 0 0 0.005633833312741476 9.905187635430597
920 0 0 0.011928341518653518 9.902463612640146
925 0 0 0.006131581894665228 9.899061963507531
930 0 0 0.002864507598291599 9.897348856474839
935 0 0 0.011604759378995633 9.895549494257859
940 0 0 0.02444124601859743 9.893531578006652
945 0 0 0.024804623930026803 9.891799707415396
950 0 0 0.02252491421687841 9.888581001475563
955 0 0 0.04645600650095005 9.88715343724707
960 0 0 0.010613517878718115 9.884293567810953
965 0 0 0.022401738181981434 9.882908302550913
970 0 0 0.013973530569649117 9.879955417668045
975 0 0 0.011486931446183624 9.877596074897236
980 0 0 0.02877469699755819 9.875537512478068
985 0 0 0.029220479529780796 9.874019083655018
990 0 0 0.040421806430031904 9.869504427741774
995 0 0 0.020987319315987518 9.868360544387345
1000 0 0 0.015129636844103622 9.86643444897234
