0 0 0 0.30975382875795465 0
5 0 0 0.0025739173863952303 10.267508580656715
10 0 0 0.0009872319229968785 10.229363615779876
15 0 0 0.003188865841886379 10.222899176261416
20 0 0 0.005428540220472122 10.14193370559343
25 0 0 0.005538697632933243 10.100773128728186
30 0 0 0.011990869123447379 10.057852496374094
35 0 0 0.011619393070698925 10.03966687233424
40 0 0 0.012539791234488451 10.028646693715924
45 0 0 0.003737939531365919 10.022783678762577
50 0 0 0.013497982207279824 10.019222453076154
55 0 0 0.009915831332615754 10.013364822321853
60 0 0 0.011482975965112718 10.010445663095057
65 0 0 0.015564494114520766 10.00246728322843
70 0 0 0.012261229735899493 10.002423851969546
75 0 0 0.010499569992761248 10.008643575132423
80 0 0 0.012558574906330167 10.002918049075117
85 0 0 0.011770008876647031 9.999061756155664
90 0 0 0.014408720620283866 9.999079044854497
95 0 0 0.013363804876127094 9.99808479805368
100 0 0 0.002053750675453214 9.99631213552623
105 0 0 0.0004726642103480838 9.993796012473664
110 0 0 0.009708373348839894 9.993500387297912
115 0 0 0.010521629251551534 9.991250231780793
120 0 0 0.014969909908566725 9.992577138462718
125 0 0 0.01346866642452027 9.988741216636235
130 0 0 0.012672255121733311 9.987393077663706
135 0 0 0.01435692650367093 9.98456348157393
140 0 0 0.00690487226584402 9.988561461176745
145 0 0 0.012919636165167558 9.985337645359875
150 0 0 0.012365202715431511 9.984881870313883
155 0 0 0.008162855420138504 9.984499968962592
160 0 0 0.013926949692313118 9.984293688901804
165 0 0 0.014528931578825066 9.98715817717942
170 0 0 0.011485171270996908 9.982758812849049
175 0 0 0.013631094535709654 9.980815244535274
180 0 0 0.014910656031446035 9.979568850420156
185 0 0 0.011323615578394008 9.981741018368389
190 0 0 0.01568612753990295 9.98080634179047
195 0 0 0.015276634200303452 9.98009060889503
200 0 0 0.014809704168730953 9.979379648363677
205 0 0 0.015507633940805565 9.980520625229097
210 0 0 0.014438921395649729 9.979172920206036
215 0 0 0.01385897268129277 9.980346720481299
220 0 0 0.015505847951503782 9.977852842375448
225 0 0 0.013297296887978094 9.977546986040805
230 0 0 0.014960888332843814 9.978759530678087
235 0 0 0.015374329517255703 9.979035428879323
240 0 0 0.014466707463659079 9.9781345368058
245 0 0 0.011430572479467216 9.976099383831047
250 0 0 0.014243738241532355 9.976917116137601
255 0 0 0.0133722809299881 9.97730088010326
260 0 0 0.013188552627136696 9.978461508111039
265 0 0 0.010941229516931328 9.97559859042833
270 0 0 0.012742814139078629 9.978859144925206
275 0 0 0.012273238129862696 9.976829502140484
280 0 0 0.013905549220776692 9.976803733590518
285 0 0 0.01223281312348945 9.975979431407465
290 0 0 0.012102950877456609 9.975870674955285
295 0 0 0.01287833951381101 9.974744607063519
300 0 0 0.013671626181616992 9.976341961877916
305 0 0 0.013187941853818108 9.97305673550413
310 0 0 0.013380997592808974 9.976288878884555
315 0 0 0.00839035831317303 9.976265647969866
320 0 0 0.015850015751215363 9.973784312153475
325 0 0 0.008585817943253193 9.973862515840466
330 0 0 0.010297180783100712 9.973203341745553
335 0 0 0.013921401390037058 9.975933185193865
340 0 0 0.0145168562814324 9.973193416484477
345 0 0 0.013999469900630057 9.973870985150695
350 0 0 0.016111626025956616 9.973195306752235
355 0 0 0.01545525881386789 9.973409261046319
360 0 0 0.012561003513410718 9.973320094758526
365 0 0 0.014541842650365178 9.972610413651262
370 0 0 0.01423789713505852 9.973197241109773
375 0 0 0.009012050610943012 9.972989409201547
380 0 0 0.01221069355459603 9.972570841327435
385 0 0 0.013777199569600551 9.971261616183627
390 0 0 0.009840162606917113 9.972469973996587
395 0 0 0.01523266638173948 9.97189292876357
400 0 0 0.013043306163334822 9.97188195027721
405 0 0 0.0090918822057251 9.97169420297755
410 0 0 0.009842379109958 9.974024678082419
415 0 0 0.015108896781548697 9.972089318136238
420 0 0 0.012040977614881765 9.971927061677839
425 0 0 0.009933151984256039 9.970235971450462
430 0 0 0.011318762100967827 9.970556510741792
435 0 0 0.012097226543532402 9.970487571175502
440 0 0 0.01633840920378038 9.971728648357274
445 0 0 0.014235022133538333 9.970579367016272
450 0 0 0.009442089341363813 9.970516816065802
455 0 0 0.010581655525593536 9.969794817172042
460 0 0 0.007916479402734433 9.96881394081228
465 0 0 0.01217999319034968 9.97028989053367
470 0 0 0.009671028281386329 9.968874439143516
475 0 0 0.009024481635971693 9.969034691561511
480 0 0 0.007567993704790554 9.969644810893804
485 0 0 0.011363818308103069 9.969204386342879
490 0 0 0.013787523127472001 9.969123651230957
495 0 0 0.011222455181890911 9.967592864444812
500 0 0 0.016525849749355892 9.967718996727685
505 0 0 0.013931708719616465 9.968533760781881
510 0 0 0.015029129146975517 9.968361388233589
515 0 0 0.013308001771953348 9.966808504011077
520 0 0 0.012689799584086892 9.966670686069714
525 0 0 0.00847066478581171 9.968304343961242
530 0 0 0.014818026085464231 9.968198330512058
535 0 0 0.012407060240624102 9.967101129375457
540 0 0 0.01526601320856158 9.966188817470304
545 0 0 0.014703267862362868 9.966665991641957
550 0 0 0.010043740556211711 9.966448716389358
555 0 0 0.009924979710142612 9.965372058585242
560 0 0 0.013830291932737993 9.965841228701263
565 0 0 0.013817699813429618 9.964713404700682
570 0 0 0.010367743072084323 9.96455110917993
575 0 0 0.011143930872143049 9.964494171912058
580 0 0 0.009310187804254078 9.964392513460034
585 0 0 0.010150989842492297 9.964295836220352
590 0 0 0.010027541764077608 9.964523723217228
595 0 0 0.008527957952965348 9.96243733310844
600 0 0 0.0068529189114416855 9.962006548148368
605 0 0 0.01865720880039734 9.962561583798308
610 0 0 0.00423382376572401 9.96149330765293
615 0 0 0.012955711677696824 9.962101454670897
620 0 0 0.006761736022329989 9.961894330254275
625 0 0 0.007890384712432974 9.9608687372045
630 0 0 0.010329262522344784 9.958984459047077
635 0 0 0.011168568781217747 9.959777415713626
640 0 0 0.011267783605872328 9.96073596488417
645 0 0 0.007929582779341526 9.958404399966922
650 0 0 0.012124637465731336 9.95868539951645
655 0 0 0.014163443806730625 9.958003098446724
660 0 0 0.01047968180662262 9.95769540363666
665 0 0 0.015298231513946714 9.956179152285594
670 0 0 0.011803974062576383 9.957439825499183
675 0 0 0.010571521508704773 9.957031899690659
680 0 0 0.008836961953779365 9.955673235406069
685 0 0 4.575193552724954e-05 9.955311353081902
690 0 0 0.01015999879901397 9.953736096697186
695 0 0 0.005346128141225925 9.95323565433969
700 0 0 0.033080914401021344 9.951944304333184
705 0 0 0.00517374979746954 9.952864074642385
710 0 0 0.0022073774066893037 9.951637680808547
715 0 0 0.014832431855023254 9.951033373068684
720 0 0 0.011810776155559699 9.951485801485864
725 0 0 0.017880593790776 9.94884494615509
730 0 0 0.01436812403490273 9.949401762727945
735 0 0 0.02108532036466615 9.94810476341122
740 0 0 0.011333817928030898 9.946455150798071
745 0 0 0.013174218041406283 9.945416561373897
750 0 0 0.0016487121299444407 9.94413660268053
755 0 0 0.015001858357160724 9.945574904877136
760 0 0 0.0034608968013460917 9.944300518880366
765 0 0 0.004249399254065311 9.942843392824724
770 0 0 0.018374905702169375 9.941349303624131
775 0 0 0.017670618062619825 9.93983142519077
780 0 0 0.012162977232913041 9.938107920295735
785 0 0 0.0017493432794697394 9.938244970840968
790 0 0 0.010086378995352474 9.937344928801862
795 0 0 0.0007178064382364902 9.936789244630532
800 0 0 0.0014281724732130296 9.933881766900955
805 0 0 0.0018284926586669137 9.932223581415611
810 0 0 0.005250720673864562 9.931107870141973
815 0 0 0.005255096058850217 9.92992747259713
820 0 0 0.020907907647080837 9.927375301056967
825 0 0 0.023779115831021436 9.926133813679186
830 0 0 0.0005050805820845383 9.924818445613496
835 0 0 0.002314205357637711 9.922884141691894
840 0 0 0.0053248874385352085 9.921902670135323
845 0 0 0.014376091221098841 9.919557816637301
850 0 0 0.0005269603522821686 9.918466694898697
855 0 0 0.007876449663416718 9.917745851433208
860 0 0 0.026588519310598357 9.915204550929275
865 0 0 0.007540243416984227 9.912134828152352
870 0 0 0.031085879153235796 9.911664153755476
875 0 0 0.030585764412410787 9.910326007251015
880 0 0 0.01839518953189523 9.907396132691611
885 0 0 0.010271543523663773 9.904119280003266
890 0 0 0.007287392367482992 9.903006898370407
895 0 0 0.00848235951044507 9.902644737753254
900 0 0 0.026868998186630133 9.89977490953449
905 0 0 0.015853765956654886 9.895106268284401
910 0 0 0.023959018625993256 9.893834663632909
915 0 0 0.01018940192048512 9.890970355232312
920 0 0 0.009214364822133447 9.890563073413182
925 0 0 0.0172337951525654 9.886840307295692
930 0 0 0.0729803029575673 9.885802956157272
935 0 0 0.019526535624959207 9.880534199560955
940 0 0 0.0016813553834678086 9.8828666952003
945 0 0 0.02477967680610038 9.877025378362505
950 0 0 0.03350541442644084 9.876355807625346
955 0 0 0.034733553385124294 9.872207332998746
960 0 0 0.08072532899441609 9.870137605553795
965 0 0 0.06398590696225481 9.869123232777714
970 0 0 0.04928885988151599 9.865552569958334
975 0 0 0.033327409567091015 9.86416206983175
980 0 0 0.04388212264067293 9.860696130153821
985 0 0 0.02056376003796423 9.858704200300652
990 0 0 0.04788998878682227 9.85475937885784
995 0 0 0.04159099865202798 9.851956455639796
1000 0 0 0.020947353001027125 9.849200431096788
