0 0.5905486373342979 1.1159407144164577 0.41766107644797956 0
5 0.781485050906214 0.5493038823288523 0.11103848528581506 2.1975699142901495
10 0.8891242105835101 0.24847135559000577 0.08583526771396865 1.9153726142026988
15 0.9586656474898541 0.09403337327387029 0.06687877446937773 1.7258945612365986
20 0.9646383057738348 0.08570595497029854 0.042700297821625766 1.7152757564464383
25 0.966663852071437 0.08326587057593704 0.04521081648822234 1.7125090721075886
30 0.9676916391669845 0.08173148739235714 0.06145963855338388 1.7107072318667096
35 0.9682359706407968 0.08081890629030641 0.04300685237968849 1.7094266711300625
40 0.9684303346098306 0.07979065234682303 0.04182227793840765 1.7084110913720303
45 0.9692418025817648 0.07801042473221553 0.040833773121749406 1.707313818542504
50 0.9695574519864928 0.07704004016274446 0.02919350923329267 1.706157511694416
55 0.9699769606494791 0.07576374793265139 0.0294417176812638 1.7052630573738625
60 0.9701704266375124 0.07535441892048622 0.042394487347392706 1.7041764085908502
65 0.9705589353840801 0.07383906048123401 0.028169546353413066 1.7032492803170904
70 0.9707186427589694 0.0734054397370909 0.04102048239204681 1.7022598060056655
75 0.9713577543680034 0.0717238425309239 0.047110580344923214 1.7014181709681404
80 0.9717102300597817 0.07065219617749174 0.01819521404069846 1.7004462680688264
85 0.9720701203451119 0.06961364662787028 0.03107599870574429 1.6993435356988804
90 0.9724792356644695 0.06844342709013751 0.004719814078604889 1.6984388090791263
95 0.9719084742903743 0.0698689076521164 0.051463891223972436 1.6971804498542695
100 0.9729012280151536 0.06704678472516123 0.0019741919184617096 1.6961701390915238
105 0.97361538758856 0.06504406856360667 0.02491180988208086 1.6950174876950133
110 0.9741152007273999 0.06415264581805546 0.03456166335814914 1.693823076520992
115 0.9746805698911751 0.06227645204558563 0.002876913018859062 1.69241067475107
120 0.9751878569714552 0.060869690373453356 0.013448843157351398 1.691101333873736
125 0.9757203532605243 0.059554643818185315 0.04185231127222533 1.689476758855221
130 0.9759243043715828 0.05875542968966574 0.050655992028840524 1.6880428707803987
135 0.9769320784156769 0.0567112698192791 0.061227668900626586 1.686124571382951
140 0.9779642378727285 0.05375328913343669 0.011063763802891646 1.6841739225423549
145 0.9785587811663807 0.051855745430600564 0.02705439277393351 1.68224422141778
150 0.9796395280016157 0.04972555332190476 0.042856789697020226 1.679946623618931
155 0.9806569799769977 0.046621183712249215 0.009731287735854188 1.6774759883400838
160 0.9817150129788734 0.04384465469510124 0.01618051148050892 1.6751096747275624
165 0.9827435136209282 0.04111670697548475 0.023779225607792887 1.6722110389000477
170 0.9840389965363988 0.03834195455698364 0.019069062064154707 1.6692839766295495
175 0.9849308585366807 0.035458910355764095 0.008840077709870275 1.666207870397553
180 0.986551750677623 0.031987015404740804 0.010011235639098892 1.6632131690987322
185 0.987637254657995 0.029557820002288793 0.016056843314692593 1.6601649160082639
190 0.986816191707615 0.031010333517682787 0.014885584961922271 1.65753008178887
195 0.9899665139274811 0.024123142766639072 0.012437782362268113 1.6544144610291922
200 0.99128024151276 0.01991701701498383 0.01246673436728507 1.652032159253955
205 0.9922317747051683 0.017578964677559705 0.004788144968127961 1.6497834127254438
210 0.9921646707463065 0.017937366896191298 0.009670130436507662 1.6479555753706205
215 0.9939762596593726 0.013649417494670635 0.014193477500955343 1.646142207946726
220 0.9946749445337626 0.011910731022975352 0.0213963915112092 1.644739249964564
225 0.9952396864012139 0.010859151050363947 0.0017586080019271755 1.6432990043809579
230 0.9957852790860189 0.009309060315843887 0.0031327330041088786 1.6424188097141208
235 0.9953961534678242 0.010662774490180604 0.002044325911780831 1.641436457709103
240 0.9964777343004825 0.008210836047803483 0.00818725506972151 1.6403180025203716
245 0.9962980781932149 0.008562993124950014 0.0032857683149758454 1.6402657853478717
250 0.9958607556304249 0.010257770258714771 0.007086465924439622 1.639684686477163
255 0.9970628336346898 0.006648494171553665 0.0014467904850856694 1.6388402865325766
260 0.9972358084311339 0.006254274237577961 0.005940623205674456 1.6388545943883372
265 0.9965677272651706 0.008821297598631261 0.004032172485621377 1.6376530718384636
270 0.9979109558575193 0.004537937120044688 0.0009544950404309915 1.6381556129817332
275 0.9979911192184456 0.004383156551368117 0.003060456535403766 1.6379296009698034
280 0.9976965935779469 0.006034475914802773 0.004595657933829322 1.6377291456849505
285 0.9981186356047171 0.004221383369462428 0.0004057586946792924 1.6373787067735268
290 0.9984024923652858 0.0036090228683294256 0.005011127539799265 1.637414348696012
295 0.9983316809637266 0.0037698479360932513 5.3102691028206195e-05 1.6369960455391583
300 0.9977737446658625 0.006521157755362772 0.003944547208051263 1.6366076780695524
305 0.9986326545834296 0.0029963181067163003 0.0011749371568927636 1.6368867768093345
310 0.998186336752118 0.004644662024927637 0.0056580102640415575 1.6369255784068517
315 0.9986689332413651 0.0030485534907507272 9.183578726812414e-05 1.6368823938568067
320 0.9986080843551322 0.0032671782465421018 0.000825243978428869 1.6362395551793705
325 0.9982293442819604 0.004716419014428208 0.0023690400157017066 1.636964478371385
330 0.9987733308982956 0.002755153453620096 0.004276338908359545 1.6366216060058736
335 0.9976788770294411 0.006790062931887553 0.0009796818386205164 1.6365488266764558
340 0.9964713024343157 0.011323915514926286 0.019874178325614 1.636151102722642
345 0.9984248793032786 0.004589625719485513 0.0033499698328296468 1.635837220316496
350 0.9982231804882262 0.004989121042807909 0.004787414147546798 1.635557212180752
355 0.9982016542672045 0.005131789241748619 0.012979716125946172 1.6360087968149832
360 0.9983163945135745 0.004783071650377613 0.006818173460573895 1.63616877000197
365 0.9991396194124232 0.0018719346593081276 0.0027509215384231567 1.6360028585796655
370 0.9983820044305061 0.004615145911547103 0.006300010251419685 1.6359333912245912
375 0.9986129432026111 0.0037985898179409006 0.004700699264694741 1.6361814802075072
380 0.9973335423658513 0.009227614715745514 0.002597076010266708 1.6356786254535434
385 0.998507550988932 0.004629877714704023 0.0006838699865632236 1.6359518654135399
390 0.998149498585421 0.005642748223497085 0.00045177074334645795 1.6358430169645022
395 0.9992388610964728 0.001677414718099346 0.0010756997134888646 1.6358118124443288
400 0.9991719850952019 0.0020660780514361043 0.001760053033432074 1.6351647481041254
405 0.9988343886595024 0.003206213781838052 0.0018808778089187683 1.6355053995198174
410 0.9992136233536276 0.0019010191905897145 0.0012072068403075065 1.63557660428978
415 0.9992154815699429 0.0018157767642592582 0.0009469973417950417 1.6349981496497403
420 0.9991792941799454 0.0021450496805333064 0.0027757243755650585 1.6356524089627569
425 0.9993318666717058 0.0014969647009905884 0.00032943926957629266 1.6351908143710316
430 0.9989990910048163 0.0027042433406605504 0.0007790685758561899 1.6349935507156548
435 0.9993063671199363 0.0016311412548029036 0.0008550068167489933 1.6350845317308371
440 0.998671061737554 0.0039851276135780545 0.004779406667039243 1.6352471889415006
445 0.9983467203591783 0.005549779355828122 0.006368124429235733 1.6348549252464002
450 0.9990226174429429 0.0026756884626473187 0.0022256094169659235 1.6349027067435071
455 0.999327033994522 0.0015540000211569094 0.006898957361372249 1.6352008692885398
460 0.9993621126462748 0.0015343399026050974 0.002001781734170649 1.6348283251417635
465 0.9994084162337324 0.0013418274651149087 0.0026091234501879335 1.6355032318954128
470 0.999251636427627 0.0020286644284988053 0.004507288434396628 1.6347767744494832
475 0.9986204968858563 0.004570308830400105 0.002810700076319117 1.6349974262052596
480 0.9993215547650075 0.0017806976795418095 0.0012271694553298573 1.6344734805429493
485 0.9990189454567158 0.002825317331960786 0.0021992347159598413 1.6348647042537578
490 0.999124022195863 0.0024293920086380094 0.0002216062491646742 1.6346791927973476
495 0.9992680130562523 0.001915164081167653 0.00012837042508229146 1.6348039132306866
500 0.9979156817401028 0.008082275298381791 0.014732928077756391 1.6478077707846983
505 0.9961042678670651 0.016632574028783376 0.0016251515910910008 1.6349762009737978
510 0.9957655018003103 0.01823484041780543 0.0014863878893733862 1.6348539699392697
515 0.9944867850489305 0.02318727664433262 0.00664951708846484 1.635609103101153
520 0.9934342684830575 0.027612029912334357 0.004906394522489199 1.634607680588996
525 0.9945802158225181 0.023298910689742325 0.0036475900656134375 1.6343934559387157
530 0.9935572820942504 0.027068775479312635 0.009541878091656297 1.6349017817733047
535 0.9952410695948452 0.020439071098295347 0.001592433825819084 1.6344944475783394
540 0.9953462591369313 0.020171269165669248 0.0009565580713235544 1.6344895289702328
545 0.9954655201913954 0.019659970467193366 0.00016927175907577308 1.6350634999823896
550 0.9954053616378522 0.019910739801850985 0.004102454584019144 1.6343811991628812
555 0.9950758952152464 0.021269782301860607 0.002699621136245778 1.6346797687892525
560 0.9952708574181985 0.02053013226775824 0.0018758188954701716 1.6345119978272575
565 0.9938365335459134 0.02596749015511568 0.005665958501938739 1.634097148901213
570 0.9951789231769131 0.020705498462439298 0.0017192592090060632 1.6338858040751754
575 0.9953836896565234 0.019958936836671493 0.0014198568262524525 1.6342161943832425
580 0.9942544506562438 0.024578557130266354 0.0003356925204143213 1.6336723269802547
585 0.9946380956212093 0.022882241076418897 8.45895472920688e-05 1.6343312040900952
590 0.9950158939402125 0.021474158574258384 0.0025016379875664185 1.6345448922448296
595 0.9951940636590983 0.02069069116535993 0.0005557784761331952 1.6341693147204837
600 0.9950963742763721 0.021079485006198606 0.002366240652774021 1.6348600627196765
605 0.995274720804451 0.020454717355097296 1.7471728574358636e-05 1.63397200321524
610 0.9952430285367222 0.02051344322227444 0.003403048020959254 1.6345216779252538
615 0.9953061971747004 0.020305146946077546 0.004272482338144146 1.6342579095852685
620 0.9952932649818224 0.020356988869447923 0.0005756737165629744 1.633972155078845
625 0.9951776258417462 0.020846571341517572 0.0015869852693257691 1.6340332003832823
630 0.9950248586125319 0.02134595714244103 0.0020949769501210636 1.6339155135791064
635 0.9950787646737612 0.021231279296738625 0.005080359981361138 1.634090214906134
640 0.995112663786641 0.021187679362677958 0.0025295610887179354 1.6341389827978017
645 0.9952956328865666 0.020370409590299454 0.0022162034935817587 1.6339925642115813
650 0.9944368173181912 0.023827802289736244 0.014051512251226361 1.6337889568607467
655 0.9949690431203876 0.021574309994649488 0.006598008776798281 1.6342462848728019
660 0.9921615038341787 0.03260919150685915 0.0037103832157447947 1.6338683525220383
665 0.9953507607632968 0.02008914481397417 0.00020052312972285158 1.6339791813084035
670 0.9951108067883625 0.021176199945546204 0.0008453138246973246 1.6343047201192191
675 0.9953760571672685 0.019930840137036387 0.0016040155076839646 1.634519770008684
680 0.9952252059347728 0.020387507502573676 0.008060828502715944 1.63407265913309
685 0.9949572893934533 0.02176278489733341 0.0019793243765191537 1.6342953361997894
690 0.9947257049899019 0.02268987921704424 0.0023289249738980278 1.6342426719046943
695 0.9953195347498337 0.02024053836381534 0.0006222632716350596 1.6342451798800965
700 0.9945350851435084 0.023325630224134475 0.005454685089079092 1.6340877978714377
705 0.9951613018075515 0.020996933647568827 0.00011171533697851288 1.6336569693591738
710 0.9945308974777836 0.023416893526339688 0.0002462107163481164 1.6337242629191449
715 0.9953081971690114 0.02033261567943745 0.0010941442233640686 1.6339556799623958
720 0.9953278347915528 0.020168640681918593 0.0012314928316861096 1.6338270958792227
725 0.994501331882659 0.023564822754502224 0.0038669110166362763 1.6336426705943392
730 0.9953783672490119 0.01997398136239048 0.00028863872047812933 1.6342285344514564
735 0.9949811449466086 0.02177450853172247 0.0015178462079401545 1.634361918345046
740 0.9952533475759229 0.02056349288713477 0.0009159333584320972 1.6341103940099746
745 0.9946153552847423 0.02307732193016343 0.00010659964565218338 1.6337702754999852
750 0.9938705966600384 0.02600132862534621 0.012889789714935151 1.6340584022986484
755 0.9947327841472889 0.022625467602980454 0.004666547631593687 1.6335902703031058
760 0.9954253736770943 0.01976066742671012 0.001901979052791436 1.6341840552400455
765 0.9951690531096815 0.020918810831319634 0.0030085438107447793 1.6340590680175242
770 0.9953898293278611 0.019942010983342584 0.0009260492086515804 1.6340489058004695
775 0.9950151501582893 0.021571431781552075 0.000152865104677824 1.63394271919634
780 0.994490670818541 0.02373465317340906 0.0015995243681148352 1.6340255097503669
785 0.9948468962473349 0.022173756939052547 0.001035322279017592 1.634008552426656
790 0.9939674644162932 0.0258217429208063 0.006833034711712926 1.633852917629387
795 0.9953570724045209 0.02010908131314526 0.002355470054803188 1.634073457056226
800 0.9951889533980964 0.020908823463246184 0.0006054161528645796 1.6336112472720083
805 0.9952707530710583 0.020514803056453923 0.001247714823934043 1.633973711519001
810 0.9950630898907074 0.021442002751850042 0.0016171064947041458 1.6338102189901877
815 0.9951613170278373 0.02095593339458568 0.00048233852100176833 1.6335842239747647
820 0.9948566491322897 0.022103009816636154 0.0027364051427298808 1.6339742396102686
825 0.9942858448715556 0.024440002026857366 0.0017194577636063801 1.6334613993876022
830 0.9948913850868537 0.022160703088580203 0.0009982995411603746 1.6340485695984968
835 0.9951753389702422 0.020823173292118247 0.0020340776762488577 1.6341285766990388
840 0.9947587010897262 0.022635819651236178 0.00495181394894928 1.6337810018538388
845 0.9951890078505238 0.0209101191710519 0.0014310932153542844 1.6336500642341714
850 0.9952516804127528 0.020557356121249537 0.0001277166266893115 1.6340754505297397
855 0.9946881873009369 0.022699922978116183 0.0054008301542611825 1.6339398623284378
860 0.9950473889546264 0.021321738273211377 0.0006754151135393016 1.6338329978100214
865 0.9952327869625288 0.020709605273490084 0.0009123602066523073 1.634003365082628
870 0.9950734017804677 0.021442949225798147 0.005345337387019811 1.6333993473398474
875 0.9951469812520228 0.021049317505945853 0.0026940637846069038 1.633683052148678
880 0.9953103556807938 0.020335584025023667 0.0005217722453036977 1.6340573664938005
885 0.9952418777151399 0.02052504735948424 0.002606879403308504 1.6336274864781586
890 0.9954136683800769 0.01990688628817794 0.0007167277205581968 1.6337444711169242
895 0.9952303880766727 0.0207489874622786 0.0006783738453066679 1.6336602147758028
900 0.9950802449028657 0.021433514117475516 0.0028104159844160037 1.633587421296339
905 0.9944216358074349 0.023882547528756293 0.0058351118947586045 1.6336090452895196
910 0.9954286860414128 0.01984591525138235 0.00023723342253356705 1.6335615756073496
915 0.9953976440700758 0.019913900226546266 0.003610668120953342 1.6337307960742051
920 0.9951920384348998 0.02083570425350878 0.0021995936477285927 1.6338521612730676
925 0.9949928958359703 0.021702373237320494 0.0020553666588511987 1.6335336043969664
930 0.9952083184250482 0.02082345166612276 0.002323287589737655 1.6340065362547105
935 0.9934780014606243 0.027500207284293587 0.009273263435682244 1.6334285079258726
940 0.9952623033214203 0.020557994809744073 0.0018255897128978127 1.6337241729202967
945 0.9953684894984378 0.020132960740527395 0.001228565783762292 1.633901369747947
950 0.9949869184998301 0.021745039925785692 0.001958784647403622 1.633519145551988
955 0.9950956708419746 0.021193274255202788 0.0013675787398985673 1.6338529943850064
960 0.9953000603349047 0.020322042479801405 0.005705998707003612 1.6332511539154577
965 0.9952420024889632 0.02048728138561251 0.0008975468040517409 1.6334985837070908
970 0.9951709415711458 0.0210414610498475 0.002006085370516386 1.6335587987358737
975 0.9952381797026278 0.02069271304458331 0.0015398582708106012 1.633642242673086
980 0.9949407028674087 0.021819761561370887 0.003067398049710457 1.6336753437775746
985 0.9943336431254665 0.02440893916726683 0.006275831266064902 1.633622209299145
990 0.9953053948839727 0.020420620788326627 0.0001446483288989331 1.6338223364383615
995 0.9954799008711639 0.01959954234699457 0.0012083302582386324 1.6336828267445904
1000 0.9952691980370966 0.0204459195733393 0.002037546773936416 1.6337481522740638
