0 0 0 0.26967000358365034 0
5 0 0 0.0038817026149520206 10.246864070340237
10 0 0 0.0012147004152298635 10.222857406130492
15 0 0 0.005739340323299924 10.214383580107233
20 0 0 0.0009860360887752329 10.211726464544904
25 0 0 0.007219690898699671 10.109801059372673
30 0 0 0.006750263000459222 10.081589271659057
35 0 0 0.009592634293773994 10.047474215647373
40 0 0 0.004141456010745781 10.025125118728946
45 0 0 0.012507471922167834 10.02103131983862
50 0 0 0.011563666408042295 10.000041188507973
55 0 0 0.010915515025947453 9.997622983436854
60 0 0 0.012970134415799084 9.9927413340285
65 0 0 0.012735677188120853 9.99020332413554
70 0 0 0.009198140849554726 9.990863682411534
75 0 0 0.011849137270066645 9.990285817585862
80 0 0 0.012123652024090381 9.986857979918282
85 0 0 0.01401132504337066 9.984473794260293
90 0 0 0.01441261648155212 9.986721252912702
95 0 0 0.013299129355225592 9.985919913556437
100 0 0 0.012891031338112535 9.983377123572401
105 0 0 0.01073465904012516 9.982254866057605
110 0 0 0.015270170447787113 9.983101692829553
115 0 0 0.007693100064090075 9.985249279305116
120 0 0 0.014268479728961836 9.982776217230493
125 0 0 0.015134985177491345 9.982400517864411
130 0 0 0.014009636979054108 9.981320884035542
135 0 0 0.010952735555652904 9.98269810210136
140 0 0 0.012204973391957363 9.980591136077296
145 0 0 0.01212744287421108 9.978556400390872
150 0 0 0.013998992214740769 9.979280166630717
155 0 0 0.0135672473359425 9.981001388388005
160 0 0 0.014448298913764202 9.981490117165691
165 0 0 0.011414036772769975 9.978697457050817
170 0 0 0.012274190442032706 9.9776411623849
175 0 0 0.012862800210880376 9.978399699689538
180 0 0 0.011480286469221834 9.980262188282952
185 0 0 0.013378482363136435 9.977645731969542
190 0 0 0.012045658811485671 9.977210960640583
195 0 0 0.011664043980063488 9.97599535923624
200 0 0 0.013665030145641577 9.978063810569225
205 0 0 0.012938257998787117 9.975915805158861
210 0 0 0.00969293944104388 9.978508108965832
215 0 0 0.0121706134906856 9.977591851725116
220 0 0 0.013773898309355825 9.977311509710022
225 0 0 0.010218683623109959 9.97807359724913
230 0 0 0.01384592498996895 9.975248437306522
235 0 0 0.015654863151175702 9.97549450288766
240 0 0 0.01823208803600984 9.974652515525516
245 0 0 0.01479099203551204 9.978325663151146
250 0 0 0.009563547699311892 9.975621432045816
255 0 0 0.013908515106012098 9.97674463289498
260 0 0 0.014334174587502746 9.976104146708597
265 0 0 0.013593137356343155 9.97445978139598
270 0 0 0.014716505491747744 9.974587063022375
275 0 0 0.012221525666648914 9.974083356422188
280 0 0 0.012433368499774833 9.973397932514423
285 0 0 0.012280479474428896 9.97478967722848
290 0 0 0.011164679890476092 9.973349639556995
295 0 0 0.012325867884314112 9.97385434978442
300 0 0 0.014020694259439415 9.97338203023629
305 0 0 0.011186498285201685 9.97346134841621
310 0 0 0.013001124889328475 9.973418646286829
315 0 0 0.01448281086630554 9.97190550354079
320 0 0 0.018341308850985616 9.971016620283649
325 0 0 0.013628695031958404 9.97279791962944
330 0 0 0.009967776131650563 9.972236816427108
335 0 0 0.014234345067207999 9.972346012976539
340 0 0 0.009726592425336467 9.972596496552262
345 0 0 0.014852408628129199 9.971383217392333
350 0 0 0.014702341511551253 9.972554175740562
355 0 0 0.021110981217569602 9.972542363187307
360 0 0 0.011035959766542147 9.971962728046272
365 0 0 0.01123366850500429 9.971527861355197
370 0 0 0.012588059815377806 9.97006612316482
375 0 0 0.012747476054659757 9.969811349742033
380 0 0 0.009904997229767343 9.96968393097847
385 0 0 0.018235692029990203 9.97060031900986
390 0 0 0.012166513069453933 9.970827997683902
395 0 0 0.012678593878252098 9.968528394712358
400 0 0 0.01291085035471573 9.969569485025369
405 0 0 0.012769678444693122 9.968547980826983
410 0 0 0.012145846167817886 9.968987822564042
415 0 0 0.01231571672871512 9.968492665305712
420 0 0 0.01435936988631914 9.968317361251895
425 0 0 0.008953302744589609 9.969064451824778
430 0 0 0.015711801604237685 9.968554378050122
435 0 0 0.016071658692578428 9.967828796540665
440 0 0 0.01623907016209669 9.966912719418817
445 0 0 0.013938658843796858 9.966806142321529
450 0 0 0.014331870446895767 9.966512771557959
455 0 0 0.017236422650625194 9.966940842950434
460 0 0 0.010489938679303368 9.96518091749056
465 0 0 0.011296857889626866 9.966231728676656
470 0 0 0.010688809167594071 9.966667872094542
475 0 0 0.006358546824539513 9.965611591405903
480 0 0 0.017467528859179016 9.96552889438742
485 0 0 0.002317553591690835 9.964664563716289
490 0 0 0.012009019843901347 9.963831189912092
495 0 0 0.012149872736369804 9.96438237110385
500 0 0 0.014875342803224889 9.96333351132797
505 0 0 0.006155536649335991 9.963516770073541
510 0 0 0.01872265695682307 9.96172881862121
515 0 0 0.016439201223686473 9.962654283715525
520 0 0 0.0039199868628274626 9.961922573981305
525 0 0 0.018226345390888188 9.961553575154028
530 0 0 0.0027985307110294233 9.959988097297932
535 0 0 0.009917632552868039 9.959214011931863
540 0 0 0.011689682269952595 9.960312109755279
545 0 0 0.01337893050520722 9.958723197915091
550 0 0 0.011509594400747059 9.957758774656744
555 0 0 0.010462056481069348 9.958488311408031
560 0 0 0.007729702771288149 9.95708697647945
565 0 0 0.008628247094023322 9.955885688069163
570 0 0 0.0017484569133567884 9.955762865536158
575 0 0 0.014984751036524635 9.95375908250446
580 0 0 0.017495213653525132 9.954188602221418
585 0 0 0.010184742048824802 9.952319670503888
590 0 0 0.0188288285266629 9.951657941528971
595 0 0 0.02527467821808793 9.951785228977293
600 0 0 0.011640847222249118 9.948871276842446
605 0 0 0.006846101356916545 9.948400562076166
610 0 0 0.004278609041535653 9.946658547365706
615 0 0 0.001085237339361056 9.94559595354167
620 0 0 0.004195990785445192 9.944454735499455
625 0 0 0.0013457683304125556 9.943421685947918
630 0 0 0.01284883989102914 9.941065420091297
635 0 0 0.0005679581807038758 9.93866908333339
640 0 0 0.0013333265779278403 9.936067310047616
645 0 0 0.001188727342398499 9.934763104163585
650 0 0 0.011343330196286638 9.933124692484009
655 0 0 0.004155991928047387 9.929075460064848
660 0 0 0.023662636519268698 9.925968554313153
665 0 0 0.02575828937126623 9.925014007739838
670 0 0 0.003992745786939533 9.921842187820484
675 0 0 0.01755350990450122 9.91978127364604
680 0 0 0.013105068679021503 9.918745918090515
685 0 0 0.015441136492670537 9.913985575938108
690 0 0 0.011630043558360725 9.910488308516301
695 0 0 0.00041332782336733764 9.908117107871792
700 0 0 0.012454015469121948 9.904474944531962
705 0 0 0.003947920843305086 9.90191949800964
710 0 0 0.026588019865271928 9.898011591333635
715 0 0 0.0024981118025271254 9.894270857664893
720 0 0 0.04284383254971802 9.890994756451496
725 0 0 0.025698677463156017 9.885155860091746
730 0 0 0.05011926600117955 9.882616810171903
735 0 0 0.010499832397343756 9.87742555166999
740 0 0 0.06467884572408389 9.8734416400218
745 0 0 0.007563712132854228 9.869126509484529
750 0 0 0.03918405691586013 9.864878363566142
755 0 0 0.05797856242927679 9.86102806946897
760 0 0 0.04370048090168521 9.856858547215317
765 0 0 0.050223534103700285 9.852322261188787
770 0 0 0.012185533275277605 9.845127532567275
775 0 0 0.07028656561665736 9.841868591598628
780 0 0 0.018389365776946942 9.837698454103858
785 0 0 0.06557768024202337 9.832108499894245
790 0 0 0.022079339578385815 9.82683223592623
795 0 0 0.08881962132291887 9.821921046205528
800 0 0 0.07041943138453854 9.816509458973357
805 0 0 0.03664491292740957 9.813813128323595
810 0 0 0.010339084438884871 9.809034422710797
815 0 0 0.09588652881297599 9.8050762556608
820 0 0 0.07870082423998781 9.799362476019637
825 0 0 0.08068732900886966 9.79436689108478
830 0 0 0.09737465379542476 9.792238481686345
835 0 0 0.051102135614628175 9.787337318035569
840 0 0 0.0642437594799583 9.781542033572254
845 0 0 0.03797068442863738 9.77803335419038
850 0 0 0.08119065161443095 9.770677269687896
855 0 0 0.08324017975079867 9.768074581734782
860 0 0 0.090475541450735 9.763318819814339
865 0 0 0.13217370426730968 9.758518257331952
870 0 0 0.06615926973698616 9.754792139310576
875 0 0 0.08310184721889557 9.750252825351163
880 0 0 0.12368638312974944 9.745185612928736
885 0 0 0.06342894369892749 9.741282028671868
890 0 0 0.07219794740381946 9.73710647496894
895 0 0 0.12604635408159726 9.732529827375451
900 0 0 0.1345447432760829 9.731616956209885
905 0 0 0.109369456715108 9.726402841058478
910 0 0 0.10585653226290548 9.721968501647426
915 0 0 0.14412396786942105 9.718052484629904
920 0 0 0.07308241657306103 9.714010192344608
925 0 0 0.1555080726851903 9.708988191214205
930 0 0 0.15777482209718996 9.705232422548626
935 0 0 0.11126095642407186 9.70252653179618
940 0 0 0.05091168579369154 9.700305896051095
945 0 0 0.14738166084025428 9.694127377065413
950 0 0 0.09508391730089283 9.69444215322078
955 0 0 0.09538308854690958 9.690999177578243
960 0 0 0.12124642772666872 9.684913736815783
965 0 0 0.12818345876899562 9.682903754280499
970 0 0 0.15565946832887212 9.68023050206307
975 0 0 0.11641878464263211 9.676164936812356
980 0 0 0.10939698600326375 9.673777669638248
985 0 0 0.15196224015286863 9.668923510319203
990 0 0 0.10130228359984805 9.668280210696706
995 0 0 0.07621481142930597 9.661939056283751
1000 0 0 0.1694107110269676 9.659013276943066
