0 0 0 0.30975382875795465 0
5 0 0 0.0025739173863952303 10.267508580656715
10 0 0 0.0009872319229968785 10.229363615779876
15 0 0 0.003188865841886379 10.222899176261416
20 0 0 0.005428540220472122 10.14193370559343
25 0 0 0.005538697632933243 10.100773128728186
30 0 0 0.011990869123447379 10.057852496374094
35 0 0 0.011619393070698925 10.03966687233424
40 0 0 0.012539791234488451 10.028646693715924
45 0 0 0.003737939531365919 10.022783678762577
50 0 0 0.014399701298574152 10.001684406253752
55 0 0 0.013301112070819299 9.998901368512493
60 0 0 0.010827685107899443 9.997306682550038
65 0 0 0.01387026206922104 9.991625189409783
70 0 0 0.014018027143130052 9.99036049580194
75 0 0 0.011423731871099019 9.99363381119835
80 0 0 0.012323139947535422 9.988244487298395
85 0 0 0.013384471986148894 9.989181887872691
90 0 0 0.014481316731816962 9.985707840633843
95 0 0 0.013090602700520648 9.989048388484095
100 0 0 0.009741955271412861 9.98662813341887
105 0 0 0.011530604208079165 9.986219536985617
110 0 0 0.009001313361274743 9.982494923124403
115 0 0 0.01213248323122551 9.9850871631603
120 0 0 0.014363671564320502 9.983672323857661
125 0 0 0.01252363036285753 9.983386439531676
130 0 0 0.010855340047867701 9.980959534380526
135 0 0 0.013635096024950055 9.981208029347226
140 0 0 0.010983187179855358 9.984065160548484
145 0 0 0.013668199343623177 9.981820675189587
150 0 0 0.012274800091469196 9.98083168024741
155 0 0 0.010972543087012898 9.98010131442793
160 0 0 0.012486518996688512 9.980956160252
165 0 0 0.014207132501409925 9.982051730831193
170 0 0 0.009714133019433913 9.981600620012197
175 0 0 0.011614640493938122 9.980052943808307
180 0 0 0.013306494845556571 9.977178138727359
185 0 0 0.010959206845624347 9.978686166968663
190 0 0 0.016158736745140345 9.97884659727955
195 0 0 0.015464163604550496 9.978209229032199
200 0 0 0.014166960605722867 9.977930047067662
205 0 0 0.014535223050404111 9.977537189642684
210 0 0 0.013184262584857276 9.977314904080394
215 0 0 0.01057995417210189 9.977857476188564
220 0 0 0.01638867455578019 9.975132525195999
225 0 0 0.013565024152929706 9.976497243990229
230 0 0 0.015288915439413575 9.976868650948933
235 0 0 0.01613088416718278 9.978196636261854
240 0 0 0.013489089348738492 9.975831847555696
245 0 0 0.013745984881048834 9.974503750180537
250 0 0 0.01274782884029868 9.975802054242362
255 0 0 0.014585781286144517 9.974468925948269
260 0 0 0.012727639986267913 9.976630426043098
265 0 0 0.014276447428672512 9.973458670712057
270 0 0 0.012022404499248296 9.974828219109938
275 0 0 0.011189060531273887 9.974417165468406
280 0 0 0.011890380846759419 9.974678363467776
285 0 0 0.013865746008953295 9.973680442171071
290 0 0 0.01328411292230558 9.974860100604268
295 0 0 0.013976158789871906 9.972935222109768
300 0 0 0.015086354030437121 9.973856898355544
305 0 0 0.016181973741939748 9.973572017639958
310 0 0 0.01614662528580335 9.974537138511627
315 0 0 0.013857587276761008 9.975090707375632
320 0 0 0.016434367833661145 9.971715987970306
325 0 0 0.00880888010737646 9.973489302283387
330 0 0 0.010746287018165601 9.970438175326882
335 0 0 0.011955637730318713 9.973730564954172
340 0 0 0.011689556027738801 9.971617620691118
345 0 0 0.01478959003558189 9.971744001176406
350 0 0 0.010730919849563092 9.971580508582626
355 0 0 0.014469994435162947 9.972471519725218
360 0 0 0.013838409185893852 9.970649399993334
365 0 0 0.014393215125709347 9.97038784204757
370 0 0 0.013874592061994484 9.971435694725953
375 0 0 0.00906206151722655 9.970846396189753
380 0 0 0.009367572732960294 9.970540732231862
385 0 0 0.011445947826287162 9.969707327899417
390 0 0 0.009563458495424948 9.969787259269204
395 0 0 0.014781173559240468 9.969286107284889
400 0 0 0.009614038574067507 9.969618427125281
405 0 0 0.013444681222231303 9.969115920795335
410 0 0 0.008225521700058191 9.970955791054164
415 0 0 0.017474312082277788 9.969257385020827
420 0 0 0.007964460821202168 9.969706018502501
425 0 0 0.010277589212209115 9.967954888431095
430 0 0 0.00880007283573514 9.967380779612181
435 0 0 0.009898987620961863 9.967732084334267
440 0 0 0.008506643026829908 9.96818932862572
445 0 0 0.014780804244724388 9.966142811533635
450 0 0 0.008370934898669358 9.966087669332161
455 0 0 0.009844878788129785 9.965388380717878
460 0 0 0.007027801379421383 9.964495287087665
465 0 0 0.008149717564348347 9.966063290469574
470 0 0 0.0116124062086298 9.964918490240189
475 0 0 0.006226484408427435 9.965839758894457
480 0 0 0.0046450444552879055 9.963915686624658
485 0 0 0.01028409838309452 9.964212685027228
490 0 0 0.010992024311935689 9.963691752838923
495 0 0 0.006075643870792735 9.962914652319482
500 0 0 0.022028121816389135 9.960423983814945
505 0 0 0.00627385649458434 9.960656022220133
510 0 0 0.0021463850666738615 9.960516709688088
515 0 0 0.003145597773330122 9.958427621529466
520 0 0 0.011031793330364748 9.958008253634706
525 0 0 0.004114140072681405 9.958929091875369
530 0 0 0.01946451418434103 9.95742649917225
535 0 0 0.008735522768093418 9.955774639609292
540 0 0 0.0012690172967200208 9.954860478416952
545 0 0 0.005516294296651569 9.953618208606667
550 0 0 0.020185476824130077 9.9520960801792
555 0 0 0.008611382597524475 9.950318890618577
560 0 0 0.00206640719432416 9.949376242355747
565 0 0 0.01001981103020455 9.94975296242186
570 0 0 0.0035493269746538214 9.94734695559122
575 0 0 0.002238910589076326 9.945964682760408
580 0 0 0.00024586565433293295 9.942866412684685
585 0 0 0.018367382347156846 9.943491792730569
590 0 0 0.01931637463420266 9.940128188798763
595 0 0 0.003856663537509686 9.939373301085297
600 0 0 0.006622233532403765 9.93685554848302
605 0 0 0.007963918522319258 9.933530656804617
610 0 0 0.0073560758251978164 9.932165273055567
615 0 0 0.001125331795448492 9.930638867866206
620 0 0 0.0038527395293737055 9.929381821347823
625 0 0 0.002242976391981788 9.92633891226722
630 0 0 0.002425231546146822 9.922844061138717
635 0 0 0.005293865478072757 9.921806807661971
640 0 0 0.0013479862955194655 9.918672035056598
645 0 0 0.03616294333050174 9.916592909652095
650 0 0 0.011234790760172197 9.913427922184557
655 0 0 0.0007954445329274584 9.91089053649276
660 0 0 0.012739429431909866 9.908091564809475
665 0 0 0.0030219749265874007 9.905814815027236
670 0 0 0.03899428802963678 9.903020751320831
675 0 0 0.04188403138978525 9.899248773738597
680 0 0 0.0468403011986922 9.897486678777403
685 0 0 0.007391728099754857 9.891212628770568
690 0 0 0.04492322933787474 9.888893661920042
695 0 0 0.026537667636332696 9.885592685349627
700 0 0 0.029999620132290072 9.88211678208809
705 0 0 0.027636353866497654 9.88029605083793
710 0 0 0.004767829123917711 9.87585613258742
715 0 0 0.0120737153272239 9.871308921629241
720 0 0 0.0027456557295348905 9.870244268460016
725 0 0 0.023736247487952555 9.862600897307411
730 0 0 0.037455396457676926 9.86100626454147
735 0 0 0.013191622124424596 9.855324601818689
740 0 0 0.06560531389900781 9.851882225018825
745 0 0 0.012273157669400181 9.846865816110723
750 0 0 0.03312376168620257 9.840492830833266
755 0 0 0.05542672050769837 9.838154800773609
760 0 0 0.09250636831551984 9.833883369515105
765 0 0 0.03613472283618835 9.830962333717592
770 0 0 0.01706530290957864 9.826119889026865
775 0 0 0.0324375663424723 9.822737708459474
780 0 0 0.037010413668826514 9.819573382485409
785 0 0 0.025692291467633188 9.814524456831286
790 0 0 0.045778055399261275 9.811428484174433
795 0 0 0.047241531153721095 9.80623244517686
800 0 0 0.05237247039707471 9.80291102037314
805 0 0 0.09574535957525732 9.79633197248697
810 0 0 0.09388135200880265 9.793460850714613
815 0 0 0.08476684909915866 9.790758057469144
820 0 0 0.022529285261054355 9.787581449046174
825 0 0 0.1008450743847995 9.781970729214718
830 0 0 0.07545422716667671 9.778026129903568
835 0 0 0.042753231764345756 9.77443919233626
840 0 0 0.06411431197887296 9.770224424057853
845 0 0 0.09700578964067463 9.763619296561526
850 0 0 0.11737584759076958 9.76362244056672
855 0 0 0.07699687286660795 9.758110339271674
860 0 0 0.05716896719531639 9.75401538322433
865 0 0 0.07394953987475028 9.752020594183623
870 0 0 0.103617318715167 9.74528078883959
875 0 0 0.1088315186967932 9.742368962987534
880 0 0 0.12763943408382006 9.73767446911354
885 0 0 0.038647779047559006 9.734261321998257
890 0 0 0.1070072192964282 9.728861458823697
895 0 0 0.09281715593885642 9.727401131826626
900 0 0 0.12519314666366954 9.721379044179528
905 0 0 0.14721027828328848 9.719513402069316
910 0 0 0.10298520509854048 9.715256145860383
915 0 0 0.08263724866829247 9.712338291752893
920 0 0 0.15665522518731234 9.706580053101755
925 0 0 0.12467640338368713 9.702076875136104
930 0 0 0.13852444646712625 9.700234060232646
935 0 0 0.16295405445605793 9.695482477437515
940 0 0 0.1218792376410327 9.692351318516518
945 0 0 0.147164458808404 9.689404359778
950 0 0 0.14605730607790934 9.684674519669956
955 0 0 0.11481625355896563 9.68346005521255
960 0 0 0.18000371223538614 9.678279293314715
965 0 0 0.17610325312840258 9.676537267049767
970 0 0 0.1732431776381409 9.6706415611963
975 0 0 0.05084357646422211 9.669600124592744
980 0 0 0.15776398415406634 9.665825348811662
985 0 0 0.09993186312989955 9.666775733857701
990 0 0 0.16168435282513438 9.658003427108357
995 0 0 0.12918893673487775 9.658639532541843
1000 0 0 0.1971581803866631 9.651592485730925
