0 0 0 0.23696897630007763 0
5 0 0 0.0014770617854569235 10.239084502238313
10 0 0 0.0011267137764325863 10.22182751511041
15 0 0 4.310587855416159e-05 10.176477870644435
20 0 0 0.009227805546600854 10.107456662521695
25 0 0 0.0063476627577196965 10.076252001824821
30 0 0 0.008000341791691179 10.046535288638616
35 0 0 0.014257025688490632 10.031306627423396
40 0 0 0.013930781862718344 10.027834127568857
45 0 0 0.00951542628347335 10.016937472882894
50 0 0 0.010171434518446043 10.001826050020709
55 0 0 0.01323415204177758 9.999080786146026
60 0 0 0.010454959830172417 9.996239770295949
65 0 0 0.015310777250232332 9.987649380903456
70 0 0 0.015187882683576515 9.993217449568974
75 0 0 0.015338621526732377 9.99058494408945
80 0 0 0.010438945919262865 9.989221343600983
85 0 0 0.011785034935285932 9.985577936304578
90 0 0 0.012516297825632572 9.982829763593243
95 0 0 0.011482656522861623 9.983898866859636
100 0 0 0.013732454886131285 9.984109845008053
105 0 0 0.01458558815321287 9.984552119004691
110 0 0 0.015329391089182964 9.984490708577361
115 0 0 0.01305922268555304 9.983053249164424
120 0 0 0.011728960251632392 9.983139149931787
125 0 0 0.015284688768433252 9.981762232521703
130 0 0 0.013982586830607602 9.98081405702894
135 0 0 0.014707838133050988 9.982199997590946
140 0 0 0.01310615167152629 9.982500409983071
145 0 0 0.012633920674331334 9.979389755139529
150 0 0 0.014159017795304596 9.981981406797207
155 0 0 0.012194815556320737 9.980551121013164
160 0 0 0.011507156480640601 9.981043896956708
165 0 0 0.013809992474407284 9.979820570476688
170 0 0 0.010082909204285118 9.978037416215804
175 0 0 0.013695457634760988 9.978519267009872
180 0 0 0.015155596063592292 9.97847078847065
185 0 0 0.01282909284996503 9.979024641141303
190 0 0 0.015248941300578744 9.979392377429589
195 0 0 0.014349963010551026 9.97986167398345
200 0 0 0.016623506627908347 9.977331910983146
205 0 0 0.01526120546949139 9.97893614001323
210 0 0 0.009249752580808623 9.976926241100578
215 0 0 0.014943902912082807 9.979811174134884
220 0 0 0.01488263651987265 9.976781837296713
225 0 0 0.011143862737629906 9.97706507797403
230 0 0 0.013595439981865187 9.97675095588858
235 0 0 0.011075111922516534 9.977717845914537
240 0 0 0.010518899366148471 9.975784930878005
245 0 0 0.012220060399156685 9.976237754573765
250 0 0 0.013782107988877579 9.976251071705079
255 0 0 0.013101060377627816 9.974766686482324
260 0 0 0.015111320465731382 9.976350767533473
265 0 0 0.018251870253744418 9.9727789707483
270 0 0 0.01291994623297521 9.974855770917895
275 0 0 0.00742413641856321 9.97608828053029
280 0 0 0.01174935455342574 9.97368985233666
285 0 0 0.01111531035127511 9.97336882724608
290 0 0 0.013041110508836384 9.973912380853482
295 0 0 0.01391128409312703 9.973271903082347
300 0 0 0.013658386386365073 9.972381914526117
305 0 0 0.013359287635960948 9.973969779688284
310 0 0 0.01297638025514991 9.973494989700704
315 0 0 0.013965997213406744 9.971303362414327
320 0 0 0.013875649172329307 9.972933982612409
325 0 0 0.01556502809743976 9.972606970165675
330 0 0 0.013114061273561628 9.972407524096438
335 0 0 0.01262224974628734 9.9723690183593
340 0 0 0.01106047246294617 9.971899793802178
345 0 0 0.010795937176464543 9.970822566238189
350 0 0 0.01137931732997255 9.970227636855332
355 0 0 0.010505423817319004 9.970839368516938
360 0 0 0.012760434398644716 9.970541004768641
365 0 0 0.009305864492304083 9.969779715120051
370 0 0 0.010903537002679986 9.970330020365152
375 0 0 0.009071185283616279 9.969060194521239
380 0 0 0.0167627352623545 9.97047495839701
385 0 0 0.009998448676825644 9.970970071424341
390 0 0 0.014730375443272381 9.969178241033694
395 0 0 0.014311119878007705 9.970165649684688
400 0 0 0.012043289708412619 9.968753712916975
405 0 0 0.014376511615653786 9.968548022654605
410 0 0 0.00990611309793743 9.968542988311917
415 0 0 0.01775831330428823 9.968684958694773
420 0 0 0.008148915571518867 9.966807607824546
425 0 0 0.008976549632945696 9.967304459115365
430 0 0 0.007440930799182954 9.966663061409774
435 0 0 0.009938648242460824 9.967038240548455
440 0 0 0.009062558843103696 9.965875390005742
445 0 0 0.014514510704542571 9.967285042404153
450 0 0 0.01617508548850255 9.96485385841873
455 0 0 0.010557210353432378 9.966152056034936
460 0 0 0.010402870210280302 9.963321323910574
465 0 0 0.010545270660837769 9.964433607723624
470 0 0 0.013336984532056118 9.963589001593453
475 0 0 0.013321775335192187 9.963405781949094
480 0 0 0.012198082764669937 9.963667338593854
485 0 0 0.01098658195041291 9.9631681115205
490 0 0 0.017429260072325592 9.963067981731117
495 0 0 0.014274214007502284 9.961568922077628
500 0 0 0.00037445271998803875 9.960508477717033
505 0 0 0.00449497956517253 9.959714224787094
510 0 0 0.011786021912383093 9.958682948383798
515 0 0 0.008611929087963377 9.959355934911462
520 0 0 0.004763209409648805 9.958544148912976
525 0 0 0.015449452971057598 9.95773066109558
530 0 0 0.014499846952660267 9.957314781410144
535 0 0 0.005988378982331399 9.956511118884308
540 0 0 0.016494844289036248 9.956327620778314
545 0 0 0.006296673239370554 9.953613814526499
550 0 0 0.005844209211823159 9.953421852372378
555 0 0 0.001584307373182714 9.951826683429417
560 0 0 0.0012980385155860752 9.950670132063077
565 0 0 0.001535267815947039 9.949982720437442
570 0 0 0.0046738147473424085 9.948401637480456
575 0 0 0.0020222207452762486 9.948939058395235
580 0 0 0.017804652575894364 9.947063597710141
585 0 0 0.0012475434993728385 9.94623972649843
590 0 0 0.01661529155481256 9.943976981616164
595 0 0 0.006034761845894909 9.943143868755321
600 0 0 0.005997629713697217 9.940042568628309
605 0 0 0.018562003586822362 9.939204075892594
610 0 0 0.013179871424495282 9.937467232120552
615 0 0 0.010167889654043138 9.936447495209176
620 0 0 0.010992266634246572 9.933697123931411
625 0 0 0.017622847972522226 9.93212119929658
630 0 0 0.011372048855798456 9.93033837667443
635 0 0 0.0029185589210962704 9.928003621654403
640 0 0 0.014022692623909538 9.9252832190119
645 0 0 0.005299569233402135 9.923028382254044
650 0 0 0.03497847854211389 9.9203253590062
655 0 0 0.0054630725763546995 9.918997311016193
660 0 0 0.004995922163712585 9.91565441806878
665 0 0 0.008436959570790936 9.91285441609692
670 0 0 0.012102890719839499 9.908665768412511
675 0 0 0.006955485142946305 9.906414810180962
680 0 0 0.023949268519483535 9.904700094410375
685 0 0 0.005071221769705536 9.901318353678862
690 0 0 0.0011584390674810319 9.896835371910926
695 0 0 0.04158394517437736 9.893790312493174
700 0 0 0.0009189300411154289 9.889605026467448
705 0 0 0.03457931306294437 9.886068170031882
710 0 0 0.0021697870377368478 9.880834183103547
715 0 0 0.0035628249689696467 9.87732973326039
720 0 0 0.05771776578422272 9.874530382441343
725 0 0 0.011795928567793101 9.869151415621854
730 0 0 0.013066767561533243 9.864961985369197
735 0 0 0.03826089415764722 9.860886751401171
740 0 0 0.03438711127034 9.856398035693513
745 0 0 0.03449993306369192 9.853799325093515
750 0 0 0.04325759522672934 9.848387545432999
755 0 0 0.03942627901242135 9.842224122036932
760 0 0 0.022382079762888862 9.838597548880232
765 0 0 0.06722409048576994 9.834573985168873
770 0 0 0.027302839667701084 9.829576779300812
775 0 0 0.09666986823786416 9.823756891462525
780 0 0 0.027257790950504956 9.820394076608288
785 0 0 0.11538087595765734 9.816568864279336
790 0 0 0.037335338545879226 9.810862464118088
795 0 0 0.020136340064050184 9.804222074093712
800 0 0 0.1016990520824721 9.79972276947404
805 0 0 0.07516602883883672 9.796061455522413
810 0 0 0.05711363038444217 9.790949280991974
815 0 0 0.0011622219906894937 9.786571656916346
820 0 0 0.06166118245608998 9.782246530266084
825 0 0 0.09814507882061285 9.78010621037988
830 0 0 0.09736012710976838 9.775968558025527
835 0 0 0.05798798758946644 9.770867023743513
840 0 0 0.07266167434016158 9.769327436112057
845 0 0 0.07117801146865244 9.762471289769843
850 0 0 0.07202993749728193 9.75711215565275
855 0 0 0.07620194505498246 9.755225468829668
860 0 0 0.04454893723774811 9.749787439641834
865 0 0 0.10640800996011768 9.748080330947728
870 0 0 0.10073749999987625 9.743649841578915
875 0 0 0.14334970303423078 9.740289163920865
880 0 0 0.09743096972887755 9.735946476899173
885 0 0 0.14616183313548126 9.730833198323205
890 0 0 0.10706050899227249 9.727163279261923
895 0 0 0.12089269978114259 9.72481723543367
900 0 0 0.1732705896494382 9.720003058066244
905 0 0 0.058730261909778925 9.715244639147114
910 0 0 0.14531590033362995 9.710527162751056
915 0 0 0.07082909936820525 9.708778454315414
920 0 0 0.10951277686044358 9.702875953293596
925 0 0 0.09416508688768821 9.697852001616068
930 0 0 0.09420121311475982 9.693620408395404
935 0 0 0.12851121707780733 9.690492488612412
940 0 0 0.16571747277205384 9.68725257216045
945 0 0 0.170565899368188 9.68363010371284
950 0 0 0.11269269186884823 9.678045535695386
955 0 0 0.14759849803313796 9.67726073551137
960 0 0 0.15894826741749268 9.674873610553998
965 0 0 0.10086856441665981 9.67019693380858
970 0 0 0.06984193986954734 9.66831384143594
975 0 0 0.14574020371973306 9.663798568935379
980 0 0 0.19268637896215823 9.658073113075702
985 0 0 0.11356893893910391 9.653745119918822
990 0 0 0.15147530938137743 9.652092801420252
995 0 0 0.20453955013019143 9.650679932226804
1000 0 0 0.1457498273780189 9.647784952402391
