0 0.568512876177933 1.204489604557451 0.2842739787697426 0
5 0.9787225452069869 0.0662113696313793 0.02350446296270814 1.6679893229979061
10 0.9900058255281672 0.03656495414529526 0.017591120870176002 1.6445656877847887
15 0.9938338938123541 0.024249840697900815 0.0007615946312995447 1.6418270607873489
20 0.9927680766214643 0.029054456526125705 0.010669044026970331 1.6387446673454982
25 0.9918322434197981 0.03312438734617951 0.009651004802449625 1.6389250538209919
30 0.9943766540346133 0.023304727184519702 0.008268686536402559 1.6381666491197828
35 0.994518174068913 0.023772981239735813 0.0019397859009533391 1.6372206307283605
40 0.9950101847346278 0.021088728787240107 0.0003850674424179523 1.6364797828797568
45 0.9940851244090054 0.025705997858680885 0.0013948890029955585 1.6369144154193291
50 0.9950215830769353 0.021338543829482415 0.00031654656160395866 1.636829641421937
55 0.9945484831227518 0.023907554646458218 0.004514470268545345 1.6364349905136006
60 0.994957094650886 0.022156228642435938 0.005449209282177847 1.6362878703792516
65 0.9955752040027867 0.018297087665823053 0.0009481398002317842 1.636540130917641
70 0.9943589010445006 0.025095085585452814 0.0013433178145236813 1.6358905880233143
75 0.9941844987880035 0.025410546053595384 0.002931662594077844 1.6358061186308246
80 0.9951881140738531 0.020785526047149894 0.0020652253039235013 1.6357211328110817
85 0.995244510882582 0.020977925740341963 0.002227698904109232 1.6360862925308945
90 0.9957654224787325 0.018289313604585633 0.0033510872072723963 1.6358229032373188
95 0.9942604078264015 0.024413699596955718 0.010694971258937702 1.635420968266187
100 0.9992651495061295 0.0020781958085229757 0.008946395401150387 1.6370311665430675
105 0.9994186387053283 0.001668134567919921 0.0023294496732479963 1.6354407348709956
110 0.9989908016962686 0.003475731655142811 0.006518114665243768 1.634768110925954
115 0.9991718719178546 0.0025636720442347993 0.0050506398777114825 1.6346527469498855
120 0.9995657380475194 0.0011252258462652875 0.0014007649308902526 1.6352282681704633
125 0.9996926233262037 0.000807620822475652 0.0023181081726040276 1.635203055463345
130 0.9991844719307705 0.002647432431566177 0.002714671922872558 1.635101174445777
135 0.9991274173667481 0.002991707752312056 0.003745228594802308 1.634556946399845
140 0.9992289228078208 0.00249266449464125 0.009794946853867614 1.6345592292587399
145 0.999300619215935 0.0024692007075430844 0.00036840610004817975 1.6344432292471867
150 0.9995510306279396 0.0010854640026998208 0.002567152998158573 1.6346920632674975
155 0.9991041455121028 0.003155512061237209 0.0033026429410798475 1.6342512732015912
160 0.999112053659467 0.0032549832906174636 0.0010398986120154774 1.634725032671466
165 0.9995517559542959 0.0014143869989484692 0.0007826140482647403 1.6342557796713977
170 0.999372510802877 0.002083358690057935 0.002469198048636212 1.6346217837981483
175 0.999489679861007 0.0015964246699378126 0.000932117105013619 1.6341972624131373
180 0.9995445055385401 0.0013863189303189305 0.011555839995774253 1.6344492310895362
185 0.9990515281065919 0.0035528772129644892 0.0016830308920106063 1.6343074264546125
190 0.9990782242809472 0.003027353083469908 0.0027352343442814675 1.6345554096079038
195 0.9994787102662335 0.0017048833733352975 0.01415209812357654 1.6341869750791305
200 0.99961470880444 0.0011734905083164993 4.4391433903889777e-05 1.6343188613582649
205 0.9989137930304344 0.004088890767768083 0.00013374599629201178 1.6344170369765854
210 0.9965904194128309 0.013295288040990672 0.011380875675900182 1.6342140043277027
215 0.9988121546697192 0.004493233543312547 0.0054302949096294295 1.6338064218389905
220 0.9990910601911582 0.003347947849617894 0.00011793939892967842 1.6340619971829566
225 0.998864693464238 0.003884002935023778 0.002362888341871372 1.6340913889218
230 0.9996325316459953 0.0010451859318107992 0.0009431684036635968 1.6344370557365924
235 0.9996865648278643 0.000923955130736509 0.002967316807412246 1.6342437437788429
240 0.9993409324614766 0.0023151626535728997 0.000739178064550039 1.633974720560905
245 0.9997557780497143 0.0007172867739575484 0.0008104509102333513 1.6340089853388924
250 0.999508494774141 0.0014448177798458417 0.0029697487787270216 1.6339302163310625
255 0.9995959050132885 0.0013756085612135482 0.002866014750541268 1.6340536296395567
260 0.9998071473961929 0.00048738731976349925 0.0009327871221818107 1.6337871673404711
265 0.9994500699592315 0.00173699174278652 0.0024134747305308846 1.6340942952044673
270 0.9995553150762728 0.001513255757037646 0.001723737894683941 1.6338387272130908
275 0.9996620280848052 0.0009227546299632738 0.0036394004741793218 1.63378744093899
280 0.9994398724066462 0.0019807001286937798 0.008239126042869138 1.6338520339952953
285 0.9995167975652159 0.0016224730619995853 0.0020280240632275515 1.6339412909128201
290 0.9997304975187955 0.0008469793373251377 0.003521537605827074 1.6338834808608025
295 0.9993345355107984 0.0025115277200278285 0.006705465883399153 1.6337132590216004
300 0.9996014559881464 0.0012785726101376405 0.0003905419315390901 1.6337169094626143
305 0.9995225675946138 0.0017128471439469273 0.00035498951995216466 1.6337774712228426
310 0.9996516181565338 0.0010327985170366372 0.00301513342708315 1.6335208587560268
315 0.999615242811277 0.0013898150135411846 0.003563856471228366 1.6336352027688585
320 0.9995844615415166 0.0014240379472771902 0.00023758020013397996 1.6338886983807435
325 0.9994548932301777 0.0019283049571590105 0.0011643900305826627 1.6339529914311979
330 0.9994107922247528 0.0020623924136011773 0.0018632143617411945 1.633360348907342
335 0.9997493434138232 0.0007839503870901154 3.3083869395156285e-06 1.6337479106922044
340 0.9988454754838233 0.004365990455210023 0.013098609089028823 1.6339745688295775
345 0.9998285814008154 0.0005141525198899544 0.0014501799233115342 1.6336848909348456
350 0.999340213021395 0.002467450117074943 0.0034182286428146025 1.633615037629307
355 0.9995670628579885 0.0013829954450716997 0.00042242867937569706 1.6338967849883397
360 0.9998251306611887 0.0004514976763085876 0.0005883130479620302 1.6338171049771153
365 0.9998036647780971 0.0005352591950931185 0.00011680978477723869 1.633510324943936
370 0.999144202963636 0.0032816240088819892 0.008150580093364113 1.633388747575915
375 0.9997088381757517 0.0009856740689111465 0.00016111669161533726 1.6335248308018027
380 0.999562336463843 0.0014312607263760047 0.0028338649590156084 1.6334086192026398
385 0.9997833193098835 0.0006558635485121034 0.0026662236501600045 1.633437562970682
390 0.9993113030382769 0.0026180406557236857 0.002262019298259643 1.6338300853507208
395 0.9996292927049915 0.0013588838635780753 0.0020638660802281272 1.6334813395377432
400 0.9994472618091322 0.0020750395001676303 0.0015625072837983645 1.6334312766822507
405 0.9996338444638048 0.001281656909563722 9.698341062303051e-05 1.6334584787093847
410 0.9998562055597424 0.0004322070203577333 0.0060535964143617615 1.6337343364654269
415 0.9997622881917884 0.0008039021983690109 0.0005050162346125209 1.6336567616299635
420 0.9992937995498863 0.002718723760400499 0.0008940692673968798 1.6332587196911856
425 0.9992101941737666 0.003032152828197132 0.0019173436763266771 1.6335461933854176
430 0.9994793028619957 0.0018921355097294423 0.002104137752399149 1.6331865811587312
435 0.9993725032392768 0.0024108113349137206 0.0032240475158562543 1.6334048164650006
440 0.9996372854928246 0.0013025163729032396 0.005242563691551183 1.6335694710197322
445 0.9997138010324319 0.0009506826254517264 0.00035648691595846493 1.6336168405058658
450 0.9994196884535693 0.0021676023728831595 0.003476003794918192 1.633259632613047
455 0.9998645228693508 0.00036035307064774535 0.0022493064745523483 1.6334145590057756
460 0.9996689782218405 0.0011838031775524005 0.002938694262111241 1.6335368505419856
465 0.9996075507648361 0.0014709865612494433 0.0027095112147916822 1.633682614889549
470 0.9990994098098926 0.0035911105515313846 0.006727650208838032 1.6335817399003343
475 0.9999096527944831 0.00022076196735909548 3.951049589656641e-05 1.633664845447272
480 0.9996781979736301 0.001164512164018694 0.00684626404687072 1.6334810276752172
485 0.9996517435779886 0.0012770595339459678 0.0008966185730905352 1.633438188041055
490 0.9997951914280563 0.0006870322146734775 0.0020722014171048464 1.6336437379385973
495 0.9998659813912241 0.0004070826367308378 0.001628211457165074 1.6335133655512066
500 0.9994741466544608 0.0019304924345784347 0.0013397446460632345 1.6331355073517264
505 0.9997694674750918 0.0007893434931132148 0.0001355378000862384 1.633510090753785
510 0.9995816557654827 0.0015613507343870126 0.0035451270058550755 1.6335492605982092
515 0.9998198192090878 0.0006119166981122248 0.0029709897713179334 1.6334112715649607
520 0.9998018125294905 0.0006751262524828938 0.004568947763902154 1.6333559948534038
525 0.9996667888264652 0.0012039522814843995 7.877214187179682e-05 1.633300618212199
530 0.9998762468306331 0.0003862691856235667 0.0014724743820719866 1.6334459556105545
535 0.9996821490830197 0.0011399809981540443 0.003390737636149055 1.6334143807182349
540 0.9998500997684784 0.000483404278950772 0.0012478163297902078 1.6334703548264422
545 0.9991532068161532 0.003321886832601262 0.0002528030456956376 1.6331302494746895
550 0.9995518396282492 0.0016635312266359836 0.0009914540133104666 1.6333403183080142
555 0.9996071445469781 0.0014698699108954827 0.0015400124349937983 1.6334089325073418
560 0.9997404426701086 0.0009136463759658042 0.00302694218887245 1.6335327022365076
565 0.9989890407825986 0.0038266567368818727 0.004904866250708739 1.6331774370446666
570 0.999893844564346 0.00028704268181489745 0.003618698854483293 1.6332622990387557
575 0.9995984903544237 0.0014859411957304225 0.00214799388447795 1.6332324094554962
580 0.9997534269728271 0.0008777225940082012 0.005155409978982783 1.6333482828683155
585 0.999729064576518 0.000967096301844883 0.0005354651376854314 1.6330503167473385
590 0.9998119643446275 0.0006466199568084807 0.0004622389755790657 1.6331791817485497
595 0.9998110600952398 0.0006378089223080252 0.000873685338329766 1.6330991899663028
600 0.9993553979563284 0.0024828124864024748 0.0008980116076380273 1.6334222475872138
605 0.9995319139395011 0.0017900513118511707 0.00011021848059988848 1.6335466933384424
610 0.9998227016916589 0.0005691445299769171 0.000692011166490536 1.6331884960463798
615 0.9998446462723494 0.0005088977340848011 0.0028579632658558562 1.63333192973418
620 0.9998425568412094 0.000501627771900548 0.0026293349061610183 1.6331634814128264
625 0.9997727335957768 0.0007952916316846803 0.0016937402128767154 1.6332223933513697
630 0.9998775536920941 0.0003908032857418142 0.0005531941690080089 1.633105797963311
635 0.9997898487498649 0.000740263404976238 0.0006973985690392759 1.633462693207668
640 0.9995746934875591 0.0016296169539997685 0.015460170818348384 1.6333419930143742
645 0.9992396480530399 0.002981034156499307 0.00905115167159476 1.6331390572721387
650 0.9995691469966432 0.0016134196072887796 0.0029836035580634857 1.6328586873851392
655 0.9997569318016106 0.0008438858602684007 0.0012004649403796197 1.6334422485367783
660 0.9999022156771322 0.000289357090271114 0.0006435040738659303 1.6332924768644657
665 0.9997554092357024 0.0008365662336669022 0.0015410334662964154 1.6333382096583842
670 0.9994340596195694 0.0022034190500810347 0.0044953397175597765 1.6331896871341576
675 0.9998308136437801 0.0005569709579456017 0.004493148046696316 1.63334097700604
680 0.9996062528761742 0.0015039908033531724 0.0002738095691701137 1.633449539185717
685 0.9997717003527787 0.0008180826058159507 0.0006245725213298581 1.6334631555505046
690 0.9998552061725594 0.0004530470489698679 0.0013655525444087324 1.6335108324656422
695 0.9998369629610672 0.0005702131068565652 0.00045952844109731217 1.6332824039801275
700 0.9997691163101114 0.0008424619342601858 0.002562224933741586 1.6331017186304948
705 0.9998158813274012 0.0006349306854604997 0.0007676765595308055 1.6330258174243395
710 0.9997491020181969 0.0009246175007318058 0.0009290251932494442 1.633049324957268
715 0.9998695483019404 0.00041849367966406703 0.0014424908347270282 1.6331557805577932
720 0.9996670581632542 0.0012185949248899597 0.0006157678271085931 1.6329224695032425
725 0.9998510739997168 0.000498328168621498 0.003545292534362421 1.6332101407789343
730 0.9992430751708348 0.0029616173202851037 0.0025324993417039643 1.6329012736988526
735 0.9998126365842741 0.0006664207740079142 0.0006588431910867776 1.6333943044469996
740 0.9995641496088694 0.0016720734435726747 0.0011028564542332475 1.6335159382064015
745 0.9995410667065422 0.0016833365750643647 0.00404354988851563 1.6332495124980537
750 0.9998257416639307 0.0005954757730792792 0.0034641626535987236 1.633209838930157
755 0.999672229948279 0.0012035965263588189 0.005068222719669668 1.6332563145059489
760 0.9994604467812878 0.002066434177376175 0.0008550197844450214 1.6333564617262375
765 0.9996257303556627 0.001388353008087373 0.0038808026579222332 1.6331320464968362
770 0.9998442457155141 0.0005311841538073736 0.0009218089094669146 1.633353839693716
775 0.9998593169338 0.0004772456373951517 0.001318830698178175 1.6332408284976716
780 0.9998076328493244 0.0006865443276871108 0.0005843709733024394 1.6332126389787134
785 0.9996072465879501 0.0015134714812559125 0.002277610178476497 1.6331818127108317
790 0.9998730552517503 0.00040649989843744017 0.0015872685519271457 1.6331701162130696
795 0.999875358317141 0.00040060773010797135 0.00036591379457195927 1.6333035063544608
800 0.9994025920422499 0.002289601429670718 0.003084042092039052 1.6330742332944541
805 0.9996338072447418 0.0013819156325010074 0.008164742238612632 1.6330317350349741
810 0.9995749158694416 0.0015567682806187921 0.00434497360572772 1.6330589640307687
815 0.9997360761303413 0.0009781674287077102 0.005029331480018495 1.6330084427443898
820 0.9989475331174242 0.004227883259878551 0.00371080371340482 1.6331085051191403
825 0.9996058125639155 0.0015314444450167386 0.004519393785625159 1.6329710801246384
830 0.9996545916697712 0.0013040452310608686 0.0009225855191972165 1.6332110049998176
835 0.9999086971570552 0.0002730858943549297 0.0010028736673370897 1.6332354954574664
840 0.9998919968391751 0.00033272141399054433 0.0006609730172169037 1.6330878942705152
845 0.9997341181620629 0.0009743445906333914 0.0013851220474843107 1.6332365679263898
850 0.9996212151459345 0.0014481559507917297 0.0035632360931574514 1.6329138447393279
855 0.9997857414044488 0.0007599530816480016 0.004172166207375483 1.6332080243628848
860 0.9994913506445897 0.0019453681015582092 0.004834336821715413 1.6330703507074922
865 0.9997985010048753 0.0007370455765107753 0.0023185070852953515 1.6330199953375355
870 0.9997457867797974 0.0009292359321284582 0.003567504855799264 1.633112483351355
875 0.9992774732079138 0.0028477044306558508 0.006623070324045077 1.632948859507643
880 0.9997933208870311 0.0007344130170836571 0.0021446955281725355 1.6331518264494616
885 0.9999191559712123 0.00023831560792730855 0.001115620285196517 1.6334769284946364
890 0.9997095658031415 0.0010856490536421681 0.0008436048111759575 1.6331125930423267
895 0.9994311041688135 0.0021729282343252443 0.0012028782567139462 1.6330372718887838
900 0.9997808080291083 0.0007852616438295268 0.0015718566678273316 1.633213637297703
905 0.9994032397894851 0.002248750776211006 0.0016103885191003364 1.632697811132852
910 0.9998030906184588 0.0006702295328346874 0.00031648984371002165 1.6333754948651387
915 0.9997439264756289 0.0009360258101356322 0.00028510374285573015 1.6330476340774251
920 0.9998253077910657 0.0005866357869506178 0.0010441739983313436 1.6333747056843138
925 0.9999269441801555 0.000200360535454136 0.001344846132389499 1.6331451002868105
930 0.9995524896600192 0.0017096663524807099 0.0038148890868172636 1.6329379354312
935 0.9997073075680593 0.0010572888262054825 0.005980652100360917 1.6330578423994329
940 0.9997914988213417 0.0007605344431458327 0.00034616267579101745 1.633350395015948
945 0.9997922754055427 0.0006983401850275683 5.6075412337097674e-05 1.6332991128074965
950 0.9995132095175479 0.0018733042497611763 0.007365248769746202 1.6330994651634858
955 0.9997463660955475 0.0009183995815602586 0.005094963733591307 1.633677476881382
960 0.9998637943710238 0.0004528052441361563 0.0015076166950569458 1.6333240192744614
965 0.9998637796232185 0.0004372025340613206 0.0019351033209025204 1.633227745975338
970 0.9997825501849459 0.0007112250634260242 0.0002589601500484484 1.6330858236813595
975 0.9996804007235186 0.0011169134516968438 0.00296634608920332 1.6329624817420347
980 0.9998639069860809 0.000365010652340958 0.0004944064230516521 1.6332510300822738
985 0.9997420358566236 0.0006198537956845218 0.0017238372804910806 1.6330312511012435
990 0.9996237500031957 0.0013945164409072675 0.0019326983882175242 1.6331235881106199
995 0.9998121557711586 0.0006473360021093111 0.002491180564562434 1.6332696197441228
1000 0.9998224532502497 0.000527040328639039 0.0026395834210497515 1.6333786508273134
