0 0.4907271918873092 1.5660553457298243 0.405178958805149 0
5 0.9686422464562667 0.07610934725820062 0.01223996840660857 2.7173551942169043
10 0.9942222110055245 0.014344187285930676 0.0024074424668463212 2.656178621906
15 0.9977920362463943 0.006369035132443468 0.0038451515764801325 2.6500336100750292
20 0.9969900699280216 0.009998334471071235 0.0027566417574371727 2.6480053444425398
25 0.9980431713370014 0.006054172839377703 0.0028470607192601083 2.6472813727712685
30 0.9936664731275238 0.022518180789373954 0.017855382362895078 2.6467022729704777
35 0.9985133799951335 0.004339339914199325 0.0012981876156759053 2.64459652596078
40 0.9981907133237875 0.005334702309550465 0.0034444109913065457 2.6444303918957393
45 0.9955019813331277 0.01664108038208756 0.01035096348470499 2.643960939205288
50 0.9986613217521076 0.004571392285293019 0.0008334141397112749 2.6431624084214804
55 0.9992120450281553 0.002387109126940512 0.0025623016280638122 2.6435990201425783
60 0.9944078354871038 0.02162350230850585 0.014268077085655362 2.6433638081347572
65 0.9978542044842293 0.007517485345138297 0.0013036597407340977 2.6437936122475403
70 0.9988029974745514 0.0041374462199614825 0.0024666993638613466 2.642973587120716
75 0.998514612206957 0.005176373736839768 0.0010559255392703637 2.6424919575772576
80 0.995867659656376 0.015942303383038148 0.0009216172368766706 2.6419313701132956
85 0.9991419523015884 0.0028533020960779254 0.0008519263264978871 2.64166205162625
90 0.9991447629707182 0.002748598208601738 0.0037011855296438245 2.642068332183614
95 0.9982805592321397 0.005496935269515557 0.00038812020188272456 2.6425840869864086
100 0.9994731314956815 0.0014824184828974296 0.004593705068328013 2.6411655308017528
105 0.9993979910732949 0.0016322196362588137 0.002336053902894042 2.6420581990640795
110 0.9979763078583351 0.006237332072783541 0.009588526037485057 2.640851508196381
115 0.9990270512125929 0.0027635723193562 0.006617107018859425 2.6403476162931674
120 0.9989053845553951 0.004024680758547117 0.0015600977591359033 2.6408450091617657
125 0.9990468648213093 0.0030154633068537606 0.00141643185122442 2.6404629428402715
130 0.9987702711606122 0.0037488200540436445 0.00027091018041702775 2.640460300659998
135 0.9991817528875274 0.002292464090741131 0.0007060466880730587 2.6418389111499465
140 0.9989573900121678 0.00349791335153693 0.006058602193858009 2.6402723066544995
145 0.9993792987729522 0.002025866644798313 0.0024548238565567093 2.6407745891855585
150 0.9992204987343651 0.0025848821310301417 0.0030991574560772506 2.6403753079987364
155 0.9993066405867475 0.0020855519538760525 0.002007063924461594 2.6399764740857727
160 0.9989941245737954 0.0032320870151432146 0.0037843716292560448 2.6400071956126085
165 0.9991436194279463 0.0029303569865102297 0.006516158168444974 2.640459422103571
170 0.9993406698448013 0.0018751870445523622 0.0008799207796692521 2.639681568339136
175 0.997326566203074 0.010218031850692366 0.004693611244713125 2.6400013429340343
180 0.9993524673191831 0.001810427379000945 0.000718600091487831 2.6397562333789604
185 0.9991329982409402 0.00285677025290898 0.003548040361691873 2.6395905730884293
190 0.9986493481825327 0.004486260522672758 0.0066218462385483345 2.6400677349484143
195 0.9993293303526405 0.0021381312301218536 0.004200399813113709 2.639540392357265
200 0.9995264811479879 0.0013548902698783394 0.0007910567699394022 2.639430969558428
205 0.9991375643572994 0.002493810395260976 0.002767870766420266 2.639465883899204
210 0.9993283648413702 0.0022399985150340918 0.009106604406077468 2.63962467337745
215 0.9985743739530129 0.0050958198677903965 0.0024711656765690204 2.639442235412039
220 0.9978939091968402 0.00757933375919384 0.0011836480243561098 2.6390916156734026
225 0.997826590275071 0.008437683684023867 0.006061857439411122 2.6391966175761667
230 0.9987760113817133 0.004161833128978554 0.001619884692339868 2.6391321848410625
235 0.999660727669029 0.0010478763380881162 0.0005334712147009313 2.639580014302782
240 0.9981067930098522 0.006747761618274062 0.0027788563402664224 2.6383574945514696
245 0.9988590133267181 0.00428766230590405 0.0014889655675836 2.639413596367548
250 0.9993325157383977 0.0022172099276840385 0.0013920438517232014 2.639132970595067
255 0.9987527287473505 0.0045201303498561 0.005437868766491549 2.6391435826857026
260 0.998287766483656 0.0063324383392888706 0.0006078051316029676 2.639384346658311
265 0.9991258211173155 0.003002023574436574 0.0031767669600750725 2.6391217412974464
270 0.9995619328554244 0.001420167597305344 0.003386925711178934 2.6390549921129773
275 0.9993159304111047 0.0024498308607969754 0.001328510801452465 2.6389502901120583
280 0.9991640514524022 0.0028365689582505738 0.010102393379923802 2.639236226275462
285 0.998797496240469 0.004345938264549876 0.0023043219576244223 2.638611043154954
290 0.9997293707177035 0.0008239031808892072 5.792943870153167e-06 2.638780769017955
295 0.9992787474491481 0.002569035899590677 0.00032229587806198445 2.639132998773872
300 0.9993583894656259 0.0023279343414697173 0.001219393415249792 2.6391436391610745
305 0.9996096408828941 0.00123748756114761 0.0009075976794341578 2.638759436747193
310 0.9995890451345142 0.0014209945820584657 0.004221078153912261 2.638126060509449
315 0.9994136296799948 0.0020534523657511627 0.0008953615656970282 2.6385830292856696
320 0.9994406688915383 0.0021043649496705896 0.006506907703757392 2.6382711379824406
325 0.9996263477367093 0.0012256208767005283 0.003190307578953444 2.638881685177113
330 0.9996489797476453 0.0012366720604108927 3.988305936397651e-06 2.6386909009522572
335 0.9996691033654801 0.001142904680777157 0.0010099990449794483 2.63799383635793
340 0.9990324208920438 0.0034831645325903438 0.005167911671346781 2.6384553267809054
345 0.9997665409917036 0.0007762293128665831 0.004080859622143773 2.638396829100693
350 0.9966285043902193 0.012654730332597008 0.006759188949930106 2.6381361126954035
355 0.9994877961753112 0.0019237727821428408 0.003295600380817554 2.6386503696800387
360 0.9994027468899367 0.0021489786183792603 0.0009422340066829182 2.6388050937653444
365 0.9993265498794355 0.002431877056560783 0.0018637059422490498 2.6385647088270185
370 0.998844890904806 0.004466243014854321 0.001487003156248834 2.638852003529197
375 0.9993281533365458 0.0024773214788296194 0.0014498940384910508 2.638253040770907
380 0.9996420335138765 0.0012206821567675163 7.091575086803914e-05 2.6384609795447087
385 0.9992976681369183 0.0027098958093949577 0.0007530436432581222 2.6386388946349855
390 0.9993760458565337 0.0022827315775209023 0.002906748358725064 2.6387086834704068
395 0.999147095969741 0.003345510918522976 6.116744638440252e-05 2.6378173388178023
400 0.9995044675391227 0.0017687664984484819 8.742525814464663e-05 2.638396308106508
405 0.9993312248333801 0.0024929915039497708 0.0028396478194994135 2.6382679843478662
410 0.9990789022054556 0.0034738734727142173 0.0010624006954282894 2.6385347168791493
415 0.9997108828432522 0.0009153130870314108 0.002005965729540371 2.638107257000178
420 0.9991823776608523 0.0031161857293766637 0.002669160714719565 2.638417210894038
425 0.9994203118135649 0.0021743518591983424 0.0012343385521800254 2.6383154467691323
430 0.9996009287695331 0.0013638755544533865 0.004428661209762819 2.638472298081059
435 0.9995304989878357 0.0015207249439574966 0.0037728386035829065 2.6386274937246
440 0.9996450340135833 0.0012432315491377466 0.0030486006197916193 2.6386153480301253
445 0.999392020594704 0.0022950764190818873 0.005405851365990699 2.638021274738617
450 0.9997656739007759 0.0007630827712175048 0.003428416214533936 2.638347733334753
455 0.9988379984515094 0.004500271731890937 0.00012549261316752158 2.6383783051961753
460 0.9994741140909957 0.0018355263891325357 0.0002056112862578452 2.638202680166404
465 0.9995971706071449 0.0013979276758058212 0.0013013756773236906 2.638224357354263
470 0.9993586046866805 0.002429977507079517 9.77665407611017e-05 2.6385931192412464
475 0.9997276718991721 0.0008348105147306661 0.0014697641982213128 2.638433745608621
480 0.9996217308500421 0.0013531998004756574 0.0003774935085214537 2.6384062955468424
485 0.9994405237075341 0.0019048027478194562 0.005179192157122481 2.638276622525496
490 0.9994561752640625 0.0020344530095335323 0.00011513353509395863 2.6379027471345786
495 0.999023422518029 0.0037725607804097727 0.003139077158308856 2.6381996195500843
500 0.9849274291973186 0.07089402912832865 0.0038727241327782824 2.6468297618869547
505 0.9852359201274274 0.06932994684096228 0.0007244368467924645 2.6391344228934472
510 0.9834824987988614 0.0790252079562932 0.0003710639145211303 2.6386233904982874
515 0.9853874721805558 0.06886358773471368 0.003747688698065632 2.6390038092729453
520 0.9852224213971075 0.06904546169478953 0.0026720163116664697 2.6386619294393343
525 0.9829903748896547 0.08142245299568351 0.005866221209432032 2.639299891307106
530 0.9852694137616635 0.0694948209434827 0.00042148549779796873 2.638983342671696
535 0.98448164427359 0.07315599220174285 0.003327614863707362 2.638809016003788
540 0.9855616811524843 0.06753685147693922 0.0032652035635380994 2.6388266264591866
545 0.9851543159610836 0.07023349950912428 0.001921576011397308 2.638763653098303
550 0.9830407967544802 0.08086199344433176 0.00022937831505065454 2.6384263494829234
555 0.9852072254447783 0.069944513488998 0.003201758169525837 2.63899193117114
560 0.9848826801658073 0.07164985623215525 0.0058970069435893 2.6389086815475626
565 0.9849671513813119 0.07109315955995088 0.003184731039441724 2.6391221506794422
570 0.9861186785634926 0.06507585556023576 0.001211862138931874 2.638774715557331
575 0.9852696377070361 0.06946405196107852 0.0020030695722257352 2.6390226966879915
580 0.9847908194987108 0.07222437281047078 0.005273728635722952 2.6387764454107385
585 0.9855939536110048 0.06737215373233374 0.003014932556490768 2.6389801711544463
590 0.9843019581670864 0.07341229373376956 0.002719420076950252 2.6383548035445887
595 0.9867121844979065 0.062413775585396625 0.009610110909833658 2.6381039609015353
600 0.9824900578973697 0.08355294742825592 0.0011628381263220078 2.6386001657136386
605 0.9850834594016982 0.06987124593184069 0.0012413489332443461 2.6384006968818277
610 0.9842638264069159 0.07427898871658334 0.00026764209596330524 2.638142045804883
615 0.984560065661338 0.07306437540574162 0.0017554564958801588 2.6387084831032466
620 0.9834696547264128 0.07902763491739817 0.002412084503027545 2.6389236688822137
625 0.9850586542192694 0.07039263655100658 0.00031703165935836886 2.638754319371441
630 0.9844333164352437 0.07374965626781416 0.00235680563814622 2.6389399203046042
635 0.98449018013122 0.07302971562747684 0.001473335236993334 2.6385691290419113
640 0.9843817318253009 0.07364202842708112 0.002551426035750648 2.6389332638852974
645 0.9835085797380397 0.07848373489040306 0.0022747503287159354 2.63872640474057
650 0.9838343133438616 0.07641558151300254 0.004469037091331396 2.638586925877606
655 0.9845733018827261 0.07288971000968303 0.0013795844556874215 2.638902702599042
660 0.9838870050102877 0.0769725107383965 0.001588813602559691 2.6388776570891643
665 0.9841163045073695 0.07540786418035639 0.002595144256059889 2.638761193679888
670 0.9852477769808364 0.0690779884110726 0.004077111123557797 2.6384392325806116
675 0.9857582153818913 0.06629058588578074 0.0005725984747477764 2.63841345542075
680 0.9835137780268992 0.07922354129932296 0.0013317149185179122 2.6382894297364117
685 0.9850529509422623 0.0702626369647521 0.0008380962297047656 2.6385071598870717
690 0.9844183711377135 0.07371415568213058 0.0007630446409949698 2.638276871431344
695 0.9837697971642352 0.07727877788497262 0.0030458373905588587 2.638445070224634
700 0.9834849374735313 0.07834796920371945 0.001842551032401607 2.6387069461560633
705 0.9839616116163712 0.07669560321088387 0.003347729026754287 2.638238309116423
710 0.9849643095811764 0.07070447592948215 0.0009058970064133032 2.6385677575367232
715 0.9841608917037634 0.07505222793160948 0.001290473034131212 2.6384682535769635
720 0.9853165226130577 0.06912667883606316 0.0013016942728578673 2.6380070072201964
725 0.9843350378779774 0.07456352125927745 0.0008873826074513591 2.6383521687529283
730 0.9853977667661941 0.06911289435953893 0.0005584550957669077 2.6385816951144268
735 0.9854566694254148 0.06819855860621793 0.002083853514880607 2.6381875554713914
740 0.9856014165013864 0.06768727522472506 0.0007954001626244711 2.638473303643098
745 0.9843707854948586 0.07375277017950932 0.0014148629505672528 2.6387142958064116
750 0.9858544818434409 0.06661827435545264 0.0033944460356143402 2.6385040200640315
755 0.9851538511899577 0.07086996000845103 0.003956911640895289 2.6382845630508416
760 0.9863002836287462 0.0641802330535044 0.006138989563329922 2.6382635123348406
765 0.9849654352125183 0.07121296099407637 0.003358323421947196 2.6378124991367202
770 0.9849582672154805 0.0706463727710438 0.0015767055327000623 2.6384254407164587
775 0.9839609745790809 0.07684841218581218 0.000347629507731817 2.6377373315353645
780 0.98418071923386 0.07429079622346935 0.0023273591957702067 2.638550131943914
785 0.9856543288655454 0.06652509064101952 0.0005730911854422427 2.6383078137213323
790 0.9841696844552825 0.07510927434517045 0.0012084233563247615 2.6384981340677816
795 0.9856041445533419 0.0677387564269405 0.002069346733792443 2.638150692955329
800 0.9845204876182044 0.07303909197934999 0.002872247177564402 2.6387241226734632
805 0.9859703146948623 0.06575433711939738 0.005258014738162897 2.6380468338040646
810 0.9831695787837237 0.08034886952390474 0.0044236429173512 2.6383543422993387
815 0.9849781575494487 0.07073868705596675 0.0010730004754018196 2.6382954346385787
820 0.9861745312765621 0.06457567124952579 0.0054589040248518295 2.6381229395360384
825 0.9840895320416868 0.0755145462115916 0.0001620868617469018 2.6380780746058394
830 0.9838392432355842 0.07685521913440319 0.00012474259297157175 2.6381362575155225
835 0.9858160614768063 0.06649874734830608 0.005456478543493182 2.6381384620457506
840 0.9831936891240076 0.08014801345815448 0.005530936389155139 2.6379775672625403
845 0.986518590015084 0.06297304265869785 0.002753891100221617 2.638188009799297
850 0.9837358679994503 0.07719412876491072 0.003435207291319964 2.6381895308716747
855 0.9857099743011184 0.06736019073020705 0.0028863757317860728 2.638253188050841
860 0.9830151043828737 0.08078236806579486 0.0028606158100232815 2.6383895816646032
865 0.983730007222646 0.07769992755324884 0.0003742924811265258 2.6381034254211717
870 0.9832606811160074 0.08061415153012641 0.0036717066687608213 2.6382157584908077
875 0.9852028800804817 0.06983672772687743 0.000263773563972336 2.638161240582337
880 0.9847644442560005 0.07185701941577038 0.0002321032325818262 2.63827054825394
885 0.9844635039747505 0.07353256021649379 0.0043469406022478285 2.6382417962383538
890 0.9842079101607472 0.07472576635316086 0.0007923782820100644 2.638281871968096
895 0.9866371219369101 0.06222963939012516 0.00628967316482143 2.638110127155654
900 0.9831696057182902 0.08053815660054076 0.004361138468223613 2.6383008396906025
905 0.9843592966737484 0.07336474754226252 0.0014769910936889286 2.638355431058342
910 0.9833854929389788 0.07888287606791256 0.003581664665567308 2.637843976292743
915 0.9846487548204925 0.07250432901707837 0.0026379401440932426 2.6381555161287364
920 0.9826850948109949 0.08259095972303454 0.008892959270760503 2.6381879523150475
925 0.9837310129778429 0.07745409279569326 0.0013756818420855854 2.6382535932620526
930 0.9851369332734712 0.06984362974416891 0.002785463834062085 2.638160458909762
935 0.9855561171124667 0.06733332135328096 0.0004653053831182863 2.637791740420984
940 0.983775601339818 0.07702183790895534 0.00010693663656513586 2.638096160138436
945 0.9832405587085751 0.08022852862844987 0.006926381280713656 2.637834104211941
950 0.9824310228687678 0.08368752278585001 0.0037835146416504983 2.6381743465873466
955 0.9827150283224352 0.08213071219542956 0.010971951037889838 2.6383146848440076
960 0.9826810335137333 0.08307340018122211 0.0009306727394939873 2.6381919978534603
965 0.9855278169543029 0.06828318179833115 0.0012540893154266985 2.638229275301864
970 0.9841318169119943 0.07488104966350617 0.00283052533920114 2.638222488491489
975 0.9850121920869482 0.0704506942416141 0.0005124835744216849 2.638227749035487
980 0.9864755095348925 0.06288985653239054 0.0010063465580754105 2.638147179023694
985 0.9841418744368656 0.07558165790079885 0.0019606098136926153 2.6382130093716953
990 0.9843976654986625 0.07391679795615813 0.00385062250829038 2.6380603499072413
995 0.9840204330324023 0.07553887199571063 0.004050085269128312 2.6379454031421776
1000 0.9856964994048085 0.06712885930009804 7.216022635803121e-05 2.6382901422859804
