0 0.5815678418342656 1.509235690612404 0.43660733936824003 0
5 0.8558454096902316 0.47572086683331793 0.12201236111677138 5.212120307361305
10 0.992984179405406 0.02769925618713387 0.01504931122266262 4.717126493600721
15 0.9951828246844687 0.019155975922094726 0.00801741966862557 4.708440665282068
20 0.9963502600258076 0.014550664850891515 0.0016453673713172634 4.702818975851349
25 0.9947852993623036 0.020571635680877165 0.006775068272174112 4.700653106512686
30 0.9966241390220401 0.013456097728539618 0.010883982186711938 4.6990764907166644
35 0.9975905769023179 0.009618639247993777 0.002358205130360558 4.698097613475054
40 0.9978349696913557 0.008644363357649176 0.0018258826527115524 4.697846334651711
45 0.9978784579020917 0.00851500677603756 0.001504548889391888 4.696999804614833
50 0.9980994575085476 0.0075727922089088295 0.004320918539154617 4.696312883820258
55 0.9979898908793994 0.007973484927390473 0.004091806540892806 4.69452830617273
60 0.9971480778958923 0.011367639829459542 0.0013412259351686107 4.695933504715136
65 0.9975582076962064 0.009747077760488665 0.0031836512773435466 4.696086768984973
70 0.9983390945593802 0.006601328340483548 0.0009933062935554293 4.696215048911939
75 0.9971303437677972 0.011315475215211812 0.00046553602922472237 4.695712222173039
80 0.9975901131034007 0.00949330916001756 0.002901545975495079 4.694889328248454
85 0.9970669907420368 0.011543004401593393 0.0013536815355807974 4.6950143960471316
90 0.9982278536005593 0.007048205967681298 0.0017633892609396629 4.694145163657509
95 0.9969448115589374 0.012196652196652558 0.00893541756063887 4.694447394278712
100 0.9983758340214165 0.006485058766680041 0.004405242657063102 4.695089311733851
105 0.9983334602272617 0.006599868095724659 0.002441947402583411 4.6953665649791425
110 0.996610044978962 0.013469261931258636 0.001789595154561452 4.695480853349414
115 0.9984816408353581 0.006052697343919 5.810921153281967e-05 4.694245211956415
120 0.998499608993211 0.005979736085103937 0.0010628394916651906 4.694201116275791
125 0.9980988213796469 0.007513940844438238 0.002199940011431867 4.693991811421472
130 0.9984804087975041 0.006067775661068531 0.0018787867636480549 4.695299547644103
135 0.9985512944278374 0.005782933471947693 0.0055112072526604106 4.694863909164737
140 0.9983750815844399 0.006453318351304915 0.0016348796773697494 4.6939546660417975
145 0.9981498736683057 0.007318464252869639 0.0013297440917861003 4.6949322926321955
150 0.9974098253080286 0.010207165792151862 0.004129838986904666 4.694377567818468
155 0.9984854827082252 0.006042325052175279 0.000388514060612577 4.693860994450436
160 0.9981522638978008 0.007369292324619359 0.004645302393514683 4.694200214452827
165 0.9971515308664352 0.011302741746117562 0.0018929440693029598 4.694085005961184
170 0.9985976271671466 0.005581941330543572 0.0017623034473799315 4.6949466968766815
175 0.997963227417476 0.008051478691400327 0.004338630717853675 4.694254501717892
180 0.9970262207438817 0.011715550952999365 0.0034709472114973217 4.694517795925164
185 0.9979295169218539 0.008171690043403679 0.0035078629669604844 4.693839844812987
190 0.9985993373320324 0.005580989752310472 0.0006342652262212312 4.694292522523163
195 0.9973902950574216 0.010392327968622439 0.002718719859961638 4.694275727542088
200 0.9986420289402358 0.0053984181260888775 0.007356719120820587 4.694313213921012
205 0.9985334728025248 0.005830670316056441 0.0002257617972019066 4.694842429855911
210 0.9972157932626077 0.011106144297240661 0.004574950587712845 4.693624810294132
215 0.9981790257087122 0.007258432979834417 0.0025605674087716412 4.693967039155047
220 0.9986135061747796 0.005535131544231575 0.0023487441839609158 4.693760593350393
225 0.9986334397018941 0.005456954499551081 0.0001777582057880256 4.694227403309069
230 0.9984666917479625 0.006133221392213173 0.0015053787567622656 4.693899451494064
235 0.9986354030795318 0.005422374355952719 0.002572301737336913 4.693452307084697
240 0.9986549393179758 0.00535677194973605 0.006791974087122954 4.693683212111685
245 0.9984601248544858 0.006142494391361275 0.00029098303180274954 4.69412438652725
250 0.9973937898229095 0.010345857803955028 0.0030544738754256784 4.692984952717214
255 0.998356915049297 0.0065087140242949815 0.0023054656681036345 4.693491612096192
260 0.998560873924571 0.0056986409006620775 0.0008746312055094574 4.69314772198018
265 0.9984268635430875 0.006255848915421858 0.004416808192412969 4.693136655839482
270 0.9986542148211531 0.0053582892437065155 0.003384542311828609 4.693931459621739
275 0.9986937433301919 0.005199720107876615 0.00017393106227880928 4.6936713902112634
280 0.998490281044175 0.006032048999300876 0.0009109628273313852 4.69385961671269
285 0.9986695057434747 0.005293716126109516 0.0014519322424582093 4.694309659351293
290 0.998690954831457 0.005210753135714619 6.232402705830253e-05 4.6943183986598624
295 0.9986107765853697 0.005519307226617087 0.005516783934835345 4.6942384814351845
300 0.9985416324338436 0.005819876475620767 8.427828539203652e-05 4.693580904074283
305 0.9987170748644986 0.005092444856455991 0.0019084341855024611 4.693378538481778
310 0.9980858852823515 0.007631878002929859 0.0008872841286249322 4.694136087938158
315 0.9985845612742221 0.005632335700161306 0.0007730550242881495 4.693426117216326
320 0.9976469724390049 0.009304745642592316 0.0030845510848351854 4.693374054475914
325 0.9972392866999266 0.011009435528507083 0.00543815979238782 4.693353452378567
330 0.9987262643001542 0.005065826717706834 0.005202241153326348 4.693196886779401
335 0.9981313987955521 0.007397810983883701 0.001105798398599589 4.693336229230272
340 0.9985859223076278 0.00562102864814662 0.003084801529835257 4.692805796540894
345 0.9986203710186015 0.005481817307416925 0.0013790393562405079 4.692357080477422
350 0.9962107661426519 0.0150301097699721 0.007550682322711166 4.693746218601323
355 0.9985884739364623 0.005633000609555516 0.002909013819434092 4.692996780732686
360 0.9984669213853211 0.006108868626531816 0.0011801131895607941 4.692617328642396
365 0.9977312538695213 0.00896716464450531 0.004118464560078028 4.692278980173946
370 0.9981750046517305 0.007224273651549318 0.000972766553052562 4.69273032181575
375 0.9987265922895028 0.005084746250751948 0.0024666407819253777 4.693136824936675
380 0.9987465474175852 0.00499614553350014 0.0016281043063852696 4.693059415552507
385 0.9985374249456188 0.005838089162064186 0.001221896676702583 4.692389904960743
390 0.9986008138118827 0.005581026841108283 0.005235742764759577 4.693010198146934
395 0.9980059593525563 0.007924354584238458 0.0016004712419657174 4.692899696519282
400 0.998156957853089 0.007317735684073234 0.0013862043576147176 4.693329018965907
405 0.9982694652200201 0.006854815903587941 0.003331303038040634 4.692379352644192
410 0.9973560336256294 0.010519077337519 0.0020770189354542 4.692928972989246
415 0.9983407064473366 0.006576153014538733 0.0010577136352618588 4.692414057287553
420 0.9985182645814021 0.00590989655391283 0.0012636175931395321 4.693697942763217
425 0.9976602574560967 0.009306733118813248 0.006039297713959835 4.693139792826318
430 0.998775952979767 0.004865469621435636 0.0006197574968092034 4.693428050826339
435 0.9986242224553665 0.005456459793918178 0.0034259967156917703 4.692590706187389
440 0.9986275742073782 0.005456075337341382 0.005204819562528495 4.69331242203506
445 0.9978243781748255 0.00867882394013808 0.0010551070907829363 4.692946233441267
450 0.9982735028396683 0.006839190366493497 0.0017602793553148643 4.693726761187497
455 0.9979695877500231 0.008084395345957951 0.0012097894090059569 4.691965772899056
460 0.9977875267499883 0.008789791405120262 0.001600240298136546 4.6923502306572065
465 0.9983945852122911 0.006366017636651122 0.007238636337312698 4.692553206687311
470 0.9986320680951355 0.005451491057977265 0.0012611699925118014 4.6929687835648215
475 0.9972628277974063 0.010838190944278736 6.882643829264623e-05 4.692673228801698
480 0.9977705617737236 0.008876455207397882 0.00406083068653218 4.692517336538669
485 0.9984587156622685 0.006107825771262121 0.0008674158339279092 4.692713261957462
490 0.9971827816253234 0.011139952180605484 0.0024141130461596827 4.692099050380446
495 0.9986540511223492 0.005362276395776355 0.002854801123668649 4.692801338230398
500 0.9986484590153114 0.005370038719807901 0.0007930284173967017 4.692885289541811
505 0.9983533222933607 0.006581219159696339 0.0032428360680947232 4.692231448405398
510 0.9974807659533083 0.010024622058175225 0.0006053491667836752 4.692768294627726
515 0.9978247190990985 0.008615053935692174 0.00013391091717451786 4.692008529543534
520 0.9987726270177982 0.0048844175123896605 0.0005908299178263299 4.692918366209904
525 0.9982210720673619 0.007043739350808487 0.0011099753059506945 4.692297151623063
530 0.9987170530583235 0.005129859546432414 0.000977555559663612 4.691699140247542
535 0.9988451183076394 0.004605292780507142 0.00033307157677553434 4.691611362157184
540 0.9987181181579248 0.005086823596484713 0.0007949091622265758 4.692330448353992
545 0.9980858774685899 0.007580564471990847 0.004601363119512314 4.692045482536938
550 0.9988326678716538 0.00464561998432611 0.003253545378057776 4.692511178450479
555 0.9987682098556245 0.0049027621800155075 0.0031755456937188065 4.692263519340354
560 0.9988502392372873 0.004578392633704631 0.0019980366867846655 4.692331002042314
565 0.9987356289137678 0.0050281995390308865 0.0013325851982997072 4.6925903606119626
570 0.9987669463108284 0.004907875274986928 0.0014394895028631005 4.692973440229621
575 0.9977644630719235 0.008845755764798291 0.0006171750986936342 4.691548985552291
580 0.998426781788823 0.006233691481325465 0.00043186815359286257 4.692303566684179
585 0.9982400649063776 0.00700623670121292 0.0005505486706371965 4.691921160873876
590 0.9985977327175989 0.005571651826976165 0.0013023506113971628 4.692280292533247
595 0.9983313028031886 0.006617075984926224 0.0040230411169539515 4.691766420928164
600 0.9987182297228077 0.005093392715820322 0.0005674722020792 4.691519195015309
605 0.9973577605408525 0.010488505805230197 0.003874649561866006 4.692182402767235
610 0.9978399546459641 0.008574268473529045 0.00021196083504415597 4.691713749297647
615 0.9988827410289973 0.004448246349336493 0.0007429934410461136 4.6915647757989
620 0.997673894549964 0.009205400875094583 0.0020372948024593995 4.692014243252714
625 0.9988383589023382 0.004627981142188098 0.0026935322033885267 4.6922788069350245
630 0.9980091303774672 0.007906190699835669 0.004309882875700444 4.691996576887724
635 0.9986252184161031 0.00548096716892843 0.005478276647134628 4.691569687006952
640 0.9967572255379606 0.012975824206679754 0.0029982046591883194 4.69196852900402
645 0.9985259772947754 0.005873525240512656 0.0005501096949931394 4.691322940999279
650 0.9976443818428101 0.00938082129963469 0.001734349595338358 4.691988206303599
655 0.998907134397925 0.004357431034906156 0.0030126528212190973 4.691734460761805
660 0.9972702770375589 0.01077143718651552 0.0018933768199740353 4.691810124609957
665 0.9989400402485373 0.0042258530691192675 0.003964070412814769 4.6917077888861
670 0.9985963967450241 0.005572092547546426 0.0031448696957938616 4.690819359776957
675 0.9973014879974044 0.010760308203097146 0.0027722401944230146 4.691257137149831
680 0.9989447060338087 0.004200137625685052 0.0008258500624636067 4.691617338371893
685 0.9989555610793787 0.004155971356453847 0.0007388256379143865 4.691256352663965
690 0.9989108840278677 0.004347371924210641 0.0024781004010550056 4.691002601698985
695 0.9983857822510693 0.006408111560614493 0.003122499676089241 4.6913543284722765
700 0.9982448196302245 0.006990816998436955 0.0005809547207926702 4.691578907111876
705 0.9987641733021643 0.004924785833543943 0.0009965255904671455 4.691291282139817
710 0.9988149329649941 0.0047185382955214905 0.0018106438956866366 4.691311928656377
715 0.9989871540067261 0.004025411246963095 0.00488634614714778 4.691340619708323
720 0.9988961484655258 0.0043948358385348385 0.0014576556036118848 4.690720193664379
725 0.9981334522874664 0.007439684895872212 0.00019957854674101938 4.690553160854111
730 0.9986669478439859 0.005295777877221575 0.003979779327989208 4.691437535830302
735 0.9966445112434213 0.01349190881623219 0.0006064415576747528 4.690324822136922
740 0.9988369070998906 0.004623730752543409 0.001960791271220952 4.690929684284788
745 0.9952457608898622 0.019085258109512004 0.0003512912191954154 4.691115397251521
750 0.9989198412517845 0.00430855024378296 0.0006015866212014664 4.6913485809378646
755 0.9989750810334357 0.004079939339590055 0.0022667937881932776 4.69117010503459
760 0.9987604890249764 0.004971871653122406 0.002047458891845544 4.69047505614618
765 0.9989296137589045 0.004257535003875823 0.0029312089972042266 4.691053327260754
770 0.9989743848931006 0.004076413646368238 0.0006812675360081677 4.6909446974704645
775 0.9980601625809415 0.0077287229931108925 0.0013124228338710076 4.690798105542138
780 0.9988462931603741 0.004591651377922723 0.00353805418630615 4.690596810806306
785 0.9973626827285597 0.01044511524516789 0.0002956139022589621 4.690828004314504
790 0.9987607574881223 0.004926391157058951 0.000433391786350823 4.690838263772688
795 0.9987593675923008 0.004930468226187479 0.00044872074246549154 4.690519338653141
800 0.9990227173700112 0.003888816279411067 0.0021566800469903225 4.69063291807032
805 0.9987522609292545 0.004985895720564848 0.00205505668844852 4.690470531348501
810 0.9989686605402635 0.004111448331609147 0.0063156531723636 4.690110246114966
815 0.9990884200181855 0.003619994259818071 0.00154401905001178 4.690670152736769
820 0.999003895346513 0.003958506073464818 0.0024503651358354084 4.690987435668217
825 0.9990823249800087 0.0036515804461014767 0.0023970834172537536 4.691220117375555
830 0.9990885938901908 0.0036249523432445585 0.0015212033370706202 4.690892606205457
835 0.9987791910411795 0.004844252559709439 0.0006823111477283206 4.69070296824883
840 0.99869055702466 0.005196592199319561 0.000307867180937782 4.690351308263395
845 0.9991225158057006 0.003497178969689152 0.0023034476157925976 4.6902281114775946
850 0.998978060287689 0.004067226635679155 0.00012569076122947997 4.690038514308408
855 0.9991089010769154 0.0035525320793476922 0.001022626817464456 4.690621438207951
860 0.9991118901656569 0.003529073442571473 0.002834730091274107 4.69015545362533
865 0.9991484353538029 0.0033878317408602143 0.00038572391971358755 4.6895979853211545
870 0.9990870267114085 0.003629657414083276 0.0022631599987734674 4.689617715995834
875 0.9988251542572523 0.004675888518280935 0.0011410999684531298 4.689904436213743
880 0.9991514255462012 0.003384811320826131 0.0022916490263817924 4.689948721541082
885 0.9990165305770697 0.00390826527207544 0.0011103711391655668 4.689787834310304
890 0.9983024292505385 0.00672168882842783 0.0014438840791048957 4.690001251790573
895 0.9990888641888992 0.0036218881876752818 0.0006772458574340057 4.689423785995717
900 0.9987573607094906 0.0049773751621291495 0.003424240545849777 4.6895986693430505
905 0.9979016502186159 0.008397800381435339 0.0012470059844045256 4.689839550726965
910 0.9991128351506522 0.0035361322291667108 0.003254291635869322 4.689936872812072
915 0.9972527397420445 0.010856391273208033 0.0022265103843053247 4.68963749249777
920 0.9991083185293597 0.0035390514571025378 0.0039381960403597205 4.690070067372895
925 0.9991987158082744 0.0031893766559454306 0.0007818061479230032 4.689848319865088
930 0.9968949496159403 0.012334861768241723 0.0017605893261145589 4.68966740473893
935 0.9992087383944295 0.0031523372695545504 0.002184208021140943 4.688948160359727
940 0.9978043656221265 0.008790260572143715 0.0003215403032803543 4.689783972706911
945 0.9990612316260793 0.00372416391538799 0.0006555014345948074 4.689546260825612
950 0.998810356849924 0.004723228241101829 0.002709213851429304 4.689729680190529
955 0.9982543429925439 0.006944222727020666 0.001899147050858918 4.689122430318295
960 0.9991595946866174 0.0033451489923690403 0.00015247098715720497 4.689382368187165
965 0.9982322726060167 0.007001223201950957 0.0025415040927863064 4.68936325858047
970 0.9987416258290008 0.004992914899959899 0.0014690855532948355 4.689902367732397
975 0.999140814164955 0.0033965158053907984 0.00118057463589194 4.6894967436905945
980 0.9988848987205529 0.004450383579104766 0.0005363693647288947 4.688916835448109
985 0.9992713385184127 0.0028968907507787023 2.664049274692104e-05 4.689263242687649
990 0.9990595422708162 0.003729650707235521 0.00020558408636750514 4.689173784575423
995 0.9985716694052711 0.0056700426464662 0.0011498368336233522 4.6886009795949715
1000 0.9992172387749816 0.003127001394202189 0.0011027800952423394 4.689198072799475
