0 0.5871316813884384 1.4839602501661364 0.4184393014200575 0
5 0.8698622525191544 0.43099618972457954 0.10631502466872966 5.17008727450616
10 0.9925990333134382 0.029128600636989965 0.018423961849000747 4.715927424338809
15 0.9951461268422435 0.019195267776760616 0.00014819201592741749 4.707580719645066
20 0.9962413861032463 0.01486923095306203 0.00124098861760924 4.7049581598598635
25 0.9954259097801668 0.01801648631648778 0.0032934874022376714 4.700170639121068
30 0.9953336122218366 0.018525132625581975 0.003063433959821227 4.700564870531527
35 0.9965538066375832 0.013540949619442522 0.001094183111767677 4.697909475372835
40 0.9976164312685953 0.009504158789196637 0.0016677215002307566 4.69828382820223
45 0.9969952092220953 0.011802886128134737 0.0008542778406179785 4.697830077277677
50 0.9979079218757347 0.008357454846239065 0.0012929431611761188 4.697527120626161
55 0.9979007385632283 0.008297439477825463 0.003357473773303976 4.697179763621751
60 0.9979819280942395 0.00796838714118131 0.006623343318111097 4.6979607132059815
65 0.9969897321362752 0.011805478214614418 0.0042426484274704634 4.697888982609518
70 0.9970127515929792 0.011740925729716523 0.00231140190632928 4.696102960426853
75 0.99686128566883 0.012320266961794779 0.005725472616974869 4.696367836929302
80 0.9975596270784507 0.009606258979965254 0.0013547621793155162 4.696537311307802
85 0.9972469126175917 0.010844453695008305 0.005629764836388329 4.696994770649898
90 0.994691569441933 0.02109473343003554 0.001399099622359623 4.697033471642677
95 0.9981929944647929 0.007154487941880561 0.0018313601304926763 4.696078347459446
100 0.9972048968515499 0.011001624222770623 0.00023384882672217167 4.695994948771811
105 0.9982201653002043 0.007060663319863103 0.003334018314331555 4.695579617842053
110 0.997042546506749 0.011623842059496958 0.006932394726353541 4.696027440266455
115 0.9982511718446987 0.006927947264832923 0.00468563009514833 4.695851459087387
120 0.9975047346768275 0.009931339063489197 0.002306316545164888 4.696270434466229
125 0.9984070566923637 0.006346648293043877 0.004382882853438241 4.695322218680418
130 0.9983101742853331 0.00674233158356774 0.0007252428705988301 4.694870079048385
135 0.9966951167499888 0.013174944895633978 0.0008706347156361982 4.695298461124014
140 0.9979995992684503 0.007901668605762247 0.004268250907485838 4.69472727038056
145 0.9984198226954997 0.006269137326110119 0.002014379308143077 4.6953842397508545
150 0.9984456029452982 0.006169762718839067 0.0014164853263296528 4.695867651123256
155 0.9982878294723793 0.006845333915236118 0.0013400923993560632 4.694853519402042
160 0.998033675354683 0.007877008806258523 0.0011988886615956762 4.694887704535734
165 0.9985281441151304 0.005860106115085806 0.005107837150699623 4.695427330987034
170 0.9984642230905544 0.0061276419736131515 0.0033264059667845736 4.69554471511482
175 0.9985391148138514 0.005816117224602735 0.00013911961596035916 4.694415323610695
180 0.9982597558800801 0.006944434427138546 0.0006065527067653509 4.694838103248109
185 0.9983593548310725 0.006554457159088756 0.0003520768542564223 4.694330722294538
190 0.9978534233680831 0.00855782042768638 0.0006299814945576188 4.694704437021452
195 0.9983882555813393 0.006404735721584842 0.0017728109773678113 4.694843909467362
200 0.9982636075900096 0.006871787342114466 0.004793995126892936 4.6951046970843295
205 0.9985364039903413 0.005833867929912806 0.0020833564019153705 4.694979328649751
210 0.998553602374537 0.0057513647107256816 0.00018858743346195084 4.695423751165774
215 0.9975498604591279 0.00974366182342834 0.0037596539196618206 4.694777893187556
220 0.9977901384648196 0.00878168587711503 0.000964023187474794 4.69511941695038
225 0.9984304027116915 0.00623731025878449 0.0025406127432250347 4.694533738944749
230 0.9980642972621974 0.0076557472373748325 0.001641299978262012 4.694845231429555
235 0.9979480728916674 0.00819645778480016 0.0030275896989722106 4.694289801193913
240 0.9980253651072799 0.007879309924628153 0.00022874830426755643 4.69394253330573
245 0.9984761183425758 0.006044388404145451 0.00010579499979224138 4.69395182498618
250 0.997979258321503 0.00798556578175802 0.005345377019473574 4.694692525065962
255 0.9985195359409604 0.005894306974552066 0.003178064595379393 4.6945925904216175
260 0.9985747127267075 0.005683304218605301 0.00025658030113184793 4.695193119152295
265 0.9940805940755333 0.023521124038356156 0.003707512492275189 4.694325648108816
270 0.9986083500339278 0.005536459730010712 0.005041545043501072 4.693927365912131
275 0.9938624161325237 0.024421140820004794 0.0040662194362990345 4.694220550178929
280 0.9973606538115647 0.01040632156651533 0.0012078825230301682 4.693443405536301
285 0.9982782123299374 0.006866458572718059 0.0037634895278337854 4.695076117370821
290 0.9950853130886268 0.019291351025016112 0.0075832190096007945 4.69351550213646
295 0.996998169673234 0.011828823961373303 0.0008444299564360769 4.69367778911801
300 0.9986154569553605 0.005516221890441209 0.001599392108173614 4.693882456014849
305 0.9961390957534288 0.01536315473397476 0.0032059247037916627 4.69471737944432
310 0.9979047136635033 0.008271700192316267 0.0009253536789854966 4.694697601257616
315 0.9974219794665515 0.010157881005476987 0.0002717420428273165 4.694088896925458
320 0.998551496048088 0.005779223364800856 0.0009091803920322494 4.693970866127635
325 0.998510653334217 0.005906330398506299 0.006221052397181959 4.694190749910952
330 0.9976254049409621 0.009365659786731761 0.0002921444088361813 4.6940230450791045
335 0.9986437052379811 0.005394998816963259 0.002476401993937394 4.693609068107865
340 0.996630597314831 0.013264496698873529 0.002738448821179018 4.694549003824125
345 0.9986577906522731 0.005331500715580084 0.0014300559610469499 4.694791579913692
350 0.9973968056997404 0.010367223482157684 0.003094883829666717 4.693624030800234
355 0.9979919511397236 0.00797755105535547 0.001956500638861325 4.693966380181992
360 0.9986681312371288 0.0053049828216407136 0.0016879671772820348 4.693189002374454
365 0.998285140856005 0.006832662279719237 0.00247955943251732 4.693476484252301
370 0.9985927242190282 0.005618035707892766 0.00485365485846434 4.693348374409029
375 0.9986777376405498 0.005248376957621481 0.001682481122577295 4.692963352976985
380 0.9986072725932925 0.005539798687771658 0.0045268568022041045 4.693669298822015
385 0.9985914632395785 0.005609112945688999 0.005183841039420489 4.693850217912889
390 0.9979873818167075 0.00794771416627782 0.0008286405394510865 4.693376668539472
395 0.9966636879192292 0.013240787025707412 0.0022714910556058676 4.694910421859212
400 0.9986558322286606 0.0053448812730572115 3.0432422386095226e-05 4.693016404623731
405 0.9986927162750033 0.005200687985057684 0.002255173741640304 4.6931684859113165
410 0.9984871975788161 0.006001177722032125 0.0001453634282446714 4.69353181547828
415 0.9981608549341177 0.0072769484138746066 0.0002596284101044066 4.692770119769398
420 0.9983595499188762 0.006536096059011953 0.0005404795102159632 4.693147975184246
425 0.9987021388664028 0.005157217309063711 0.0005579621936171453 4.692739892084925
430 0.9980592709716343 0.007676594746093279 0.0018226581142812837 4.693560678760421
435 0.9986939461972555 0.0051962656327635415 0.004267729457358982 4.693245766720924
440 0.9985330603184872 0.005837128136048975 0.0022331686339682744 4.69249051220762
445 0.9987116518165923 0.005125704360407823 0.00027297082541366535 4.692461228353178
450 0.997258932059621 0.010809714543761118 0.0009598003971302838 4.693770116659844
455 0.9986444099869827 0.005419766958574712 7.486707297577055e-05 4.693412170410475
460 0.9985617585482895 0.005719965277145356 0.0022307489692616755 4.693201453562339
465 0.9981268282978861 0.007440787722894804 0.0014367858119546106 4.693014938692515
470 0.9960799522980935 0.015603341637180357 0.004242614405360445 4.692445986148674
475 0.9985597675087949 0.0057294055402570265 0.0031837744453908634 4.69388005055828
480 0.9983959557958537 0.006379112356314387 0.0017574948111875877 4.6928451199023185
485 0.9985971515443384 0.005581880460109545 0.00795834765799519 4.692501626014705
490 0.9983977628083497 0.006374751047309779 0.0019168884086873117 4.6931129641299565
495 0.9924310717062188 0.029824189435480264 0.005101380124014732 4.693232652219467
500 0.9985054793398129 0.0059545382827188575 0.002279534366998126 4.693492197075263
505 0.9986736312092708 0.005281043479338443 0.004168533841787836 4.692668513658558
510 0.9984227244124253 0.006289443389836613 0.0008266168874855317 4.6927430728411155
515 0.9974304184922786 0.010136333062574998 0.0029332765417016127 4.692737274570804
520 0.9947727964282205 0.020759438868109825 0.0012395705328431816 4.69325063209909
525 0.9985979957509414 0.005608161086700925 0.0015047856632719459 4.692476944554266
530 0.9980995637774281 0.007546792382408185 0.0011033584063986357 4.693342326447946
535 0.996212111488417 0.014943200156545267 0.0036830260552491723 4.692607764604632
540 0.9978433112691393 0.00863004083698371 0.002820216137698228 4.692609727170492
545 0.9978073035007018 0.008666950297525844 0.0007106070458668956 4.693211582360393
550 0.997860307471579 0.00854533418702541 0.001340812233243227 4.693497867849689
555 0.998712845279875 0.005121159900848049 0.0005684243138133205 4.692847693570538
560 0.9983330758832032 0.006622064249295789 0.004273766125590717 4.692659852457667
565 0.9976239272503767 0.009391128526206494 0.00438947292128522 4.69291242516026
570 0.9986830962842143 0.005260588619761641 0.006153297787473866 4.692780516027553
575 0.9972942161328664 0.010695492048564681 0.003094711032591402 4.692268784324472
580 0.998767551948382 0.004909818782014241 0.002186343115736733 4.6925623022451655
585 0.9986949070690294 0.005197703571170997 0.0007969170174506601 4.692141515591489
590 0.9986089129857697 0.005555592738651249 0.0009028685339567133 4.692113988273651
595 0.998433550879893 0.006209112679814055 0.0011890480283556215 4.692548659389918
600 0.9985024915378049 0.00597059833889535 0.005546494382478118 4.692359825913985
605 0.9987150769343116 0.00511125537887569 0.0026051268301741093 4.692664565083458
610 0.9984703674146156 0.006088957226810798 0.0041293038222307565 4.692786121023696
615 0.9981972474868612 0.007133722173806589 9.741216146652576e-05 4.692581742045914
620 0.9983397570293049 0.006603297552020493 0.0021633902314293074 4.691880596717659
625 0.9986136671694756 0.005523367753522024 0.0002486965310153355 4.692715763303158
630 0.9987221413420949 0.005095997462256641 0.001436528285983396 4.692344873269879
635 0.9958193282656532 0.016583739699187916 0.001971057101126883 4.691385140536674
640 0.9986858105107707 0.0052552925684734575 0.0003872904320163517 4.691794200735096
645 0.99879315591288 0.004814821304024441 0.0004915660452839976 4.691853992466632
650 0.9987907914084523 0.004812998216100262 0.0011882388843984515 4.692114509672205
655 0.9987919688659286 0.00480873822638106 0.0002664085999597443 4.69243806809152
660 0.9988344478411444 0.004633120508892752 0.003555264475650244 4.692669340289281
665 0.9982032148961707 0.007106551826614016 0.0034042344542182246 4.691117206900705
670 0.9973121320792309 0.010640844530451332 0.002510659047186836 4.692417277046965
675 0.9976983287972321 0.009145546894150591 0.0008313448492089925 4.691766758424132
680 0.9944546632112338 0.02204365501715433 0.0010537922531068666 4.692171407527067
685 0.9985193195014144 0.005882659514476529 0.0036951927425463715 4.692709110425917
690 0.9988370402971567 0.004623812307428032 0.0028880899102101676 4.691812907431245
695 0.9985579867942159 0.005741119473301914 0.007455834561311159 4.692506123882202
700 0.9987799818785554 0.004851792283250944 0.0030897138728336326 4.692595035293022
705 0.9985048632136938 0.005929320097401991 0.0029634803244333874 4.6920985439756535
710 0.998340624667715 0.006610142755810067 0.0032778405411184597 4.69207217869151
715 0.998687896286922 0.005220685832440175 0.004217717256346454 4.692198382125126
720 0.9988402695994805 0.004620747685732951 0.001251507145124231 4.691602164184112
725 0.9976170925544623 0.009423276665558866 0.005725884375055612 4.691831159823007
730 0.9946652772918202 0.021281523576415218 0.0018448121435716835 4.691685237270756
735 0.9988383126584192 0.004614328582605687 0.0012005782992741132 4.69211978523792
740 0.9988149198851741 0.004714348455703288 0.0020007455084096737 4.691715492003677
745 0.9988546663955749 0.004562782558352296 0.0006089773606707816 4.691488551324504
750 0.9987212962696648 0.005094564815530944 0.00015924811819045814 4.691695968433488
755 0.9983794084667559 0.0064603764129334 0.002852958346804657 4.691850192882365
760 0.9975326249374094 0.009820870188998576 0.000860676983966302 4.691984699050113
765 0.9988809857897902 0.004460791810356746 0.0028149187025194866 4.691689760583977
770 0.9986050669166631 0.005529529202841665 4.9844930102960205e-05 4.691518735350134
775 0.9982728466129559 0.006862004511950737 0.00537833304758184 4.691419111553264
780 0.9986764666836261 0.0052548539079735335 0.0008344645262556849 4.691541767942485
785 0.9986279213788116 0.005452564384108349 0.002370809980634103 4.691516141937954
790 0.9983470195959854 0.006606146128468993 0.004234180448099867 4.691337457835447
795 0.9986162501983449 0.0055044321107535765 0.0002662473367291973 4.691419577205722
800 0.9988635237606408 0.0045283784175191855 0.002446672114630788 4.691567613582362
805 0.9987062530755884 0.0051282206220735205 6.199759748004574e-05 4.69142194863092
810 0.998844535770087 0.004621156865153964 0.0010141529283467232 4.691417208253015
815 0.9985650037362028 0.005744702440324545 0.00041471124779679513 4.691592199843733
820 0.9987188015271988 0.005102439128394032 0.0032075810547282924 4.6915201905108495
825 0.9984889731427975 0.005987383594383999 0.000509168793212833 4.691728160052843
830 0.9989304608624875 0.004250429579558457 0.000439597357560384 4.691319343185272
835 0.997539775658663 0.00974789935692666 0.0023246842426318803 4.6914847342814365
840 0.9985728579967246 0.005663161407007955 0.0016454014808222617 4.691264197778633
845 0.9988119877176413 0.0047419957355794295 0.0035447559131180917 4.691222290331897
850 0.9986882728222184 0.005205442117564907 0.0032875254312063618 4.691877556545557
855 0.9989489137942866 0.0041707742473997556 0.0035753124077335663 4.691220784648355
860 0.9989580500658366 0.004138582065624341 0.003905658769380871 4.691206950313858
865 0.9989404004737579 0.004224337716165927 0.0007266533211685022 4.6910546247242975
870 0.9975078495863396 0.009891934325880314 0.0014732040319458406 4.69145993524599
875 0.9988723186803742 0.0044812141254828575 0.001860684730068174 4.690836189451664
880 0.9962987440155483 0.01463702336552597 0.0021449109607505346 4.691252316095562
885 0.9958159555101225 0.016608596977704337 0.002503033977690361 4.691186479274943
890 0.9989457334739831 0.0041819243118261795 0.0020265621210135976 4.69092573529855
895 0.9979669018904609 0.008097174210653257 0.0021967893963537044 4.690817231983049
900 0.9989103951262139 0.004335577432478921 0.0002827932915152598 4.6907053191706645
905 0.9987391785579793 0.0050042156102536595 0.004396702080122106 4.690978269334057
910 0.9990003895015442 0.003986833670229117 0.0011782363954624397 4.69072249364685
915 0.9990253155712097 0.003873649183126382 0.0025416344940949465 4.6910875136957335
920 0.9986250874915319 0.0054754709669309065 0.002197743458913326 4.691043547443959
925 0.998978627803282 0.004069265800561439 0.0008111730732047739 4.691038805520278
930 0.9983051711763493 0.006738918359137536 0.003245491666120426 4.690417666343209
935 0.9976337065542205 0.009379337960757184 0.005104777567934038 4.690947829328499
940 0.998748730373408 0.004959228057150433 0.0007034660837808016 4.690300144494218
945 0.9989683192093012 0.0040954235035455255 0.00026567044048153576 4.690689141470718
950 0.9988666101138397 0.004535280138681763 0.006628905497774618 4.6904462931011235
955 0.9988058073711054 0.004730463378830763 0.0008774501441959348 4.690565878249853
960 0.999045848145017 0.003799584261871658 0.0012106574252856994 4.690570004973756
965 0.9984191147990262 0.006313978062563841 0.002393959572869475 4.689857757104571
970 0.9990504327042715 0.00376615167970229 0.0034939579849544433 4.690655967158476
975 0.9976652920488929 0.0092334279716626 0.0005051747740769663 4.68994179977214
980 0.9987903150817578 0.004848350883545294 1.8019570616312208e-05 4.689918099334877
985 0.9990554143283508 0.003773128355748945 0.0010620651515160784 4.69009087181015
990 0.9987817646558007 0.004862220752895219 0.004305308146630438 4.690469133870374
995 0.9985581809222305 0.005712150710725616 0.0020821720493438 4.690036413886109
1000 0.9978410753865972 0.008662364294192315 0.003816774518458965 4.69008496653492
