0 0.5685791903128936 1.579216933468362 0.35734677999079645 0
5 0.8758701552527055 0.4103310675307874 0.08324551902771682 5.1531684356172045
10 0.9897293410836288 0.040488965917413466 0.013466160952486872 4.720941730852413
15 0.9944944357623127 0.021625634444371045 0.0004674489117313385 4.709174250708725
20 0.9938591659490476 0.024111580925283427 0.0008590583867404966 4.705138927060825
25 0.9970023431497759 0.011883206030673499 0.00321729568291218 4.700946206451274
30 0.997582373365592 0.00962428938487836 0.007263563556310526 4.699350417496146
35 0.9955038954989701 0.017919267990043508 0.0015336766698132998 4.698860668049724
40 0.9976916519977107 0.009156261637238927 0.0014060585809310133 4.69815115754541
45 0.9980370580334202 0.007808955469599255 0.0016845471782420685 4.697690288022747
50 0.9982204773770997 0.007082172420036059 0.0033874227682499924 4.697505516659034
55 0.9983070955585063 0.006737149833692335 0.0012758287284360126 4.697499563903338
60 0.9982477431282255 0.006999914262416418 0.0007751630019665612 4.697600141482841
65 0.9980650915390626 0.007664198761400343 0.001725397205503576 4.697294441021034
70 0.9984038203120655 0.0063621580931005894 0.0007121465604194022 4.697071230714482
75 0.9983964244190655 0.006374661779698698 0.002965801452856187 4.695872619468508
80 0.9979366589655836 0.008166460662997643 0.0021534345841021096 4.695036729979927
85 0.9982327510643458 0.0070166422874846646 0.0018412916033525573 4.696445514165862
90 0.9983776429699255 0.006440285793670952 0.0014321570594670874 4.69637539016232
95 0.9973483913243619 0.010526285219770948 0.0025393566929767797 4.6950501771467374
100 0.9984459855445129 0.006198710123930695 0.0017809554894574475 4.695660475886431
105 0.9982458274286874 0.006968328678931712 0.0006044748897611196 4.695636467133732
110 0.9983819895750832 0.006431782448993673 0.006341011279340281 4.695317563811241
115 0.9983311842585154 0.006665188491043139 0.0038562076325576733 4.695322113965546
120 0.9932109733099419 0.026660809628705984 0.00480323662996196 4.695217814018618
125 0.9976340397053782 0.009421854188238044 0.0004982615170816551 4.695772553107755
130 0.9934019844623851 0.02599789966147803 0.0031808899313814365 4.694410822247303
135 0.9967507368584114 0.012815197933489841 0.0016336702718895424 4.694704091350599
140 0.9984873557915946 0.006055260517961791 0.004479944479523157 4.694273116737048
145 0.9970417581805414 0.011741428809913579 0.00021058611176938413 4.695189583064387
150 0.998457302715367 0.006121639368611653 0.002346212043922602 4.695335558170217
155 0.9985700300141583 0.005678106179172637 0.002205748332488211 4.694908030880137
160 0.9984863737898764 0.006037655362703731 0.00041521269028788055 4.694504633899224
165 0.9984843619672977 0.0060419510161695555 0.003975660631401201 4.69499614026366
170 0.9986134512138257 0.0055258758200311675 0.0012725442453220825 4.694633182976638
175 0.9980830738058916 0.007661225230854107 0.0038661138999946942 4.695055495564975
180 0.9973539250446093 0.010501611058796989 0.0006943891337942709 4.6939807460795855
185 0.9976697848673387 0.009269535799511175 0.006573775762025891 4.694469270641239
190 0.998064231185269 0.007665619796738632 0.0011045473154704943 4.694399685272741
195 0.9975292912566933 0.009819742162949119 0.001693996947486509 4.695039462028675
200 0.9981294440987234 0.007399481674549513 0.004304651405601989 4.694597394520522
205 0.9970935833380287 0.011447469942283739 0.0023613166317439926 4.694115275070417
210 0.9977150581645982 0.009119841415694552 0.005899266974607631 4.6944003346600285
215 0.99727556537459 0.010773260312301858 0.0031849728709023584 4.69357183879622
220 0.9986280323320312 0.005483057584311446 0.002309722733114805 4.693961570764556
225 0.9984476536253035 0.006170010693289818 0.001183968735127161 4.693627952827202
230 0.9981106807475545 0.007478329253984839 0.0006693666323105418 4.694080304706955
235 0.9985261521216249 0.005852176734517656 0.0028387325279517484 4.694313843881575
240 0.9954801994164449 0.018064532108777343 4.1203586813365334e-05 4.693828529799674
245 0.9977238400643228 0.00898249709983645 0.002061764420063561 4.694428129606875
250 0.9937144257608728 0.024822089931100244 0.004514832907333233 4.694123166629866
255 0.9979245011937082 0.008252344781036314 0.003904750156362935 4.693693657131204
260 0.9964605084207415 0.014002110235376897 0.0030925003088071445 4.693165578865403
265 0.9985614187948411 0.005729973897084406 0.007242414963596344 4.693546650626623
270 0.9967463037915067 0.012839406970670986 0.005570704144048921 4.693384703860203
275 0.9985821539013355 0.005675691695089746 0.0034974782831358464 4.693408470979361
280 0.9986879633405296 0.0052304092459669604 0.00686211971351236 4.693726136700757
285 0.9978459204387399 0.008514658330653901 0.0013788367761793374 4.694164077919222
290 0.9982401942199189 0.0069694086484046736 0.0021113705430708674 4.693760652435485
295 0.9987240259759028 0.005081210623884225 0.0037618232773231064 4.69380602004477
300 0.9985404818794377 0.005805252148100237 0.0005006454444960173 4.693016762234486
305 0.9978251016915763 0.008664087001655219 0.0014900314162769046 4.693496132999454
310 0.9987084878006462 0.005144480861245526 0.0022179679234561878 4.693279661172085
315 0.9978085952939386 0.008668265966695898 0.0017129392589838588 4.693247775200144
320 0.9963778400389892 0.014295371469589035 0.007664552433344962 4.693768500100511
325 0.9976940841627868 0.00911619115122253 0.0019317465688586388 4.693978694187561
330 0.9986924270437127 0.005213520186824638 0.0035766552960272424 4.692605394120506
335 0.9985200689155715 0.005892788439269658 0.0011403164284629064 4.693135637721746
340 0.9958418738399775 0.01634629234058682 0.004811110193296386 4.694007477335346
345 0.9986537190222187 0.005371861036529424 0.0010244797036376152 4.693460697385883
350 0.9981385058764821 0.007372261825368653 0.000489970288323871 4.693402240527977
355 0.9985320809562636 0.005839314331950618 0.0017426501372710401 4.693112237351096
360 0.998566122762555 0.005703000100213629 0.0022709894208103876 4.692875585879336
365 0.9977159260092514 0.009043929353666158 0.0016031391043898058 4.69305033514022
370 0.9984779140212151 0.006035647966294633 0.003914624319293347 4.693130393917629
375 0.9986785414215311 0.005247014637841829 0.0006438255267946502 4.692972077584787
380 0.9965774779642225 0.013524663199323328 0.0029693650427806695 4.693046418821386
385 0.9987384216679381 0.00501836923309984 0.0020075812273327998 4.693227583940614
390 0.998608423736397 0.005522220826729374 0.0024344779706200192 4.692925361425223
395 0.9974768917722077 0.010064723145755572 0.004776472410300769 4.692572144697994
400 0.9977369340277087 0.008942783179853642 0.0023143208204920995 4.693370978650065
405 0.9986819965139361 0.005238931485820331 0.005784371019514234 4.693598949767331
410 0.9985001909352321 0.005969789749904031 0.0009664545269887359 4.692516661595993
415 0.9987645919994543 0.004928024971419198 0.0012738245692012207 4.693183238779136
420 0.9986211839734956 0.005493823952595456 0.004370487681830015 4.6923855241254016
425 0.9987799035934511 0.004870424704730425 2.525673082742763e-05 4.6934401734947775
430 0.9977096133730009 0.00906068328631715 0.0035707887368194857 4.6935247577215655
435 0.9947946434829541 0.020591743058601786 0.0034442350817291967 4.692658136103086
440 0.9953746344058458 0.0182287651658104 0.0031269286241626393 4.6926505016024365
445 0.9979891943833344 0.008006626611234857 0.0006492361607020047 4.692393356489858
450 0.9988146679585048 0.004721435433499899 0.0010888702674205497 4.69361335107417
455 0.9987965169648781 0.004793185044975168 0.00851781563160614 4.692480045843085
460 0.9980620564373919 0.0076776913207670106 0.0004172896750826993 4.692599608270731
465 0.9970554876329971 0.011728757742276663 0.0002669916318596144 4.692767574184798
470 0.9985967239109093 0.005585580367109877 0.0015215902350211863 4.6929725921511265
475 0.9985510028595843 0.0057542373738384 0.0009713617685298548 4.691936933917614
480 0.9983988069491498 0.006355615802897674 0.00190105238988858 4.692071388934056
485 0.9987551251071074 0.004963814920932563 0.0013003705615663996 4.692563096927716
490 0.9982836041442499 0.006832671817648794 0.001596949255060709 4.692331877662514
495 0.9988287832132103 0.004662306802914351 0.0026817960355320913 4.692669837362937
500 0.998658646450159 0.005327192319452223 0.004446840045662093 4.692301175539958
505 0.9973826426375331 0.010437039463530695 0.000510801344025591 4.692299174040732
510 0.998405750036637 0.006349994312912166 0.0009670774533752091 4.692388082776777
515 0.9984104830122992 0.006311285127712729 0.002792491359756344 4.6923972322675835
520 0.9986496890255258 0.005362728301335551 0.00097323327718013 4.692385927129175
525 0.998714582916012 0.005114184449412029 0.0018164864583329887 4.692369404784753
530 0.9987710443868039 0.004882749002689479 0.0020919706486037803 4.692677367810053
535 0.9978025363483662 0.008755820556348048 0.0012470245863436258 4.692399339658656
540 0.9983765963079052 0.0064466207675373255 0.00577890761008959 4.691680152867539
545 0.9983197979853449 0.006663394752711049 0.001724505444332669 4.691903846280218
550 0.9984323373466026 0.006218976687294209 0.0007052585244715637 4.691724751837862
555 0.9983000257382613 0.006733286470754329 0.002494051111413098 4.692047401289471
560 0.9980211223465604 0.00782990478503276 0.0016655156179727904 4.692045979460685
565 0.9983661427118793 0.006504707151886002 0.0028868086487832123 4.692102880975173
570 0.9987850626303586 0.0048306835609253085 0.0021402300054162993 4.69251480239723
575 0.998596635575012 0.005570207328540633 0.005754261210064726 4.69205271130078
580 0.9988346086310456 0.004640594779339757 0.0067368680899533295 4.692348136601938
585 0.998538223363155 0.005803312935277027 0.0012730989465539189 4.691611562806549
590 0.9982658097389677 0.006903853806278448 0.0021420949554400437 4.692038539262518
595 0.9988557816727411 0.004559500689893525 0.0014790321643025628 4.692068060148124
600 0.998898948922397 0.004379663983997695 0.00048118372968297685 4.691989553491117
605 0.9987561010949131 0.004937133998751619 0.004443146282951949 4.691840039940121
610 0.9966513180805362 0.013365448723476447 0.005669626438870701 4.691857750890074
615 0.9981957754095708 0.007198918411701172 0.0012568116251736594 4.692000576131656
620 0.9977340022749899 0.00897362469731977 0.0005437388784517161 4.692015205965456
625 0.9985525090810837 0.005739273320209293 0.0003237333377072993 4.691420617272329
630 0.9982487159284538 0.006970064565270384 0.0019486547158804601 4.691849558102058
635 0.9989032057982311 0.0043648247340035695 0.0008628988532597415 4.692395476246877
640 0.9986883350795067 0.005212692734363422 0.0025384268300405743 4.691859825013535
645 0.9988896317613141 0.004426594657785721 0.0006879499954424162 4.691050551143983
650 0.9940547984791293 0.023692878324344413 0.004378771671968762 4.690897513665113
655 0.9979561726386896 0.008102437003872254 0.0051953804864373065 4.691556616170381
660 0.9985956876222415 0.0055942136058781955 0.003376129538623873 4.6916966223110705
665 0.9988925740406903 0.004419520148344347 0.0003464948281588498 4.69193077792297
670 0.9980231631877325 0.007848983799102704 0.0038101934725436326 4.691089963833454
675 0.9983119691482358 0.006683998668846947 0.0038165524684601326 4.691840802702377
680 0.9989550515372352 0.004153771331439238 0.0016000106540954295 4.691721112897813
685 0.9970692413625591 0.0116206029972723 0.003620162503717106 4.690777543470364
690 0.9989788942259207 0.004053700635989976 0.0018150697078369582 4.6912209203082345
695 0.9971313250891903 0.011349000669593323 0.0008987093444168259 4.691261517132188
700 0.9990218413547138 0.003880545204681063 0.005381893630231671 4.6915958214244755
705 0.9987877288960795 0.004822689122254253 0.0030521059606503087 4.691752595236841
710 0.9986664098727553 0.005297735659555158 0.0023913345756088056 4.691484350633608
715 0.9984333833409547 0.006214642997183439 0.0006230847433654763 4.691092421180797
720 0.9989275996066959 0.00426484970293739 0.0010055856727479995 4.691368300641159
725 0.9984331443575187 0.0062182149890537275 0.0034756070977555176 4.690930531771734
730 0.9986685281565165 0.00528999949061415 0.003400732766703829 4.6908821371642455
735 0.9974039775543055 0.010386813551323648 0.006398343587491029 4.690626550686516
740 0.9974878470987223 0.009981779488110298 0.002734734231844005 4.691695204614728
745 0.9986464391616969 0.00539478932607107 0.0006011113063137952 4.691271931293091
750 0.9988883596320679 0.004421013574084753 0.0021008526349430845 4.6906864328378886
755 0.9974649738175329 0.010049794225685638 0.000717857116814713 4.690814968268004
760 0.9953882017416553 0.018460240861094768 0.005054673866214721 4.6911925740288805
765 0.9990289242283797 0.0038707903178112346 0.0012604914089209274 4.691007931232144
770 0.9988666757111879 0.004505573935256635 0.0020605457186857468 4.690759234168775
775 0.9989673199457679 0.004113416290927319 0.004502313261660396 4.690920845732873
780 0.9987336965161981 0.005055560336385767 9.221441929119223e-05 4.690284037907192
785 0.9970817822114568 0.011649619704196645 0.0021296211108925434 4.69078002734651
790 0.9989567474365563 0.004139801823040301 0.0014777439852280416 4.69066232153703
795 0.9990248880217886 0.003874568124983213 0.002681796430118677 4.689947144834019
800 0.9988861797537045 0.004450651550314433 0.0021814138644948855 4.690025011069582
805 0.9989176332222588 0.00429417448169378 0.0012656415475982286 4.689447699842475
810 0.998910423367159 0.004324081848456451 0.0006830874199761361 4.690659074003255
815 0.9990323280957377 0.003849762138694146 0.0020590237521331822 4.690313151503709
820 0.9989865861627134 0.004027688080269876 0.0028891371391457366 4.690143824810519
825 0.999140871782572 0.003420289107556762 6.479195697317586e-05 4.6904416384809045
830 0.998504572667039 0.0059950332034723885 0.0008545864145061977 4.690600660222713
835 0.9989136451973474 0.004329904762029102 0.0021381672460254464 4.690918738831757
840 0.9985958352331143 0.005571188394106308 0.002009540942801813 4.690204295052569
845 0.9991723821322144 0.003302904300297449 0.0008987617225726385 4.6893926500862575
850 0.9990630914647907 0.0037377178325472826 0.0007994881000283893 4.690003811181648
855 0.9989364943063932 0.004219111296317912 0.0007734343001923882 4.690179528052909
860 0.999117657398719 0.0035201114590455163 0.0014911083083339882 4.690221981832882
865 0.9981665851773074 0.007339709343233025 0.0012241147734972646 4.690287140676561
870 0.9991739621253231 0.0032999846702681523 0.0025854783647343282 4.689908428742165
875 0.9989618736382241 0.004111411436130474 0.0003997809197484603 4.689904193440394
880 0.9989233417444477 0.004265972229045012 0.004066527828988642 4.690009567761411
885 0.9992208320410083 0.0031013167577027545 0.003698619034835149 4.689785960694565
890 0.9992136299170535 0.0031274706505719507 0.0024743116341867655 4.690200224515387
895 0.9989976669192844 0.003974047182459195 0.002597625461479014 4.6897561841204745
900 0.9992558016222555 0.0029593884087057987 0.0023915486037990874 4.689999010159639
905 0.9989691768065327 0.004098973018090035 0.0012118245340795308 4.689444225937283
910 0.9987950594223132 0.004822266375883899 0.0006182427355383435 4.689866825069986
915 0.9992644742928709 0.0029275191401598732 0.0029245209759101165 4.689067673951902
920 0.9984254921414696 0.006275360121512641 0.002051331665171796 4.689048024032751
925 0.9985684788073521 0.005734102181195411 2.117447450222798e-05 4.689645522265334
930 0.9991475013292521 0.003387384554797812 0.0035086046016867822 4.689660475783186
935 0.9992837669807987 0.0028477643108413275 0.0004916411177982027 4.689475353600505
940 0.9989911567917508 0.004024606420250265 0.0014945928708454126 4.68924435356189
945 0.9991538483067535 0.003359725213151421 0.004228422798815412 4.689264889104277
950 0.9992518483426579 0.002984747038841995 0.002101821679926452 4.689458384965898
955 0.9992909839030097 0.0028154261203798825 0.005586918496165882 4.68943374696146
960 0.998233188464379 0.007069906761078215 0.0010991789023757637 4.689476698615099
965 0.9991636363889528 0.0033147646330577984 0.0018702136725039509 4.68938102878165
970 0.9990603877556228 0.0037461151113458158 0.005047474403377716 4.689132004059864
975 0.9992999362614239 0.0027874551811803983 0.002947866632650342 4.689805471442234
980 0.9989158978341337 0.004336940806815903 0.000513315164460959 4.689020075708725
985 0.9978503914411312 0.008505487004823564 0.0013992076864517422 4.688871821899685
990 0.999276468008018 0.0028774267903051154 0.0029985512908683454 4.688741824056398
995 0.9983987289595293 0.006377735128434203 0.00022811002038580774 4.689040352001773
1000 0.9957099511173091 0.01738489453398362 0.004165964728064964 4.688488483490848
