0 0.711279333701627 0.6813933244036616 0.0003939903027845304 0
5 0.7138064684628995 0.6743054090587695 0.00043046302757332455 0.6931397509685191
10 0.7137246829028865 0.6745343155586605 0.00014517677853209676 0.693143045771761
15 0.7136940677992714 0.6746200128997235 0.0007080289211249813 0.6931439106561161
20 0.7136893426523372 0.6746332410140456 0.000129860651468805 0.693143663274317
25 0.7137452818677691 0.6744766631075785 0.0009062643771549084 0.6931449766525469
30 0.7137271286892293 0.6745274751814514 2.0006515365489363e-05 0.6931405977501118
35 0.7137041772603376 0.6745917199996461 0.0001364753709773847 0.6931427615351136
40 0.7136702619496849 0.6746866588149696 9.30591129124636e-05 0.6931444320925685
45 0.7138260829309631 0.6742505276020201 0.0004490702245684153 0.6931407420468692
50 0.7137586526777278 0.6744392460913118 0.00025117322172851786 0.6931468400426618
55 0.713728876932309 0.674522588527819 0.0006164384135746159 0.6931456721656197
60 0.7137796424039262 0.6743805024201159 0.0008416518393227213 0.6931426776183875
65 0.713602422141224 0.6748765840583197 0.0006056919425041496 0.6931431499417713
70 0.7137520624877265 0.6744576969669636 0.0009245003648742367 0.6931483384102619
75 0.7137820675053057 0.674373719326401 0.0009001541008362146 0.6931429469492698
80 0.7137335639351154 0.6745094763490005 0.0010124898630559098 0.6931407192013178
85 0.7137198794021863 0.6745477813738376 0.0004789775909678218 0.6931441849301931
90 0.7136972474137546 0.6746111327894071 0.00036819509074415 0.6931411551363037
95 0.7137118398820823 0.6745702874264943 0.0007132743773303751 0.6931433994474245
100 0.7137173959122607 0.6745547368416067 1.9188358995281263e-05 0.6931445589917707
105 0.7137697314143356 0.6744082537151168 0.0002582905712743555 0.6931416265419508
110 0.7136413719059365 0.6747675527340395 0.0005791566170175733 0.6931464173153011
115 0.7137096045072112 0.6745765500568988 0.0005041175655371433 0.6931445118389271
120 0.7138063067054237 0.6743058941636599 0.00027893485263774664 0.6931447847427418
125 0.7137288542162843 0.6745226714415238 0.0004915856237961425 0.693143963247197
130 0.7136710408001061 0.674684502840029 1.4750527211226938e-05 0.6931430801176113
135 0.7136637113427957 0.6747050218433035 1.410546407165647e-05 0.6931434608037046
140 0.7137033708623816 0.6745940056900075 0.0001374328731198471 0.6931406811310121
145 0.7137918274400099 0.6743464235961021 0.0006265383267889391 0.6931432259795719
150 0.713774934568026 0.6743937037389207 2.5887976960126124e-05 0.6931428587044708
155 0.7138207743712734 0.674265415129137 0.0009262194504805477 0.693146876043829
160 0.7137218968484668 0.6745421550273161 0.0002718609693672658 0.6931407466326782
165 0.7137019282782224 0.6745980506848048 0.0009724031141076228 0.6931440476030079
170 0.7137022175636754 0.6745972423229771 0.000818465321341888 0.6931435180262406
175 0.7138047118743538 0.6743103729090449 0.00043327801757608864 0.6931377694309737
180 0.7137103171557251 0.6745745729879613 0.0008373404373585025 0.6931431191010562
185 0.7137573975038349 0.6744427966753437 0.0014066953113662795 0.6931450762650825
190 0.7136835149477169 0.6746496001915552 0.000356209850096878 0.6931426531415759
195 0.7137949621488014 0.6743376646348822 2.8579153298347038e-05 0.6931450408279108
200 0.7137769791199404 0.6743879955513079 0.0014773714405016403 0.6931480218596701
205 0.713725424532106 0.6745322932498694 0.00036254849606298656 0.6931435766299339
210 0.7136948327782715 0.6746179245831319 0.00045228700568034075 0.6931443303748752
215 0.713790262440444 0.6743508234012676 0.0017695492092753007 0.6931400408746105
220 0.7138206833754273 0.6742656883773881 0.00012818228835487222 0.6931436105235643
225 0.7138428140745708 0.6742037575652335 0.0012112571331326372 0.6931421795215826
230 0.713754738613369 0.6744502513156403 0.00011408042929983431 0.6931483809689911
235 0.713690141610116 0.6746310629989871 0.0005633925689747521 0.6931441684798877
240 0.7137686343449512 0.6744113620876642 0.0001172172601254795 0.6931394608463036
245 0.713722536362132 0.6745403884313781 0.0009962490371322463 0.6931442526515523
250 0.7136989516426071 0.6746064060003212 0.0004943388285016947 0.6931417230809991
255 0.7137980520536107 0.6743290340393298 0.0003349398489498334 0.6931446581494086
260 0.7137839673358415 0.6743684541572359 0.0007678518988110117 0.6931423121991033
265 0.7137094593048103 0.6745769975661478 0.0001416886370544379 0.6931425746653672
270 0.7138140872918732 0.6742841619164515 0.0010782643432653005 0.6931431479535014
275 0.7137301409807242 0.6745191110705875 0.001667802605276436 0.6931446417277762
280 0.7137773041866491 0.6743871081882125 0.0006106739227105251 0.6931428138775877
285 0.7138182834258422 0.6742724230969563 0.0008326535271587776 0.6931429569232299
290 0.713666438303581 0.6746974300225372 0.0005579116626333036 0.6931430998180348
295 0.7136867578682049 0.6746405511415294 0.0006762573225630453 0.6931440904727653
300 0.713738580453311 0.6744954960678964 0.0002881596086006244 0.6931423967879492
305 0.7136985688349499 0.674607492600066 0.0004960843848449414 0.6931448551637784
310 0.7137883521620445 0.6743561964095139 0.001022448508069984 0.693139691122975
315 0.7136544569220714 0.6747309771270751 0.0005106191526205173 0.6931399933090023
320 0.7137088628560795 0.674578682306874 0.0004737118687212494 0.6931429184658876
325 0.7138283408712647 0.6742442886725135 0.00029437054512004845 0.6931394622045104
330 0.71367942440529 0.6746610888371789 0.00012943094940864874 0.6931439356697007
335 0.7137236435262719 0.6745373140912236 0.0008775361604504983 0.6931433871517365
340 0.7136623041409025 0.674709016412586 9.322240838427476e-05 0.69314377802288
345 0.713748582404566 0.674467513693737 2.3411681137064377e-05 0.693145832127843
350 0.7137661284230256 0.6744184062871901 0.0011685616484715666 0.693142836950411
355 0.7138197222027111 0.6742684165069104 0.0004514185565678286 0.6931449653367505
360 0.7137859792254704 0.6743628515449138 0.0012261720669968224 0.6931409644427007
365 0.7137177687883851 0.6745537660511005 0.0008662284888045768 0.6931432439198351
370 0.713735078947109 0.6745053159860082 0.00024308429283170785 0.6931431995580604
375 0.713731720552037 0.674514717475099 0.00010983725597057958 0.693146717489103
380 0.7136844451857357 0.6746470479177464 1.668431386470104e-05 0.6931389495386437
385 0.7136985155649438 0.6746076635126164 0.0008240870765505726 0.6931438236076731
390 0.7136747399562786 0.6746742182059262 0.0006900458951450972 0.6931427221942696
395 0.7137374475617396 0.6744986932725787 0.0002448347774088866 0.6931430115513912
400 0.713800738472032 0.6743215566537439 0.0002803373664557185 0.6931431716023095
405 0.7137033194110536 0.6745942222674968 0.0012398712690957492 0.6931450179297636
410 0.7137019288165762 0.6745981160498651 1.8513756979254836e-05 0.693144669581705
415 0.7137784022461953 0.6743840727369337 0.0005635807413044702 0.6931444017507107
420 0.7136949153233048 0.674617750646076 0.0009376540812747747 0.6931440746446408
425 0.7137563021079667 0.6744459293965068 0.0009572894797820197 0.6931460952248709
430 0.7137237280895439 0.6745371034616954 0.0013134329199422368 0.69314202881692
435 0.7136870695993105 0.674639716518731 1.7094942750484066e-05 0.6931443396928466
440 0.7137444539271857 0.6744790952532096 0.0009779411979093933 0.6931421125116219
445 0.713652428009345 0.6747366916338489 0.0005132946199986055 0.6931438412575281
450 0.7138210616225037 0.6742646950282607 3.309816834518031e-05 0.6931439351734098
455 0.7138341959160903 0.6742279404425036 0.0002996355297085751 0.6931441032020615
460 0.7136427489881192 0.6747637912086661 0.00021779525804088706 0.6931408557054075
465 0.7137332216962973 0.6745105403435789 2.2047202626884754e-05 0.6931426567217472
470 0.7137386290670715 0.6744954066471975 0.0008308135916630377 0.6931451392802278
475 0.7137911961208225 0.6743482830401191 0.00012354264453307007 0.6931415816931066
480 0.7137099796510764 0.6745755996555176 0.0006058735844801655 0.6931456982697354
485 0.7137075706465505 0.6745823440984231 0.0003536484773641879 0.6931422779241767
490 0.7138406486686795 0.6742098926879425 0.0003037054950334461 0.6931417788564562
495 0.7137959009945525 0.6743351213837547 0.001051641416327076 0.6931435925533042
500 0.7433788842131592 0.5948353178915178 0.43052289596192694 1.3257713115431364
505 0.8580150642488731 0.33533842246388046 0.2648693514125843 1.044127396291482
510 0.9116409591483763 0.22048415247684505 0.19238601028492086 0.9198828925211079
515 0.9406582576811741 0.14581104073822804 0.14456950240170396 0.8436262263187055
520 0.9617712966758427 0.08867638926279575 0.0896154656249244 0.7852676962723771
525 0.9761613453673041 0.05236706469540853 0.053749736331665465 0.747451134860012
530 0.984558955203487 0.03261097503258159 0.018627904934748307 0.7267595385352181
535 0.9893795320584955 0.022008331991282937 0.03128939613339521 0.7156933403916309
540 0.992276864468188 0.015994652371355222 0.004507420856790567 0.7093431277901273
545 0.9940737233783863 0.012219394239139314 0.02007962096865834 0.7054635732685748
550 0.9952768746393579 0.009705435813590624 0.009840545945416057 0.7029241454647045
555 0.9960791457978064 0.008309845214126144 0.0034537967213568166 0.7010243650652415
560 0.9967228981926204 0.006844282538896573 0.03179552545157183 0.6998094420506261
565 0.9972154356445331 0.005668323423316912 0.0005793999330794275 0.6988911994256535
570 0.9975807517157647 0.004915722247307963 0.0015346229459050065 0.6981304438615246
575 0.9978701381874152 0.004292091386870478 0.0015967896420957528 0.6975774823723809
580 0.9980712046141451 0.0038668060190922837 0.020898757818870628 0.6970220668364887
585 0.9982999528332499 0.003426364366748036 0.0022141458950365456 0.6966632493755773
590 0.9984445032938947 0.003222190952576809 0.004348058984298464 0.6963256755920704
595 0.9985958316341761 0.0028529248085422676 0.00017454985582376903 0.6960556632635775
600 0.9986223736233568 0.002842468180627278 0.00570056979524991 0.6956944532540299
605 0.9988114621485049 0.002380449499627124 6.647772312107225e-05 0.695623930118225
610 0.9988873731710934 0.0023044890606361834 0.011074642876903296 0.6954485548676621
615 0.9988541167691041 0.002636178957477031 0.014871254762177322 0.6952342529188287
620 0.9990292961180891 0.0020199585317690616 0.005046822979661636 0.6951892445973508
625 0.9990717108702236 0.0019783342078899535 0.0006358491010267642 0.6950532950718376
630 0.9991399267382877 0.001737013512867036 2.977615836585734e-05 0.694913999708385
635 0.9991909214994354 0.0016890594346632426 0.001467233760260367 0.694845877291563
640 0.9992294895216537 0.001622441757140436 0.001586661349125551 0.6947717894037538
645 0.9992872468488596 0.0014543608619090875 0.0008872723147101969 0.6945263679154173
650 0.9993269165853949 0.0013598171921028746 0.00011440828249931201 0.6945317621656274
655 0.9993591930986525 0.0012961449751482945 0.0005485006783325641 0.6945332052923986
660 0.9993625904461083 0.0013601608093978257 0.00016740020636740738 0.6945020040440799
665 0.9994130511189401 0.0011988070350802404 0.0009193060239638395 0.6944314613944429
670 0.9994321848417512 0.0011463340069207684 1.8285381965688075e-05 0.694319170221017
675 0.9994587199875937 0.001114563722726336 0.0008222999776115181 0.6943438378989696
680 0.9993853550013096 0.0014756435315756988 0.00013634395028194746 0.6942467709159432
685 0.9994976730911298 0.0010427340495312576 0.0006527096457233927 0.6942436313346723
690 0.9995273547748211 0.0009493040055691404 0.00013289620294054671 0.6942614317989657
695 0.9995194645201212 0.0009950397536752087 0.0015312697796215913 0.6941674951870297
700 0.9995577978521113 0.0009005391182955735 0.0001827704953005771 0.6941465515290731
705 0.9995141862832013 0.0011230758387617001 0.0016596710699258166 0.6940677193987557
710 0.9995287593967309 0.0010924783801062876 0.0001904614300169971 0.6940738833359015
715 0.9994750320342802 0.0012687847150569809 0.0007448575628222764 0.6939158534724116
720 0.9995556268276188 0.001035547494218192 0.00019157102032096862 0.6940409559478617
725 0.999613797213834 0.000792941666926783 0.007949136347490948 0.6940312795137848
730 0.9996243817001782 0.0007962630313245178 0.00044124848267390604 0.6940863945743695
735 0.999585791937411 0.0009811178035700197 0.0016656279070584867 0.693919730782483
740 0.9996520621734495 0.0007240400446903994 0.0010891037015743343 0.6939529313061253
745 0.9996671690405045 0.0006698264895493855 5.631126634320083e-06 0.6938511796034551
750 0.9996759351785374 0.0006628645968417279 0.0005587371953725828 0.6939301969040875
755 0.9996883283872957 0.000624899461873385 3.80413460154827e-05 0.6938536181491015
760 0.9996966406279766 0.0006089382735070537 0.00011138542509769866 0.6939028523904696
765 0.9995550899312833 0.0012144321024217808 0.007119773005984209 0.6938235444717097
770 0.9996959445699963 0.0006324014722833837 0.0004292594349804002 0.6938470848407745
775 0.999718965086546 0.0005634800547713592 3.6426234731545826e-05 0.6938427930332487
780 0.9996807217202897 0.0007440251782963037 0.00020826764802062137 0.6938152463583943
785 0.9997116316182395 0.000629204456673027 0.0012466058455748996 0.6937621749766509
790 0.9997345488331955 0.0005365893266066069 0.0007445312465599319 0.693870261710827
795 0.9997330547111756 0.0005653136771526235 0.0005982978133042272 0.6938595426806402
800 0.9997501657725655 0.0005024874989805195 0.00014483654987229588 0.6937343941192136
805 0.9997272751064303 0.0006137494196212234 0.0008482182376801095 0.6937550516503488
810 0.9997571252879371 0.0004989760379178199 0.0005764901129794442 0.6937798598118968
815 0.9997537637905997 0.000525018791094567 0.0003847107753134349 0.6937227943989953
820 0.9997406144586969 0.0005903125836737022 0.000194768428308012 0.6937667322870225
825 0.9997755675961294 0.00045115502928883 2.00353954360466e-06 0.6937089016268064
830 0.9997583584022418 0.0005360176453377274 0.002398014581098673 0.6937350139515626
835 0.9997483686744995 0.0005863746666561198 0.0016454667009406787 0.6937305615964953
840 0.9997833553997033 0.00044152683099407675 0.00011937712217369167 0.6937753936030827
845 0.9997841105334331 0.0004550583480003034 0.000893996175482914 0.6937067602249316
850 0.9997406668203008 0.0006426632298908164 0.0006885032711623218 0.6936917809607804
855 0.9997999007904165 0.00040159351707158564 0.00010969494021484394 0.6936457731238176
860 0.9998039267707436 0.0003937259386710412 4.46416962369689e-05 0.6937372843156885
865 0.9996969547640755 0.0008419982192939823 0.005658237975017633 0.6936096600813311
870 0.9998102205526912 0.0003834239750268864 0.0003167518937374769 0.6936679182747999
875 0.9998007514988796 0.00043169679258547866 0.0006141660959722017 0.6936632613886283
880 0.9998167883938893 0.000367889623151596 0.009849544759431672 0.693632235208993
885 0.999815858127294 0.00038158232944007775 2.4053424356740294e-05 0.693570315150988
890 0.99981671287023 0.0003846293628205766 0.0005251850350347365 0.6935980511891221
895 0.9997946954780822 0.00046673283222542494 0.001963975228587933 0.6936455047615298
900 0.9997977762961697 0.00047512014195505436 0.001804937176391297 0.6935993700718545
905 0.9998182454028545 0.00038674073333200276 0.0008933339149044262 0.6936557721649137
910 0.999829235529458 0.00035592013076635176 0.0007507968330320303 0.6935895493337153
915 0.9997713899409115 0.0005986296979645367 0.007118088464506678 0.6936127790686253
920 0.9998337066792591 0.0003422000423729532 0.0003634071201323863 0.6935403020752993
925 0.9998389569702677 0.00032698759868476923 7.275220409219685e-06 0.6935840755014747
930 0.999842763129192 0.0003199073478021841 0.0003184232073049076 0.6935858093787867
935 0.9998422271407523 0.0003275916480978136 0.00024113620701138316 0.6936261695557873
940 0.9998466637439196 0.00031024518330924344 0.00023861855416418276 0.6935122806415751
945 0.9998506911974478 0.0002999162245643783 0.00010174628466419477 0.6936080405858562
950 0.9998286546900417 0.0003863772729582049 0.0004362167986630139 0.6934877474131628
955 0.9998454071028227 0.00033280021043857744 0.0008011733181607639 0.6936111161400313
960 0.9997923480938349 0.0005356369883795509 0.002420531232793399 0.6935311372036924
965 0.9998105843376099 0.0004834102628092918 0.003452668635096967 0.6935994971274992
970 0.9996392828857708 0.001178263192257667 0.002504681088526417 0.6934772313469488
975 0.9998562978750574 0.0003037695111953731 0.00012525725251688602 0.6934115126199297
980 0.99984708408485 0.00034574157251776594 0.00206672528285079 0.693435082991766
985 0.9998649809808935 0.00027245672666609266 0.00021331308679894967 0.6935349653268825
990 0.9998574285121857 0.0003037085465004141 0.0011302561247128473 0.6935140181972439
995 0.9998111589390706 0.0005023716987870852 0.002864035749874372 0.6935532836566742
1000 0.999870106258246 0.00026395350115149263 0.00019892440324442706 0.6935535053537386
