0 0.7025225534426621 0.7062869058384778 0.008361237471388616 0
5 0.7075087881835194 0.6921381729282798 0.0004484756456064609 0.6931434723880514
10 0.7075446435908264 0.6920368369741741 1.8037610526322467e-05 0.6931418755002992
15 0.7076107743759419 0.691849962885958 0.0014435979320686076 0.6931428517951944
20 0.7076544449679902 0.6917265669451429 0.0003432559019855841 0.693138372370224
25 0.7075663164869397 0.6919755580285485 0.00010706400182802778 0.6931426083388366
30 0.7075399463903056 0.6920500612321911 0.0010865647548825574 0.6931425865723359
35 0.7075604503010331 0.6919921092207995 0.0007333182101051383 0.6931435118831395
40 0.7076781586689413 0.6916595221453588 0.0015137512692553479 0.6931346496265958
45 0.7076434306792043 0.6917576230229288 0.000735359997014462 0.693142632251339
50 0.707592063187087 0.69190274603308 0.0003848594593935939 0.6931432545048314
55 0.7076147385270002 0.6918386647141828 0.0003127554199255922 0.69314215004804
60 0.7075152275853913 0.6921198399532102 0.0005396105794097661 0.6931418050541427
65 0.7075547903672786 0.69200802941849 0.000848197364593628 0.6931408285189516
70 0.7075951355343915 0.6918940155266602 0.0016226425051294457 0.6931432746506132
75 0.7075183907571723 0.6921108639724745 0.00012788177184330785 0.6931396787053796
80 0.7076179090611151 0.6918296457182869 0.0007500723781790342 0.6931441476926681
85 0.7075572296300235 0.6920010885896108 0.0007297885802021176 0.6931419279189922
90 0.707542405232555 0.6920429666073127 0.0004623264258554194 0.693141419386195
95 0.7075445011982495 0.6920370312795567 0.0002598763503953716 0.6931443666163336
100 0.707608074715196 0.6918573838605173 0.0013004235042621826 0.6931431612469992
105 0.7074996648478495 0.6921637104204561 1.4137530783386865e-05 0.6931395365847203
110 0.7076182355401628 0.6918286509256277 0.0006069147764902194 0.6931427419856407
115 0.7075624363913576 0.691986303353346 0.0009946094469489575 0.6931395587063781
120 0.7076146922601712 0.6918386392952132 0.00040623239596582206 0.6931425471143718
125 0.7076330561443862 0.6917867420074657 2.819192998115838e-05 0.6931396152589062
130 0.7075770190907908 0.6919450615938358 2.1695583179770495e-05 0.6931407156536572
135 0.7076046567377285 0.6918669579316767 0.0010109466602277184 0.6931390760565873
140 0.7075059387531775 0.692145896638114 0.00020257967602499427 0.693145086470972
145 0.7076214955303897 0.6918193569289468 0.00011968897271064094 0.6931405877700411
150 0.707644915743917 0.6917531749178263 0.0005875708555919124 0.693142489492123
155 0.7076315790448173 0.6917908437611158 0.00047795975130937585 0.6931413440486205
160 0.7076140993870187 0.6918402179301024 0.0006950640750029713 0.6931407176699335
165 0.707562264767984 0.6919866680451279 0.0006562917532668688 0.6931415412943022
170 0.7076385294133797 0.6917711698282951 0.001190107211706648 0.6931421877244816
175 0.7075840518910912 0.6919250808950048 2.2593651716640295e-05 0.6931429067449661
180 0.7075474685682539 0.6920284421737313 0.0007537972596158848 0.6931401149002393
185 0.7076263029725631 0.6918056786863516 0.000621412178781755 0.6931421999342179
190 0.7074671703583214 0.6922553390173891 1.1660127482882032e-05 0.6931386469347214
195 0.7075115810018278 0.6921298199962995 0.0017599690545783142 0.6931388114937148
200 0.7076266875403738 0.6918045562853998 0.000715968730257921 0.6931413489845225
205 0.7075277513936004 0.6920840995451893 0.000913458506200282 0.6931418856452161
210 0.7075367888161593 0.6920585490252114 0.00034005452686358684 0.6931392159020987
215 0.7075047319250416 0.6921491267552904 0.0003119061698646508 0.693141705454432
220 0.7075590962180731 0.6919954897786518 0.00023324260990986723 0.6931427045363866
225 0.707498598288687 0.6921664364105786 0.0007633836201355049 0.6931415875054776
230 0.7076358368904301 0.6917786348436215 0.0007889822200830565 0.6931412093039646
235 0.7076204755781659 0.6918220243237538 0.0004679072980136034 0.6931392532610435
240 0.7075511075903482 0.6920180167191998 0.00010491864577555354 0.6931420453327746
245 0.7076047546043686 0.6918664193911299 0.001018162457601779 0.6931434020396603
250 0.7075553831458825 0.6920059110191839 0.00014542934087069526 0.6931411789353369
255 0.7075235642690296 0.6920958135085389 1.6632381864667423e-05 0.6931381744301089
260 0.707492704912275 0.6921830086854213 0.000646241758642585 0.6931444002852885
265 0.7075174193343444 0.6921131535082528 0.0008101908501789712 0.6931449232476179
270 0.7075527021077799 0.6920134384390373 0.0001054553571843142 0.693142259815439
275 0.7076172962046918 0.6918309116157428 0.0011433843568511293 0.6931444384497147
280 0.7075503427196999 0.6920200812511168 0.001137970406467348 0.6931422392957064
285 0.7076495803217542 0.6917396748802336 3.083843279982901e-05 0.6931441500654141
290 0.7075554073203276 0.6920057458897482 0.0007760793718376569 0.6931441248123058
295 0.7075644788847498 0.6919801005534589 0.0006660626454386698 0.6931415568809087
300 0.7074831328745395 0.6922099621283819 0.0007053264736340825 0.6931407865373157
305 0.7075835701519058 0.6919261320136605 0.0002937195873085052 0.6931419148310108
310 0.7075604328200524 0.6919914975530923 0.0007466812629632891 0.6931439518742413
315 0.7075844851918109 0.6919235226895748 0.0009274700056823848 0.6931426116291209
320 0.7075930667462027 0.6918992633038652 0.0012238738566072715 0.6931443783203894
325 0.7075230496787128 0.6920970982386843 0.00036410366461736565 0.6931461082884652
330 0.7077027044237413 0.6915894862230716 0.0011884327730625754 0.6931393741730179
335 0.7075747585247602 0.6919509573343801 0.0006418042956930492 0.6931404723881175
340 0.7075705250974151 0.6919629070098967 0.0005472796345251663 0.6931436407148801
345 0.7075100750414967 0.6921337133047931 0.00012735303846778123 0.693137285375158
350 0.7074779603666836 0.692224458281395 0.0005955332025417981 0.6931431845204103
355 0.7075431872088962 0.6920401193329428 0.0005092097060432899 0.6931426740587152
360 0.7075525580975215 0.6920136275790663 0.00027117314890334754 0.6931403187902895
365 0.7076589387406262 0.6917130427561613 0.00028944430994637393 0.6931393688075764
370 0.7077125075799084 0.691561696973052 0.00039787281674041886 0.6931332501771199
375 0.7076188469937614 0.6918262887327409 0.0005633848524664309 0.6931408172534362
380 0.7074733100088029 0.6922375284360354 0.0001877615490576412 0.6931389990527715
385 0.7075580303754678 0.6919981039742349 0.0005312576798048863 0.6931437638620622
390 0.7076289084633225 0.6917978260302546 0.0018420625699626658 0.6931421084247513
395 0.7075448649279322 0.6920352820198052 0.0008835381599234804 0.6931444702969322
400 0.7076186233835169 0.6918268610132827 0.00047071592059722 0.6931407871018975
405 0.7075436411914403 0.6920387170318869 0.00022739083897038714 0.6931411231967474
410 0.7075478248122056 0.6920268832165255 0.0009773015734684254 0.6931422497499325
415 0.7074559794121303 0.6922864238391031 0.00020097170921640206 0.6931404418708211
420 0.7075825903303468 0.691928623544618 0.0018819513707035718 0.6931427868529173
425 0.7075883439112431 0.6919123551839941 0.0006662602229519088 0.6931404512285282
430 0.7076324198719616 0.6917878104708008 0.0005814373404345874 0.6931423200628699
435 0.7075415533388304 0.6920445449860249 0.00010391732742531801 0.6931428855202025
440 0.7076356222977322 0.6917787390732646 0.0009523132727331518 0.6931384630663752
445 0.7075811866559658 0.6919325308355488 0.00011276743949839574 0.6931392072433639
450 0.7076513829375708 0.6917341872191496 0.0003499122733854332 0.6931445249052725
455 0.7075451086732886 0.6920344509268201 0.00014332893415125447 0.6931400694888533
460 0.7075973261208452 0.6918868924292534 0.0005900645197256527 0.6931413716854018
465 0.7075643971296823 0.6919799229049814 0.0009346961116047936 0.6931458888596389
470 0.707651315325188 0.6917343302110717 0.0010832819808495042 0.6931399854127446
475 0.7076203944835096 0.6918216783813018 0.0010155387826009665 0.6931428885326189
480 0.7074416206660358 0.6923268488644094 0.0007366318534165472 0.6931426610934821
485 0.7074744733197695 0.6922339886872404 1.2852819420539063e-05 0.6931391316029217
490 0.7074763853131937 0.6922285730811093 0.000421264689821399 0.6931439986169505
495 0.7076109554224644 0.6918482990233605 0.0008498779223505837 0.6931376928431372
500 0.7434107718607763 0.5960620720855925 0.40951493496039193 1.3342090277595784
505 0.8607580277677589 0.33500090992518805 0.25659717418709105 1.0415545630289869
510 0.9082850573193846 0.2340238192285531 0.24193476943655545 0.9322585909686262
515 0.9346466861053389 0.16487228501113604 0.16553854399745804 0.862212165798567
520 0.9558693623890447 0.10578317714342655 0.12730302901886803 0.8025817757009129
525 0.9717776128191098 0.06314673535387871 0.0876314017855665 0.7586780791205368
530 0.9820296969974085 0.03856519855377072 0.01741389960065831 0.7329582657707399
535 0.9878233364005842 0.02541849365542448 0.046446179480966854 0.7192190004813227
540 0.9912235769357975 0.018064110795442456 0.01205598876160452 0.7115888445687704
545 0.9933366612397705 0.013600189722401401 0.03227469712810116 0.706991485156347
550 0.9947036748933868 0.010690032063882082 0.011019798847170525 0.7039820262645946
555 0.9957198962660254 0.008830632660345894 0.0001319153952556995 0.7019160020536739
560 0.9964215985503959 0.007249811511574666 0.012153765073898759 0.7005005283062854
565 0.9969525905855658 0.006173796108017604 0.002179482883999828 0.6993932773139552
570 0.997361582244146 0.005339740020925188 0.011518735306230599 0.6985733608849007
575 0.9976848707529797 0.004679730070250132 0.011355508883805765 0.6979190917517176
580 0.9979364334199675 0.004239045901081484 0.0006254778487786439 0.6973623187995418
585 0.9981357615779276 0.003879894347575741 0.010920838551396028 0.6969148482016494
590 0.998318793000355 0.0034841487144700034 0.0006325209586008906 0.6965361257836363
595 0.9984870269532744 0.0030623366337731994 0.0012122115007975331 0.6962543732724167
600 0.9986142701721066 0.0028078543043246196 0.0002970656370568925 0.6960360144014485
605 0.9987228442453993 0.0025948100861010737 0.0013969605539234653 0.6958251080119234
610 0.9988203206540982 0.0023658818577120266 0.009795034479865072 0.6954877782463893
615 0.9989041689577884 0.002214638644221112 0.0017716081308413179 0.6954453509772628
620 0.9989654969850965 0.002135019109488434 0.00012741011328976093 0.6952685983888319
625 0.9990441844105015 0.0019207339664715217 9.154988467430236e-05 0.6951006288708484
630 0.999071733796919 0.001963357563953494 0.0014280251815828038 0.6950559301136398
635 0.9991525225293998 0.0016970568237872907 9.091515146952833e-05 0.6949560301182361
640 0.9991851893395336 0.001694237003425303 0.0004422090054632122 0.6948593479782558
645 0.9991433965683165 0.0018526075576217327 0.0006630586774819536 0.6947076364846531
650 0.9992596912995074 0.001558737851901082 0.0012453109427933429 0.6946639412761725
655 0.9993166762589741 0.0013683808544874276 5.309352197657713e-05 0.6946018958878202
660 0.9993456064780892 0.0013349155438011628 0.0008402744928723838 0.6945380497518641
665 0.9993743837665108 0.001255418606818659 0.0003248630547267872 0.6944708847882869
670 0.9993921875974299 0.0012678363222541345 0.00018334566620781256 0.6944110340656955
675 0.9994184645500516 0.0012114855713513117 0.00036744005564082194 0.6943784867302755
680 0.9994545817301428 0.0010923919115732872 4.450695078150879e-05 0.6942326413187765
685 0.9994750012204767 0.0010655125105385466 0.018775182158129566 0.6943152287165318
690 0.9994216362751753 0.0012737402805876874 0.0032395522223729323 0.6941935636754595
695 0.9994858985688939 0.0011119994246306941 0.00019829172232188608 0.694194749659477
700 0.9995077252300412 0.0010203768185097495 0.0004001646927119795 0.6941273758041023
705 0.9995231581514346 0.0010283090918254967 0.0008801319506591687 0.6941434135730753
710 0.9994357089337949 0.0014239152447165226 0.005584082644088828 0.6941018296698042
715 0.9994878173282439 0.001239140145296913 0.0027635904938336786 0.6940202785281216
720 0.9995939930776807 0.0008145386696885026 0.00016720880337373067 0.6941308521878821
725 0.9995649019519851 0.0009743813533320544 0.002227526857457751 0.6940395857161705
730 0.9995381520767026 0.001110616878675641 0.005622091904897819 0.6939327211647892
735 0.9996130508024864 0.000822038015014237 0.01277928480048618 0.6940050138714706
740 0.9996280764216676 0.0007818498192453394 0.0004109154048700381 0.6940166306197603
745 0.9996498267355309 0.0007091634753407794 0.00012413595216864692 0.6938608119932872
750 0.9996586160995382 0.0006858269538989603 0.000205473568888781 0.6939396282567928
755 0.999623280301537 0.0008306052247259998 0.0019378596041815799 0.693932201850848
760 0.9996770877470059 0.0006485251273489201 0.0002824097077878118 0.6938702754280014
765 0.9996609028835788 0.0007202644327362062 0.00017381157038787176 0.6938618618380636
770 0.9996906653024854 0.0006354967776360798 0.0010711550344894016 0.6939206263660306
775 0.999701879510938 0.0006033501546804931 0.0004924868824209838 0.6938924539758564
780 0.9997031545351696 0.0006159371712839423 0.0008729402573608436 0.69385937342698
785 0.9996973791336412 0.000636788734815541 0.0012588790432727093 0.6938517165270671
790 0.9997158604315005 0.0005922123247565914 0.00023545016293691212 0.6938200288338898
795 0.9996884076216941 0.0007209343392956535 0.0017640033419477064 0.6938482214985413
800 0.9997071054147821 0.0006344926321228961 0.0011961242574825004 0.6937342573230613
805 0.999723017960616 0.0005850986024042992 0.0009333773823387848 0.6937777772430513
810 0.999741375822695 0.0005367660891382187 0.00013428198365861288 0.6937594835178343
815 0.9997494111885041 0.0005068549814273293 0.00017611307158293954 0.6936852220877691
820 0.9997446515122199 0.0005464546389339908 0.0024168824349533047 0.6937576018770278
825 0.9997430973851734 0.0005637209113720232 0.0009339195263988742 0.6937788336538878
830 0.9997669621492564 0.000468276647827337 7.443709580112756e-05 0.6937264624354522
835 0.9997692701654526 0.0004669111089889988 0.000742591123539027 0.6937433055677487
840 0.9997768458142249 0.00044991891277956775 4.645329310548618e-06 0.6936985185102316
845 0.9996918431402834 0.0008107226239089105 0.0014979627637470294 0.6936533745375018
850 0.9997811389187814 0.0004448550389757333 0.0006653592376777429 0.6937328552458871
855 0.9997721666803686 0.00048515829540018984 0.0007932974146055427 0.6937640768209686
860 0.9997885509718385 0.00043081650252618786 0.001120164950347946 0.6937191714028966
865 0.9997938890437559 0.00042322505439640334 0.00047945561171136575 0.6937183428682638
870 0.999727780729171 0.0007032335755333685 0.0043312118991170045 0.6936992799982221
875 0.9997823841927957 0.00048703860766630136 0.002375643827809082 0.693630422551415
880 0.9998076694615907 0.0003863205158454175 7.68817221441509e-07 0.6936777862934005
885 0.9997940838343219 0.0004525284389512718 0.0003299676831971521 0.6936933090661118
890 0.9997895795232214 0.00046389057275320056 0.0012090560326889488 0.6936352568394781
895 0.999804781394668 0.00042126090759264656 0.0007114020046292691 0.6936685889539589
900 0.999714412828139 0.000795758513927991 0.0010443598149776356 0.6936271185850031
905 0.9997414944640898 0.0006918019690345112 0.000873926418403892 0.6936324843921529
910 0.9997808899045793 0.0005197577839832768 0.0012355722124028912 0.693555987401083
915 0.9998029883148654 0.00043948016561978775 0.001417765199099419 0.6935045175053216
920 0.9998213879262469 0.0003819626914045582 0.00034062431616144195 0.6935897833272773
925 0.9998175042681507 0.0004035287146235689 0.0005629132311455454 0.6935934230518029
930 0.9998338406399552 0.00033653275386447135 0.00014326480990600743 0.6936314484355968
935 0.9998385131035856 0.0003242381129520133 1.8711402218762885e-06 0.6936117973622181
940 0.999839975317443 0.00032223230342465214 4.019142666300546e-05 0.6935931442054399
945 0.9998288641524752 0.00036768764178019 0.0006380036292972235 0.6936336007063366
950 0.9998231150034909 0.0004048894259714997 0.0001827262827100995 0.6936127074997188
955 0.9997207048410106 0.0007985765415392532 0.003567739003834003 0.6935195627746567
960 0.9997559704208046 0.0006861753837564821 0.0007288260335834851 0.6935416945777984
965 0.9997806082124122 0.0005718368224356674 0.001181960353697109 0.6935209640290827
970 0.9998355885584365 0.0003708895813776536 0.0011959573647944977 0.6936200465646791
975 0.9996208751594106 0.0012420706867859455 0.000792684715328118 0.693476782690994
980 0.9998103176716602 0.0004818459007390752 0.0022122012407131963 0.6934930846812339
985 0.999853027101608 0.00030543296456275737 0.001514624726384306 0.6935140122028356
990 0.9998339596627006 0.00038221779370162245 0.0006570312320792748 0.6935201960430458
995 0.9998587247218145 0.0002946180895166961 0.00015313216400492102 0.6934941605167773
1000 0.9998531785906015 0.000321437995018492 0.0012894022966165597 0.6934855623789783
