0 0.715463626656317 0.6699671187316409 0.001344672015247017 0
5 0.8375436431062137 0.3838750380724538 0.05251880638840334 1.0943323486735579
10 0.8964121778889453 0.2637807145756532 0.14497090224942755 0.9627458416946285
15 0.9258844757853972 0.19098122908221493 0.012061768968985032 0.8883243252269547
20 0.9479930242277437 0.12739138297222685 0.074960126499512 0.8245109642330424
25 0.9666430809591937 0.07691799405744226 0.010543317912525607 0.7730051695631268
30 0.9790086113335774 0.04564509762192559 0.009473847296234905 0.7403831788210197
35 0.9861592613275508 0.028901415999104785 0.014611905460423014 0.7228239186958736
40 0.9903283942889517 0.01984598251184666 0.002415433218066032 0.7134443838470661
45 0.9929199159236768 0.014648016560932176 0.0016345095234976403 0.7079479414231185
50 0.9944973529415694 0.011511657559505784 7.784073859440355e-05 0.7045264115937414
55 0.9955199729403619 0.00901552234677594 0.0020339088379270898 0.7022248183961143
60 0.9963380598356746 0.007506623940792045 0.0017383144307190346 0.700680980426135
65 0.996868213439066 0.006279833726873241 0.0002837687233356867 0.6995216079846334
70 0.9973377903509135 0.00540918921049971 0.00190143506794338 0.698667635731477
75 0.9976690173001955 0.004791160588560772 0.0006878221121207062 0.6979584999903125
80 0.9979424821146612 0.004210955564992291 0.0028625194849385416 0.697377970136178
85 0.9981222888850538 0.003981383039344144 0.0028224194057002716 0.6969255713243802
90 0.9983155878754171 0.00338098245133156 0.00024353009106126144 0.6964869933094137
95 0.9984520834541544 0.003125339250520609 0.0004586284044465483 0.6961632681164691
100 0.9986314916144974 0.002780526732277133 0.0016988784023513892 0.6959753263672586
105 0.998744857841915 0.0025225589018775807 0.01028882140143339 0.6957692668045569
110 0.99879646740718 0.002571016610048771 0.001709521015786808 0.6955456861221918
115 0.9989104306564295 0.002185579129869719 0.00016829222033187818 0.6953748833128437
120 0.998925242433335 0.002371697973492237 0.0007465908619214146 0.6951696255949645
125 0.9990273837784563 0.001977798664267949 0.0018245976595623326 0.6951188251066758
130 0.999115510842544 0.0017719110061635845 0.00011271465491347055 0.694994386811197
135 0.9991656086151561 0.001713352640232202 0.0011300246456606988 0.6949078391034521
140 0.9992164925018374 0.00159618165119646 0.0010998990605517456 0.6948192095661432
145 0.999246391808746 0.0015208318032101653 0.00029852719112288817 0.6946978257101902
150 0.9992621748059691 0.0015925568958081726 0.004522446800685698 0.6946119001888242
155 0.9992604081418841 0.0015823512870694056 0.0022166943743846534 0.6945473672348136
160 0.9993658308002619 0.0012849104873009498 0.001206658652526782 0.6945641978517656
165 0.9993552398875725 0.0014068087782377336 0.00023128135716499187 0.6944920683028816
170 0.9994008042896747 0.0012699734570769117 0.002817125329644732 0.6944251712583436
175 0.999442939066942 0.0011398717305846073 4.8402448114659435e-05 0.6943601683867378
180 0.9994472812123888 0.0011773113706785576 0.011034883241747173 0.6943335651081642
185 0.9994543556903999 0.0011436087571736753 0.0004685535559757481 0.6942404155023669
190 0.9994282888585264 0.0013463811929801395 0.003809256253369364 0.6942334067379303
195 0.9995265340659437 0.0009662064336741771 0.0015549950886291075 0.6941607182334905
200 0.9995445571196386 0.0009272645051607853 0.0010521526358460154 0.6941558561277735
205 0.9995056534632505 0.0011320703898993756 0.0001927195309980867 0.6941030758139355
210 0.9995616416969811 0.0009275078724495511 0.0003797628379564877 0.6941410164931409
215 0.9995929874407936 0.0008177753453663117 0.000801197563178313 0.6940834679702896
220 0.999558379284409 0.0010014378049147954 0.0006658047119478816 0.6940570317335463
225 0.9995928497284783 0.0008832458675871457 0.009701888783589019 0.694015493517281
230 0.9996289132206982 0.0007518922648885873 0.0010231357574199684 0.6940310650414275
235 0.9996212806218554 0.0008128856270461782 0.0004801225462409686 0.6939794172707822
240 0.9996329404187521 0.0007865591484177425 0.0006738474576692965 0.693911692525577
245 0.9996602963750278 0.0006893981414977102 0.0001348320831502381 0.6939180070184733
250 0.9996664708345477 0.0006736027684490775 0.0009924818424623671 0.6939350609438375
255 0.99964199040832 0.0008099750414893858 0.002124333840521908 0.6938867342027761
260 0.9996533502789611 0.0007807296321939994 0.0023988908489200877 0.6937782497744189
265 0.9996639453768819 0.000753776504974768 0.001273355303567314 0.693778750123905
270 0.9996314630454248 0.0009039014063596529 0.0001836444850201735 0.6938916880390363
275 0.999663018358453 0.0007892663366310115 0.0032171126168885067 0.6937993524162386
280 0.9996941646314578 0.0006747979094384737 0.00012359462826627698 0.6938063907746798
285 0.9997259262502968 0.0005522628789558226 6.13539493582449e-05 0.6938384537379599
290 0.9997081726030821 0.0006233607506793692 0.00041887711422472496 0.6938244592078088
295 0.9996018782946833 0.001091900631788656 0.0012749190336225347 0.6937188947321142
300 0.9997404323189363 0.0005253629602157694 9.844204792663902e-06 0.6937694166012487
305 0.9996449310175145 0.0008993208534961994 0.002365651288264825 0.6937305780943993
310 0.9997538779565629 0.0004952674163267723 0.00037116144042714794 0.6938257625482096
315 0.999724653242759 0.0006356360344452749 0.0012647162693191216 0.693815460315067
320 0.9997307118173588 0.0006210205296063309 0.0005583632465017141 0.6937851466735855
325 0.9997581988995666 0.0005168476938883781 0.000614397731079741 0.6937872062223885
330 0.9997754256357101 0.0004504466715835598 2.7167701993513482e-05 0.6937100981563331
335 0.9996496918693276 0.000979113505464979 0.0012203836368496201 0.6937139617396982
340 0.9997754965140071 0.00047311744949096735 0.0016741897631598057 0.6936928155551059
345 0.9997403717894737 0.0006042347389441094 0.00016735246099575107 0.693599122642553
350 0.9997620668274765 0.000528489851452596 0.00038924756952463113 0.6936616717231189
355 0.999753248808583 0.0005906163740945214 0.0001999295010710611 0.6936785038331144
360 0.9997978314508191 0.00041263279816816656 0.000303838345625973 0.6936454431831724
365 0.9997788067779181 0.0005006700301055655 0.0028319705921193705 0.6936731934246926
370 0.9998021420670329 0.000410503010092822 0.0004680950035362841 0.693684175761978
375 0.9998024921714983 0.00041654855758999076 4.051207567901116e-05 0.6936195832343802
380 0.9997995191289116 0.0004361081906948394 0.0019300689431909213 0.6936125095654434
385 0.9996564986790462 0.0010237664963357318 0.003725570024120106 0.693388822464436
390 0.9998198920254424 0.00036219186005126414 3.500730486716286e-05 0.6936361759004379
395 0.9997610264808892 0.000612653924078943 0.0020434689005484064 0.6935931730957821
400 0.9997802597296133 0.000540121887908418 0.0005987552250702466 0.693667539954985
405 0.9998281595063465 0.0003467909435419525 0.0002208619807830825 0.6936633740144493
410 0.9997752332380543 0.0005716541261531205 0.0011211467552962873 0.6936252230273782
415 0.999802404451299 0.0004661544646271665 0.00013937732420621352 0.6936077669248616
420 0.9998288152293255 0.0003623611890544165 0.0012490710192236687 0.6936558742426664
425 0.9998247426013356 0.0003846361864279224 0.000982804463677489 0.6935693648615997
430 0.9997683889461926 0.0006194588675596524 0.0013058446124138978 0.6933850810923449
435 0.9998391186646785 0.0003295079816780788 0.000394377401670698 0.6936208064069485
440 0.9998401763692915 0.0003352088536241471 0.0008789195111353898 0.6935543469536593
445 0.999844315511478 0.0003179535263437838 0.0004507601156888974 0.6935983956404356
450 0.9998212937374027 0.0004223463506618508 0.001084852825066429 0.6936065735069008
455 0.9997906031949482 0.0005514294235391404 0.0020966606945738153 0.6935626056614623
460 0.9998422615375933 0.0003369071800403134 0.001037475363842244 0.6935907930322444
465 0.9997849232299242 0.0005824291471723253 0.0022682833639786626 0.6936396640178234
470 0.9998441533221817 0.00033691068007524194 0.0004394686727002828 0.6936453321324063
475 0.9998572161999317 0.000290894799120478 8.137684911257992e-06 0.6935625164138244
480 0.999861580973924 0.0002796513002425449 0.00019647911632303394 0.6936159859039506
485 0.9998428063872407 0.00036211021263499177 0.0003655792082759568 0.6935281874130694
490 0.9998311162690624 0.00041339752957036957 0.00256342671178178 0.693552602335202
495 0.9998269736505683 0.00043366498382968466 0.00019901454649440264 0.6935870227531862
500 0.9998625292069379 0.0002863015482974518 0.0009102030302183817 0.6935894408996398
505 0.9998381116077842 0.00039500581954143854 0.00013993446387328135 0.6934978095812316
510 0.9997660915066668 0.0006691394999425171 0.0020975355887760117 0.693497464954233
515 0.999738781310741 0.0007798604087070338 0.012374033034911025 0.6933894635470363
520 0.9998290855373162 0.0004409831486911209 0.0001957834615666787 0.6935303362616172
525 0.9998698792573217 0.00027730652102331277 0.0003497199821731467 0.6935986474829453
530 0.9998739038597716 0.000259776932076905 0.00041524063402831324 0.6935534701363468
535 0.9998785532595102 0.00024508830112013325 3.694097645923211e-05 0.6934760204265134
540 0.9998581360390122 0.00033437480164388855 0.0015043746007536996 0.693566932603541
545 0.9998784546542958 0.00025346979980489515 0.0008276301835037359 0.6935677709120989
550 0.9998763640734665 0.00026506349572730237 0.0009429532804138274 0.6935293308333695
555 0.9998245837771086 0.00047845120204126346 0.0016017091772000391 0.6935640294728942
560 0.9998847653827971 0.00023327595484801122 0.0003024386379106847 0.6935602324886471
565 0.9998712903062599 0.00029385127535186406 0.0011158851823559468 0.6935628892698911
570 0.9998823068238674 0.0002467674657722352 0.000488970432511282 0.6935107628369976
575 0.9998886958255631 0.00022660167521870722 0.0006017195083618532 0.6934282259209956
580 0.9998799269870671 0.0002657936050682874 4.879099593790848e-05 0.6935255636808451
585 0.9998210894649708 0.0004928027527790757 0.0007300222807296031 0.6934393292553497
590 0.9998659950694659 0.0003272935344224015 0.0019443605791860108 0.6934852569248631
595 0.9998930494839466 0.00021651133623756813 0.00046935887302845813 0.69360915811308
600 0.9998924743617716 0.00022043733176069225 0.00041504513027890155 0.6935366682520755
605 0.9998912994071422 0.00023029305271449196 0.0005226490394329986 0.6934730089807009
610 0.9998866193497196 0.0002466443750215319 0.0003080608446623945 0.6935332671201967
615 0.9998979884591352 0.00020630208532690375 0.0002822006914068309 0.6935203896657789
620 0.999898185075875 0.00020785998127625938 0.0002822524744692245 0.693482314387143
625 0.999893968595535 0.00022770046334064098 0.00027468325961199636 0.6936455214622446
630 0.9998999280764429 0.00020474745336118705 0.0002863851454931732 0.6934446824362067
635 0.9998939607808155 0.0002316877684750418 0.0009916633139454012 0.6934779594088877
640 0.9999012537455046 0.00020327134793629575 9.06235265052402e-06 0.6934985063679693
645 0.99981824213045 0.0005419022598225354 0.002840194827223308 0.693443336660864
650 0.999904763637805 0.00019172185285265542 7.4036410402378294e-06 0.6934805834172706
655 0.9998908787363106 0.0002516901643490055 0.0001625812309368202 0.6933997010313927
660 0.9999054549873698 0.0001917537250005763 4.477889458887052e-05 0.6934522474161287
665 0.9997866693030107 0.0006756842865573987 0.0011252459751096566 0.6934854697743564
670 0.999820052919955 0.0005297417229332968 0.0012210611938319182 0.6934733863925358
675 0.9999059283067485 0.00019669998285798407 1.461971135818807e-05 0.6934403463364452
680 0.9999010239179015 0.00021865610711135908 0.0006668446864074307 0.6935247776680677
685 0.9999019557416295 0.00021646914455319965 3.826653591265661e-05 0.6934606425116714
690 0.9999100511150651 0.0001844657756923107 0.0002253609764684139 0.6934619446140579
695 0.9997507868768258 0.0008290820731565729 0.007328340079095996 0.6933864656498343
700 0.9999028379414805 0.00021754754222236272 0.0005186001688887165 0.6934284566143952
705 0.9999104337661797 0.00018544476093440565 0.00019020204527753215 0.6934838099666912
710 0.9998881563200579 0.00028022344320621784 0.00048428471922501437 0.6934979964067952
715 0.9998794177742114 0.0003170124752625014 0.0004946905987215366 0.6934587500118249
720 0.9999075179856487 0.00020427978682879822 0.00037620733085552693 0.6934775968784195
725 0.9999161941053445 0.00016895358227020374 1.2643250088872904e-05 0.6933296101190384
730 0.99982925366379 0.0005232995012760533 0.0035863085533509587 0.69345430203284
735 0.9999055481929038 0.00021649882933205689 0.0004633507955456029 0.6934671944220864
740 0.9999063101500962 0.00021472515287457306 0.0007652087383712702 0.6933726854286476
745 0.9999128159635042 0.00018634960175201165 0.00015253664626246888 0.693484342733526
750 0.9998442065623754 0.00045751265300242316 0.0006729655001663781 0.6934694260621397
755 0.9999200088904181 0.0001619485611903393 1.4440950433236566e-06 0.6934773382729841
760 0.9998446457636847 0.00045826757616640457 0.009952244018427203 0.6933590210105511
765 0.9999038322559773 0.000231117495488542 0.0005652101853923508 0.6934626908504855
770 0.9998900746386443 0.0002813125961466101 0.0005003709715054594 0.6933378928086726
775 0.9999219774819833 0.00015809669354327482 0.00010622968210161066 0.6934834272233945
780 0.9998356951219103 0.0005094799429269381 0.0012491760567285848 0.6934011175557324
785 0.9998974573030737 0.00026165403579603286 0.000705688320218778 0.6935534857517464
790 0.9999238733863764 0.0001540074051535889 2.7558500720781254e-05 0.6934220405520141
795 0.9999105750225628 0.00020636797468487345 0.0009726016282789463 0.6934019897855754
800 0.9999251680453223 0.0001511237273723598 5.5380739374166765e-05 0.693479546369561
805 0.9998949015639305 0.0002763539536929649 0.0010966539408221454 0.6932569758444623
810 0.9999264358086053 0.00014837697256253612 2.3264596576977326e-05 0.6934170412052868
815 0.9998357686453174 0.0005165930804984509 0.0007199772043969821 0.6934139337266272
820 0.9999147727136244 0.00019502639150359435 0.00014654019378324001 0.6934400805246382
825 0.9999179258301591 0.0001836805189665558 0.0008187148443263847 0.6934932158243632
830 0.9998767186628569 0.00035478971455105146 0.003923498908472101 0.6934272105459186
835 0.9999242349749586 0.00016339574487900244 0.0005002238947474646 0.6933997531247753
840 0.9998567759564808 0.00043698052162843837 0.0016564917481158847 0.6934627045873378
845 0.9999194099504252 0.00018510721796372032 0.0022407388271061812 0.6934278683386212
850 0.9998445034034015 0.00047832761792288014 0.002909872616731146 0.6934486242498942
855 0.999918922736607 0.00018898851674520323 0.0008605722953904937 0.693421373186638
860 0.9998918912361929 0.0002926629371348133 0.0033184176749249117 0.6934288975660842
865 0.9999316612191727 0.00013829190291381188 2.5133408751321085e-05 0.693477931007922
870 0.9999284020929283 0.00015303921179166124 0.0005693310650271011 0.6935251709617125
875 0.9999157940081658 0.00020533645997256045 0.0010271023845911387 0.6934352142042377
880 0.9999286083886689 0.0001518696747077053 0.0016646941478449806 0.6933573583092345
885 0.9999299674274686 0.0001474133732792815 0.0003831378062034707 0.6934717182266745
890 0.999825579541312 0.0005606056738742815 0.00364198099398938 0.6933758333398182
895 0.9999073580502407 0.00024287917596699238 0.0016889547355758427 0.6933739181878873
900 0.9998911679463476 0.00030241355642646184 0.0005325416136754413 0.6934713653735143
905 0.9999346250566936 0.00013269943592342237 0.00013315635715971386 0.6934244218888899
910 0.9999349204151846 0.00013228052330138684 3.574867583366892e-05 0.6934270901698167
915 0.9999315483261381 0.0001479266923873901 0.00023063399835299148 0.6934172216179507
920 0.9998838995680761 0.0003413860006481473 0.0001997191750120475 0.6934485389076507
925 0.9999083156161533 0.00024373790329168532 0.0011120669424983243 0.6933575831755731
930 0.9999345609459784 0.00013640005004633693 0.0003395626873767821 0.6934126539218023
935 0.9999321582492291 0.0001485938596190728 0.00024993260573835663 0.6935115477125815
940 0.9998481776900354 0.0004879850541879005 0.0017990138953402068 0.6934352006137346
945 0.9999381864708454 0.00012492154979204528 4.584981219846185e-05 0.693416446025028
950 0.9999379562925093 0.0001261703954560378 0.0002951869357175063 0.6934744973769118
955 0.9999008164547263 0.0002783777089119255 0.0008675610939199441 0.6934231199261114
960 0.9999283255323743 0.00016485031497071034 0.0011207560121686555 0.6935145371816681
965 0.9999396038601303 0.00012207667345642825 8.368232984778956e-06 0.6934476613168202
970 0.9999232560306114 0.00018987054912866785 0.0017301064608732375 0.6934696715297801
975 0.999939481629611 0.00012432276309892742 0.0001674939609465076 0.6934468871485676
980 0.9997814997983192 0.0007611021142488461 0.0028023063860762587 0.6934401091053024
985 0.999908457236117 0.00025165689186246176 0.001834688819835062 0.6934506084270446
990 0.9999194424605393 0.00020798988160775078 0.0014423144760193907 0.6934131396350814
995 0.9999317292127265 0.00015888734028512985 4.2206866695870815e-05 0.6934379835673787
1000 0.9999399967226179 0.0001245062449548584 0.0002100904662276637 0.6933967817212308
