0 0.5781145110409718 1.163459128837255 0.2962932143358432 0
5 0.7060225324129599 0.7302992709367531 0.1492781131425982 1.8408287940902253
10 0.7449891225989644 0.624284175493147 0.12172866857111653 1.8006660406344102
15 0.7731324877959482 0.5400434242923309 0.0902470274808389 1.7657389539901127
20 0.8076571775816846 0.4400777422391169 0.030008438948432303 1.723231090296081
25 0.8508976767530196 0.3275352256399713 0.0004897161220525081 1.680765032822588
30 0.8922871547965185 0.22901932202483266 0.0022255743167105546 1.649750424864774
35 0.9186123318723576 0.17024867904039742 0.003301015163979626 1.6363165026441597
40 0.9296607213259187 0.14674745924870147 0.0012888503349439695 1.6332126054046308
45 0.9333911830492736 0.1391114945329761 0.0017174223875071615 1.6327085445258498
50 0.9488734500294858 0.10947157010407627 0.05222839237027932 1.7516534939484671
55 0.9636993175638311 0.08763329752744031 0.04896931388067771 1.7173309085034716
60 0.9662092445862307 0.08475162884077125 0.045826058942926906 1.7136826315050868
65 0.9675203386124833 0.08248686642906855 0.03913546456139927 1.711789102376997
70 0.9670990155902142 0.08398021854645488 0.039803688507210166 1.7103718636067535
75 0.9685561897966117 0.08050794802881711 0.027668594147064463 1.7091981103364264
80 0.9691251381973746 0.0785592507885029 0.03649225140273438 1.7079897720280144
85 0.9694384417212518 0.07745886153481174 0.03629957512197102 1.706845842588507
90 0.9698429753673572 0.07636988126882427 0.031731496761636446 1.7059051559359244
95 0.970187486128816 0.07546362129824913 0.04546206972130262 1.7049204360481494
100 0.9705183325579662 0.0743151409474514 0.04457854834890407 1.7039131458835417
105 0.9708439503329886 0.07345684127296503 0.04678550806395676 1.702947523740655
110 0.9711838405568433 0.07228836045053 0.024191975562333212 1.7020045397271824
115 0.9715391552740442 0.07126731027860256 0.028865889183947946 1.7010312167344148
120 0.9713980415521783 0.07173025248924336 0.035600470318928545 1.6999198177589412
125 0.9722501865353647 0.06924286886661046 0.017445561918233654 1.6991530182377617
130 0.9725638596818528 0.06832101342436347 0.06394773791977926 1.6978525174207484
135 0.9730855770131595 0.0670116937122398 0.024643620944207578 1.6968449948978557
140 0.9735018579575079 0.06574236564874547 0.05265705280143451 1.695590578619763
145 0.973682321993466 0.06505192433206952 0.03794186158622903 1.6943469436850505
150 0.974398489710232 0.06314722862456468 0.025685927650701545 1.6930382050097854
155 0.9748006211345668 0.062050110196894215 0.053144050440612434 1.6915329447860836
160 0.9756489949287228 0.059716880433320796 0.04005149778025463 1.6899152277787552
165 0.9763183455286165 0.05796465057227129 0.04953098604096051 1.6880619559516716
170 0.9770211762881003 0.05613722569666235 0.0052301741211482344 1.6864760159327
175 0.9778716493852266 0.05378559750548462 0.03507444325921405 1.6843523167921353
180 0.9787643324159763 0.05138179603872928 0.02914659036859879 1.6821480881676485
185 0.9796588435049256 0.04892117030965393 0.027921747911359596 1.6798034216486029
190 0.9804317368442652 0.04686246538047989 0.025641406167121072 1.6770120648680744
195 0.9818266737041836 0.043327590904298274 0.025927480925560076 1.674132152120243
200 0.9831787309351193 0.040017570109180944 0.007216515556238479 1.6711571041218172
205 0.9845565980594775 0.03647991659492966 0.009302483033641229 1.6678487176560275
210 0.9857868085854509 0.0336213998524586 0.035833053411003624 1.6645277961300264
215 0.9873765511758656 0.029577313719068243 0.004123378578273051 1.6611704191932306
220 0.9885641411150721 0.027037382210747696 0.03160765749148142 1.6578786064197646
225 0.9900677094853244 0.022598338478809765 0.019267977399641145 1.6546865107364952
230 0.9913684287113724 0.019493695149731538 0.014405129186649157 1.65164875339448
235 0.9923404711955912 0.01763501342702334 0.011246445973062569 1.6489198698449954
240 0.9934696959068072 0.014475628495574044 0.013136877307004635 1.646781497037837
245 0.994324093038523 0.012573160787344273 0.005377102390025756 1.6451166180157422
250 0.9948837640470514 0.011749729934093178 0.009978725188652948 1.6432696182244206
255 0.9956552397811056 0.009404676310883264 0.011394088154733861 1.641881131332074
260 0.9961802014497629 0.00840858691550661 0.0006801979613229037 1.6407088721375953
265 0.996585243710891 0.007411318179068926 0.0011088449427945068 1.6401783646789525
270 0.9965027858250552 0.00848039628785302 0.002669882420047287 1.6395384765630112
275 0.9969934372774719 0.006706914592347957 0.00588661075396768 1.6388318982113463
280 0.9968208345585245 0.008142421124305521 0.0030508318755251285 1.6383135706413285
285 0.997693941026669 0.005181244164685017 0.014813118682899251 1.6379591994456868
290 0.9979662579156623 0.004413122952258153 0.013532433500622831 1.6372244103829476
295 0.9976458617178572 0.005935153287629724 0.006657648198401311 1.6373579806721799
300 0.9981102626396976 0.004199658896220093 0.0011565766698233837 1.6370624455139842
305 0.9983922750627399 0.003422244092404325 0.00090242175677413 1.6365766692824273
310 0.9983225023363717 0.0037840800092032723 0.00021055056067553757 1.6362809173646176
315 0.9985468537810644 0.0032145019935636565 0.0018359157974452422 1.636217635473011
320 0.9972653096412902 0.008353149328697684 0.0016748876781231825 1.6357955333279939
325 0.9985324633019323 0.003392283163606402 0.0014257570395603825 1.6357772164610966
330 0.998634763742575 0.003159957463964913 0.00130110511478998 1.6360651110616158
335 0.9983991111757409 0.0040755685470088565 0.0006589904794735979 1.6359481372385232
340 0.9989173073869224 0.0023317631708419384 0.003345498735916941 1.6359648171849852
345 0.9989620273997178 0.0022774260172764293 0.001139850838407508 1.635901966030377
350 0.9990097818184072 0.0021399489246647363 0.0013473895253039991 1.6353890431163396
355 0.9984551625635057 0.0044206728790381344 0.0016640160166725426 1.635337398065789
360 0.9989885637163461 0.0023687586645724235 0.0013668182003523377 1.6353156263027306
365 0.9977004325929433 0.0075352812367235344 0.002751809136505745 1.63491886409568
370 0.9990419385365717 0.0022914079012217314 0.001183207386589613 1.6349716812985022
375 0.9973551259444983 0.008504022451702786 0.0016435488399308973 1.6352574855061814
380 0.9985146813671407 0.004246667052181685 0.006360306462734222 1.6354120283516433
385 0.9984836096843113 0.0043969408620934125 0.004603603701840431 1.6352668791593103
390 0.9988703651904541 0.0031967194993776094 0.0055594299827690374 1.6351617041490465
395 0.9985904817125788 0.0040885414660647434 0.007760786227859917 1.6350672971724773
400 0.9992866146001502 0.0015709029393171647 0.0012320469875581885 1.6347440586256368
405 0.9990492527017467 0.0025762966634732543 0.002994204761406216 1.634961472870268
410 0.9992997031035364 0.0015929973383315144 0.0002358214195217201 1.6349043943192725
415 0.9992301629992524 0.0018335998329073178 0.00016786080479702647 1.6348866612281097
420 0.9993366249099915 0.0015023560146909531 0.00012222166281716795 1.635109989941525
425 0.9992870727856049 0.0016866705943532345 0.0031719025027399095 1.6342886225731832
430 0.999305989538358 0.0017121280347618395 0.004057979033994297 1.634748625331157
435 0.999341593320589 0.001567351171473108 0.004751735443210947 1.6351048522025093
440 0.9990795961198 0.0024948340432140448 0.0008623704156454082 1.635116811240717
445 0.9991581556658762 0.002368461877984007 0.0023637500979472037 1.6348412120620985
450 0.9994163692779456 0.0013036016473306766 0.00043479126267764734 1.634283857357614
455 0.9994440354200557 0.001220731583804202 0.003065297434431402 1.6345522240359267
460 0.9993707625012168 0.0015592169578693138 0.0013055733250597612 1.6347691333615062
465 0.999466165123343 0.0011918298110358272 0.002640522775907872 1.634597329658219
470 0.9993312082353436 0.0017726653079814803 0.0009393173247032038 1.6344249221403453
475 0.9989859352208994 0.0031662408962374045 0.0064007185088170715 1.6345650528176932
480 0.9993078302097452 0.0018908634375371935 0.0005164431318707141 1.634264120856504
485 0.9984912600652762 0.005114903153282668 0.001898619645171351 1.6344906805404644
490 0.9995086474312433 0.0010779908192859455 0.001207374087584867 1.6343200310614963
495 0.9994859992864467 0.0011740107765174645 0.00019807625626278025 1.6346390475114116
500 0.9986948914304126 0.004176956840889812 0.0033141619640755238 1.6343406981630204
505 0.9995014445630268 0.0011648886532849012 0.0030873688551311673 1.6340279639069197
510 0.9993827570492897 0.0015888331634577035 0.0023268724129237306 1.6348552147450934
515 0.9994870188148757 0.0011997614642307308 0.0022022415148008623 1.634409885368229
520 0.9995013729952402 0.0011765351815866687 8.85340075273966e-05 1.6343087574409745
525 0.9993089881303336 0.0019010095481384326 0.0010043580739367286 1.6344376964617202
530 0.999420755311472 0.0015566334892547218 0.002832414300582453 1.6342927922996844
535 0.99944329574973 0.0014595066282374614 0.003256489854481792 1.634456002438146
540 0.9971757262793594 0.010128364945187984 0.0006880339754298248 1.6342495403162811
545 0.9995435400951729 0.0010852101797591551 0.0005117682088422448 1.6341536725605037
550 0.9990638216010997 0.00288124293570724 0.004712250308377186 1.6345394467370407
555 0.9995516175692423 0.0010304532843878889 0.001832471218830678 1.6345166009714296
560 0.9995344373731014 0.0011165055549180458 0.0006391521280375567 1.6341644107033888
565 0.999551094468345 0.0010777027023951558 0.0020570033500182383 1.6335767039293707
570 0.999276585107427 0.002185864841551144 0.0010197642611438074 1.6339955352018527
575 0.9994313641054196 0.001519818991627453 0.001982684025182424 1.6338863557894132
580 0.9995476799398805 0.0011458228756096034 0.0001721393887597067 1.6339384216668476
585 0.9995923899986546 0.0009517667102307836 0.001620765609019914 1.6343698268017917
590 0.9984332518288144 0.005635126915536803 0.001476402645850472 1.6337594301967895
595 0.9993249848578585 0.0019544292533217877 0.0069272646875253585 1.6340028018081718
600 0.9995975797717379 0.0009394001064555457 0.0008682046461796489 1.6345010848354369
605 0.9995839867952754 0.0009837404255610416 0.0013931287613468957 1.6340003525338056
610 0.9994682952221401 0.0014196313063354893 0.0020797126384426434 1.634238699277537
615 0.9992458844351548 0.0023810387550142753 0.0015132602566376718 1.6339329238571256
620 0.9996238430240508 0.0008482197683052917 0.0008889578643362928 1.633946974072109
625 0.9995191306581932 0.0013055071487075853 0.002723313804894545 1.6338867381512008
630 0.998944702133153 0.0036116625845861172 0.004787366308396157 1.633978709997115
635 0.9991427795526064 0.002823052268162929 0.0005378328315228664 1.6338194335031497
640 0.999066934563265 0.003142800774102339 0.007255734482561449 1.634257957340194
645 0.9996057739649131 0.0009822096539280345 0.001810673713598998 1.6340727239849095
650 0.999331881935671 0.0019891077952787217 0.002056095208268882 1.6342581686346442
655 0.9996177218225799 0.0009264135013462571 0.00025572560456676996 1.6336825528965013
660 0.9995222400991881 0.00127553161861238 0.0010156717746450106 1.634416384898657
665 0.9996496488313971 0.0008119437818019382 0.0010348678825635726 1.6340606265719666
670 0.999505734753785 0.0013564152073823887 0.0015077512140928562 1.6335205499462253
675 0.9995907514643247 0.0010284157701820895 0.0001683462986663553 1.6340015822061134
680 0.9996382949371085 0.0008842676336020538 0.0006452292177252517 1.633888419345235
685 0.9996121742933282 0.0009522450110375225 0.0011679798737631586 1.6339450867718182
690 0.9995551765443703 0.0011830659956968415 0.00014021244538686695 1.6340139830131424
695 0.9996631184611435 0.0007811947392655227 0.005704917417428401 1.6342381790440765
700 0.9995826268568013 0.0011208053697886466 0.0015738370064577456 1.63384961096965
705 0.9995398771677557 0.0012861641881376507 0.00032487526804447775 1.6339719994127995
710 0.9992793819655894 0.0023450947210610362 0.005844093583361465 1.6342496320368836
715 0.9994874768205397 0.0015281960107424997 0.0009320306309765769 1.6337221896261085
720 0.9995939524140744 0.001051691771533303 0.002578010271514941 1.6339248809323803
725 0.9994182979982889 0.0018213715476909087 0.0050129722568690305 1.6339703213897507
730 0.9996299070449206 0.00093161867998659 0.0019850389121962575 1.633914396748321
735 0.9994341748799078 0.0017566536538611288 0.0026068545943191967 1.634038012614417
740 0.9990103711100178 0.0034504454740753587 0.007712680175066433 1.6337697966068752
745 0.9995925811937767 0.0010863507141123385 0.001219476114979523 1.6335167529503445
750 0.999380238021812 0.0019908603697855742 0.0017315191744198266 1.6338578997370448
755 0.9993928732752566 0.0019450634728963578 0.0012034103589033673 1.6336387000450818
760 0.9996780401163603 0.00077590338292155 0.0018763205345804224 1.6338290806902653
765 0.9996515863045845 0.0008707255965121341 0.0024649537598226967 1.6339658790948715
770 0.9992682386672109 0.0023435119171146823 0.0067750613370416435 1.6339256500881718
775 0.9991670625381777 0.0027407521424875902 0.0028116444298891263 1.6340442299913507
780 0.9990185317165843 0.0034464038648363005 0.0037210018018840607 1.633329336583723
785 0.9996435517317804 0.0009034768383768821 1.690324154135503e-05 1.633631524589317
790 0.9994900897857891 0.0015805892513509612 7.652357278242761e-05 1.6341311579650535
795 0.9990918218011801 0.003049192016295832 0.0015927739353669423 1.6335775733400961
800 0.9996795951606895 0.0007818974795912315 0.00047821889234112014 1.6334836593656388
805 0.9997204326818439 0.0006314402291640597 0.0004631856613221963 1.6337113211308898
810 0.9993496363437215 0.0021689478503994497 0.0028286596751354587 1.6334096471086903
815 0.9991706738997883 0.0027646810049921644 0.0041398136623931325 1.6334835581673517
820 0.999671289614223 0.0008523797788062559 0.0019101525225888594 1.6339290639173518
825 0.9995278748574701 0.0013870443599328652 0.002797561198043308 1.6335149183905013
830 0.9991436268929648 0.0029957662540134322 0.0036557581830969355 1.6334740700770813
835 0.9996668573648885 0.0008887973954483375 0.0029231873661550445 1.6335978093288492
840 0.9995266854931506 0.001440854417492421 0.0024456577395690626 1.6337359032691692
845 0.9994729732811404 0.00159566363038266 0.006069863915408424 1.6340305951004368
850 0.9996919233068149 0.0007856515629680594 0.00047951196236262206 1.6333869572303907
855 0.999471645389872 0.0016113145378233718 0.008030664547780342 1.6335545402108445
860 0.9997424354859379 0.0005771624082802074 0.00020993274344771606 1.6335022582883254
865 0.9994614576285811 0.0016514291320288699 0.0032909425335743148 1.6336416737788533
870 0.9997285366878098 0.0006422511596484437 0.0007327392160214607 1.6338540505580903
875 0.998782715190506 0.0043054838569709375 0.0005766099970228034 1.6335136257427254
880 0.9985345902396473 0.005423193549951577 0.0024658409766460387 1.6336330269432826
885 0.9996079838953347 0.0010932306677555736 0.001247163104344473 1.633392067474554
890 0.9988140400870089 0.004192513886390525 0.0007824308033941296 1.6333295147261169
895 0.999526200202608 0.0014924003845535605 0.0005266744189036388 1.6332814774218045
900 0.9995547005599567 0.001365361259191289 0.006630839374946351 1.6337560527934192
905 0.9994188434878017 0.0019027200683918721 0.0007660929232784497 1.6336368274108477
910 0.9996784871326919 0.0008402191502203671 0.001564882262525158 1.6337509923241271
915 0.999740286870149 0.0006081949232794592 0.0014347529488514255 1.6336051357454777
920 0.9994286360725284 0.001819334935203365 0.004327187589137083 1.6332970356306533
925 0.9995295590315336 0.0014840766617527645 0.0026299067856199176 1.6333624090101155
930 0.9991377285640954 0.0029478987228273024 0.0017674255121100657 1.6335044821462394
935 0.9993786567372515 0.0020122928760015757 0.005206267535891929 1.6335553334020616
940 0.9983459077794334 0.006225319045329858 0.005592672773473861 1.6334020623478016
945 0.9996903585387361 0.0008440552085993147 0.0003638859248704662 1.6333256335938362
950 0.9997131672008027 0.000727334959251591 0.0023221989100132845 1.6334589728119908
955 0.9994640092519537 0.0017575418539514942 0.0001018869381170795 1.6329127624856625
960 0.9996345322790648 0.0010740913981104327 0.000678200929491446 1.6333546953694036
965 0.9981904427291588 0.006866230091335801 0.006028398406823454 1.6332192590443224
970 0.9993024253134054 0.0023254803134504787 0.0016938731122033701 1.6335801535835606
975 0.9987099068324397 0.004649787898592939 0.009196163447928729 1.6329944619756813
980 0.997170435256797 0.010674139079655198 0.00845282520790569 1.6333761816617014
985 0.9997370026343999 0.0006631688591807183 0.0004643843227616351 1.6334090009316
990 0.9997118893837547 0.0007469456940256691 0.0013583731821031897 1.6335241073167535
995 0.999541795936999 0.0014636948707513753 0.0023139567912577874 1.6337297482026312
1000 0.9994606078485119 0.0017832895875988797 0.0026227027530487668 1.633442873530096
