0 0.568512876177933 1.204489604557451 0.29218379585146215 0
5 0.7037535418839334 0.7345332056907798 0.12249798137226242 1.8426592379915419
10 0.7526772054341563 0.6017988960572733 0.13439202176228515 1.7900946630280352
15 0.7877652954756535 0.499497803182122 0.039016694434075294 1.7475676106854414
20 0.8321124817467093 0.37694980912516174 0.01910046558144529 1.698611949704827
25 0.8784782836660843 0.26155854732749106 0.03583825975693933 1.6579372721182417
30 0.9099403547488965 0.1895153454266485 0.00962206309140523 1.6383143939518183
35 0.9251916140992149 0.1566193289963418 0.0004808453998257356 1.6334199245703858
40 0.9302467687539826 0.1459360767006337 0.001859657350788746 1.6325014383178655
45 0.932372447256768 0.14187177679619611 0.0019452142678892947 1.6322521181306313
50 0.9478767037029621 0.11249098552878989 0.047839426399364005 1.755198839321701
55 0.9630477370562291 0.08931360087194506 0.04444826377266731 1.719602614925322
60 0.9657997760600229 0.08550573972014597 0.04515369253553825 1.7151820887856588
65 0.9670564008360314 0.08352321082744041 0.023568891862728147 1.7128489223303702
70 0.9676213108040971 0.08224486710735657 0.022409258098237128 1.7110505020529854
75 0.968306598991058 0.08041637939052526 0.05542043618573267 1.7096491216078362
80 0.9689771078840068 0.07865367884940389 0.052739776724248344 1.7082216917742952
85 0.9693915632598695 0.07734862877260751 0.03049534623610306 1.7069703121290882
90 0.9697828879576846 0.07621237598253927 0.02991843267086658 1.7057351209023472
95 0.9701713141325524 0.07525204015802367 0.060334391957932 1.7044201720369414
100 0.9705141982263209 0.07372628286999383 0.012842808526162042 1.7033588860751947
105 0.9710288373352367 0.07247744419013569 0.0644704826342728 1.702351004388931
110 0.971435186170085 0.07123739789536265 0.059701071826576246 1.7009705085931315
115 0.9718583903319149 0.07006859844034152 0.007552383563373732 1.6998541735519326
120 0.972309604535883 0.0686822190909937 0.022752971084597284 1.698731442973374
125 0.9726941765773196 0.0673871279772904 0.039676314373476185 1.6974563800566285
130 0.9733226496314914 0.0659100756153197 0.015869013709241875 1.6960778947627804
135 0.9736194290736031 0.06503663576246876 0.04533401602010212 1.694502847850993
140 0.9743033360664409 0.06300236777442203 0.03153855056109367 1.6928564425230184
145 0.9751059448428172 0.06095730100625518 0.02301630307012492 1.6911503330850381
150 0.9757757946840224 0.059171893505206796 0.04464266084650825 1.6895492102447716
155 0.9763622857968133 0.05745719378144365 0.0038588408356057258 1.6874499329601491
160 0.9773625820591205 0.05500432280302925 0.038153969740597926 1.6854085924233886
165 0.9782691205446391 0.052315465847479814 0.023292491591033748 1.6829240512355435
170 0.9790086168869145 0.050402414588566424 0.03400313467236504 1.6805592466658212
175 0.9804027279014133 0.046820434931933885 0.01624762201557073 1.677669853766885
180 0.9815721351969081 0.043587614836388955 0.024202152281554756 1.674848163508629
185 0.982681578013487 0.040832148403827206 0.009534274899357875 1.6716279355516033
190 0.9837713064010287 0.03801731830205357 0.01956727607975539 1.6683451224676566
195 0.9854906451526735 0.03363292357825021 0.008529596793788619 1.664972366744405
200 0.9869989837045618 0.030071438854684995 0.016166589014918298 1.6617550231885299
205 0.9879686225154809 0.028291416725070517 0.031858560513880585 1.6584708500348404
210 0.9876413488620628 0.030825559056056884 0.004052295082151991 1.655256380771197
215 0.9902112915116305 0.022208812360042574 0.007355716869715145 1.6521651969101672
220 0.9916891765321207 0.019252059813939182 0.010339371762240646 1.6499906911690858
225 0.9926326465879263 0.016394150639942318 0.01735809487435991 1.6475954744806467
230 0.9939631915724707 0.013207887615619862 0.017759864622874044 1.64601110278699
235 0.9946892979128531 0.01156145866092051 0.004692751138170248 1.644387710779278
240 0.9945527272144137 0.013064853055042569 0.0018851173075924432 1.6428506803232585
245 0.995844710478909 0.008883336542477194 0.014052576211633694 1.6418790545858435
250 0.9962657563178243 0.007988676962210839 0.007208704953921119 1.6411495395185225
255 0.9966382396229116 0.007171551054797609 0.008930223035658935 1.640184052896212
260 0.9968154270706332 0.006871254919754932 0.004726796434700198 1.6391140138844553
265 0.9966965387460345 0.007606258391833265 0.010039672018415935 1.639102532446989
270 0.9971319983868099 0.0067592497272892516 0.008014302210641144 1.6382022979691506
275 0.9976356792375272 0.0049676587181728404 0.0003097491881476344 1.6384688858046075
280 0.9976758739816005 0.005265690051853955 0.0014215557866230633 1.637924579872736
285 0.9969796300907878 0.008123014836403097 0.013212431676925984 1.6376101192531174
290 0.9981011283526452 0.004072007225469854 0.005788329615143972 1.6370274058235228
295 0.9977210160497689 0.005488580870797177 0.001459663339551165 1.6371161196144146
300 0.998295485430819 0.003689698611344383 0.003228160313025752 1.6367673633111546
305 0.9983488445753503 0.003657617020593973 0.0013149115502097963 1.6367194381215018
310 0.9976606904998221 0.00614233966562483 0.0005913607536118803 1.636619516895078
315 0.9981074906289934 0.004670521224231505 0.014132286618391943 1.6365543412756967
320 0.9986167544350074 0.0029910219188029608 0.0002790115633550805 1.6363082526115458
325 0.9985684716095484 0.003360603858804989 0.006557088882712003 1.6362093040228987
330 0.9977690720894392 0.006535235828782238 0.00043972793216218165 1.63544511990104
335 0.9988036015140093 0.002529893112703574 0.00035740489882374327 1.6361432370948996
340 0.9975376868007029 0.007558295652826841 0.012433295659028065 1.636182365780447
345 0.9982092805135512 0.004857011181875981 0.005276307940371483 1.6356348968347203
350 0.9983296638827353 0.004466430166620627 0.0015657515189972937 1.635430668231992
355 0.9981638325009394 0.005149202799205721 0.004486980079147385 1.635747058485427
360 0.9990103794071566 0.0021113834755015493 0.00228666571371261 1.6355605663712085
365 0.9990272251000802 0.0021141694930075783 0.009475844554523327 1.6351398163667892
370 0.9989642996837398 0.002433981119202455 0.004425191079744373 1.6351091247879206
375 0.9985006494551592 0.004357196716910039 0.0009801750893223549 1.6355054848752661
380 0.9990793414916991 0.0020103286858119684 0.0014158138864388548 1.6350607346478483
385 0.9990896617997175 0.002022849637542068 0.0011250383893344207 1.6352065397818911
390 0.9982724002037977 0.005077069883717922 0.006464843316943192 1.6355154488719876
395 0.9990957829255999 0.0021489700487380414 0.001694583186316878 1.6350568009204123
400 0.9979530471428532 0.006730789097950662 0.0020682928855775273 1.6352925481886564
405 0.9991206032635689 0.0021124980440532237 0.0027829377774286623 1.6351781108517596
410 0.9991365124360008 0.002004544646091455 0.004494290703539239 1.6355537731092085
415 0.9992430931021301 0.0016513104256061784 0.0003389501471549039 1.6350931510265945
420 0.9989372437193731 0.0028104139525422234 0.005362226941707293 1.6348143983046564
425 0.9976128356092362 0.008244786389347114 0.0013427363339668652 1.6350112086390671
430 0.9962849958380785 0.013424491197636446 0.014141202052470714 1.6348614632052079
435 0.9984961599812086 0.004562571526353532 0.0011575076960108621 1.6346686382746958
440 0.9992776096457903 0.0016550637498986553 0.0029921770833649664 1.6347077740572618
445 0.9992088564008621 0.001987222002053368 0.0019942670839883103 1.6347205876211302
450 0.9992438085525307 0.0018631859001390083 0.002604252656204231 1.634606744186165
455 0.9993502297635017 0.001433279011392452 0.0014720428201027147 1.634824481742858
460 0.9993138477582488 0.0016051890137562808 0.0028505276316408423 1.6347977462314214
465 0.999320425347811 0.0016249721070069612 0.0018884188828383053 1.6348183615058793
470 0.999339535121152 0.0015706615509329946 0.00028845169888214173 1.6346799287481948
475 0.9992662303555719 0.0018738777293652031 0.0011090153810839887 1.6345013583415775
480 0.9993858004152186 0.0013990938809529396 0.0007741128761520333 1.6346547022372857
485 0.9993846551669429 0.0014074707928120045 0.0012892024124144807 1.6344023654109054
490 0.9993720505637644 0.001454165883113756 0.0030132696925493363 1.6344033338264545
495 0.9992823348241895 0.0017992290430575153 0.0010995894803036421 1.634920310750218
500 0.9988911565198734 0.003298530653800036 0.003700942493007453 1.6341053970772181
505 0.9993646195032384 0.001588451211943731 0.00142374099516962 1.6344757397705092
510 0.9989982720731037 0.003078528788692303 0.0007389958936170338 1.634724815251127
515 0.9994421531705425 0.0012628672172003697 0.0012569959558419441 1.6341486289536327
520 0.9993853799298456 0.0014788558245593109 0.0006449041992915294 1.6340700165780777
525 0.9994286971767241 0.0013574580996564833 0.0002017508546079405 1.63432359972526
530 0.9990693858282564 0.0026914416489582926 0.0023257043012234746 1.634327294002716
535 0.999451047724538 0.0013060364048245177 0.0006686582303259136 1.6340994061203586
540 0.9992314607393271 0.0020979814373436323 0.0021720370999891436 1.6342184229866594
545 0.9994159618445995 0.0014291985703476229 0.0002851382669184499 1.6339843597116135
550 0.9990170466775541 0.0030684502536122427 0.00017493164627291335 1.6341920988422565
555 0.9990600767632787 0.0027798697415266638 0.007937534837304527 1.6342883598190645
560 0.9995100311233928 0.0011024553295975181 0.0006832798332141454 1.6345244177704563
565 0.9984918125211522 0.004994886692605727 0.011519311744765837 1.6338572884771343
570 0.9994532756735999 0.0013415170580515223 0.0010360058473690703 1.634007465554579
575 0.9992332115977993 0.002165879419151473 0.00012742600453607977 1.6338085553440254
580 0.9995398787795876 0.0010150359792597818 0.002745997001089906 1.6342720682083587
585 0.9994890007584226 0.0012623660832371542 0.0015035925629063307 1.633971608796909
590 0.9995586511617771 0.0009779966248513183 0.006364758399057813 1.6339943506747518
595 0.9993512404405085 0.0018429629323790664 0.002142723574412919 1.6337128305764321
600 0.9994282511562091 0.0015333606055154547 0.0005208959532057023 1.6341537519216063
605 0.9995500529335852 0.0010440182653776997 0.0010533808654860088 1.6340167045915055
610 0.9995774768452195 0.0009352702064924223 0.0024584857631080315 1.6339863423014522
615 0.9992255760866353 0.0022701296950966565 0.00023508009343231606 1.6338039515528302
620 0.9995688905153546 0.000996700435629272 0.0008742096184515269 1.6340207447584942
625 0.999508253324974 0.0012041267863129868 0.001973912229812136 1.634070130695818
630 0.9994943460847918 0.0013080582173494726 0.0009901195958741393 1.6337274928558925
635 0.9995862743441253 0.0009424137600513305 0.00015167855345432635 1.6339762419445327
640 0.9995266729036342 0.0011977841417025736 0.00023401407157441767 1.633685441143264
645 0.9991280333888399 0.002804716897697679 0.0012722025008815585 1.6342087099430875
650 0.998478927511988 0.005392450762134349 0.004110286618794312 1.6337264945580814
655 0.9995565528417147 0.0010594271841204428 5.619272595525082e-05 1.6344819863001196
660 0.9995898817988242 0.0009668824207269555 0.0006783573120003883 1.6340091045656269
665 0.9995144572996968 0.0012737070383499471 0.0031142448657184296 1.6338280175584179
670 0.9994730041613102 0.001466820760026799 0.0022509515705120275 1.6337038155437813
675 0.9993882087363517 0.0018005236868998686 0.0034462583291914317 1.6336410783805055
680 0.9995825543481398 0.0010278881962282327 0.0007900216827920747 1.6340947742093679
685 0.9995760827762504 0.0010619865877616874 0.0009540351176244855 1.6337118150597023
690 0.9991033843427273 0.0028352880498594413 0.001863698291870275 1.634012056347874
695 0.9996024041117719 0.0009333694421409522 0.0005399180134753045 1.6337747652802106
700 0.9995871444435631 0.000992194777521771 0.0015963933782778827 1.6337496931251199
705 0.9995544205409184 0.0011206317047933734 3.958786299129713e-05 1.6338812328781653
710 0.9991730280268056 0.0027197434711558888 0.0023660785813035545 1.6338513642989088
715 0.9987970266374404 0.004055245883078484 0.001094675495309616 1.6337858904177707
720 0.9991844391301334 0.0026860712482246196 0.00025502520440756626 1.633291142679999
725 0.999645975395292 0.0007977331143036448 0.0018079716076770946 1.6336581579623737
730 0.9984917032971399 0.005438134351722246 0.006206411877011098 1.6335808996032841
735 0.9996348187882139 0.0008533715690592913 0.0005691328640593518 1.6338917787399483
740 0.9991742214331518 0.002736449996173951 0.0011794057077527675 1.6335763587293033
745 0.9996250629645143 0.0009230262800525857 0.0010832461939145333 1.6339093349843943
750 0.9994208404198919 0.0016726251039085316 0.0024187001054383206 1.6339226410092693
755 0.9983737859847525 0.0057337491410243135 0.0026214089985323596 1.6335972461515518
760 0.9986266376834297 0.004944093684078554 0.0008792600597704592 1.6338316805076656
765 0.9992259833251214 0.0025471176256717243 0.0026997403853630253 1.6334913470072374
770 0.9996391583171449 0.0008711785767536728 0.00023220511354304918 1.6338815161834586
775 0.9993885012329818 0.0018203932381359866 0.0020068496529326296 1.6336198454832422
780 0.9996757210166954 0.0007434032749729091 0.001017947146781939 1.6337148268807231
785 0.9992575365781953 0.002446652610304856 0.0037676616992949885 1.6338104904488822
790 0.9996111894572703 0.0009822180477445652 0.001920442909004727 1.6336197376067765
795 0.9996576390991411 0.0008246337757700228 0.0005273638079672516 1.6337758012016028
800 0.9988897522177443 0.0039094995175259495 0.004543117936802954 1.6336322252085185
805 0.9992787470723938 0.0022679845829434164 0.004066285874908315 1.6335584429213548
810 0.998674424835158 0.004634072098212538 0.00392833807753723 1.6336944459930276
815 0.9996127400623138 0.0010312325632964026 0.003965116114094114 1.6335524641417094
820 0.9991507016476207 0.0028979664232409164 0.0016472747599924897 1.6335799216124716
825 0.9994571586782044 0.0016028335435609442 0.0007381620984912018 1.6335868076476436
830 0.999412040894949 0.0018445294741282758 0.001270635367871975 1.633797652171347
835 0.9996571185067948 0.000862946040560697 0.0005552216524606912 1.6334217577618795
840 0.9996723420074642 0.0007823485298810162 0.0005862015493796058 1.633675039790889
845 0.9995593506704269 0.0012739409514817002 0.0031170540658900237 1.6337399988289443
850 0.9994926321892372 0.0014809716019417163 0.0007089628358663003 1.6332630075921752
855 0.9997049686034787 0.000679946927711006 0.0060422123921053394 1.6336767340561684
860 0.9996318989208728 0.000979396729675397 0.0021016755047595925 1.6338934352182077
865 0.9996802884698908 0.0007886620731547556 3.4494502324067255e-05 1.6334253150747298
870 0.9988008513239042 0.0041774473314453164 0.0027590962475541048 1.6333536848408985
875 0.9984002247449044 0.005926023039088291 0.01796253675107584 1.6330581314364545
880 0.9996203635509522 0.0010022169568755235 0.0023418869181870416 1.633645345342699
885 0.999712983778207 0.0006625143667950972 0.008750363917801929 1.633708237577408
890 0.9996851856672622 0.0007864401214328076 0.0019230901891309493 1.6332794968029702
895 0.9995008992461651 0.0015440997078370877 0.0041659936296882805 1.6333557281638995
900 0.9996515045241305 0.0009340006766758169 0.001557787133485089 1.6334778852249219
905 0.999289056597717 0.002295872924394704 0.0016287060678676912 1.6332013908969185
910 0.9991587270366933 0.002805773706826331 0.00018316196270706797 1.6334569918386472
915 0.9997010487343605 0.0007171748296761482 0.0003861555665223282 1.6336655119330061
920 0.9994818768612324 0.0016287840170379209 0.00936099669518975 1.6336615039903046
925 0.9997209409325178 0.0006440630590607288 0.002071053561056413 1.6331132610690373
930 0.9996958843544239 0.0007635123139142497 0.001010830965229026 1.6335357637890684
935 0.999582333856395 0.001220336423670032 0.0037726048223198916 1.6332390211875343
940 0.999642278387653 0.0009566565775733782 0.00025915356702732595 1.6334704261423938
945 0.9997235570347728 0.0006492579716883551 0.0009118057807411262 1.6336599642646468
950 0.99962560964684 0.0010231258399808763 0.004821636186140399 1.6334960143227137
955 0.9995872327357911 0.001168646141234797 0.0019553675130290493 1.6336706852656744
960 0.99966761979829 0.0008621920478686373 0.00044407659161094237 1.6334045325387982
965 0.999447992637212 0.0017099411690519872 0.003023515469080973 1.6332693509770269
970 0.9997334103841787 0.0006192699624225639 0.0006923711027666535 1.6333582473825519
975 0.9994917456334136 0.0016149456968839182 0.0012808342384822424 1.6332803933419031
980 0.9995500675104418 0.0013312793166804227 0.0028137446873037764 1.6333459450773882
985 0.9996930170126006 0.0008080526331586402 0.013572487909037756 1.633388842336335
990 0.9996089717165879 0.0011496835948709982 0.002444645371736165 1.6332001505194873
995 0.9997367778026459 0.0006179089477047484 0.0010849431617414584 1.6334996960490415
1000 0.999754364949774 0.000558013952671077 0.001225807906187093 1.633353462889906
