0 0.3911627149644765 2.1309114232516713 0.2620037546040116 0
5 0.9381422761925058 0.1444446232259855 0.028024497544881788 4.844747683831787
10 0.9750302864776327 0.056748824136247045 0.019862696293179605 4.753229527531685
15 0.9908194214954797 0.02744559447103967 0.009654433376828031 4.723798018025443
20 0.9934744940840818 0.0181338055866318 0.0042224351274653404 4.710570607454857
25 0.9948355061795423 0.015453515680105667 0.0071276172639822555 4.706805370807631
30 0.9968141181484664 0.009227270946540855 0.003439262847481528 4.704193912454414
35 0.9964610842731472 0.010532907785349543 0.002953519726596854 4.701452010356422
40 0.9974624784456035 0.008646232417922839 0.0005870982216478193 4.69891137333223
45 0.9974856283010829 0.006742700467836649 0.0005332545119520749 4.697615728833967
50 0.9985985913137823 0.0040512526198357435 0.0014126889947125854 4.697561896373504
55 0.9974142226610231 0.006534989540248226 0.0028878068226103615 4.696886950048468
60 0.9956927879468216 0.015148658928880288 0.004558850404370984 4.695148378610622
65 0.9970697947654789 0.009574567558499503 0.003634915872836375 4.695750558211202
70 0.9970896365893702 0.00995992964262804 0.0015380515395497785 4.694747847443377
75 0.9988287016535932 0.004114839160319406 0.00212561720527793 4.6942263568961815
80 0.9985359831703206 0.004850376223694219 0.0017379736433011939 4.693886546030392
85 0.9975446243707703 0.008790422808625742 0.0014008286020312788 4.6929546209971855
90 0.998588644664309 0.0051274966808190214 0.0005810026797723467 4.693464349437041
95 0.9975758217060253 0.009049213081241625 0.002443545493455046 4.693560081415089
100 0.9954015207700393 0.018401138375772952 0.0013340734044957614 4.691740299906545
105 0.99828300972941 0.0060865598643653485 0.0024672402918075598 4.6915543512864115
110 0.9991271195869031 0.002921042231200488 0.00048684999898296333 4.691780223453966
115 0.9990294486332845 0.002758413021066275 0.0038029142239062175 4.692045488677354
120 0.9958683591123548 0.016017727970576878 0.005194061792421545 4.691926344476382
125 0.9987072553644916 0.00398018180707993 0.000641374241875603 4.691187516640897
130 0.9984689401440228 0.005089564382969591 0.002597551756892802 4.691269505785552
135 0.9973995882198747 0.0077236392686028665 0.00035003227783247937 4.691473617960704
140 0.9971818588052273 0.010140050783633114 0.0004431810947185255 4.691369669984107
145 0.9986962463707081 0.0046516219335961395 0.0009826158176964306 4.690421271695066
150 0.9985012266207876 0.005378439187249562 0.0029555354221180163 4.690672155739398
155 0.9985457480969613 0.005223025693915417 0.004769957963917104 4.690452842798574
160 0.9991056995841935 0.0030489762471610504 0.004895953235576345 4.690201872500816
165 0.9974194587434773 0.009269123902456933 0.0009692580866942357 4.690147422288437
170 0.998259183805285 0.0065280237896025994 0.0005658328583064698 4.690506901288977
175 0.9990791448744846 0.00341433264937141 0.0013509360875134657 4.689654664280256
180 0.9987242299215782 0.004208898245903647 0.00029151407348781966 4.689049760645164
185 0.9987357323730754 0.004658969057929063 0.003755697874947117 4.689399070733129
190 0.9977930990529261 0.007358829305558423 0.0022695446314240364 4.688974630502561
195 0.9984490228939393 0.0056294158916001535 0.0017124172854015018 4.68955422932462
200 0.9980187564735501 0.007540886494088461 0.0044787069123710666 4.687639547437323
205 0.9985675725844751 0.005125636682222989 0.0023164510670603544 4.688241284041285
210 0.9993403974511181 0.0021052811753703438 0.002496064005714116 4.688878045063828
215 0.9979940101981184 0.007403697670023135 0.000589501490434019 4.689569647626389
220 0.9980291034159241 0.007118549116215789 0.00015551734907903736 4.687713285889606
225 0.9984239163567283 0.005779666478162859 0.004184702122262518 4.688150467702878
230 0.9985458821224208 0.005612439342898234 0.0024485701068601706 4.688323994765834
235 0.9974829339103426 0.00962385679826916 0.002434128110936351 4.687403712319242
240 0.9990721464307624 0.003429491118632555 0.00023211377377418962 4.688777726039478
245 0.9955219555231318 0.017527266236718297 0.002394568935694341 4.687784504115842
250 0.9992269290032567 0.002530435390306174 0.0009602983448813163 4.68867419102036
255 0.9990718220182521 0.003547414293726625 0.006766400934868244 4.688975555598443
260 0.9989437220744635 0.0035751478188084107 0.001858886652751801 4.687931120594798
265 0.9948604523315281 0.019948045477559795 0.0058301194665335565 4.688109240177406
270 0.9985837108744873 0.005090968365760062 0.004249927493646277 4.688062250049703
275 0.9993347246710548 0.0023837081210649202 0.0013599265793473592 4.688190126579809
280 0.9989845472962907 0.0034071120231100593 0.00016160977129153764 4.688455134493549
285 0.9990273027695096 0.003498686934715778 0.0019017129487797213 4.687561969651085
290 0.9987419872016651 0.004288977012826933 0.000578262793920592 4.688168012176031
295 0.9986480368089626 0.004909164826824686 0.0011638523789763155 4.6873477947559365
300 0.9986872818298851 0.0046046135880466466 0.0034675930284275847 4.688069510299474
305 0.9988358594588183 0.004255763889452702 0.0034428079507602405 4.688070052720064
310 0.9984356147883757 0.005663055594250288 0.0011176704310926766 4.686981262688479
315 0.9986112566678417 0.004917567418989854 0.004288075777926448 4.687314655160584
320 0.9990491046174936 0.003440826301114086 0.0012468982476163681 4.687869582411941
325 0.9972013174297443 0.010873974887568139 0.002048607380261469 4.6866793822192605
330 0.9988964953627457 0.00419732588451005 0.002418450291612473 4.687618964876929
335 0.9981786575352434 0.007055151004618843 0.005719981348223158 4.6872633989818375
340 0.9985992252056244 0.005222237678689012 0.005380127466634743 4.686375296250392
345 0.9989564124199166 0.003766281087272283 0.0020827420563673815 4.686841280080332
350 0.9990034474292342 0.003705960713769052 0.00191010969379235 4.687057137648353
355 0.9983968377581052 0.006012515563026177 0.0012091870887522838 4.686729805140853
360 0.99856193144695 0.0055445585073519155 0.0009178514701539964 4.686628112235007
365 0.9990500729662062 0.0034494966523066495 0.004048264273718072 4.686874201667706
370 0.9987919122313469 0.0040022011032245786 0.005559208236810331 4.686770246559418
375 0.9979646933890881 0.0072016151800076145 0.00819350092641824 4.687246168328636
380 0.9974651174777888 0.01003887422189731 0.0027174678284542786 4.686769032148765
385 0.998146547525618 0.007206776265137549 0.0014684739057475582 4.686327878965093
390 0.9991562723592631 0.002984228225705543 0.0011134379020583118 4.686169442394907
395 0.9987701383416907 0.004433628505959852 0.0035441599255738865 4.686278696160666
400 0.9981269395174707 0.00695398182017648 0.0001414259740148971 4.686001075737887
405 0.9981967815400927 0.0068109423385953605 0.005496715405711949 4.686269220543633
410 0.997312081439503 0.01036049390533833 0.008061078716359527 4.686486820799984
415 0.9984932514085121 0.005535342553106837 0.00040984367675922506 4.686124961570186
420 0.9989626907059438 0.003716187995800979 0.0004210566959641504 4.686463804142117
425 0.9982644507770743 0.006598257252028894 0.002931842745442559 4.68607876981697
430 0.9985176273912848 0.005740451133462443 0.0007549847615673233 4.686130885486423
435 0.9982858196213658 0.006600436913358543 0.003258746019254133 4.686543212751148
440 0.9985974154488184 0.005403593393552342 0.0008319044130113973 4.686008757492436
445 0.9967565017773001 0.013143262424896385 0.0030019146402913144 4.686243074378724
450 0.9990116509980626 0.0037246029901654154 0.005325410864517988 4.685906021749672
455 0.9969393665549675 0.011630643647783323 0.00573417736581483 4.685246124553849
460 0.9988786072604587 0.00413973583212357 0.0032481154792021183 4.6859027254867005
465 0.9985700918583422 0.005464214734582029 0.001149239875010144 4.6858750948474945
470 0.9985612961684447 0.005259619386420056 0.007879896646091122 4.685478365018348
475 0.9980817563123494 0.0073078849625130005 0.002442629071716107 4.685966327813302
480 0.998537619870809 0.005420700979129833 0.002729393970253291 4.684894410363907
485 0.9973247414072673 0.010482577591962361 0.001287944347255543 4.685154390763551
490 0.9986302481413067 0.00515715496508129 0.00029325658660361853 4.685361052941032
495 0.9987209558105503 0.004839244959192968 0.003922454123124641 4.6857546001400046
500 0.9981445643001949 0.006495904387922025 0.007893214896549594 4.684479130303165
505 0.9978658957561313 0.00821627513169254 0.0054640703035726546 4.685761949217055
510 0.9941710700524168 0.02260801630117637 0.0025526194724636575 4.684561033059318
515 0.9964849286543478 0.0101025802316288 0.0062284444641453884 4.684711182716899
520 0.9982173200812028 0.005421999606871175 0.0034210664979645866 4.684655630359609
525 0.9978039685380438 0.006345928688463509 0.003705483370699092 4.684745541623889
530 0.9956131724793353 0.015306130694213493 0.004235183985611624 4.685046643473907
535 0.9975523006061955 0.007946401031300176 0.011831482157091067 4.685125040819195
540 0.9974878401834784 0.007981006991101047 0.0033350737397028762 4.68459321869788
545 0.9968130249051811 0.009031277350922018 0.010001918235275076 4.684561570267713
550 0.994905340752379 0.012395678317767 0.0026081578662759952 4.684261416314841
555 0.9965535576314113 0.009974451470829315 0.008109269121784113 4.684277632440411
560 0.9952220172827293 0.012279407390406227 0.001091812963951888 4.684184994676155
565 0.9904892533394972 0.025504840585356625 0.006475183089146963 4.683803781654374
570 0.9907126995703839 0.02468533059490685 0.007724512180236065 4.68511700011281
575 0.9939281995789049 0.015413217138978474 0.0038352006282520446 4.684314680291947
580 0.9944581866098272 0.013417366181406543 0.007755192120219245 4.684247659745918
585 0.990322467796279 0.023107007062888485 0.00386818498101138 4.683884342451226
590 0.9914522520355857 0.022515790426883342 0.0010928191590018344 4.683798193027619
595 0.9853078480586072 0.032044520510606134 0.002566533576619401 4.683659936691122
600 0.9855525329806999 0.03224026720877049 0.009857152958546056 4.684129862478336
605 0.989629665756155 0.023623718746126343 0.0001595044168676285 4.683778289944618
610 0.983076100416969 0.03694968364966211 0.003620947380715611 4.683466408932071
615 0.9795869991012731 0.04547662175044387 0.0029991032359197867 4.684039933399987
620 0.9806343047887596 0.04309986998740456 0.006350316114357657 4.683788730097537
625 0.9799205755692342 0.04655870077554791 0.0031426052805298976 4.68380199643193
630 0.9830988484061858 0.04002669586243002 0.0036232653528427416 4.683651975594255
635 0.9804829557261844 0.0433820544712864 0.002359532016830146 4.683833347937093
640 0.9815748192775502 0.040642059158749966 0.0023231695666958707 4.683034387399249
645 0.9824315697729038 0.04034287453256358 0.002674066470463421 4.683500322844299
650 0.9780652648397633 0.049891426098823466 0.002301008428990059 4.683088508136894
655 0.9759518523556523 0.054491893008740355 0.007844765284346078 4.683388154586006
660 0.963778798951169 0.07867371984420402 0.0018548376271434464 4.683045448532215
665 0.9586779058053713 0.08856602300108385 0.0007692876697249496 4.683723572850293
670 0.9760651174594346 0.051641782446560036 0.00299684874011108 4.684093211674488
675 0.9618062722604661 0.08273208787807018 0.006371824624313183 4.6836486580776935
680 0.9692891620476787 0.06635621711070083 0.0076761467637975755 4.683422543659059
685 0.9663472830711313 0.07402578391116954 0.006323242684750818 4.683122374957249
690 0.9687775414455437 0.06812681438938029 0.007258803285728366 4.68335874102473
695 0.9259670420086474 0.15964196633623295 0.010616689075150676 4.683866966291866
700 0.9576295761137126 0.09206515491391709 0.0035160535850595753 4.682759253529244
705 0.9495037623037192 0.10838253057089808 0.002380061252535315 4.682930860706772
710 0.9610239236616956 0.08792119305461199 0.005294619562663083 4.682668876341816
715 0.9643673375824606 0.07935359765609462 0.0008069114019255696 4.6830102560678
720 0.950262787358902 0.1067337965432591 0.007924878758302167 4.682830033768423
725 0.951966977419129 0.10286389313015754 0.004939466080428279 4.68361645036274
730 0.9510220965270795 0.10541073177502369 0.006467352088914469 4.683041786002108
735 0.9291754781464281 0.15325898499020862 0.00392698494510646 4.683165347621466
740 0.9478586221342784 0.11163894724653112 0.014834048519417609 4.683264712659935
745 0.9354438340801594 0.1398208819493023 0.004928352583750684 4.683323651401294
750 0.9265486342236945 0.15995740555780102 0.005997545705917817 4.682707153478122
755 0.9249741818138809 0.16700928118314007 0.010676540459114703 4.682993053859127
760 0.9366391725580416 0.138365789631826 0.0067029953681978505 4.683038399267169
765 0.930703929758788 0.14838961868808287 0.00408300016648222 4.6833413414079095
770 0.9263295280855492 0.1578941259294444 0.006733395500209127 4.683175346589198
775 0.9216230797191802 0.1685718407651171 0.0035490941367659623 4.683142466379234
780 0.9249794710733661 0.16273169052917424 0.007697655559701699 4.68283998102457
785 0.9088819846700337 0.19656882602967318 0.0016908371835873126 4.683741185377303
790 0.9175560650587753 0.17828184836171257 0.01462557022164468 4.682618861170633
795 0.910167871055026 0.19456531255716314 0.001294474180601357 4.683407432974269
800 0.9092031286003297 0.19656468846876507 0.0012585229879524817 4.683623045917548
805 0.899460235684971 0.2195282504375875 0.004640622568385266 4.682784156470231
810 0.9092674783165735 0.19623762177413706 0.014531445286513733 4.682797994216729
815 0.9033781812414214 0.21069677456048286 0.007294928181225346 4.683110980423174
820 0.9002604255895417 0.21645555758369373 0.005298791924958524 4.682612731996872
825 0.9036574462313823 0.21193636465213483 0.002394156852875806 4.682975329661537
830 0.8970581577798974 0.22624946138868918 0.0012602954421003787 4.682759859001964
835 0.88904192666248 0.24210599633663055 0.001171634296157631 4.6828674415899165
840 0.893818390613022 0.23161949043871655 0.012218517633225678 4.682747497186644
845 0.8778218897151373 0.2668759031225836 0.006392428955815932 4.682312705978799
850 0.8798197816829487 0.2649390951616537 0.002450326318094387 4.682678211519001
855 0.8815614626677599 0.26123740507021154 0.003959519785022625 4.68246995449703
860 0.8818242629705293 0.26237572138736986 0.0018413177053793195 4.682417839151445
865 0.8864394146733205 0.249031698843873 0.0022005833883498305 4.68283425244712
870 0.8888598933640832 0.24373962961806672 0.014094292854535562 4.6828667228875
875 0.8659523218593743 0.2950299896574329 0.0007217491376008134 4.682786669510292
880 0.8784553593627564 0.26832976633057726 0.006422128199965682 4.682835735883156
885 0.873490531741205 0.2789392801369939 0.01727238699960898 4.682770251817694
890 0.8686813143970451 0.2979088935559444 0.00856160253470728 4.682731387236717
895 0.8754326276527218 0.27429203412412395 0.0034353629725201174 4.682353877223922
900 0.8679409815466343 0.29120911801189564 0.017079486169630176 4.682481819535829
905 0.86824699567303 0.29201706609522393 0.0020868906535116416 4.682906765524311
910 0.8780254736413425 0.2683113452705106 0.004667123892202252 4.68168636380257
915 0.870192010605493 0.28943796385679477 0.003840476212311872 4.6823505223589965
920 0.8768599139317956 0.2751452656750546 0.0104031876117614 4.6826517588020575
925 0.8691403000998228 0.2894091714215703 0.006813937932885095 4.682761033059321
930 0.8659190373586889 0.2973304255394966 0.002202282882732387 4.68262964619798
935 0.8692766437024411 0.28870837042906583 0.0063804975173240575 4.682174077933683
940 0.8709095234440009 0.2858258758212626 0.019082917070755823 4.682265850515472
945 0.8597625185155248 0.3128380437717171 0.002203133342034924 4.682829231842109
950 0.8617181008395893 0.30825666182591593 0.0049907891008273975 4.682317633193129
955 0.8673309518224617 0.2961286377327177 0.012523970749970692 4.6829534688379795
960 0.8612723488151365 0.3105375219203159 0.009418532692798909 4.68274943831592
965 0.8694369105291216 0.2922554631288863 0.00016741223560368113 4.682409094960206
970 0.8540432416540307 0.331796233165643 0.0006145634398415645 4.682153064351402
975 0.8575793003308643 0.3187254844375529 0.0020747980739774796 4.682618358217514
980 0.8611342581135935 0.30982595981606664 0.016523584373461686 4.682148057647078
985 0.8638720385666611 0.30379936987241685 0.002924221420008921 4.682587471740364
990 0.8604938218370375 0.3115535925844011 0.007363625827243148 4.682251140966794
995 0.8625832378600242 0.30882469544096214 0.01456550355782249 4.682524834176501
1000 0.8576920928501681 0.3173921668486335 0.0022776332884819617 4.68273694776421
