0 0.3546436453820469 2.3992447897814246 0.3273772318191328 0
5 0.9323758631299208 0.15303332460758945 0.029580179932861883 4.8496163917715
10 0.950649606701712 0.14827124894929788 0.015829987898329012 4.7796434657877285
15 0.9865028566789007 0.04404920421605496 0.0018292515201894233 4.727527892471497
20 0.9914073654268499 0.022960950627690657 0.0022375720155474177 4.712910608470454
25 0.9912501891217738 0.02621390119105449 0.005075293771637179 4.705203822267414
30 0.9973725615773747 0.006907971646291422 0.004760900079868957 4.704169458903964
35 0.9941908244414255 0.01900458500428215 0.0031711084884873397 4.701509160228067
40 0.9972506242067654 0.006761475663565442 0.0029818498151310546 4.700739719093709
45 0.9961411601687228 0.013660233683814305 0.004428172694181942 4.699631773219377
50 0.9977717544157063 0.007030323878320921 0.0033857715226395246 4.698962958536124
55 0.9988536370216498 0.0033767174936807365 0.0021106868431977066 4.697667247023353
60 0.9987952862753544 0.003538767820558064 0.0011396573582049818 4.6977101776282675
65 0.9988553485376983 0.0033162829048309916 0.004595871445105537 4.69644007044259
70 0.9988480541417327 0.0038791753243874183 0.0029308675440220533 4.696713311057468
75 0.9968365416788181 0.012644727593016825 0.0015174332652998501 4.69401130393497
80 0.9979522127798792 0.006612898012928525 0.004375017932393588 4.693341204803994
85 0.9969849462838892 0.008943179404437451 6.906357256530882e-06 4.694327335499784
90 0.9989893200611875 0.0030161954346556996 0.004033249351301338 4.693734006347754
95 0.9971980471791261 0.009379644155488087 0.0020170600612865464 4.693015749544057
100 0.9986679849144555 0.004415859393192889 0.00418072369130007 4.693433374812748
105 0.998617020674922 0.004517335353977359 0.004147939723856187 4.69263925863873
110 0.9985660539927201 0.0053792625438005 0.0010682738199374597 4.691721595706751
115 0.9991760975181956 0.0023500231851256714 0.0003103064222282903 4.691960013507436
120 0.9912104918177154 0.03215080404548676 0.0112995743602895 4.690404183022829
125 0.9967565129742648 0.012008698397594664 0.004817498964917677 4.692562782567062
130 0.9945256985876324 0.0207874995824886 0.0033203621202095857 4.690593925535947
135 0.9968446206870479 0.012182720887080833 0.0004925353381062259 4.690629679021758
140 0.9990411610396205 0.003111504952467925 0.0005684371919640885 4.69034342879929
145 0.9982788473212447 0.006357020314744055 0.0009585932169506872 4.691103135579925
150 0.997801461898731 0.0075040479818033745 0.005534163778994294 4.691522677261151
155 0.9984077820120694 0.005919701369768049 0.0028193022002325208 4.689994601741112
160 0.9986171351737785 0.005024438542109877 0.0017111436102112965 4.689898187905798
165 0.9991491540775104 0.0025736327879606336 0.0013750771270681916 4.690862285964756
170 0.9989957333240536 0.0032268137623461257 0.0020396254112442502 4.689716195527399
175 0.9974071084023926 0.010105399519804159 0.0009727944555462109 4.690236764537185
180 0.9987081827621109 0.004568399105297161 0.0021163184100987387 4.69047762239407
185 0.9975394859452402 0.009706288619094394 0.0015169763123714652 4.68942094993493
190 0.9985561784515489 0.0046753843972755504 0.0010959424357317449 4.689723840954932
195 0.9984300369397232 0.00578072834279908 0.003858788900826138 4.68978962992112
200 0.9980774025749356 0.007037195596252488 0.0006450159398498911 4.689914449551069
205 0.9988243562449715 0.004349529695564236 0.004594053751723726 4.688837994833668
210 0.9982186626252689 0.006919297914175004 0.004774603865679294 4.689158215660286
215 0.998978976191206 0.003661036907685933 0.0015084749987159807 4.688234851242638
220 0.9973015165426402 0.010195495451747583 0.0053251250378620885 4.6888616877183225
225 0.9989712837731455 0.003509725328460611 0.005078052109309672 4.688655558422173
230 0.9985199278446325 0.005455144243546428 0.0006328844708138881 4.688728572624026
235 0.9991436920565187 0.0028855176032358543 0.0019559517182907715 4.689327341755661
240 0.9953744507578643 0.01827115881574759 0.002904441194845564 4.688857022618262
245 0.9983777048548959 0.005914724074540523 0.00024233855124711212 4.689149504864597
250 0.9964897805874184 0.013572615714772418 0.0006073553872378845 4.688818217748902
255 0.9985528684037557 0.005432725895810897 0.002978435842307947 4.688114467849698
260 0.9977438646433778 0.008751115781366003 0.0008646240579026632 4.686930236146315
265 0.9987613308467544 0.0045678544296672285 0.007435197769380952 4.688254997442019
270 0.9971319277787969 0.011121601520216906 0.0017801515807904789 4.68806102875982
275 0.9986850569513428 0.00485251594670455 0.0009254503584832374 4.688260518494749
280 0.9970534192665748 0.011405839670413975 0.004772471283524871 4.68821728857477
285 0.9989055296278866 0.004037719560518127 0.001999213928072896 4.688599861027903
290 0.9992066197847357 0.0029000431780721314 0.003920030490732085 4.688315665829261
295 0.9978063732598099 0.0065686325004703505 0.002758195456145973 4.688173313602839
300 0.9988469095481033 0.004541016829350042 0.0063532302346644975 4.688041070616567
305 0.9981941490968743 0.007036135583969205 0.004477791118264296 4.687846087507393
310 0.9988289806102801 0.0043482522334876705 0.011090042702935232 4.687402636350619
315 0.9968696189650639 0.012094487225291495 0.0021490106938826248 4.687668798702401
320 0.9973788864590388 0.009832581624691805 0.005173766369856558 4.688272515168936
325 0.998309202955384 0.006350061096200399 0.0012118643365532922 4.688429976187394
330 0.9991899356865792 0.0029617370951191546 0.004747978004264741 4.687500613472715
335 0.9991484119186809 0.002967131149770097 0.0022787449342345223 4.687354185022413
340 0.9971020203362336 0.010700803304523276 0.0010582812461608082 4.68791818496251
345 0.9987490104892017 0.004208726165448873 0.009691747245789584 4.688131157104656
350 0.9979689467910886 0.007491322848688142 0.004241992607960654 4.687572731004238
355 0.9984588654727492 0.005797154520932324 0.0017471876881940407 4.687392136748483
360 0.9979667292113553 0.007902658502531246 0.0018449899673915748 4.686528994427175
365 0.9985419315893713 0.005532118593240654 0.001207792027377197 4.687763344176813
370 0.9990210480711698 0.003283495993045449 0.001601319393819356 4.686916848231288
375 0.9988032098277522 0.004487830083543365 0.004147864843913718 4.687460115024114
380 0.9983617866545653 0.006318552375763176 0.005378745146488617 4.687113147561992
385 0.9991759390544499 0.002993257610562239 0.0008189555680464533 4.686922371463187
390 0.9982924928264569 0.006332478745707526 0.0033034238957392326 4.686274327797903
395 0.9983049833586013 0.006606246775277214 0.005519257247605047 4.687377107410012
400 0.9986857926610198 0.004531866661419137 0.005661363008622855 4.687079661369723
405 0.998849265870736 0.004347793083350204 0.0038605861406744157 4.686803641568954
410 0.9979323027215836 0.0071872275837074895 0.008458659135343716 4.686363733119987
415 0.9990133207754512 0.003493274706278804 0.0004343259494117291 4.686174704046191
420 0.9988189258938818 0.004531547081373155 0.006334633276803059 4.686201087730973
425 0.998912489688897 0.004134230510741688 0.00794980606729001 4.6863436992449365
430 0.9983059188465015 0.006229508635168024 0.0016066544829445029 4.6869621712193705
435 0.9963964578102908 0.01418176831098883 0.005948937219886874 4.686384646612493
440 0.9972261425106819 0.010100019674554872 0.0039803467888313016 4.68580928007525
445 0.9985175552302769 0.005716843049304643 0.0007983117385967908 4.686438406639328
450 0.9985178786834461 0.005139160550532651 0.004890281391485285 4.6866244716179555
455 0.9987198946974873 0.0048356929909463275 0.00012309936617382888 4.686048019512434
460 0.998063067725351 0.007491348662069797 0.0017622298926531776 4.685381900469202
465 0.9982837379035203 0.006534672391367735 0.0014768025864344558 4.685512628836012
470 0.9988475821577004 0.004418600268069284 0.0017446822549807006 4.685687649954442
475 0.9985615904632315 0.005088980665260756 0.0028269846655941677 4.685513501199122
480 0.997339256396004 0.010928814330843473 0.008664851541967833 4.685530342647191
485 0.9981101107373004 0.007166069606533654 0.006181316089028499 4.686161088988607
490 0.9984055596710535 0.0060095649530200745 0.0004131354917291663 4.6855779419495205
495 0.9986595925634076 0.005140242397464689 0.007461521226090895 4.685410694951468
500 0.9983540993281673 0.006016384681480247 0.005300521496084398 4.684863169372399
505 0.9978186738611581 0.008549311064918186 0.009861058484388341 4.685327548929646
510 0.9985348710161288 0.005040582589569631 0.0044633356985630535 4.685351742947088
515 0.9975137453946948 0.009591612973049557 0.0010822260270486606 4.684927749138839
520 0.9946696465301545 0.01237355010866903 0.006231049084257423 4.684906548702049
525 0.9926772155045187 0.0176979857289421 0.006619187674933968 4.684693986766292
530 0.9932700556235163 0.016066924045527564 0.0015961215486677283 4.6850897824926
535 0.9912588534084221 0.02005802446234295 0.004642364121866915 4.683948747084618
540 0.9345467530087577 0.13984515625505356 0.0003617859325273365 4.684738049378769
545 0.9793230862406237 0.045581912975644734 0.0005263557779457972 4.68449706777183
550 0.9803398321982653 0.04228351822592913 0.0014856528471214325 4.684383589517324
555 0.9778076326393255 0.04741940656408428 0.0021536510673065834 4.684262203415464
560 0.991062673811067 0.02135488495408122 0.006639797242939505 4.6843864175661905
565 0.9898498330924115 0.024456684694140307 0.0104438655512753 4.684265517636655
570 0.9905505437104644 0.021489488601575957 0.00293480236186916 4.684632081052672
575 0.98085892424122 0.041200899515815514 0.0011852035900861146 4.684825592885797
580 0.9927349521175177 0.018099160711273043 0.004228363274168201 4.684463972051128
585 0.9878903250410682 0.027843051213588765 0.0034386759126561195 4.68385277060502
590 0.9744770747156704 0.055910443156514056 0.0087616832507309 4.68405742607476
595 0.978025079018085 0.04801076649829028 0.010285254003325806 4.684568189430678
600 0.9547773864154967 0.09630357153036506 0.0005475379970643068 4.684203167114826
605 0.9720318942216373 0.059000071244195595 0.0010970857016201485 4.684283880009631
610 0.9747014065076537 0.06103046575481308 0.004683831488497603 4.684230718036899
615 0.9833079454966177 0.03905288470657631 0.009849788055187991 4.683570315921295
620 0.9646019932787521 0.07507992591652712 0.0019335474698609634 4.684078090600868
625 0.9356884734449069 0.13656688323280086 0.0038236923170100745 4.683423092020874
630 0.9640912915189459 0.07737021965117208 0.002931280415288784 4.68359101505302
635 0.9487814275057102 0.10932823399019753 0.009990453736416827 4.684025969519381
640 0.9393983062394787 0.12848660577668003 0.004474444563703495 4.6840204848609055
645 0.9029012328096345 0.21165112846859913 0.004294758153872369 4.6832372424604385
650 0.9338736412445952 0.14708319033123196 0.009007971473759868 4.68335573679034
655 0.9397959945683478 0.13058290320943655 0.0008480057000697094 4.683474985115665
660 0.9590408680648679 0.08966902047394498 0.0027037226876656106 4.6838005187134515
665 0.9201119861446873 0.17180359745539864 0.00013312871925519332 4.684178261927865
670 0.9407398786969743 0.13216654824074148 0.0023761025056336926 4.683534597266238
675 0.91116038605809 0.1938726215289286 0.004769972519588439 4.683836818702298
680 0.937411162058122 0.13712957817262694 0.007887028243130478 4.683755007468035
685 0.91694851814872 0.18049771134930825 0.0017741138634008724 4.6835147346635475
690 0.9341495228256576 0.14370075860524967 0.003006421852936425 4.683087479086164
695 0.9230550613086914 0.16781138105361126 0.0034217579902517947 4.683424156524988
700 0.8934422384307323 0.23384599721775068 0.0014174642589737108 4.683615343402433
705 0.9110288284426072 0.19717274023249498 0.0009552400626522406 4.683504555709728
710 0.9028292523108238 0.21590813890162242 0.003386816476892651 4.683631731826197
715 0.8798547045125042 0.2644300907712607 0.0011961631893087077 4.683455236051289
720 0.8860629121191743 0.2508585970974897 0.0021494443008001074 4.683364449357881
725 0.8863664294476434 0.2503517258284367 0.0019585010594400654 4.68292648421501
730 0.9358963490095834 0.1448310279305467 0.007731349175709834 4.683107258899053
735 0.8724163821172184 0.28731876144652 0.0008263152440304289 4.683240579664157
740 0.9008874796057011 0.22099205926836696 0.0012790646969136343 4.683429575044347
745 0.8953288711276013 0.23504667030890136 0.010462151151712895 4.683629366164212
750 0.8995325198897739 0.22544905786133018 0.009429567493665969 4.682615250137038
755 0.8973215460755531 0.22596744873589714 0.009686638533560332 4.683387569952199
760 0.9087636425265893 0.20932838424887912 0.005817482537031626 4.683209443987576
765 0.8892904721829502 0.25032558241276615 0.0017910348808010124 4.683557804756868
770 0.8996260724358194 0.22841219692836123 0.0053605736186415065 4.68334439679012
775 0.8288890314973163 0.38756344934317344 0.0039252330487078435 4.683091970760623
780 0.8856049815622001 0.2595628111277959 0.005308499590769289 4.682667973862691
785 0.8922856516994551 0.2442687933468326 0.006892081204408429 4.6830973978353425
790 0.8554445408784173 0.32193554490295906 0.0078160251170043 4.682579364639449
795 0.8554318603251923 0.3326618183098349 0.0034526585590917147 4.68261204459173
800 0.8711930135247179 0.2903699903202783 0.0005250346749510193 4.682671446628302
805 0.8750403877671598 0.27973942635601823 0.0102672475642831 4.682421064297294
810 0.8806666311898292 0.26833389381896655 0.006018977814735704 4.683190443977406
815 0.8611656712101928 0.3146224272803009 0.0024746656356704477 4.682478657538592
820 0.8723183976299006 0.2890529984073158 0.004082683417562238 4.683305179961849
825 0.8418484793001647 0.3597358273750322 0.002474069965922032 4.682950105488614
830 0.8495795136426834 0.3386548473560289 0.00770594851040185 4.683163669913669
835 0.8482292682063959 0.3431780222312204 0.0072002931100154655 4.6829510050972525
840 0.8488352304230659 0.3376913316308343 0.0020657573141498187 4.68283091662116
845 0.8707311597526606 0.2934681173924272 0.01080122576383391 4.682776920276157
850 0.8809735084790661 0.2731980674889982 0.00782300988974649 4.683007816856575
855 0.8512355860434369 0.33768597298110326 0.0068245623738227845 4.682909621620042
860 0.8681035844136148 0.29568655788390164 0.002605736888756649 4.682751284722049
865 0.8692651318037793 0.29847455387413735 0.015580292656600658 4.682673770523669
870 0.8639256673751005 0.31039299209912397 0.003195054147882237 4.682813047925423
875 0.8647125725013294 0.30567525769443993 0.0034766194564137542 4.682295821509116
880 0.8527459820998557 0.3307283432699153 0.010921165072446781 4.68286326878526
885 0.8790674787049628 0.2761839470360581 0.0050285212363321286 4.6823718788678494
890 0.8617979994739597 0.3101703524635102 0.011185128545165401 4.683012421597731
895 0.8473022806213726 0.34556165321731047 4.349052742158577e-06 4.682918950218767
900 0.8236409168527978 0.4018481866923791 0.009764655567793712 4.682506034250473
905 0.8587218723396477 0.31934002446386334 0.024464902290585844 4.6828349142256025
910 0.8305939085669902 0.3874025324197614 0.007548712233599986 4.682578268890225
915 0.8425344887859061 0.3567511366242391 0.0038118636801840466 4.682001966192994
920 0.8515500307673334 0.34303737296995873 0.0007994003872702216 4.682375416968428
925 0.8403142154313984 0.3660872464714675 0.007890052482601106 4.682844119510937
930 0.8488541080771871 0.3423819828265833 0.01004368795902133 4.682756368906282
935 0.8504526602966322 0.33825696559729046 0.0023869476411839674 4.682326762204475
940 0.8246379914708961 0.4020385033437206 0.008030621414115924 4.682385625135174
945 0.8429793936437121 0.35616453378623714 0.0094166858911362 4.68212428246523
950 0.8441939806307541 0.35226155901375744 0.004851680187130336 4.682692131164001
955 0.839765480516941 0.36134073374778897 0.009641129287406569 4.682945619542123
960 0.8610756653810276 0.3215089466842018 0.0013864949833266582 4.682705258752744
965 0.8372185756994576 0.3683437685083426 0.01153258820460179 4.68271718492773
970 0.8360477189347995 0.3758212492474078 0.010937039359648404 4.68248452703234
975 0.8435560887405565 0.3596110207686447 0.0007098978554620494 4.682706764443946
980 0.8393091883853766 0.364065755353173 0.015338374671326704 4.6827033305506545
985 0.8358405411065809 0.3690779782750715 0.002810522520074299 4.682366719108074
990 0.8298389590404489 0.3887196218527098 0.005920145754805706 4.682180495487587
995 0.84119810784557 0.3592080049480897 0.0034992611520536787 4.682407573660357
1000 0.8442515977779628 0.35900180981328234 0.005439915747233126 4.682169669770309
