0 0 0 0.2902077210380196 0
5 0 0 0.015825544613305098 21.7375411929606
10 0 0 0.011669953269859867 21.570342133002153
15 0 0 0.01337402467693316 21.492480158606295
20 0 0 0.016194222397139413 21.43451550787032
25 0 0 0.01503893984423188 21.377022289724255
30 0 0 0.017935560308016907 21.327768250545706
35 0 0 0.017933752377844003 21.281030671426773
40 0 0 0.01478556307590373 21.228789699292257
45 0 0 0.01780115665868598 21.20147409889788
50 0 0 0.019411285543551093 21.174621728846397
55 0 0 0.020614743664746582 21.139580167733595
60 0 0 0.019420049239867954 21.115628473492976
65 0 0 0.018153804803157536 21.105717040279384
70 0 0 0.019712931255070787 21.080725319585564
75 0 0 0.018505622925141685 21.07311819676423
80 0 0 0.018585837093583635 21.069324804417974
85 0 0 0.016617706485221095 21.063218013139682
90 0 0 0.01916075569138176 21.059189915761127
95 0 0 0.01612283294378014 21.04348537218491
