0 0 0 0.2516675609979544 0
5 0 0 0.02052960669365822 21.77539969162867
10 0 0 0.013214844429692896 21.617587983003258
15 0 0 0.016177719390637613 21.54002572857709
20 0 0 0.011849188318994619 21.47329045642651
25 0 0 0.016480247152630856 21.418557190868306
30 0 0 0.01859048411908737 21.356103100091932
35 0 0 0.01842289704741007 21.31918032893232
40 0 0 0.020907833285090716 21.258061315174
45 0 0 0.013728769575755972 21.217407253676065
50 0 0 0.0175444091823016 21.17341910031575
55 0 0 0.021137715446852834 21.15664830171995
60 0 0 0.020953557111093035 21.137664762792724
65 0 0 0.015440541295446364 21.117453711865593
70 0 0 0.01914721038340539 21.10405311675702
75 0 0 0.019341015702576625 21.095730822726715
80 0 0 0.020771195285400834 21.079801003252967
85 0 0 0.01649489353930189 21.07078949598835
90 0 0 0.018193021820613442 21.07363732998933
95 0 0 0.017711226655673595 21.060614939503598
100 0 0 0.021033752716079768 21.054985717935256
105 0 0 0.01733188423788312 21.054384220219433
110 0 0 0.01783468619613804 21.049746616552603
115 0 0 0.01984951805796431 21.04764537807988
120 0 0 0.018124682687607363 21.04755134244254
125 0 0 0.019126675837741525 21.040581695059
130 0 0 0.020121323064381746 21.03352777400707
135 0 0 0.020215227157788895 21.03352124394157
140 0 0 0.021799977894799927 21.03365768329676
145 0 0 0.02115113992271489 21.02952286837828
150 0 0 0.019504951047870644 21.020304845158925
155 0 0 0.01936553810838726 21.02235341414751
160 0 0 0.0176625863688038 21.020879980889887
165 0 0 0.01818298368783089 21.02039405669261
170 0 0 0.019142987855707005 21.01975682777506
175 0 0 0.022600427820491875 21.01429168203159
180 0 0 0.019727514456154394 21.014850559697557
185 0 0 0.019190780005255315 21.011645090177694
190 0 0 0.015416082599936543 21.00868138162662
195 0 0 0.018897481415617756 21.007119296526295
200 0 0 0.01782001281105794 21.010517850460545
205 0 0 0.018113741738825517 21.00745371214885
210 0 0 0.019810992316544818 21.008568142487878
215 0 0 0.019029166549941356 21.01138943014645
220 0 0 0.0182784454677809 21.00553024015404
225 0 0 0.023753286892955305 21.00115120863908
230 0 0 0.018531433895864424 20.998553257897967
235 0 0 0.021139978119559366 20.99895579289767
240 0 0 0.018360261045891946 21.001638267836196
245 0 0 0.017074874232451354 20.999886660783336
250 0 0 0.02463060510782511 20.766737240780916
255 0 0 0.023071112084174672 20.770065369701477
260 0 0 0.02218440558273982 20.766747639348843
265 0 0 0.022675846945675815 20.7645898810229
270 0 0 0.024880854069585512 20.765645715571555
275 0 0 0.02428000856887791 20.766297889477347
280 0 0 0.024709563841789794 20.76405230013157
285 0 0 0.02369280716501354 20.763756149022356
290 0 0 0.02381827238948997 20.765121748441697
295 0 0 0.02382931738591254 20.762619833429426
300 0 0 0.022147925187411932 20.76496160443529
305 0 0 0.02600384050749094 20.763309618356676
310 0 0 0.02259099171643153 20.756676001694437
315 0 0 0.023179839514630096 20.761018544803328
320 0 0 0.023022862134506328 20.76099495971911
325 0 0 0.023751152006660003 20.760205747401713
330 0 0 0.025105348223314117 20.760965606863955
335 0 0 0.021867652489580447 20.75924922421653
340 0 0 0.023257641704146126 20.76143629577772
345 0 0 0.02268491435171449 20.759168060902525
350 0 0 0.02237985120775665 20.75938454840891
355 0 0 0.02551106114801316 20.75755186322008
360 0 0 0.022409901888996275 20.75323838133808
365 0 0 0.026139957848575257 20.7576873155739
370 0 0 0.024435748750848862 20.757704990767266
375 0 0 0.025717067429406715 20.75513777024386
380 0 0 0.020945491475068856 20.75613729073739
385 0 0 0.024842045513812527 20.75558919932129
390 0 0 0.023714768350571624 20.75722868046116
395 0 0 0.024047689022412833 20.75257775159686
400 0 0 0.023331609524230634 20.753767102775537
405 0 0 0.02321582103157227 20.75529763017609
410 0 0 0.023198214151004315 20.752984259734884
415 0 0 0.023627419628047264 20.7511524651278
420 0 0 0.022979738599188337 20.750639206231526
425 0 0 0.02466932758702267 20.7525483649243
430 0 0 0.022216692763123325 20.750175928547716
435 0 0 0.021167404362079978 20.75411056704611
440 0 0 0.024582249987868066 20.751024765209547
445 0 0 0.0252435255105099 20.75362876207086
450 0 0 0.026655530006044925 20.750048129792223
455 0 0 0.02411420510704665 20.751271067618035
460 0 0 0.02539701420327556 20.74951070758607
465 0 0 0.02572479717362497 20.749739547129916
470 0 0 0.02374261743477124 20.748763414493748
475 0 0 0.02340104824596856 20.748038182693996
480 0 0 0.023894450615788987 20.746562455744154
485 0 0 0.02644350086965086 20.747976857727526
490 0 0 0.022301860443186827 20.747293502250123
495 0 0 0.02485548015470629 20.74710541891308
500 0 0 0.02366673388533047 20.74760396009911
505 0 0 0.026839687092340636 20.745800368901595
510 0 0 0.023724707590065286 20.74591931430338
515 0 0 0.023035530183670216 20.744775345004687
520 0 0 0.025009867223247495 20.74384927658059
525 0 0 0.026406536725148255 20.74475492887814
530 0 0 0.024422520865081232 20.74622786362828
535 0 0 0.023789032508221064 20.744464249105974
540 0 0 0.02311562820969404 20.7414362109077
545 0 0 0.026153202640066375 20.7435178849557
550 0 0 0.023776847939091628 20.74058606871527
555 0 0 0.02629113037707409 20.74143238563456
560 0 0 0.024999620455255167 20.740167624070928
565 0 0 0.02354096050127663 20.74165775295012
570 0 0 0.02461979236452172 20.73965902142818
575 0 0 0.025266176062484158 20.742149797044654
580 0 0 0.023114756346262588 20.740902284083905
585 0 0 0.024956493311010686 20.73802935018342
590 0 0 0.023564715508407996 20.736061411249224
595 0 0 0.023994694228341995 20.737809493241894
600 0 0 0.024034335413144703 20.738913665623745
605 0 0 0.023591184238655805 20.74118938096909
610 0 0 0.02474819236908088 20.736865388031152
615 0 0 0.025301253840884552 20.737335072297245
620 0 0 0.02446186149829055 20.73672864338771
625 0 0 0.023927288903672572 20.739224050361987
630 0 0 0.02517298324518613 20.733449316555173
635 0 0 0.02434612859155827 20.734430517961442
640 0 0 0.02353738259830318 20.736855177520187
645 0 0 0.024375352099121894 20.733432014329
650 0 0 0.025967440560090482 20.736358057291405
655 0 0 0.023700676444422974 20.733885993831922
660 0 0 0.023615765899289265 20.73358113559433
665 0 0 0.025757508948466956 20.7331031069034
670 0 0 0.022740145469776207 20.732195446349657
675 0 0 0.02471470710016077 20.73106462729096
680 0 0 0.02384344342487843 20.732936953561236
685 0 0 0.023828491468796953 20.7311620099964
690 0 0 0.025743014519767016 20.732811262903756
695 0 0 0.026258493074691414 20.732066853970014
700 0 0 0.02557852206535527 20.72923095637751
705 0 0 0.0247609745236943 20.73457434246952
710 0 0 0.024651651731722346 20.728543259293716
715 0 0 0.02490708890522253 20.73102918400235
720 0 0 0.025187966983697185 20.729931842204415
725 0 0 0.02649289217114381 20.728386722586976
730 0 0 0.02608806841731348 20.72804943043364
735 0 0 0.024632320418354503 20.728949452683352
740 0 0 0.02436858303148437 20.729625411950828
745 0 0 0.026171036065336217 20.73046986208958
750 0 0 0.02575699758988259 20.73041976399811
755 0 0 0.023562182572420376 20.725466525995103
760 0 0 0.02444714032269668 20.72720626166145
765 0 0 0.025847292840793568 20.728897934579507
770 0 0 0.02584250288579537 20.728048671143696
775 0 0 0.023855037812708924 20.729210481641825
780 0 0 0.025528889991276227 20.72801673083894
785 0 0 0.024334619458460827 20.725033115928692
790 0 0 0.023192383921094795 20.726654759413112
795 0 0 0.025366203746131077 20.727804053876163
800 0 0 0.024983111889744336 20.724497593461592
805 0 0 0.02499887006868784 20.727665406649095
810 0 0 0.024802949232548777 20.724144191307325
815 0 0 0.024799745971896048 20.72611455950044
820 0 0 0.025618425449688065 20.7267402632791
825 0 0 0.024950122926560958 20.727120210833263
830 0 0 0.026262104117049212 20.72332323875712
835 0 0 0.025238240867839545 20.725512372412027
840 0 0 0.024843850078305696 20.727159635842067
845 0 0 0.02346906998828291 20.724651814018763
850 0 0 0.0248905137934754 20.72501231608656
855 0 0 0.02463310515033057 20.72660580552275
860 0 0 0.024499984592257995 20.72408537958626
865 0 0 0.02597162584190449 20.725968883222762
870 0 0 0.023687250017694117 20.724459118605118
875 0 0 0.02530651388576821 20.72329658936573
880 0 0 0.025210096147811445 20.725360118609668
885 0 0 0.024840796837864776 20.724048866208005
890 0 0 0.025330263476913473 20.722552321316265
895 0 0 0.024874914361740608 20.723059617009746
900 0 0 0.024682082298269847 20.725439141840862
905 0 0 0.02377463352789011 20.723126064303354
910 0 0 0.02568766298541303 20.721790057341423
915 0 0 0.02443240907193811 20.72178287631214
920 0 0 0.025779815541549178 20.723344318777627
925 0 0 0.024161990866607974 20.722911466249215
930 0 0 0.026343588165044896 20.722881173638463
935 0 0 0.025584788946657833 20.722713620320075
940 0 0 0.025850926946909603 20.722320513228087
945 0 0 0.026606127318207662 20.723503108641943
950 0 0 0.024237346837402862 20.721421194225762
955 0 0 0.024877341219101012 20.722105812441917
960 0 0 0.02333396901069129 20.720945876082492
965 0 0 0.026345110882597833 20.72127292691722
970 0 0 0.024498392698426574 20.72020006632538
975 0 0 0.02462627673515061 20.719251665697
980 0 0 0.02476988987880535 20.720084250589654
985 0 0 0.024597481802278054 20.719256700356546
990 0 0 0.025014824344333775 20.720818442335133
995 0 0 0.025184318649606796 20.72073170474307
1000 0 0 0.024712788335735425 20.720163286842254
