0 0 0 0.24982058565196585 0
5 0 0 0.017232820722494324 21.770709687425747
10 0 0 0.015815412290941966 21.614825789514974
15 0 0 0.01784217702212265 21.528471832051064
20 0 0 0.015703449440318096 21.46367441227841
25 0 0 0.01609176620545938 21.40323421525893
30 0 0 0.013050903536366398 21.34871802126514
35 0 0 0.019165100065556828 21.303692997360407
40 0 0 0.021710291929795567 21.245413141730197
45 0 0 0.014832051705163884 21.203836715714587
50 0 0 0.01752037672226292 21.18269286814229
55 0 0 0.01786443604336929 21.142971624154278
60 0 0 0.02042357849168841 21.127718682947002
65 0 0 0.018189319494614997 21.111919036032837
70 0 0 0.021189984720024535 21.097844997193096
75 0 0 0.020406235055919097 21.09481118548451
80 0 0 0.018991859403570732 21.078693698405477
85 0 0 0.020606873418934413 21.058576294543897
90 0 0 0.01957089420221436 21.047729327682447
95 0 0 0.020261329507988757 21.050491460643403
100 0 0 0.017273983240957413 21.04659864269389
105 0 0 0.018214189955680027 21.035858647439845
110 0 0 0.018492112013431594 21.051205996813845
115 0 0 0.01775227017220149 21.043857133878976
120 0 0 0.019161620831058324 21.0339535181242
125 0 0 0.02056665992659168 21.024555100851913
130 0 0 0.019682192721259373 21.022046364780348
135 0 0 0.021379516474145044 21.02758638336526
140 0 0 0.018667587367379168 21.01617339315422
145 0 0 0.019374051556169114 21.02652065450782
150 0 0 0.01908461222556257 21.01850444444092
155 0 0 0.01843486311016207 21.01870440686732
160 0 0 0.019185362071754586 21.015075005892527
165 0 0 0.021586108040340113 21.01490665340631
170 0 0 0.01775360362173828 21.021031254293725
175 0 0 0.018125239496719736 21.01460032927155
180 0 0 0.01784345579739166 21.010915466067296
185 0 0 0.020209908253669306 21.009474236738782
190 0 0 0.01990154960560453 21.00907280428551
195 0 0 0.01988435458594906 21.014319648020045
200 0 0 0.019785564833086466 21.003447708607606
205 0 0 0.02086602468088805 21.004087069230636
210 0 0 0.020997683266350542 21.006112053710858
215 0 0 0.018410705530944593 21.00134554536536
220 0 0 0.015468053663572512 21.00648950205368
225 0 0 0.020704583417190392 21.00219604999148
230 0 0 0.01638246457882042 21.003742203445416
235 0 0 0.02002266681730691 21.004373628343306
240 0 0 0.02006944968192159 20.999427107014586
245 0 0 0.01703868824151522 21.00119293641627
250 0 0 0.025488067763169253 20.772394285361198
255 0 0 0.023371319781279487 20.767751624454505
260 0 0 0.022923808244533328 20.76367292481039
265 0 0 0.025371215397977487 20.768983191836195
270 0 0 0.024898796825276293 20.767270285383205
275 0 0 0.02364976027380017 20.763696773415955
280 0 0 0.022570993109904514 20.765366497973808
285 0 0 0.023377894213710615 20.763674387255968
290 0 0 0.024887637498642867 20.765257044563818
295 0 0 0.02217193441841947 20.763075173545857
300 0 0 0.024511945077323016 20.76416138065421
305 0 0 0.024318145820514836 20.763803849409037
310 0 0 0.024694981482140665 20.7637084776507
315 0 0 0.022739014860933215 20.76668076408508
320 0 0 0.02379891978543114 20.761270988979796
325 0 0 0.024689161156581596 20.761507026626113
330 0 0 0.02307066853959583 20.763800061513475
335 0 0 0.022117086008038633 20.760498650759583
340 0 0 0.02259790104869075 20.763071269353823
345 0 0 0.023672895828833695 20.76062658318024
350 0 0 0.02360213674050793 20.76223475693877
355 0 0 0.023863599611882336 20.762256229256717
360 0 0 0.025245154637003164 20.759562463890944
365 0 0 0.023383067238937016 20.760295048066222
370 0 0 0.023412664592524113 20.75975660733684
375 0 0 0.021523554259342603 20.760039738505085
380 0 0 0.022830825864576187 20.758659730884816
385 0 0 0.021676851983980283 20.76070956125005
390 0 0 0.023586921692274165 20.75790835710957
395 0 0 0.025507614333763362 20.757024648959028
400 0 0 0.0220746796130058 20.757688204588167
405 0 0 0.024514764333440464 20.757667157370033
410 0 0 0.023593401632880484 20.75667582517903
415 0 0 0.024844998555120013 20.75801001336585
420 0 0 0.023746591236086134 20.758616717404173
425 0 0 0.02336309101324785 20.753912157459727
430 0 0 0.024652377030641714 20.75605875598465
435 0 0 0.02638249632503853 20.756322662318475
440 0 0 0.024046993770981073 20.755085790401257
445 0 0 0.02341892998645867 20.755632575081414
450 0 0 0.022583729971412447 20.752732065309
455 0 0 0.023227577587962678 20.754581398793718
460 0 0 0.023282753935669476 20.751970312136518
465 0 0 0.023268938988030285 20.75238931645187
470 0 0 0.02342638948955722 20.751432699911955
475 0 0 0.024194944843267008 20.752075228228303
480 0 0 0.023123410122369847 20.751709066331838
485 0 0 0.024740432302614357 20.75389988672035
490 0 0 0.025857150870904677 20.752942850073808
495 0 0 0.024474622650072497 20.750272345751906
500 0 0 0.024942562018411385 20.748254383513398
505 0 0 0.025567835450168275 20.751094795678554
510 0 0 0.021567091827782825 20.749742550418954
515 0 0 0.023831621234778666 20.751119127109845
520 0 0 0.02663134279419932 20.74933041235124
525 0 0 0.02296064906761419 20.74777984616791
530 0 0 0.023411773488257737 20.749342369061907
535 0 0 0.023796904077845404 20.746158553073954
540 0 0 0.0250867209445933 20.747410278647312
545 0 0 0.025261499035162727 20.746021253889822
550 0 0 0.026119867425989485 20.74652944792107
555 0 0 0.023160169455621826 20.744373463747717
560 0 0 0.02548001675745426 20.749214864191455
565 0 0 0.023822873462217675 20.745989581569376
570 0 0 0.02412705504853041 20.742477366701106
575 0 0 0.026492365771446202 20.74322018864929
580 0 0 0.023986365202477877 20.741830377212576
585 0 0 0.02175716669269967 20.73908600890811
590 0 0 0.023956937512962684 20.740844531225825
595 0 0 0.024355324818655433 20.739295680800442
600 0 0 0.025358370379019224 20.73774237460546
605 0 0 0.024492374534604844 20.73761919389252
610 0 0 0.024273192784431963 20.736434735622474
615 0 0 0.025198837402001573 20.736877194533303
620 0 0 0.02520060105044508 20.736083339428074
625 0 0 0.024964411325644198 20.737932266609633
630 0 0 0.02354311155770894 20.739165663914203
635 0 0 0.02356408347534189 20.733139002185855
640 0 0 0.02199011460272904 20.734807331180154
645 0 0 0.025177835265744353 20.734808183361803
650 0 0 0.024142496476341924 20.735272399972438
655 0 0 0.024445621665687423 20.73610968745922
660 0 0 0.02545916090593714 20.733600830369184
665 0 0 0.024655777823796576 20.73346300461807
670 0 0 0.023375890314526693 20.734615338153894
675 0 0 0.024944752140366955 20.734185752982143
680 0 0 0.024964344760227464 20.73007540535827
685 0 0 0.025409962473996517 20.73130244722516
690 0 0 0.024948717158530087 20.734007092340967
695 0 0 0.02545085560785232 20.73193686557659
700 0 0 0.02621413402340722 20.731386033868663
705 0 0 0.025871861971578758 20.73054776437143
710 0 0 0.02512073912412549 20.729871663355144
715 0 0 0.025183305720271276 20.728521417086082
720 0 0 0.026192619300578812 20.73157768140012
725 0 0 0.023978120567655692 20.728973476708394
730 0 0 0.026916971775933662 20.728958376648524
735 0 0 0.0250395440678437 20.72726769664704
740 0 0 0.024610106153575728 20.72943787036153
745 0 0 0.02410364134822962 20.730771270330365
750 0 0 0.02304010171954851 20.724915639029458
755 0 0 0.026430060542461442 20.72959612622755
760 0 0 0.024849077134126096 20.72838978371663
765 0 0 0.02547534703670773 20.726799144023374
770 0 0 0.02289331353830626 20.726533764850924
775 0 0 0.023846015385119212 20.72665171214453
780 0 0 0.026337007542921675 20.726379953536657
785 0 0 0.025300588874603402 20.72560097752845
790 0 0 0.023913316366709125 20.72570518990207
795 0 0 0.025992247598975116 20.723603022852945
800 0 0 0.02462788486686618 20.72713798269929
805 0 0 0.025784396398881526 20.726494072982536
810 0 0 0.024735389704395594 20.727368370878835
815 0 0 0.02419557796856009 20.724319184161423
820 0 0 0.024027559660170894 20.7239307601704
825 0 0 0.02414848099599798 20.72361686348346
830 0 0 0.026297911612764402 20.725994239143116
835 0 0 0.024231731962953695 20.722765604978928
840 0 0 0.026015132579154443 20.72295753396062
845 0 0 0.024281179991208157 20.72436988955581
850 0 0 0.02610689950649614 20.721817325662897
855 0 0 0.02422899497653752 20.722387869523956
860 0 0 0.024996965857157605 20.721733239676848
865 0 0 0.02456140215208702 20.721412702523494
870 0 0 0.024070955374892566 20.721896681361837
875 0 0 0.024719107856169487 20.721353797985458
880 0 0 0.025854666593220443 20.722443931037823
885 0 0 0.025816436297839473 20.722749341876362
890 0 0 0.02442709333502968 20.723481899713533
895 0 0 0.02443068038593954 20.72170736368618
900 0 0 0.024870335018632117 20.720853867458782
905 0 0 0.024517984689308436 20.720586343476743
910 0 0 0.02468532135278334 20.7209499531925
915 0 0 0.024433179095852298 20.722261725298992
920 0 0 0.023830239019799748 20.722030635684344
925 0 0 0.025113904248730723 20.721261812504437
930 0 0 0.025216016264309138 20.720610972545295
935 0 0 0.025338118737504134 20.719632876311636
940 0 0 0.022736958703780452 20.71979944986617
945 0 0 0.025433592924327897 20.719940937798192
950 0 0 0.024637468743111457 20.71984902187523
955 0 0 0.026486439024415276 20.719702990116605
960 0 0 0.024716052675950673 20.718691679266275
965 0 0 0.025539243367737052 20.71927060337191
970 0 0 0.023657588152941722 20.719234604956068
975 0 0 0.024529050047192413 20.7199843061419
980 0 0 0.02581825966734108 20.718889640160896
985 0 0 0.02558319846865409 20.719053469815236
990 0 0 0.02487595448025104 20.72059969172723
995 0 0 0.024727771400751664 20.717178899238757
1000 0 0 0.025326840138328643 20.71897977847359
