0 0 0 0.34669659846372547 0
5 0 0 0.013537383780331647 26.450044271495603
10 0 0 0.01420629402707263 26.374895080648784
15 0 0 0.017874052731446488 26.32444752451577
20 0 0 0.014642942273577653 26.313426838372138
25 0 0 0.018826631158744833 26.297510141229107
30 0 0 0.017643787573749847 26.25810058118683
35 0 0 0.02069364334019963 26.232605027911728
40 0 0 0.016091340379430275 26.247912183660677
45 0 0 0.018949194080437604 26.222681920435708
50 0 0 0.016833041451650432 26.478395503250155
55 0 0 0.017588452075127492 26.47545004409402
60 0 0 0.015083485089707693 26.467890420503
65 0 0 0.014993764500832008 26.463027877633706
70 0 0 0.020047029752167544 26.362494341696248
75 0 0 0.016407019576789583 26.32992920351016
80 0 0 0.01348194361926236 26.310185182248265
85 0 0 0.01929875170756512 26.281001784352704
90 0 0 0.01738578087343945 26.27964306013434
95 0 0 0.015436222929469334 26.2730010773471
100 0 0 0.018559255998661817 26.28123910263881
105 0 0 0.01865851432341392 26.25780725713922
110 0 0 0.01637354619697362 26.235675316505972
115 0 0 0.019181263712433116 26.240181210010164
120 0 0 0.01962223433192456 26.235774256065106
125 0 0 0.017975939438952926 26.217996503369115
130 0 0 0.018070456672815816 26.214872960091544
135 0 0 0.019536766972690467 26.204972254153457
140 0 0 0.01974654365516626 26.192479575847052
145 0 0 0.019109099275162578 26.203129211759236
150 0 0 0.019019737339233345 26.181226620112565
155 0 0 0.018656988096006133 26.19081303528079
160 0 0 0.018100171437206214 26.17784356966883
165 0 0 0.019880242146504967 26.16641055417729
170 0 0 0.019036913231294195 26.164765355329873
175 0 0 0.019917629485080246 26.166299928989424
180 0 0 0.01939923330712534 26.18116892210712
185 0 0 0.01965793847707209 26.16325641543227
190 0 0 0.017802852005031955 26.173143291881633
195 0 0 0.02106140709101756 26.15944724253731
200 0 0 0.017182204021385816 26.150896062218532
205 0 0 0.01928951098294318 26.161380893096567
210 0 0 0.01977759805004453 26.156869592969418
215 0 0 0.01983697669953055 26.14483766376713
220 0 0 0.02184259935475974 26.150719323825598
225 0 0 0.022849658595588185 26.147781488825785
230 0 0 0.019681334654022775 26.140728624679117
235 0 0 0.017900716434245956 26.149005808102306
240 0 0 0.01691719162003502 26.14290722857782
245 0 0 0.014601819539868277 26.14137409165436
250 0 0 0.019979053334133523 26.1420690610152
255 0 0 0.019745181008351986 26.135592146782532
260 0 0 0.01829268502151571 26.135421520068377
265 0 0 0.021845707673204595 26.128242759444053
270 0 0 0.019686974248541045 26.132275825474007
275 0 0 0.021072680957240353 26.128547939799276
280 0 0 0.019547659748150314 26.130416938591658
285 0 0 0.019149263186174714 26.13262580551629
290 0 0 0.02068356983565689 26.127463872022336
295 0 0 0.017155073748775562 26.134296756825123
300 0 0 0.017424528752900237 26.12203408380572
305 0 0 0.021741541705357914 26.135301929130783
310 0 0 0.020021645238019747 26.12003440326698
315 0 0 0.020227061555989634 26.132509613896996
320 0 0 0.020754359607782158 26.128329954175754
325 0 0 0.020179459112914522 26.125770296532192
330 0 0 0.020819763845745243 26.116624777724493
335 0 0 0.020624759088013755 26.122349762212703
340 0 0 0.0187341986939924 26.12006098976425
345 0 0 0.021257854834796808 26.125419276366706
350 0 0 0.02184194670808215 26.115813334427738
355 0 0 0.018571218521451716 26.12398561551522
360 0 0 0.020304232980105308 26.117281172776128
365 0 0 0.018869715087651118 26.11801698937311
370 0 0 0.02204563669102244 26.119572299706384
375 0 0 0.019506629275840348 26.1292863418561
380 0 0 0.020024633379131407 26.1204159880651
385 0 0 0.018074604588824483 26.114749002370402
390 0 0 0.01930957815759138 26.122594746963195
395 0 0 0.020162925837373002 26.11899205321937
400 0 0 0.019530887253171425 26.113815807698778
405 0 0 0.01931279361109728 26.122959299930987
410 0 0 0.01876870183066992 26.110590708864667
415 0 0 0.020684024838958592 26.11524272573916
420 0 0 0.018155742992376878 26.114440190237534
425 0 0 0.018819526437544365 26.115875045560994
430 0 0 0.01977558628635312 26.1134538866181
435 0 0 0.021853508105345254 26.118363564754855
440 0 0 0.019457425227884073 26.118676938975717
445 0 0 0.020190377598971132 26.117787333752684
450 0 0 0.016017937801485083 26.11934454920782
455 0 0 0.01901230029616663 26.111123891324365
460 0 0 0.018409717116274704 26.1164167253378
465 0 0 0.020116720892293882 26.113266587727768
470 0 0 0.02097879549946624 26.111494462305263
475 0 0 0.018134618545058823 26.112634809449823
480 0 0 0.021114091388255707 26.11206649841647
485 0 0 0.021111241500485267 26.108774770678522
490 0 0 0.020198305855181564 26.111514985560216
495 0 0 0.019574525416039323 26.110070728473666
500 0 0 0.020224834761149113 26.111237006750965
505 0 0 0.01970090034103844 26.112311171097936
510 0 0 0.017881536633721717 26.111480076871622
515 0 0 0.020867784757826024 26.10794998762239
520 0 0 0.020273468446449616 26.11087729803061
525 0 0 0.017232647378522925 26.11430707179074
530 0 0 0.02092621890011226 26.108991336228325
535 0 0 0.018480199941498077 26.107751024222082
540 0 0 0.01748704666615053 26.104559545311655
545 0 0 0.02059873591231498 26.11279763165015
550 0 0 0.019642208856187837 26.10980704810116
555 0 0 0.01956779985883239 26.109464241674363
560 0 0 0.01996324133940619 26.10720310650944
565 0 0 0.018199114809722472 26.105215409338268
570 0 0 0.020360384268029552 26.108088282616194
575 0 0 0.019414369525563746 26.109588984923526
580 0 0 0.018164962177604993 26.109581979913173
585 0 0 0.018639331235220657 26.1079226585076
590 0 0 0.02058966262415307 26.107232947510646
595 0 0 0.02011669929608062 26.104335020192174
600 0 0 0.019331951668668745 26.110700452051706
605 0 0 0.02129718994167762 26.105501042617533
610 0 0 0.01879885352579591 26.109364315455704
615 0 0 0.019411879565499612 26.108645144961482
620 0 0 0.02016009591680823 26.10800782878299
625 0 0 0.018077853607107786 26.10693548980136
630 0 0 0.019370851299185254 26.102842277325422
635 0 0 0.01989894764755462 26.11047225569161
640 0 0 0.020287502368541155 26.105381783016668
645 0 0 0.019876982697047296 26.107097518366423
650 0 0 0.020511552128459343 26.111649978225344
655 0 0 0.019086857439020166 26.104329580842567
660 0 0 0.017529686603864336 26.099502805159133
665 0 0 0.0186238102784122 26.101594062532136
670 0 0 0.01858571440314627 26.09908142899946
675 0 0 0.017873928626460422 26.101361071416807
680 0 0 0.020287753453330115 26.100813249098202
685 0 0 0.018220517111093182 26.09858437707299
690 0 0 0.020623395973961012 26.09960493673537
695 0 0 0.017908876012563635 26.10140727941892
700 0 0 0.018607287323805233 26.098415830381988
705 0 0 0.01749170285587831 26.099971157629284
710 0 0 0.02048736214874003 26.100486988426237
715 0 0 0.01321236087849309 26.098603759689258
720 0 0 0.019779653130465924 26.0977072176845
725 0 0 0.016297396839665357 26.09736438548418
730 0 0 0.0188974094040415 26.098821797156734
735 0 0 0.022052743412959153 26.09786276421097
740 0 0 0.019893472460423167 26.09581718979153
745 0 0 0.014047175843924009 26.097809523918094
750 0 0 0.016150513011624623 26.096853093005876
755 0 0 0.018963271079960986 26.093569973653818
760 0 0 0.01754678910267171 26.096175856143088
765 0 0 0.018721778367172925 26.093458425055957
770 0 0 0.01569856092743316 26.098993152452085
775 0 0 0.020386589799814114 26.091756549393207
780 0 0 0.01826755475400743 26.089732171730315
785 0 0 0.021605453332828484 26.09040446861768
790 0 0 0.01948010604328787 26.091509551421737
795 0 0 0.01718370982178219 26.089992643663305
800 0 0 0.01779378376283014 26.088809252313276
805 0 0 0.02052806854086664 26.094605607809836
810 0 0 0.015039176948770105 26.08783141476728
815 0 0 0.019157977501127688 26.08726422609021
820 0 0 0.020823410285754518 26.088279106366155
825 0 0 0.01477062476192259 26.08512165438073
830 0 0 0.02290808988562243 26.08484202628826
835 0 0 0.016671129940044827 26.086791533165226
840 0 0 0.01950123618170263 26.08491455827155
845 0 0 0.018164252610704867 26.084843489847916
850 0 0 0.012061877592046688 26.082448840577214
855 0 0 0.013725184871471896 26.08302976688708
860 0 0 0.020257976922614107 26.080852765915242
865 0 0 0.02123674138385545 26.07953832323543
870 0 0 0.01117145524990626 26.08147483283005
875 0 0 0.014602501465680096 26.078454773691043
880 0 0 0.017526600029864836 26.075815486580264
885 0 0 0.017130790195062806 26.07616139802628
890 0 0 0.003146916182310333 26.07563281612806
895 0 0 0.018883960880602846 26.078278943680196
900 0 0 0.013980473363620627 26.0730185937856
905 0 0 0.015570493040560907 26.07255318258651
910 0 0 0.02328226326754823 26.071380469153848
915 0 0 0.021509416919674784 26.074680594622983
920 0 0 0.015521389769461713 26.069534478799802
925 0 0 0.018145993330976218 26.07009660730685
930 0 0 0.01743895576108767 26.06981946706701
935 0 0 0.014061698581466997 26.06912728887039
940 0 0 0.016983737820372546 26.067433406377255
945 0 0 0.018189765682788295 26.064334066003227
950 0 0 0.012848953686257492 26.06646522418772
955 0 0 0.0113712454172743 26.06466719438866
960 0 0 0.01192927737524041 26.059938720910495
965 0 0 0.016162509878080433 26.056728700341374
970 0 0 0.011386434183166427 26.05985176866737
975 0 0 0.011755404966550032 26.05649335467315
980 0 0 0.011394019787419829 26.054841683565478
985 0 0 0.01404450811812974 26.051325350792272
990 0 0 0.012781657395695145 26.05305998226887
995 0 0 0.011355579095992274 26.05360392778382
1000 0 0 0.01501634352132375 26.051496480420287
