0 0 0 0.3437096505989865 0
5 0 0 0.017551453088059388 26.53087958125083
10 0 0 0.01915485548149487 26.368439194954178
15 0 0 0.017507564269260145 26.33918599456087
20 0 0 0.014856661668378734 26.339867020667125
25 0 0 0.011299725909427405 26.287005723685528
30 0 0 0.017959648376907555 26.29348941768153
35 0 0 0.019184348834902387 26.262104863350913
40 0 0 0.01709767303367138 26.2707909986515
45 0 0 0.01637019992314359 26.25067197888226
50 0 0 0.015680579575994447 26.518868408478028
55 0 0 0.016715664102756156 26.476745974147164
60 0 0 0.016449034051008615 26.45460792045583
65 0 0 0.012177917360622015 26.3883637228384
70 0 0 0.01677799297020055 26.34883541715586
75 0 0 0.015988240358948635 26.327295719785802
80 0 0 0.016539658101534016 26.316560320772417
85 0 0 0.016106797097369396 26.3015988595674
90 0 0 0.018627465277164523 26.293358713003013
95 0 0 0.020657016131054418 26.276725666545314
100 0 0 0.014344896522677786 26.276463091306763
105 0 0 0.019564034200140412 26.262647605398328
110 0 0 0.016429181656389513 26.243632497663313
115 0 0 0.013294077489099276 26.24133760394833
120 0 0 0.017182767287770906 26.21723584848246
125 0 0 0.017305135180254005 26.218576445904645
130 0 0 0.016326198058748798 26.20277707397382
135 0 0 0.020840677063850288 26.22172297947751
140 0 0 0.01470897933665749 26.18892112020446
145 0 0 0.021082618396909503 26.178139096059176
150 0 0 0.01732317657454896 26.198010705560442
155 0 0 0.021044331415169815 26.17562275829672
160 0 0 0.019625720437929095 26.192366126761204
165 0 0 0.01958298347194165 26.176864596131885
170 0 0 0.020521659197194397 26.157965369151874
175 0 0 0.01853586062603907 26.16277559045855
180 0 0 0.01805920766122493 26.174112095094173
185 0 0 0.018176013670724078 26.16681071843527
190 0 0 0.019759278057597918 26.171094332791558
195 0 0 0.020005555629067695 26.15275312682984
200 0 0 0.021664334925369344 26.149598788604088
205 0 0 0.02103122407913549 26.148254887246832
210 0 0 0.019842429445731113 26.145878036570597
215 0 0 0.020680671763900538 26.15109165301542
220 0 0 0.018947251066817827 26.1380427821873
225 0 0 0.01858230317937859 26.14824949914596
230 0 0 0.013177452073039664 26.144703317986867
235 0 0 0.02000330253368099 26.137124301620805
240 0 0 0.020153851740051465 26.13272825952562
245 0 0 0.018512378461240875 26.136275823022988
250 0 0 0.019440312520870418 26.124024834646374
255 0 0 0.019999256141011834 26.139480344995754
260 0 0 0.020551850069485234 26.123315664046665
265 0 0 0.020075479479400693 26.13257518869758
270 0 0 0.017330796844117202 26.13496113564869
275 0 0 0.02003401251846304 26.13641227627712
280 0 0 0.020982395962938494 26.125725870395208
285 0 0 0.018621204836510197 26.124410024474546
290 0 0 0.019897218967633634 26.129913290842293
295 0 0 0.01638282435994709 26.131159603399105
300 0 0 0.01965716470831924 26.119884003299504
305 0 0 0.020031439502051107 26.124149095349708
310 0 0 0.018369672342062326 26.11649098040056
315 0 0 0.02049994642709896 26.114969090252995
320 0 0 0.01882586864865088 26.122762330937668
325 0 0 0.022103524970841226 26.116194116960923
330 0 0 0.018456999913746053 26.12393174992556
335 0 0 0.01909972564504514 26.119740520629538
340 0 0 0.020797777268062756 26.12753616033449
345 0 0 0.020154015916340695 26.11776482929185
350 0 0 0.0194023083720547 26.123015975856458
355 0 0 0.017747923276949296 26.12288781535282
360 0 0 0.019539611063050577 26.123655002327574
365 0 0 0.016937032816461306 26.120726320836113
370 0 0 0.020701759870959346 26.114367855224263
375 0 0 0.020857023170986366 26.11853221170876
380 0 0 0.020897920719293417 26.116452738812278
385 0 0 0.020697774915322098 26.11551077015559
390 0 0 0.01810133467647601 26.119085772052916
395 0 0 0.01889378685855614 26.113348895846425
400 0 0 0.020712125503145495 26.117912708577897
405 0 0 0.01850923448702524 26.1132917514774
410 0 0 0.020372268341063204 26.119495986412158
415 0 0 0.019479841092467698 26.12097025254025
420 0 0 0.018323071328895768 26.121640867800416
425 0 0 0.019708614462463858 26.109179484699194
430 0 0 0.01808101049641153 26.11383965738069
435 0 0 0.018549032255674502 26.11443557061355
440 0 0 0.018651842478509595 26.12546726419815
445 0 0 0.01794257032821034 26.113030582725095
450 0 0 0.018330294344223175 26.121647337622758
455 0 0 0.019642564843532995 26.122334686217414
460 0 0 0.01979548464592651 26.109429909091904
465 0 0 0.021505952121776417 26.11298325109054
470 0 0 0.019786623455192665 26.115215573554824
475 0 0 0.019929807909159436 26.111414918479863
480 0 0 0.020837127722293847 26.115385807457447
485 0 0 0.016776465178295563 26.11587036809039
490 0 0 0.020447684326949878 26.109377119429336
495 0 0 0.019368082503922635 26.11504159243278
500 0 0 0.019710652579423726 26.10453308423733
505 0 0 0.02232452643220806 26.114045663854462
510 0 0 0.020294844301297355 26.10702458849768
515 0 0 0.019991734462796895 26.11258323990916
520 0 0 0.017580124355837112 26.11681879088348
525 0 0 0.02047414378945578 26.11295884716425
530 0 0 0.01986541008475906 26.108171326667172
535 0 0 0.01922531065916777 26.111667647245582
540 0 0 0.021125276561794637 26.110189500630543
545 0 0 0.01854380803058242 26.112032372986867
550 0 0 0.021510054571594273 26.107833350971287
555 0 0 0.018922832976869364 26.12002977387406
560 0 0 0.020428939320046746 26.115749250358608
565 0 0 0.021064847490887884 26.109582716958997
570 0 0 0.019012606156673106 26.107758697373516
575 0 0 0.018037061214664085 26.112147254615234
580 0 0 0.017655829111998367 26.109302857482508
585 0 0 0.01985149985554635 26.11273288134695
590 0 0 0.018792112331390998 26.110135905741313
595 0 0 0.021038927699756016 26.117265991319304
600 0 0 0.01932545356611315 26.10592826855724
605 0 0 0.021051479100586912 26.106459237391462
610 0 0 0.020250822244351596 26.11076012038942
615 0 0 0.018654357661778365 26.10716825312702
620 0 0 0.02032389145495994 26.11234382635658
625 0 0 0.020690854496786093 26.111398155165233
630 0 0 0.020723773482264507 26.10999987497082
635 0 0 0.018937068190713502 26.105505162736243
640 0 0 0.02149108832287916 26.110573868961243
645 0 0 0.015810521430128288 26.106169498388596
650 0 0 0.018309606223586572 26.105401186166286
655 0 0 0.02033623000901552 26.110436448729406
660 0 0 0.018701121349492533 26.10939777824334
665 0 0 0.0185075307244833 26.10802523794759
670 0 0 0.020614533147020664 26.10570726519807
675 0 0 0.01795376105451152 26.109889909191647
680 0 0 0.019248762640021067 26.107626313679773
685 0 0 0.018425685374022782 26.110907483280926
690 0 0 0.02063797394508926 26.113068142782677
695 0 0 0.01902500067940882 26.10539180398512
700 0 0 0.018232797666182687 26.113080705660018
705 0 0 0.02147229004711715 26.10530753223669
710 0 0 0.019298413676841708 26.105302638130425
715 0 0 0.020998417074094666 26.1128340701427
720 0 0 0.01981289692042698 26.107464589251514
725 0 0 0.021237246599451254 26.109621466698268
730 0 0 0.01588369963177172 26.10465473245725
735 0 0 0.018992273087853118 26.10784700930211
740 0 0 0.018995939414168772 26.10773189025641
745 0 0 0.01902826874065533 26.108507643399193
750 0 0 0.019747867779092543 26.105802048436644
755 0 0 0.015663007888492064 26.109159633277592
760 0 0 0.019801695349421333 26.10531447412952
765 0 0 0.0148896021881042 26.112093634369508
770 0 0 0.016228902230268405 26.107598339067135
775 0 0 0.019534965531119886 26.10136602351401
780 0 0 0.018995871321622948 26.10108462715198
785 0 0 0.019218442903318422 26.110950477165613
790 0 0 0.01901419266327853 26.0999746576102
795 0 0 0.021457838437466625 26.101207384966646
800 0 0 0.01573640578179991 26.105641162351684
805 0 0 0.01341420281143213 26.10921987870644
810 0 0 0.01816062366671356 26.10336124619098
815 0 0 0.01880733223352804 26.100591686227236
820 0 0 0.017013089667299086 26.10528729334401
825 0 0 0.01636118834523992 26.10765244627117
830 0 0 0.01536563883460107 26.09805432509068
835 0 0 0.01815432615809942 26.10029906097684
840 0 0 0.017703317387586903 26.096433819031716
845 0 0 0.004214682202031916 26.095590240886157
850 0 0 0.019418435316993943 26.101081156484142
855 0 0 0.018169109001841433 26.096704327399333
860 0 0 0.016237440493553912 26.097904133895046
865 0 0 0.021039384162827135 26.095371624680396
870 0 0 0.018911685776483056 26.093492239180247
875 0 0 0.018650407528910007 26.090236518424753
880 0 0 0.018705771098974422 26.09585077479306
885 0 0 0.017156060759856873 26.101810139401326
890 0 0 0.018653265121512108 26.090949390157192
895 0 0 0.013539538857984867 26.115847552261183
900 0 0 0.02200144553253436 26.10155248955725
905 0 0 0.017194923220428704 26.092693475128684
910 0 0 0.019441811189307545 26.092046270651064
915 0 0 0.016135440482194063 26.09265132093341
920 0 0 0.018896320961536928 26.092358824345066
925 0 0 0.02112614310064398 26.088316626322886
930 0 0 0.01699123723539686 26.090080606459995
935 0 0 0.018235105711609245 26.09317521381044
940 0 0 0.016107202391521858 26.085681692946117
945 0 0 0.01715257770945633 26.09091078074847
950 0 0 0.011203037061087162 26.08563711092563
955 0 0 0.020476181437613095 26.08398517610784
960 0 0 0.017614717670365154 26.083442465029798
965 0 0 0.019598464562472495 26.08915028446802
970 0 0 0.015135532044518785 26.08641866712351
975 0 0 0.015673061514767328 26.086785498718164
980 0 0 0.022251692175851545 26.078347293828767
985 0 0 0.014216902151934496 26.079153898899534
990 0 0 0.018164995978279697 26.0817680581794
995 0 0 0.01742284651560122 26.08418641894899
1000 0 0 0.014643628327360991 26.082363967220036
