0 0.37074015834872603 2.2767694700258243 0.3455577681984263 0
5 0.7924219921952145 0.5050945304759304 0.02966455284346803 5.349494030547264
10 0.9229954146750188 0.1819472525501924 0.014538587016692306 4.864269195741334
15 0.9282086285070577 0.1673520675585305 0.012618458091478768 4.854218132568689
20 0.9301463023067029 0.16128907972393947 0.011151443100498204 4.850400000072908
25 0.9313470889031159 0.15836612116973026 0.023953319687451735 4.845448077711109
30 0.9298939856605437 0.16104122702251011 0.020125662573396763 4.846038715304201
35 0.9294208156517763 0.16312011091769296 0.019863101050171972 4.8426468204985955
40 0.9312445497476818 0.1584589179016307 0.019247296197750785 4.843733161022587
45 0.9320988835293551 0.15502735501191456 0.01846342071660656 4.842668576364118
50 0.9330694926088601 0.15317847486031955 0.016649670785939596 4.842536204778683
55 0.9311268813020634 0.15736890549958993 0.024367220084317687 4.8418007372469765
60 0.9323048207468214 0.15431221604869894 0.005509607787735238 4.842455422931997
65 0.928819141495387 0.16392447493654227 0.018019556655762603 4.8420465505819585
70 0.9284724506333045 0.16606684272456107 0.02621131463163584 4.839371772179302
75 0.9319842265533701 0.1555468580749162 0.028071878696644292 4.839637720400052
80 0.9282213079611463 0.16679036048044527 0.005080136985358141 4.839769557899017
85 0.9277838713418343 0.16812259754833825 0.015714003513129127 4.840452781312495
90 0.9264722000623365 0.17344863276877387 0.016526693309974583 4.8402281803346705
95 0.9323764799464157 0.15476494113071393 0.02606471703939439 4.839122800845335
100 0.9288888245381091 0.1657059479206593 0.03194132545354966 4.838216263349946
105 0.9341185202711015 0.1504033065571022 0.03378077272180757 4.8377768218732555
110 0.9269039407527535 0.17069250449949624 0.011627839243745663 4.838070610201357
115 0.9332618476354668 0.15211009133687625 0.018404783794066848 4.838115322769128
120 0.9342787968641013 0.1497467639047949 0.009795955985957061 4.83799519264063
125 0.9347502070412763 0.1489321665461807 0.015503759961164265 4.836766858805409
130 0.9346265963250788 0.14864642499875114 0.018518017670661635 4.835772404689466
135 0.9343783137310685 0.15021782998868805 0.01012586853095887 4.836389714975215
140 0.9349182510059793 0.14838038944991983 0.014552592021158883 4.835344599983989
145 0.9337331992583779 0.1516454714397515 0.015145030686873229 4.835520965941296
150 0.9355064910103654 0.14679087713591432 0.016238999890985317 4.8357267399660735
155 0.9343707149834957 0.15078487333083856 0.023988489168380367 4.833978581643107
160 0.9358610807107643 0.14643442776853366 0.015974830335049095 4.83411250599126
165 0.9360736387487576 0.14549589907441263 0.038267231672550084 4.833938191802347
170 0.9362131671097029 0.14507597189369648 0.017344314176842124 4.834002076561635
175 0.9360495412966936 0.14539635628243097 0.032057273884624315 4.831659298310667
180 0.9366500420775401 0.14367069352264306 0.018878721456154768 4.831403024379872
185 0.9371245424015091 0.1430142391920226 0.02360520812495448 4.830033755458783
190 0.9369161948264683 0.14399381587251447 0.013873131833498142 4.829943618328034
195 0.9378859706737255 0.14079908204711344 0.01822898875700618 4.828874398158092
200 0.9387029389452698 0.139624233825419 0.025655525976123972 4.828249255543693
205 0.9390593330261766 0.1380130162774229 0.015748432343252183 4.826802103092195
210 0.9398961882566387 0.13547618720629018 0.016493038564735718 4.825341526479871
215 0.9388913228423292 0.14038648876798643 0.01662644555482884 4.821482196177163
220 0.9376110853219993 0.14422910878022144 0.019586608525222537 4.818605006143837
225 0.9428166114165256 0.1302459013755053 0.013777031236665849 4.813273885150273
230 0.9460048803154459 0.12360089327334034 0.010142787947627907 4.80785387131012
235 0.9480041602456505 0.1220839380958374 0.0004921238795994043 4.79787339793746
240 0.954662421459477 0.10668634992576642 0.021045670681420603 4.787445083190135
245 0.9577575800663245 0.098365740741726 0.022501657999263625 4.778756869682163
250 0.9509021706656335 0.10645838943952679 0.007337352009510578 4.6991866502984365
255 0.948831248070265 0.10737327424143839 0.004043035280335117 4.694248347757961
260 0.9506989986061396 0.10322120448953065 0.0013319332273409312 4.69421761138115
265 0.9405252645549552 0.13190180810328478 0.005260616265584828 4.691754401923852
270 0.9485913251874324 0.10709841497392336 0.0014274273276948524 4.690697610497108
275 0.9382571127672248 0.1383657019704856 0.0026989780351578396 4.690885330538085
280 0.942391856839647 0.12199926053739762 0.0014020270277002034 4.68967736839173
285 0.9453961938364319 0.11447441317717466 0.002256916054550917 4.691425018063066
290 0.9326409070568557 0.1459232836455442 0.008456163339557232 4.6895251681399435
295 0.9402974772730767 0.12658089909631354 0.0018599596800867868 4.6895374473764715
300 0.9430260967672757 0.11830524261522246 0.0011475672298559836 4.689586408065328
305 0.9401316660966761 0.12942748380852542 0.0037945079090015987 4.690521596531171
310 0.9424979628929584 0.12055532897036425 0.00024425415454021326 4.690448319243003
315 0.938324838516776 0.12977768802799083 0.0004631994934514161 4.689509778870469
320 0.9455709303111679 0.11341314516830536 0.0003224067568947664 4.689431387352136
325 0.9416133927131722 0.12137283893711626 0.0005271418473256073 4.689563233072765
330 0.9410331650847714 0.1243478222931893 0.00040239215628323777 4.689437836644851
335 0.9460451707124702 0.11221557198127385 0.0005160454120693991 4.688743607450587
340 0.9383156063182805 0.13163324954556987 0.0009116348936997198 4.690002262487253
345 0.9433340757297953 0.11746857886078921 0.002069790035585495 4.690221015099505
350 0.9424998620301981 0.12079395504358903 0.0037404830084994956 4.6888111025488355
355 0.944370728850672 0.11636873857027918 0.0029178747226572543 4.6892829968433025
360 0.9456273137591747 0.11294997989309774 0.0002746634063037767 4.688308959098176
365 0.9447339519560916 0.11509806812792434 0.0012288998571110543 4.688451655930873
370 0.9422324706417362 0.11981302229371771 0.0020112214641092585 4.688257801656718
375 0.9467032579356381 0.11076200557055316 0.001344476320727761 4.688075359536692
380 0.9436662757143395 0.11679290929070074 0.006185044097677617 4.6887488786517375
385 0.9429747955977833 0.1183537798302341 1.4976082812090397e-05 4.688912342833236
390 0.9420872407904224 0.12097924487600675 0.0019000955354606663 4.688276314421562
395 0.9404552513718469 0.12665429437676057 0.0016540799382196436 4.68980058250271
400 0.9419650749617027 0.12031780075859277 0.0008986541695583661 4.688068392787555
405 0.9455153717588832 0.11294589537513833 0.0030916632417530288 4.688020343119451
410 0.9446779301393561 0.1149930466722866 0.00020036839348702706 4.688417202299021
415 0.9432025149706476 0.11858191023400089 0.0006770252731125304 4.687765582885182
420 0.9433598776860197 0.11770586335363742 0.002040250481182282 4.6880152923475835
425 0.9450314438137277 0.11389960426400147 0.00017827714661988736 4.6876934534880865
430 0.9440844170136236 0.11680885097994587 0.003355536778495649 4.688530257418379
435 0.9445576956342665 0.11492612702885019 0.004898134738414495 4.688194076795586
440 0.9443927064829885 0.1154992638082053 0.004079225510610129 4.687399195062457
445 0.9414814748109802 0.12127698200010695 7.855552716629077e-05 4.687425392216377
450 0.9433473919776341 0.1194523901798199 0.0010783145120325521 4.688600212726016
455 0.9461990339533379 0.11167527780536979 0.0012015920642354239 4.688229952243614
460 0.9454957162315578 0.11297757744463333 0.001402248654571503 4.688106599310033
465 0.942977261226521 0.11853430678089172 0.0019457246575913523 4.687933735618406
470 0.9434443852446707 0.12151750223262692 0.002415918776042858 4.687139030438582
475 0.9452155021992277 0.11386603259740635 0.0006039734705116651 4.68876620220948
480 0.9451840749565324 0.11409993777540794 0.0014848408641086053 4.687617879550432
485 0.9469198840332571 0.11032016117067656 0.0019063059855870534 4.687456516099869
490 0.9465178806512229 0.11136626084805368 0.002616468571370545 4.688067436901287
495 0.9345587725633819 0.14334215291124242 0.003990548246363579 4.687978340145892
500 0.9453393870843172 0.11355684840946445 0.0024853132400173283 4.688302670330292
505 0.945816850947891 0.11226731819095814 0.0018688041952059642 4.687549339678319
510 0.9460028570511878 0.11279855817067919 0.0026868215316049326 4.687638349693848
515 0.9434194944802401 0.11948615303423438 0.0015555486936329466 4.687645465602293
520 0.9411962209857798 0.12763916611992343 0.0019765037805297148 4.68812603781062
525 0.9484679264971165 0.10729942183542907 0.001370900674644071 4.687293246985146
530 0.9438038064497751 0.11698223554172493 0.001168674426045957 4.688085863573078
535 0.9414953727664352 0.12372717475122208 0.0026335062577627077 4.687515041298594
540 0.9470242894266395 0.11160954291484337 0.0006686556401258592 4.687498177661236
545 0.9432120427955135 0.11857352418768308 0.0018787854321020703 4.688072015197684
550 0.9464176728091873 0.11182767772585844 9.034187157186402e-05 4.688431573082181
555 0.9434640171336606 0.11722047714396844 0.0020954669577242235 4.6878101193205115
560 0.9462460267208933 0.1121527013302952 0.0005366544734963785 4.68742278093394
565 0.9423818449232834 0.1210726217719813 0.0020717670255536724 4.687944988950711
570 0.9480446000924501 0.10814921440096459 0.0051916250823293986 4.687818357723849
575 0.9429109217044436 0.12043116705299894 0.0013133403419598455 4.687281090840079
580 0.9441168723359781 0.11589398730172906 0.0027489746369342427 4.687510565187796
585 0.9476412577650284 0.10873343923663459 0.0012251909820122364 4.6870095612951905
590 0.946367441214419 0.11120822313944867 0.0008776972612396516 4.687146031944649
595 0.9471758928566536 0.11014852959275778 0.0009612733292760911 4.687501340113807
600 0.9488378439768543 0.10679303615990232 0.00334537200375018 4.687334640950237
605 0.944380587420026 0.11547549962664938 0.0006569707009140835 4.687645639270543
610 0.9465305690195697 0.11111411275211225 0.001784384096281011 4.687851144821395
615 0.946284755228983 0.11245398244158977 0.0036260718869260966 4.687469653274973
620 0.9449823666062728 0.11439704006096463 0.0009400488501762894 4.686958343043773
625 0.9458547341018098 0.11243694195664222 0.0012782964853208512 4.687765081037822
630 0.9458786158026727 0.11223732648788154 0.00044856369732948487 4.687365988706514
635 0.9424419681953565 0.1224441117364572 0.00028385688086629557 4.686422223599251
640 0.9464867667582304 0.11106275980648128 0.000226744456311323 4.6868336901669805
645 0.9451926069097911 0.1134725303454589 0.0012545718092020763 4.687010074369188
650 0.9454786872822665 0.11284932396603686 0.0014260451631764592 4.687281166489037
655 0.9489323797211822 0.10614274460154682 0.00031543978974779563 4.687494490851218
660 0.9458710779319792 0.11202949993258127 0.00012623778494624815 4.6875785847500255
665 0.9443769496572536 0.11551870108459283 0.003133922208934603 4.686256154221822
670 0.9462085777613447 0.11324178315081213 0.002348186837691779 4.68761558419055
675 0.946664467738351 0.11305454713745888 0.003060447646780151 4.686932028745107
680 0.9422842168038714 0.12640801363289267 0.006020587196978955 4.687212090504594
685 0.9446720844889049 0.1148863552962629 0.0024330305682442877 4.687660720630253
690 0.9474460385105657 0.10888098224529852 0.004911229913778792 4.6867835673351115
695 0.9472667678925272 0.10949934971352526 0.0038280223282274317 4.687574989021483
700 0.947144814845789 0.10949077748291369 0.00037897044178647477 4.687722689496851
705 0.9468710578575747 0.11068315786001026 0.0015921102237679285 4.687285282327342
710 0.9445060116135522 0.1153404718039992 0.004020140237466441 4.687214428276441
715 0.9472343367712116 0.10946884847498772 0.0012364408422769202 4.687357559734668
720 0.9500024150810233 0.10411648811681218 0.0033028896600999502 4.686851803755793
725 0.9445069057604778 0.11634252395713052 0.0038617306967680953 4.6870864476829635
730 0.9429307817131325 0.12452299531982991 0.0015445183356324055 4.68689147581913
735 0.946776139382117 0.11025485177426919 0.004813946932610058 4.687244560486596
740 0.9461644230446559 0.11146412243316561 0.0009140744563096437 4.686963563431878
745 0.9472700117465348 0.1092207975781534 0.0010141722456122881 4.686712299959101
750 0.9479272859692885 0.10817521646246497 0.0007195249226392697 4.686883251893347
755 0.9494440485604023 0.10597140445737097 0.0020076387795890938 4.687038334444679
760 0.945399337472637 0.1155043652739467 0.000888264218147139 4.6872428596037246
765 0.9492041458094449 0.10548910755858909 2.096483164959473e-05 4.686900324023202
770 0.9453546959094086 0.11350167316775739 0.0022873872937203554 4.686914662957041
775 0.9458118094278799 0.1130574375272646 0.0016055797730420984 4.686884518166485
780 0.9472972921676795 0.1096075178390219 0.0009390396722477323 4.68693310772895
785 0.9447494860220581 0.11473718505907726 0.002188935060698949 4.686873203187202
790 0.9482894805361968 0.10797921019525081 0.002226319110357977 4.686621997051619
795 0.9472669166867445 0.10959860376100483 0.0009818300391082335 4.686806745597477
800 0.9482399695968844 0.10727766292086027 0.0023081891737581905 4.686957549681057
805 0.9449748885642079 0.11442841372702883 0.001469574896761916 4.686822100008896
810 0.9482324456796439 0.1073546565562502 0.0003434295163893264 4.686852978568644
815 0.9503884137309535 0.10360096467249047 0.0018289764911618711 4.686992051176201
820 0.9483801292211429 0.1072728024882732 0.0007179543366759855 4.687151098217112
825 0.9465155366010897 0.11141756024991611 0.001348942335167802 4.6872218389974645
830 0.9465369852107156 0.11068150641041363 0.0009429003119978407 4.686765554206362
835 0.9447957568457312 0.11652965174929886 0.0012833971667680633 4.6869998419714
840 0.9462482840866833 0.11158373814847877 0.003947435672335464 4.686853020667209
845 0.9489973708235615 0.10590145718576949 0.009175179321343263 4.686823619442988
850 0.9461970145090423 0.1117012569238458 0.0017317529345126648 4.687462215530597
855 0.9466679314196609 0.11038379735825465 0.00781059631352421 4.68683227886658
860 0.9459615220555008 0.11180757657131135 0.00013651360772160004 4.686785349707171
865 0.9488011565388962 0.10618798027537135 0.003257956064185441 4.6867918866386935
870 0.94551064242413 0.1147131716212515 0.0021688383295761504 4.687150308859261
875 0.9471719281330911 0.10943149311074674 0.0011643442537985216 4.6864606274327585
880 0.9414786742425562 0.12461689977603818 0.0022759935956948585 4.6869583938218495
885 0.9435552417266384 0.1203945113560172 0.0011040515442664045 4.686959543080553
890 0.9469715039894753 0.10978152061259827 0.00011183215703924887 4.686727529407503
895 0.9475285149371554 0.11030433391313199 0.0023160306837310962 4.68662585716029
900 0.94653435507594 0.11066945050431709 0.005017078293106492 4.686528751737883
905 0.9480188787049906 0.10798780937646146 0.002615967641000916 4.686933557044815
910 0.9494077240877132 0.10496588419487374 0.0018923503447756396 4.6866697471879215
915 0.9489566313924205 0.10578208607918427 0.0012220599727323922 4.686932572573339
920 0.9473724426945723 0.10974879745678923 0.001280428928076116 4.6869853941092545
925 0.9459325260666944 0.11185913918368051 0.0008792965756054816 4.686915289783088
930 0.9468083427401974 0.11060716654095337 0.0031257916592379864 4.686379679273498
935 0.9449159683328792 0.11567709298159912 0.00285313081827554 4.686904113765886
940 0.944677317539131 0.11470550554880443 0.0008680801061147214 4.68626214398433
945 0.9477367930065348 0.10830830566072969 0.0016695728146041144 4.686672263617033
950 0.9501644527659299 0.10402283433162918 0.006617626940204513 4.686529441771695
955 0.9452461248524733 0.11364363467823058 0.0030270554052758136 4.686683864403574
960 0.9487175590563117 0.10636801341651125 0.0007013313609365301 4.686655992197865
965 0.949679505025992 0.10505801487895106 0.0035502389751129737 4.685911735475297
970 0.9484449248604881 0.10688086987366141 0.0009693970254160966 4.686771488314291
975 0.9448571551681193 0.11580350585080801 0.0012361137821907953 4.686289946760568
980 0.9496611954967904 0.10516029775564117 0.001860908110442372 4.686113639951497
985 0.9497949521194139 0.10421130925315403 0.0013673994708354176 4.686282473239683
990 0.9490956623436173 0.1058052017607718 0.0054219596859488295 4.686726344830601
995 0.9481908334584372 0.10798584064592642 0.002810978027135036 4.686343640966746
1000 0.9478927390796963 0.10968667566283585 0.00026901698837500376 4.686393101992303
