0 0.36586089268102107 2.3086325892304806 0.3270940690652099 0
5 0.9353325096304166 0.14968250834570984 0.013936979813478745 4.852853796638869
10 0.9560910619887381 0.13469477223786175 0.017885123292162408 4.760327346281559
15 0.9899539534322055 0.026102749928801572 0.008159798461432333 4.729306008594196
20 0.9942744836419998 0.01630900236913746 0.0009524233877571397 4.713082010089842
25 0.993637756913009 0.018409083709660656 0.002744058697877083 4.706676795213603
30 0.9895560117366079 0.03734490209405017 0.0013642841954983886 4.705667441343342
35 0.9958286734714614 0.013056451239834566 0.002257980159392714 4.701736944425334
40 0.997174094967612 0.00908337687497962 0.001216820187645018 4.702357500099854
45 0.9947599872608184 0.02007304289508305 0.004721904146484324 4.6996782341471155
50 0.9978052036090578 0.005226315660949332 0.000985825985426514 4.698777291596042
55 0.9911338714226658 0.02854393123699328 0.0062319491607572 4.695303912589599
60 0.9947601887594317 0.019071861385150157 0.005398337946201259 4.696498186539048
65 0.9967036910388234 0.011736049051798148 0.0010448143094758944 4.697281907834976
70 0.998814145503159 0.0035422320580549282 0.0008187219642885601 4.696895734887939
75 0.9955917544188357 0.017273588608576418 0.0009077834082364955 4.695340102917704
80 0.9964038702421439 0.011205063310728569 0.001665559715426479 4.695500456942839
85 0.9979900728944564 0.007487541899340755 9.056944174434811e-05 4.694773597076843
90 0.9977592028089209 0.007209839550368358 0.00016490012226899609 4.692736139855967
95 0.9982586939055419 0.00529613484182434 0.0012732174005012364 4.693501047330446
100 0.9447892176085064 0.28942254004329815 0.0005827062664698346 4.737392503677821
105 0.9452632113493047 0.28334994073985786 3.2030277852701516e-05 4.7000759717526845
110 0.9323935815144011 0.3640531373417497 0.0027369015962919185 4.7004683328285815
115 0.94179250969934 0.3068617683559429 0.006568034458659167 4.697663242128303
120 0.9464014202224629 0.27450967079682087 0.007708205028383874 4.6967462533450535
125 0.9410896803901614 0.31663085174179617 0.0015547373893762817 4.696046220175012
130 0.9452622364669983 0.28324439530078926 0.001195428747834404 4.69861213394341
135 0.9389187221294237 0.327294975024639 0.004328859657372286 4.696515449907599
140 0.9448837793269369 0.284816714272333 0.0026511289862583 4.6947020415414835
145 0.9415203975294681 0.306841711808322 0.004699903784166848 4.696614267852341
150 0.9452963176045519 0.2852100571913736 0.0009380973278685367 4.695699616298068
155 0.9383048269103844 0.33682120559227524 0.0015504173893718942 4.6942359924936685
160 0.9393734993017566 0.3272291535444962 0.0028199742529129157 4.694772441048476
165 0.9431861738398337 0.3013945158247493 0.0030619746292679384 4.695344944633249
170 0.9431273062961196 0.3051387405134882 0.0006427363592260704 4.695341884684464
175 0.9410104877198218 0.31001016731059394 0.008362226858507515 4.694685986342138
180 0.9407385544765837 0.31216244598750276 0.008131815129052589 4.69462209415583
185 0.9444232281443731 0.2921429352427767 0.0007244920008475653 4.6934756841364855
190 0.9408043696942566 0.31211303661222445 0.006222376942771168 4.693668914173537
195 0.9419734525324295 0.31420543316113925 0.0002661094662808061 4.692935426004694
200 0.9420034252125087 0.3068345230986864 0.0007545940400608409 4.693943406809842
205 0.9426529240541326 0.3032000357041511 0.002311990635750938 4.694667155140532
210 0.9393864758988494 0.32724862231742335 0.005706625154107581 4.693070064670367
215 0.9364990102337816 0.3402203053555919 0.010741984703779295 4.6926276894868435
220 0.9404736918602066 0.31573272568264077 0.006241931791207467 4.6926024178215195
225 0.9452756925541126 0.2847173923601112 0.004630851556331139 4.6932172920906075
230 0.9415283975644335 0.3090988473052221 0.002707249648705057 4.693004394711582
235 0.9421394306302966 0.30744794637651296 0.004254231760638216 4.691265122532049
240 0.9447501039476393 0.29146224408676424 0.0007670980162994834 4.692066343334587
245 0.9442199257448114 0.2951343700561644 0.0006690437522016701 4.691936785718259
250 0.944290992438733 0.29154430086864025 0.00436559059993602 4.691182696169136
255 0.9404231636113665 0.31690484064347846 0.002807453294351614 4.691337427696606
260 0.9440537627452116 0.2956055676926628 0.00283767444055405 4.691651313840985
265 0.9448065621648903 0.2896250946167864 5.3905608625948176e-05 4.6904377318396016
270 0.9438289008353586 0.2896334071391058 0.008980723195040508 4.691587105814673
275 0.9423797849203988 0.30225663799957747 0.0051233273751747355 4.690954437780639
280 0.9420380352561204 0.3034366492972458 0.0005889619314789485 4.691733432589485
285 0.9404884753974236 0.3219255432999528 0.0031689482760000054 4.691837193340466
290 0.9407500834798546 0.31923125042160994 0.0015373106816445326 4.6927431011945675
295 0.9417095054894489 0.3094600813008208 0.01107131587795096 4.691183905403536
300 0.9404213533311131 0.3195666534489314 0.0023817632438911662 4.69124451054591
305 0.9419249019052955 0.3088949767524145 0.0023925437005569705 4.690528638179944
310 0.9424342902997007 0.30409493672456644 0.0057533584495375045 4.691226799310263
315 0.9416027079027927 0.30753797493287394 0.0076142047635809895 4.690917648583149
320 0.93854724295631 0.336676580040824 0.0018252452953790854 4.690007807695902
325 0.9372878822968607 0.3376661507300547 0.004417520888696513 4.689473302253858
330 0.9447618829549829 0.2935881787184913 0.0030224221059076406 4.68957712019244
335 0.9396724382665221 0.33237707185952026 0.0016734433972267482 4.689718209817445
340 0.944287383208473 0.29374376168290617 0.001054821591665256 4.690046367593375
345 0.9429210445637348 0.30546269548291693 0.002477586951093569 4.6891485517341245
350 0.9424472616184367 0.29955628059275075 0.0023417877273410603 4.690078232335358
355 0.9442785013191035 0.29483191497185146 0.0025185542720809195 4.688831612682492
360 0.939446737919638 0.32043746571978815 0.0056055752145842686 4.688814438572796
365 0.9412101645930984 0.3083147505507098 0.0055394573184253115 4.688509150845269
370 0.9441850409764652 0.2947760256101706 0.003295243894677391 4.688659520306533
375 0.9437793681937843 0.2978141372334058 0.00572673296260473 4.690016171722162
380 0.9373800259514244 0.33919533272284763 0.005522509106380413 4.689693009371898
385 0.9414128379343312 0.3063372069203698 0.00577141032894013 4.68841435944245
390 0.9424151495380998 0.300755930202814 0.007251307491326964 4.689586254126705
395 0.9400880442018895 0.3206910115929391 0.005942192431427129 4.6889584873578505
400 0.9416698227271718 0.3130023840980334 0.002193037921376817 4.689484097326682
405 0.9442278496396725 0.29478842015387396 0.003269906467650019 4.687974037699393
410 0.9431984707944456 0.3022099572727539 0.0004294752084270659 4.689057845464874
415 0.9449843721396834 0.2877147263923634 0.0032519430478703537 4.689012648982399
420 0.939155180964365 0.32761520813461864 0.0003862879571721045 4.689890026107253
425 0.9399132833435577 0.3194711748974104 0.009472786578724968 4.689563426815547
430 0.9481439918680861 0.26810612518738974 0.0037566058918678813 4.688788126938172
435 0.9428343635465093 0.3031747368314086 0.0018765184754623299 4.689052974312916
440 0.9418601460746427 0.30663696072216684 0.003211280935557337 4.689394089268283
445 0.9404607437743429 0.31714983707846844 0.006597655480313769 4.6890726587743305
450 0.9426555579583132 0.30237303890175404 0.00637243162224066 4.689757028464968
455 0.9379474222974167 0.3374301192308291 0.009234171933327762 4.687623652809594
460 0.9418893102423904 0.3069225349239666 0.0018192618502352875 4.6879705750981255
465 0.9415341347864834 0.3067704140976826 0.007527724722198759 4.687940386045273
470 0.9400079280280194 0.3190943621484523 0.007945124384268087 4.688628186156503
475 0.9384688353650608 0.3339335310978271 0.005425182297401632 4.688966734567189
480 0.9425279953285307 0.30604875514117325 0.0011677042230808787 4.688082212734771
485 0.9445741612852467 0.2938296591970939 0.003032267264081012 4.688297259116268
490 0.9429487198297228 0.30605702306929583 0.00016131910527716897 4.688502280376861
495 0.9420733622153028 0.308316898422329 0.00421141536616676 4.688092425081764
500 0.9464341625920794 0.28000449576801234 0.005016738409466814 4.687883220649055
505 0.9433588633218263 0.2992436804590106 0.006750167352195469 4.68773999754891
510 0.9430481992990686 0.300384386971996 0.0010516508459892382 4.688570615819404
515 0.9399819563185176 0.3184085524390037 0.008979304473549998 4.6873566249484835
520 0.9408389816501876 0.31220568333587995 0.007195433697088305 4.687901614187685
525 0.9418837865341386 0.3158616251554953 0.0010416274655196123 4.687604125039408
530 0.9422743536027225 0.3075330931830651 0.0018318621495592158 4.687249380080877
535 0.9400069106469706 0.3208802956638168 0.004969828188826408 4.687224206952985
540 0.9442154152474365 0.28989932273320207 0.009410681652786579 4.68728666939342
545 0.9438927725936874 0.29576879058396877 0.0014106572520673488 4.687261863505156
550 0.9385262656668683 0.32887228349033215 0.0074651427820073835 4.6877809098341485
555 0.9419647020434443 0.3102516569227749 0.0045869298512983825 4.687985610070865
560 0.9420160382166931 0.30648757957107886 0.004814330870402284 4.687236018601042
565 0.9430973939009957 0.30619088789877846 0.000440693410401094 4.68792632894345
570 0.9444887932041041 0.2912759301577674 0.0015845641846654601 4.68756496565519
575 0.9419779559083243 0.3076374632596064 0.0027609041773413168 4.687261410150081
580 0.943930333506146 0.297243537330127 0.000622197115385692 4.687064996456765
585 0.9415997055442074 0.3111428777145795 0.0026869640187143773 4.687216663550202
590 0.9440973083935688 0.29515350906779503 0.004265915977189172 4.687396011104488
595 0.9429730442380151 0.30069545961684874 0.00704687827495154 4.687021421025758
600 0.9422410810520934 0.3071521087121143 0.004063682133609081 4.686744070254791
605 0.94131952491801 0.31354405437856236 0.0018301532445383906 4.686850702681782
610 0.9444728084838971 0.28995363616604664 0.0022425902885068183 4.686778136422273
615 0.9422014739826431 0.30730867692789765 0.007122318793273408 4.6863480306864735
620 0.9410712281178915 0.31081262207577787 0.006025585336528971 4.686888578504176
625 0.9428687259952847 0.30350841553074037 0.003468598752496055 4.687053626300336
630 0.9476601088306522 0.27856966190379406 0.0014892264613071138 4.686904869170101
635 0.9406630995309478 0.31383151473270576 0.005611997675758262 4.6869062809305255
640 0.9365649674951089 0.3432143024255989 0.010789950408678362 4.687066641759749
645 0.9401739175299936 0.3252923810809554 0.002633831237483175 4.68579917746907
650 0.9421018652077993 0.3054118636995913 0.00353198973864699 4.686562338260926
655 0.9402021390321762 0.32879408208315564 0.0016920849869888066 4.686421473766106
660 0.943824315291769 0.2978956153560368 0.006425407674215622 4.687037685145882
665 0.9420843982897709 0.30541232192918777 0.002278082221962574 4.686382923490879
670 0.9425043300729543 0.3017486949240977 0.0024994797999831064 4.685998552416125
675 0.9399675800471559 0.3278731130164978 0.008472450081453253 4.68545448731039
680 0.9408034274850599 0.3149718353787714 0.006347748596847946 4.685708311625515
685 0.9434017830873042 0.30158577205149584 0.0006925806303170745 4.686041117368009
690 0.9416532532780328 0.314149162650593 0.0015180288066689585 4.685772249275018
695 0.9401737629959189 0.320460236340514 0.008640260409925826 4.685793748406229
700 0.94176037041246 0.30648305150975297 0.0024960820047212895 4.685667297124031
705 0.9435476550202849 0.30025284764767335 0.001353733721454864 4.686068753093925
710 0.9424881794560305 0.30832813530145575 0.0017358853795541584 4.685825463622157
715 0.9412919656163844 0.32137171811436094 0.0027423673521052017 4.6853221073959155
720 0.9430958676478731 0.3019725562725881 0.00538925511522903 4.685616728455482
725 0.9387096278197655 0.3273581452576231 0.00922899189054549 4.685208256770307
730 0.9437229047840862 0.2984915852577057 0.0022725441122541934 4.685870586187962
735 0.9388047818316059 0.32660515417534697 0.014190323969613505 4.685273918228799
740 0.9426708165935569 0.30265879640276605 0.0024579694416591025 4.685413575301797
745 0.9415003949397045 0.3142848598793222 0.0009474130770350531 4.685198382012445
750 0.9388504950445908 0.32664069583343647 0.005964656027157567 4.686012165049046
755 0.9418310092995541 0.30899950965197753 0.004207741568631906 4.685353442792447
760 0.9415917814468808 0.30911286409384875 0.009849644888857423 4.684127576019147
765 0.9411496764352739 0.31231266383300493 0.0073581378115763485 4.6853476255176885
770 0.9434402730191097 0.2994631298218584 0.006770101223339209 4.685570267681743
775 0.942414204823707 0.3054140896697666 0.009609947720708334 4.685162120204985
780 0.9385278965457551 0.332266901189878 0.009412823353684097 4.685196361987679
785 0.9434894956484898 0.2970964683352211 0.00028766346547404176 4.685189987504621
790 0.9427638562866427 0.30310266646722983 0.012090204260125414 4.685223979075396
795 0.9450184544917075 0.28894746318231057 0.0036327007443608395 4.684126796804641
800 0.9413083093575643 0.31075107750567454 0.0028586747260272993 4.684766174816757
805 0.9389559291525693 0.3312048479940728 0.0006579057616127315 4.685033437136233
810 0.9420845455396274 0.3080164415982498 0.00854191413170624 4.684103651882143
815 0.9457142622739001 0.28355951683717606 0.00469216570551767 4.684553753759428
820 0.9387551285403009 0.33164016988090506 0.00161789691743075 4.684996365235162
825 0.9422056465772014 0.30740410694315123 0.006535337613401637 4.685224822457676
830 0.9392853821010039 0.32661253676188196 0.005307682110295531 4.684925007597636
835 0.9407199193902673 0.3187402702707942 0.01322518143260032 4.684288177012682
840 0.9432784792124997 0.29776405300656883 0.002647933802069069 4.684264394980889
845 0.9426890972760656 0.30606704737285106 0.004278470707000492 4.684728181676937
850 0.9401384008730532 0.3209249519938995 0.0068243186134751 4.684354173326646
855 0.9418705536868588 0.31267308792318804 0.001297318280747639 4.6843915192631345
860 0.944085302273304 0.29339005491832815 0.009908503778935707 4.684320337680466
865 0.9426974318641783 0.3017384484613954 0.004756726812468859 4.683862241023007
870 0.9435387147038731 0.2966562498707175 0.0044977970174051585 4.683733352105971
875 0.9435240789073822 0.30386688720732113 0.004469747403270663 4.684329363072102
880 0.9428879346825669 0.30112069718714274 0.0031015497394637492 4.6843348046560545
885 0.9414794144139441 0.3148693351772778 0.0012696781743526397 4.683753103058176
890 0.9438072096847885 0.29814584782518505 0.011131143726044401 4.684227218455063
895 0.9421390648257755 0.3090737728831554 0.0064851185957413016 4.683615143809625
900 0.9421654366548688 0.30878781879673145 0.002493437522306907 4.684316719488606
905 0.940989660561492 0.3171235991367105 0.0059544471667341 4.684180914778724
910 0.9429373695265404 0.3063267637986016 0.0030999125518511583 4.6838432731422355
915 0.9421703296790074 0.30597279085103324 0.0034486042846231246 4.683456368948159
920 0.9419599744367184 0.3111161881519049 0.003155899238931781 4.684244896726983
925 0.9410561148859499 0.3164908969572533 0.010112449391552092 4.684207145280692
930 0.9388455365534255 0.33261021130931034 0.003331564282979649 4.683749194939949
935 0.9435592875630534 0.3003137210552218 0.007358156901871471 4.683701945183775
940 0.9417025485675565 0.31214560275127656 0.0065763884712868315 4.684002227259118
945 0.9422606362291639 0.310431754218941 0.002713402646489227 4.683782372941658
950 0.9430823869875082 0.3022778039512195 0.004283685600749987 4.684291396438203
955 0.9400680480403445 0.3271190182198582 0.007882891446195028 4.683499423958616
960 0.9436419249870647 0.29957418452132245 0.000265227737723972 4.683837594010244
965 0.9425787592286344 0.30509413949908204 0.006628357107089089 4.683070054078588
970 0.9445369111873261 0.2934574368283043 0.00207349411843305 4.684370324500468
975 0.9444009847561052 0.2937553677194158 0.006447459564106861 4.68370568006179
980 0.9392727525413688 0.3242424583002963 0.0034334097283894582 4.683584967304636
985 0.9415419931385751 0.3116652722030242 0.0008483417421771833 4.683570892874991
990 0.9422603491538155 0.30584862483861563 0.008967088267190615 4.6839223979366285
995 0.9429425578576335 0.30512685252200544 0.002641070258931233 4.683314749329894
1000 0.9426607741798212 0.3089374449712263 0.005419357835014793 4.683595449033668
