0 0.384242658251697 2.191716563490804 0.35283969138648796 0
5 0.9151545939972359 0.20728613292475906 0.030946301304709323 4.8470987305680895
10 0.9803529945267806 0.054427556602896665 0.007057145952837907 4.755207557580879
15 0.9826929524126283 0.04551793242326685 0.003080362028989647 4.728980827091289
20 0.9944832403032694 0.014617848124537147 0.00015219861225590492 4.71364605008662
25 0.9917937363345946 0.028907029535013784 0.001125670234876086 4.707250615830916
30 0.9732574548389301 0.09795842104503194 0.0065100475806754154 4.702345835324531
35 0.9969403188143324 0.010813777170805672 0.00729660349330552 4.702958170077002
40 0.98833868194024 0.047292475145697566 0.009009879830431 4.7003477275144405
45 0.9883232079129971 0.03824888955064232 0.002646897554560157 4.701948871089332
50 0.9879521117567345 0.04469266435963082 0.010322425677498304 4.69936657603489
55 0.996952534773736 0.010799370757163196 0.0026306092646535273 4.700744555867608
60 0.9973159629673185 0.009027432110625178 0.0009894626150013242 4.699648581447649
65 0.9976662739694308 0.008461969054929241 0.0015247381404521754 4.698440391509819
70 0.9965538048357311 0.011301263470547163 0.0002480086242655499 4.69748304772162
75 0.9987766742425215 0.0031932398967677855 0.0057365094452435095 4.696425326109968
80 0.9951542407035546 0.017261546601124778 0.0006236296108341755 4.69656081425951
85 0.9946689427798565 0.021031367559409375 0.00016662864059702187 4.699220480203349
90 0.9980627291700449 0.0059566541887559055 0.0007126306736100485 4.6951311725115845
95 0.9985713556683923 0.004395062930421467 0.003229909169221834 4.695309821061864
100 0.9414887507532927 0.3066663938990688 0.007342283855690024 4.745185339605225
105 0.9353747358475861 0.3500656490784477 0.004124416754784477 4.70414499889893
110 0.943568114449689 0.2948619396293486 0.004411818426197867 4.7008085565684725
115 0.9386113412124801 0.33084037463149407 0.004900229843513015 4.700939495131628
120 0.9400551893987288 0.3168351541260144 0.0016945866151547584 4.700330413090834
125 0.9417725976432021 0.2989442148714163 0.002806916895164324 4.7000135274548365
130 0.9409074371990577 0.308413019475025 0.0021919803926742087 4.696752400811524
135 0.9378872555968697 0.3343645014918275 0.00013290192884829466 4.696170446311495
140 0.9392826056478265 0.32621783484195266 0.003354291319600078 4.6972620324806655
145 0.9442302016761452 0.28998133180303043 0.000914440293729113 4.696737181977894
150 0.944202637015462 0.29521699872000795 0.0028565364598638343 4.697184945145865
155 0.9351493429033264 0.3418189362652946 0.009530512759164056 4.695575869086661
160 0.9426688155023519 0.30637411494093847 0.0020689442891865806 4.69625842921799
165 0.9352558572114443 0.34050960997110646 0.0111532084501198 4.6952317217786685
170 0.9389860570278772 0.3298603778654403 0.005000433902931478 4.696083972981336
175 0.9344412238225637 0.362601647096219 0.007184988527868086 4.695362261364954
180 0.9394755427188983 0.32557521715435644 0.0042591547611068314 4.6944778249977706
185 0.9375509667841956 0.3303223557271773 0.005775259919622133 4.692737357929075
190 0.9406058329884307 0.311593237592076 0.001793945784106743 4.694050318362006
195 0.9436168830153444 0.30049947979138825 0.0010011685425657113 4.692055094626173
200 0.9403524991079952 0.3199963436139148 0.0007504600420900065 4.69383890051867
205 0.9425739249498751 0.3045254616738653 0.00464803319658591 4.692825022530953
210 0.9365508413875173 0.34979844268689053 0.006307536098250299 4.695379127446045
215 0.9379730104399218 0.33570845811716854 0.0008085502301278247 4.693003695186484
220 0.9384820653294601 0.3297814517787945 0.006619331764893044 4.692031379459027
225 0.9387088412076359 0.33214358376977504 0.0027745102132556987 4.69276352605653
230 0.9423945863605772 0.30789489064396935 0.0002901188336934535 4.694458635573713
235 0.9405466797020156 0.319096547853551 0.0025059809723857462 4.692923607261806
240 0.9444091199823446 0.29209024585620913 0.003028081629112167 4.692266658000412
245 0.9403649867670985 0.3190087288166854 0.0043503758234610945 4.692148554768474
250 0.9459067229872113 0.2878121123435653 0.009796206001797314 4.691895563725065
255 0.9382259178866341 0.3343933413912348 9.25733978829335e-05 4.691796258016935
260 0.9408698026254657 0.31174163565847923 0.0044297322485704616 4.691549875316269
265 0.9478581571359113 0.26827726692389486 0.0005414674731305524 4.691638425957416
270 0.9444739063547161 0.2943530700678023 0.001677668359393536 4.691354546085099
275 0.9457020265857297 0.28542155222899357 0.0003221808902700296 4.691309820334299
280 0.9433250498562622 0.30387743275067525 0.0034019086973817725 4.69189761916139
285 0.9417256000887085 0.3090833755177007 0.006635690785111947 4.691155060052457
290 0.9430286864433381 0.30437075399228863 0.004107179529968974 4.690654818122927
295 0.9446161521483081 0.2899376808657168 0.0003413697634235824 4.691723581972677
300 0.943640426984178 0.2987891434051644 0.0015984573027547633 4.6913539062449345
305 0.9402512179598579 0.3233295461546808 0.0008145469642149017 4.69142955325538
310 0.9434460637769306 0.2970648047326243 0.0015743098261555843 4.690363899522464
315 0.9409448375481346 0.31279296793192657 0.00431468348721209 4.690537349902773
320 0.9430725926776363 0.3030896258271216 0.0009577082396876602 4.6908155033700485
325 0.9413410113049181 0.3106838755333019 0.002428642956441518 4.689832111304707
330 0.9382907389696096 0.33438290085201494 0.00857823003652447 4.689913987990641
335 0.9418963688262545 0.3058655505470469 0.003827451715536556 4.690735133519383
340 0.943265606786745 0.30297531772899067 0.0014702253892688866 4.6903646689490595
345 0.9414103768660247 0.31037835427104987 0.0037980415588976246 4.690675307471245
350 0.9426954540044405 0.303494706991696 0.003584976194994205 4.690995990163678
355 0.94347826569029 0.3001907794899479 0.005340711176968771 4.6896986598805
360 0.9432013303323623 0.297930712389495 0.00254304641257197 4.689906752032786
365 0.9427002005841184 0.3046578390640491 0.003043461463914543 4.689740101622486
370 0.9403783162715282 0.321341435278776 0.0001298790931871796 4.689259417891385
375 0.9409867197500357 0.31593103154399493 0.003653204706068447 4.6899671881693425
380 0.9403085366928201 0.319929819889583 0.0026187798720340716 4.689856252756549
385 0.9409975007381889 0.3142785083219177 0.004650824193097147 4.688846515585961
390 0.9439388517578446 0.2956499664600232 0.0027672460564989176 4.689923563861511
395 0.941486342477369 0.31157972003482914 0.003692509657776011 4.690854074975744
400 0.9412504386648164 0.31399640236661064 0.004381440825922622 4.690100422686024
405 0.9442856604686671 0.29211071040640846 0.00810622259436622 4.689484281232778
410 0.944214349192091 0.2950825063997735 0.0013504050312880267 4.689497247473542
415 0.9459416800793744 0.2838584251009637 0.00042050089550471625 4.689412712239065
420 0.9427380639843194 0.30145630569708093 0.004217373232252797 4.68875311905917
425 0.9446527012097896 0.29294081411313666 0.001633459563663342 4.688876477428886
430 0.9451527001259356 0.2864723723788716 0.007274893957632145 4.688553097492799
435 0.938396703050421 0.3297810597712578 0.008057747259526238 4.688833281306469
440 0.942442032182566 0.3027033821469898 0.00015655825385429978 4.68931051143776
445 0.936856523247931 0.3409357155438615 0.005158393162548736 4.688219112306957
450 0.944331205894821 0.29805662837682245 0.0017539127003169952 4.688624513559375
455 0.9379359694142904 0.3382346759535695 0.0005927300267392077 4.689126569218022
460 0.9435830850757234 0.2942515758175901 0.0034864542630392847 4.688990992461578
465 0.9416493117184804 0.31187822372247354 0.004104307728185708 4.689515990112778
470 0.9412231437042438 0.31238403890718036 0.005475018633787965 4.68854376560866
475 0.9434589184764259 0.3009401503517335 0.0015812636911833877 4.688487891553755
480 0.9435856813114293 0.2997048596503289 0.005033439131377104 4.687388317431575
485 0.9430589208363866 0.30289509587759333 0.006248851320517224 4.6885242485873855
490 0.9412393812489366 0.3164635147988788 0.0007789723833986351 4.68857988693734
495 0.940172811624335 0.3190371745311795 0.009538408197492076 4.688137737280816
500 0.9418943371474433 0.30922432008374656 0.0007052368791433672 4.688756824433825
505 0.9426327979828767 0.30600880351687465 0.0013064405975760085 4.688703641364732
510 0.9450851523647305 0.29059931868621014 0.0020736786857207257 4.688754218244153
515 0.9442764436555368 0.2933812582533335 0.006767109022016937 4.689188089952192
520 0.942116573444648 0.3066848156356832 0.008016229180275669 4.6873997032401435
525 0.9440933513133931 0.2945283229042106 0.0013507091420064121 4.687584476769865
530 0.9417871176475325 0.3112170434105268 0.008192979927761801 4.68852496615201
535 0.9429064588147082 0.2979237982376022 0.0010825774050986503 4.687744373546115
540 0.9350080902894773 0.35538379289517685 0.0100285343243125 4.687135408059486
545 0.9419693840804281 0.31181661693103013 0.0029676228384007963 4.686722081295741
550 0.9437657733785595 0.2971288921382751 0.0007761766012621685 4.687682421715254
555 0.9404099057297146 0.3159745433141774 0.004830920669718575 4.687884813012664
560 0.9420628371706385 0.30482508629916794 0.00206290835087386 4.687089727924562
565 0.940681737273523 0.3140385980877669 0.009304581609987927 4.687688400870202
570 0.941229969822753 0.31422887773764163 0.004138163942272399 4.687400752704587
575 0.9427712601217708 0.30255376520590005 0.002582311328278575 4.687819497374429
580 0.9367693614105972 0.3397835615916458 0.002500276309846061 4.687693518962075
585 0.9463375656096413 0.28115816951370753 0.0031381196117614696 4.687393256668194
590 0.9408621334043191 0.3126539125998189 0.0066512933890074954 4.688258069327852
595 0.9431274695591325 0.30422394303233347 0.004167725805970246 4.686732567470033
600 0.939787664046458 0.3216896334216184 0.0026522078696822327 4.687790019511582
605 0.9418716167822518 0.3104826714436797 0.000332191404160076 4.6883037752047025
610 0.9420935384585785 0.3093436329773134 0.002348787118436668 4.686333411967879
615 0.9410106619233407 0.3133989642709363 0.007556010964785864 4.687324514948723
620 0.9384102350507051 0.3270502819976677 0.010355765299545405 4.687181113001353
625 0.9413925269946272 0.31017945180383055 0.005515698290714965 4.687465643017593
630 0.9447676454603077 0.2947331660915413 0.001713133199017225 4.686805672621843
635 0.9417003688868144 0.310386609688587 0.0040430206266799384 4.686164700586743
640 0.9428046099139193 0.3035621504281547 0.002620816186809316 4.6873830880650456
645 0.9422665517454023 0.3065896051574777 0.003068525108094855 4.68691746719117
650 0.9414809127747239 0.3166517347510416 0.0013539792865828737 4.687354930673751
655 0.9412133544698253 0.31804841620464774 0.001178440196209607 4.687483407770622
660 0.9432140233266069 0.3018462854619539 0.0026395624579116372 4.6864401048153335
665 0.9406858418039721 0.3177364233097668 0.003535880325906904 4.686573749757092
670 0.9419751767447309 0.3093859365243654 0.009194108504287257 4.685552363368328
675 0.9430763374539469 0.30324586503661966 0.0017664332538669392 4.6862245988269295
680 0.9448566379725901 0.28999826959447983 0.00023779757451380945 4.685742976645042
685 0.9393107752421327 0.32680052947110294 0.0016665419667869497 4.6860373326213995
690 0.9443489726555132 0.29319623390005045 0.002013343124083855 4.685674801312651
695 0.9481302648141234 0.2709679375201821 0.005501178217462543 4.68583820683746
700 0.9419824623547064 0.30885608176197454 0.004870695226042665 4.685921510505452
705 0.9414975544670435 0.31195725376962624 0.005421452965548301 4.685388299568012
710 0.9418919059167623 0.3135628657757268 0.0037134518288752805 4.686077684535522
715 0.945369955641788 0.28763304143541024 0.00947082738940197 4.686357144989737
720 0.9466032415231413 0.27856757889987804 0.004101685343487205 4.6855141384281715
725 0.9385396418174916 0.32722215052060033 0.01273858149874596 4.686730726886483
730 0.9410683549699064 0.31532391721459696 0.003922296092976341 4.686768054559113
735 0.9437010962579986 0.29824809444576683 0.0005056536788070609 4.686229201140865
740 0.9419834147185124 0.31021011252171604 0.000567608546337306 4.686382378847174
745 0.9423853339097787 0.3061758822064071 0.005257290462692632 4.685723274705981
750 0.9415464420605979 0.310137021081899 0.007629370812589631 4.686706727327677
755 0.94060024188316 0.3166093521168465 0.004811968636578179 4.685737572910457
760 0.9407849220631874 0.31364347589429453 0.009967396142578577 4.685482972881083
765 0.9450949757811011 0.2887317531540079 0.00378642777345628 4.685134226072613
770 0.9431044845544119 0.29998608552801986 0.001455355903442257 4.686112676624795
775 0.943255230303059 0.30410619639040615 0.001742156066176559 4.685041242264002
780 0.9444608233732701 0.2910938229358946 0.00186574332624323 4.685713468339051
785 0.9406411913273125 0.3195044574705186 0.0011878149632944535 4.685341114656879
790 0.9415349662614341 0.31352691523266873 0.00021735492800156742 4.685385760548285
795 0.9405288776600809 0.32087843612222855 0.006964151308368471 4.685571898916407
800 0.9434885642253632 0.3009140905841896 0.00426369083364353 4.68567877462656
805 0.9400802721990007 0.3188447821781759 0.01205180608609191 4.685219583255737
810 0.9430748706482617 0.3041139446914016 0.0017580240223691312 4.685228190058242
815 0.9423315026890726 0.3068418914261244 0.00632524738996354 4.685833689491254
820 0.9416478507667643 0.3153725437875474 0.001767940199347784 4.685456669883859
825 0.9420332171469552 0.30956065747554806 0.0015345941650313222 4.685417955457397
830 0.941598810906781 0.3097940968864341 0.005792119686321762 4.685626549039151
835 0.9386012127106407 0.33137432597105754 0.011166688577880723 4.685506503184177
840 0.9423642468891535 0.3052607381485126 0.0002735229237862402 4.685374192481826
845 0.9408581492548641 0.31830702853146153 0.0027089277017133817 4.685171848124359
850 0.9399638621768842 0.3228329696399248 0.0029517357659760712 4.684629675812163
855 0.937665626892253 0.3351334550422802 0.0018787092086300916 4.68484152777369
860 0.9435312239170364 0.2996791413370037 0.0029763950920829174 4.684682572658754
865 0.9403036485785665 0.3241165046490062 0.0036240571237085017 4.6852240058177825
870 0.9447333791540413 0.29149517337540143 0.002443878753153994 4.684973333791311
875 0.9431397240764293 0.30520362233765574 0.006343537658369369 4.685159612184294
880 0.9406742954569184 0.32137179346025935 0.005488292984864973 4.684369969327446
885 0.9400309858938718 0.32436188715280245 0.008716604351881596 4.684798873618811
890 0.9414087377198734 0.3143774117506508 0.0002011476811958346 4.6854293301989065
895 0.9387136267360412 0.3284497698915283 0.001477225923531611 4.68478049872316
900 0.9433115611465459 0.30153779269343595 0.00020734954138035278 4.684354583764095
905 0.943475482287724 0.300451141611191 0.002507341351533743 4.68513267498631
910 0.9414289325542053 0.313112565600572 0.003483875520471358 4.684195606493127
915 0.9421178723305372 0.3045625859042591 0.007979932970481274 4.684689189282982
920 0.9425154872320681 0.3076983015813033 0.004834142722500934 4.684823572687753
925 0.9370216691356361 0.33855489518206916 0.012022487898234235 4.6846217182440615
930 0.9424322098201239 0.3083238031380535 0.004077281422055545 4.684294369325143
935 0.9419738753133697 0.3100416869814131 0.0003684885676493721 4.684483666427643
940 0.9402421081935989 0.32313075476427056 0.005129776388556717 4.684117313052166
945 0.9415298649306508 0.3118138251895326 0.005537589980186608 4.684193684387422
950 0.9401210652236259 0.3243975330197548 0.002254402685812895 4.684388166623842
955 0.9416082495581377 0.30974626073375955 0.0030532133752845247 4.684800947146961
960 0.9407874518168012 0.3183846040655647 0.0021625732176724366 4.684707559914209
965 0.9390302326550559 0.3305671352650341 0.009991617225509009 4.6839272011223185
970 0.9392198396848442 0.3283653987058033 0.008166149317416771 4.684839037398415
975 0.9384861546550817 0.33389235841158627 0.003278803115643436 4.683957463709336
980 0.9376407467762189 0.33652679073629166 0.010267880565191678 4.684422339421603
985 0.9415294733323396 0.312539991352911 0.00791705987433744 4.6837973267759985
990 0.9413186868936227 0.318088142784795 0.0011948649090383068 4.683845179202102
995 0.9432153862072064 0.3036496314569286 0.007084435129761202 4.684341495709807
1000 0.939460101553294 0.3264702891578848 0.0018445855255153631 4.683993711168277
