0 0.3546436453820469 2.3992447897814246 0.3273772318191328 0
5 0.9323758631299208 0.15303332460758945 0.029580179932861883 4.8496163917715
10 0.950649606701712 0.14827124894929788 0.015829987898329012 4.7796434657877285
15 0.9865028566789007 0.04404920421605496 0.0018292515201894233 4.727527892471497
20 0.9914073654268499 0.022960950627690657 0.0022375720155474177 4.712910608470454
25 0.9912501891217738 0.02621390119105449 0.005075293771637179 4.705203822267414
30 0.9973725615773747 0.006907971646291422 0.004760900079868957 4.704169458903964
35 0.9941908244414255 0.01900458500428215 0.0031711084884873397 4.701509160228067
40 0.9972506242067654 0.006761475663565442 0.0029818498151310546 4.700739719093709
45 0.9961411601687228 0.013660233683814305 0.004428172694181942 4.699631773219377
50 0.9977717544157063 0.007030323878320921 0.0033857715226395246 4.698962958536124
55 0.9988536370216498 0.0033767174936807365 0.0021106868431977066 4.697667247023353
60 0.9987952862753544 0.003538767820558064 0.0011396573582049818 4.6977101776282675
65 0.9988553485376983 0.0033162829048309916 0.004595871445105537 4.69644007044259
70 0.9988480541417327 0.0038791753243874183 0.0029308675440220533 4.696713311057468
75 0.9968365416788181 0.012644727593016825 0.0015174332652998501 4.69401130393497
80 0.9979522127798792 0.006612898012928525 0.004375017932393588 4.693341204803994
85 0.9969849462838892 0.008943179404437451 6.906357256530882e-06 4.694327335499784
90 0.9989893200611875 0.0030161954346556996 0.004033249351301338 4.693734006347754
95 0.9971980471791261 0.009379644155488087 0.0020170600612865464 4.693015749544057
100 0.9438053402629483 0.2972602555193564 0.004610584988527844 4.7360387610254175
105 0.941919570295344 0.3069637677138921 0.0026209939642061197 4.6990238476451855
110 0.9374236584574418 0.33739744617204703 0.0032611528841282045 4.6975166346495065
115 0.9461041693547161 0.2811662044260794 0.00038706268028687596 4.6971172934721235
120 0.9382668119828075 0.3161407100664775 0.014929090223940289 4.694956779417548
125 0.9419668274346992 0.3034258039600779 0.005280246830185131 4.698249475897491
130 0.9335947315368693 0.3482732019317174 0.011538976589041017 4.694878937126541
135 0.9380010907616775 0.32935931320043554 0.005116397056556199 4.6955852942842276
140 0.9407885971163867 0.3154406759934245 0.004685211338838702 4.69436004246449
145 0.940033904036583 0.32176371005885596 0.0025128634372955094 4.695673686300044
150 0.9434302777089094 0.3042992632661514 7.702474912618662e-05 4.695281025915654
155 0.943920309457082 0.2969633727227228 0.0029329890553071447 4.693838071490843
160 0.9427768751920718 0.30745557483527897 0.0032322541475375832 4.69376074855988
165 0.9426064207175757 0.300710879456207 0.0026175774917214234 4.694024548224662
170 0.9445647991765959 0.29427241477898747 0.0026341506347633548 4.693032393879076
175 0.9364152245796499 0.34415629338248177 0.0047712105400503635 4.693954980840705
180 0.9412911668363821 0.31175991955720495 0.0006771793171416185 4.692658582257008
185 0.9375488385507125 0.3404614907617054 0.005543994015584142 4.693700157787106
190 0.9395008947820835 0.3223885101473192 0.003939412849795154 4.692505298167974
195 0.942303872092807 0.3040723635884399 0.0017854680135027667 4.692913744820118
200 0.9446898493951492 0.2922450708082236 0.003914208469331104 4.6930622245181315
205 0.9411873282077612 0.31406474871995815 0.0064273556129450515 4.692211945660242
210 0.9407617854314985 0.3173594724174995 0.0042294184155842185 4.6918319448700485
215 0.9417409283099254 0.307003094049187 0.007073961785935889 4.691220934992296
220 0.9410890504593441 0.31029261925792895 0.003705964921327798 4.6920017693843
225 0.9402264749205633 0.31689357601496226 0.011417564232545585 4.691241817025586
230 0.945459786670949 0.28610816072380096 0.001124644408576403 4.691579870046595
235 0.9440513479584675 0.2927130625598169 0.005245762083494698 4.692111646678309
240 0.9415781577147895 0.3064084329555854 0.0033779665009983084 4.691288343175165
245 0.9412566144502552 0.31129282289032023 0.0016861193574417843 4.691258852755722
250 0.9395404695335947 0.3196667055077942 0.004362193036274942 4.6917433678413
255 0.9433569895673183 0.2963277073227655 0.0019066667316163244 4.690683713671884
260 0.9422025532269165 0.3021439323041628 0.0041429100548420195 4.689238254967212
265 0.9415424984736902 0.3079301397832177 0.0038352738726679103 4.690959288958082
270 0.9385928002194619 0.3251502665053234 0.00731331345104258 4.689763554095528
275 0.9416860182631788 0.30571724324052063 0.0023718984708693824 4.690282034873079
280 0.9424365951059956 0.3042968683443732 0.0045848123495337845 4.690359677834695
285 0.9458751367097102 0.28590527810920285 0.005498958182442282 4.690884591369942
290 0.9423886473140708 0.3081985789946815 0.005684092406634811 4.690628776283746
295 0.9436946968963025 0.29819246974016966 0.001318740491063064 4.690421040967095
300 0.9384732879779247 0.33369056561839106 0.002708159769275076 4.689692333243466
305 0.9410560370908018 0.3162330395818733 0.0038434464500674004 4.690430380201824
310 0.9436814076436111 0.29757272732487916 0.0036485530464227534 4.689572997737508
315 0.9414535329097735 0.31179184686768924 0.0030319456288192548 4.68967740175088
320 0.9395526820724192 0.325435165937745 0.0016520741020569218 4.689884956807976
325 0.9421293649473175 0.3097063769606283 0.00285334004115656 4.690773290095155
330 0.9441151561206753 0.2937885019983941 0.002441533551271746 4.689399778626345
335 0.9443934344132313 0.29672391961403033 0.00017867456169518015 4.689893385178906
340 0.942724307730118 0.29684459015588427 0.0024690871303902906 4.689959370964173
345 0.9422481004894598 0.3016521425964749 0.010000115112364094 4.690162759639925
350 0.9429472406597852 0.2996479697427308 0.000820549492539735 4.689676439022312
355 0.9390856680482573 0.33042353925842693 0.0011871067260575963 4.689754944099616
360 0.9417982333382313 0.30635302570336886 0.005560745620394547 4.68829953923638
365 0.9441318023448722 0.2945951151815871 0.0016104239832066547 4.690034698885432
370 0.945229471594295 0.28838294606454884 0.0003121972214956692 4.688485745883214
375 0.9414849170140291 0.3091151203776894 0.004025048190624991 4.688940442063591
380 0.9381320365372803 0.33220109531036535 0.00207726714265144 4.688752776759008
385 0.9425500817430237 0.3063304541955736 0.0005792582896340104 4.688821914728634
390 0.9431226260378136 0.3019553421065089 0.0061236836272597905 4.688093268913716
395 0.938108142709899 0.3345037173920016 0.0006326064429229561 4.689338985795469
400 0.9443770980223263 0.29700686537368703 0.0026349009497885767 4.688390130481885
405 0.9426808552409909 0.30622824131272086 0.0005986848908019482 4.688578020269813
410 0.9455754512056858 0.2834592938142668 0.0020265255401976656 4.688262857867728
415 0.9409858012097152 0.3150512899877036 0.0030527420522292736 4.688382074726062
420 0.9405456061262019 0.32321029612349417 0.0024248527779628937 4.688094674197226
425 0.9430309423426764 0.3009113769048959 0.006625033124809887 4.68829059527497
430 0.944059410795022 0.2949422394489192 0.002158298606897757 4.68901434063215
435 0.944173314971131 0.2965459749585042 0.0013775647096383459 4.68814147399009
440 0.9423312793125926 0.302640134377671 0.0018221350343663456 4.687606355658847
445 0.9422100067812627 0.30826944794992617 0.0006533554373113759 4.688691785094726
450 0.9449873236184159 0.28738049363431095 0.004978100044968681 4.68923604248521
455 0.9438996569856231 0.29307657445817625 0.003502062357820801 4.687851449840482
460 0.9442938027038164 0.2957412956764154 0.005894560189003473 4.687328081188555
465 0.9443251097059326 0.29209965253667924 0.0007466371294140295 4.687699535017088
470 0.9420524529147811 0.3089769010485295 0.005042838598867672 4.687468809098899
475 0.9435861457808437 0.2939051617121704 0.005074390279780516 4.68769043652989
480 0.9428606443903353 0.3058623370402822 0.0019452607103354058 4.687562478365041
485 0.9425887400112194 0.3067233813880952 0.0013261371194617233 4.688149691093921
490 0.9426486089569619 0.31001274851663574 0.003200289949585322 4.687098880426369
495 0.9417427455198748 0.31195387798158425 0.006363172447400256 4.687815155909151
500 0.946278405826627 0.2804399281253218 6.515714851107468e-05 4.687168546253161
505 0.9390262614839278 0.3286137611858466 0.005961625320269892 4.687914383185068
510 0.9428317847863483 0.3043840669285114 0.004487368314667561 4.6879531743607465
515 0.9388991348514373 0.3356874227258908 0.00029580916525118184 4.687227676168552
520 0.9422092738530363 0.3063226050943344 0.0011418148683808305 4.687117545749295
525 0.9406702781481784 0.31685644722817674 0.005524974293722673 4.686898497716179
530 0.9436000552337531 0.29789147227789137 0.0014039888938477407 4.687124377104665
535 0.94299553127367 0.30184313706622135 0.004806727413955159 4.686887825243732
540 0.9416986585117055 0.3099655689974741 0.007428952740596184 4.687043811863666
545 0.9371162605046476 0.3394773837198475 0.006927472609863594 4.687046278623073
550 0.9413329063252358 0.3126006349338857 0.0009789082588780307 4.687008551319131
555 0.9435874026188451 0.3011765700643787 0.004727825519516449 4.686668619267953
560 0.9431066724968145 0.3022122132622167 0.0027643670747770077 4.686826491482619
565 0.9383591365149165 0.33381543856452023 0.005093453012579019 4.686857076879903
570 0.9420671850457099 0.30591575284193606 0.01014529162222888 4.687430880855341
575 0.9419170142794676 0.30890509294095114 0.006977811261485112 4.687638553817674
580 0.943628389648321 0.2990265628113109 0.003842018536083902 4.687260973707916
585 0.9412847237077824 0.3132064120010929 0.005320882452954923 4.686158102633309
590 0.943801539476212 0.2949661467084388 0.00533713031698313 4.686165655520876
595 0.9412312034742152 0.31282008307003384 0.005959879174175509 4.6873859783764305
600 0.9429882083429875 0.3033392814314899 0.0010419445802314353 4.686458642792444
605 0.9440260199431629 0.29539936677985157 0.00614669601333806 4.686734764107788
610 0.9394538298015087 0.32786041769402186 0.0020364314425243 4.686822317887926
615 0.9387221081918686 0.3310957495414364 0.006248962941659775 4.685984529969199
620 0.9413866160199605 0.31134111054421343 0.000950918211985341 4.6865472332881275
625 0.9401377882497781 0.3222238889685851 0.0031399849082374143 4.6855511379219985
630 0.938098280267177 0.337665537167287 0.0039571140398024784 4.6859230991325145
635 0.9429124701232932 0.3031808803162592 0.005246970480905722 4.686460696349754
640 0.943238013062851 0.2993257606582338 0.004319850645309931 4.686459408789106
645 0.9416074607693529 0.30902621357979676 0.0019563916336020615 4.68534585485849
650 0.9400694818353281 0.32081984244743733 0.0038589959745438662 4.685896979744962
655 0.9414233894830527 0.3119639584333411 0.0016870489176352699 4.685988008320181
660 0.9391444387663213 0.32469670716078713 0.005310312090075486 4.685697719570556
665 0.9420225903892432 0.311501793750554 0.001290479693583535 4.686837473304288
670 0.9404265952925319 0.31885325163533906 0.002129433633594635 4.685798673155261
675 0.9412095490399319 0.31175551698525794 0.003707933597835389 4.686082442830466
680 0.9408229838218911 0.3216635152510152 0.002515265831790403 4.686035974491828
685 0.9367158446135433 0.33708908030814655 0.006877375804792196 4.685719579369188
690 0.9411234224885613 0.31470534635832426 0.007815683220784742 4.684938837372697
695 0.942198673924131 0.3056492973539937 0.005200620039139681 4.685772308777047
700 0.943507350509784 0.300500039658278 0.0025024977770526924 4.685790399312478
705 0.9418841357878351 0.30678279921739904 0.0024339625204963244 4.685894034526944
710 0.9392142587015135 0.32340988443333174 0.013351438773880897 4.685929508792666
715 0.9447314511191727 0.2898904075641253 0.002395473718018515 4.685624870753192
720 0.9424842107512519 0.30443732294694037 0.005126057036193732 4.685378328894776
725 0.9417325059765378 0.3085697901153237 0.0015037489498488377 4.685221323665267
730 0.9416907781965083 0.3103911405754749 0.007928147991390189 4.685164057816019
735 0.9414115465075273 0.3165140473607799 0.003056097232032151 4.685305690215948
740 0.9448167933549225 0.2939969207432478 0.0006457282018295096 4.685584848196043
745 0.9424192348351659 0.30456883892924136 0.00412398349773313 4.685897239905838
750 0.9453439102529185 0.2905568426526015 0.0035763046346919403 4.684478231977583
755 0.9402709543538224 0.3190495962451436 0.007219841967748053 4.685498657790549
760 0.9391742536642793 0.3247165093941877 0.006933346419819131 4.685270354950843
765 0.9416442448360476 0.3109217124666994 0.0033747976450055894 4.686227068867293
770 0.9435045696064875 0.30114841876354337 0.0030475871768966822 4.685596466646096
775 0.9437045837553334 0.298634586637581 0.0018615223660651825 4.685099218442019
780 0.9403785157808194 0.321285081125704 0.007554308875068028 4.684799163774976
785 0.9425963942800395 0.3053855623137238 0.002854515736037344 4.68513257616424
790 0.9400656898094812 0.3224381230227866 0.001691790746436883 4.684246108803847
795 0.944940014936912 0.2885494763604033 0.00033198072096829456 4.684167201765742
800 0.9405236282193055 0.320471608166252 0.00031783466911594616 4.6847551632638496
805 0.9410024533656567 0.31659674900890167 0.004158632008103513 4.6844395492215885
810 0.9427858327203684 0.3048989877231776 0.0019501211497154891 4.685212815320054
815 0.9441899493559713 0.2950050033878888 0.00011357826720792552 4.684254035685002
820 0.9414956424218299 0.3106082298329049 0.0022357891575857103 4.6852522963845615
825 0.9446697720964465 0.29179997708841743 0.0006161475454740106 4.684823443855059
830 0.9405011366052427 0.32007320199453115 0.004625959464453322 4.685177378277273
835 0.9396507513152348 0.32517133024121847 5.7695061747242704e-05 4.685072141307524
840 0.9407340287681776 0.318874091677257 0.006431166107435882 4.684772886614548
845 0.9400201242752657 0.3191191234310278 0.012423244506168718 4.6846649087532475
850 0.943176060743019 0.3023034844697321 0.0014978269283445478 4.684714178478297
855 0.9438569200874555 0.2954177225585344 0.005930033014984515 4.684823732303436
860 0.9397487274179168 0.32341057410962293 0.006772288085410638 4.684732529702099
865 0.9429652770538159 0.3053430162010091 0.0023278432912623437 4.684619615682366
870 0.9438409146460345 0.29575358279716735 0.0005971536211124562 4.684686070911214
875 0.9445445116828691 0.2942926662330114 0.003561867153036191 4.684051043745478
880 0.9427730315132643 0.3051194277663205 0.006785116509428368 4.685119307130758
885 0.9397854918832853 0.32714160053668095 0.0003244584195449818 4.684278441526441
890 0.94149900465478 0.31656576161189687 0.0011929652243640732 4.685067081993137
895 0.9457506140590978 0.28813023100797786 0.000966337775331727 4.684928118320478
900 0.9400629561197853 0.3212319646122843 0.005077465590441088 4.684619454690431
905 0.9427344103085885 0.30422501637729304 0.006894101617955339 4.684705488206309
910 0.9442910939927053 0.2971086542964603 0.007401493822480232 4.684654585666276
915 0.9403806383917839 0.3206942738218048 0.007298411372315794 4.6835989105998665
920 0.9401017920970425 0.31937165233720677 0.0006732278799816971 4.684264928088783
925 0.9391010982733897 0.3278978177176137 0.005618862636481925 4.68454368885832
930 0.9431251355885764 0.3029326088857216 0.0007794001580925247 4.684591124580414
935 0.9419765867554554 0.3123963363056834 0.002513429738457029 4.684168013946339
940 0.9452382501441314 0.2877807104969117 0.00652738006981024 4.684114466130748
945 0.9408725079771705 0.3216890053092438 0.00024353508749141994 4.683955670145389
950 0.9412337207236443 0.3167709549273727 0.00014623522957402102 4.6847036483103315
955 0.9419704621808428 0.31022738940547434 0.0010685945988053724 4.684716859549675
960 0.9408721099614556 0.3158472086052937 0.003791371644697339 4.684439820975819
965 0.9432329426396975 0.30436706828632865 0.0014184047250798137 4.684522997912558
970 0.93998585503282 0.31802622032308303 0.006821453434234126 4.684381502341689
975 0.9428304928323002 0.3055575852854062 0.0020272215717151987 4.684362758186818
980 0.9405398339901743 0.3212610395959272 0.005228338226889173 4.684342242082514
985 0.9453962795161224 0.29142144347926546 0.0030368629639758726 4.683650150574061
990 0.9396527063334215 0.32267370024749376 0.006478544800681885 4.684077314139461
995 0.9414829138966704 0.3145969200757781 0.008428264174355604 4.683969708915439
1000 0.9407724733917557 0.3210511237429676 0.003463169129652943 4.683833648574767
