0 0.3911627149644765 2.1309114232516713 0.2620037546040116 0
5 0.9381422761925058 0.1444446232259855 0.028024497544881566 4.844747683831787
10 0.975030286477633 0.056748824136247045 0.019862696293179605 4.753229527531685
15 0.9908194214954795 0.02744559447103967 0.009654433376828031 4.723798018025443
20 0.9934744940840818 0.018133805586630025 0.0042224351274653404 4.710570607454857
25 0.9948355061795424 0.015453515680105667 0.0071276172639822555 4.706805370807631
30 0.9968141181484664 0.009227270946540855 0.003439262847481306 4.704193912454414
35 0.9964610842731472 0.010532907785349543 0.002953519726596854 4.701452010356422
40 0.9974624784456034 0.008646232417922839 0.0005870982216475973 4.69891137333223
45 0.997485628301083 0.006742700467836649 0.0005332545119522969 4.697615728833967
50 0.9985985913137823 0.0040512526198357435 0.0014126889947125854 4.697561896373504
55 0.9974142226610232 0.006534989540248226 0.0028878068226103615 4.6968869500484685
60 0.9956927879468214 0.015148658928880288 0.004558850404370984 4.695148378610622
65 0.9970697947654787 0.009574567558499503 0.003634915872836375 4.695750558211201
70 0.9970896365893703 0.009959929642628929 0.0015380515395495564 4.694747847443377
75 0.9988287016535933 0.004114839160319406 0.00212561720527793 4.6942263568961815
80 0.9985359831703204 0.004850376223694219 0.0017379736433011939 4.693886546030392
85 0.9975446243707702 0.008790422808625742 0.0014008286020312788 4.6929546209971855
90 0.9985886446643089 0.0051274966808190214 0.0005810026797723467 4.693464349437041
95 0.9975758217060252 0.009049213081240737 0.002443545493454824 4.693560081415089
100 0.936108203753522 0.3612033819239491 0.001951134936088561 4.730909779534632
105 0.9391474317731914 0.32746946847018243 0.0012310112811122487 4.697880259559687
110 0.942917943911425 0.3029535345680259 0.0006829280988767117 4.697282626073611
115 0.9409713691857131 0.31646263889087933 0.0014320983977968993 4.697441904556389
120 0.9418257904509337 0.30358982193085104 0.0014804078562320466 4.697055588438714
125 0.9411992440515093 0.30985442183339007 0.0010435997021360777 4.695739094900914
130 0.9439597330646646 0.29086134149399534 0.0026719605811442726 4.696304476079264
135 0.9452058032903834 0.28464385913588597 0.0018252948499204447 4.696522237309631
140 0.9413247640825554 0.31046584361741836 0.003243771948963081 4.695527030210734
145 0.9435287197939559 0.2964446797305973 0.003036526359063707 4.694194203973787
150 0.9408173761913887 0.3128619374598154 0.007561989249091905 4.694831664890629
155 0.9396866783832424 0.3241945086478282 0.001278779470208491 4.694920960707979
160 0.946576659974413 0.27930107011173444 0.0013618802008632525 4.6938830924155965
165 0.9408609452429284 0.3115682172357763 0.003344856785045369 4.6943611890203085
170 0.9411004170114655 0.3131980314465723 0.002412751014978065 4.69465740288771
175 0.942298878847944 0.3072356802643945 0.001700612940754409 4.693230663918822
180 0.9426766532038602 0.30421605272650165 5.24637500087799e-06 4.692721110201951
185 0.9452210573967239 0.29013053335506633 0.0030002404124951365 4.693131191263269
190 0.9479836684264908 0.2655979741798209 0.0003121496701445903 4.692724678243095
195 0.9410567865597391 0.3188580976740232 0.00417114263856333 4.692969810158388
200 0.9355038165511225 0.3556320897751375 0.00600722030285894 4.6904066210933335
205 0.9431992336302099 0.2985397520447224 0.00025853292826916174 4.691253569170616
210 0.9423409166874477 0.3077430917945989 0.0027680366993378946 4.692397764801051
215 0.9447406858545364 0.29043190886519366 0.0018705582360296624 4.6928339455083945
220 0.9430286036594444 0.2999407942047254 0.0010206446046105988 4.69053548870716
225 0.9436887729398538 0.2939640330030464 0.0048781484109095 4.691343584644316
230 0.9402455284021816 0.3233856781456579 0.0024375658737341155 4.691158091576983
235 0.9402994728875542 0.3169663472332527 0.004653954839954455 4.689952923650043
240 0.9416423045890141 0.3082203323477648 0.004113101320843526 4.691755202428394
245 0.9337615237492559 0.35753911932477234 0.010248054213669588 4.690886388851575
250 0.9432170485407743 0.30046641113714667 0.0026749603639024677 4.691285077479716
255 0.9410412710829716 0.3183720325404771 0.0031691018187076647 4.692160849768426
260 0.9412490019622068 0.31564597390382954 0.0004994375334712586 4.690769363405068
265 0.9402620692468303 0.318085934605441 0.0033535053072819565 4.690439536923444
270 0.9423874681012403 0.3040440254879897 0.004880543962141548 4.690779984199041
275 0.9419360005542384 0.30974926553871907 0.0018590083699401294 4.691121881562199
280 0.9437890639206254 0.2930642880522081 0.002293539787629806 4.6914008743273685
285 0.9432151902470651 0.30196033427321023 0.003170169023275937 4.690409319341581
290 0.942719005039381 0.3042678235326699 0.0005170544928982945 4.69102286722696
295 0.9418724331484283 0.3082586581874951 0.003143817908817015 4.690147389478156
300 0.9439401713967572 0.2945963600966808 0.0003022392335061408 4.690399369730925
305 0.9404270180823272 0.32066714961898235 0.001055482296939081 4.691143634981958
310 0.9422316772792076 0.30613188525927715 0.0026134754684126182 4.68970854571971
315 0.9453449231013954 0.28584055403817477 0.0009191826884591414 4.690123742749607
320 0.9414021376355647 0.31074814793334316 0.005164868982762139 4.691358553911653
325 0.9413151331009373 0.31324835643078774 0.003957930275894084 4.689587987878684
330 0.9404252611094056 0.3155965009686783 0.006538820276315915 4.690290927436608
335 0.9386373659086258 0.3305275996955812 0.00884856502271969 4.689664303742373
340 0.942014432427996 0.3075277615957779 0.007200997719687852 4.68837678082995
345 0.9427175958844489 0.3016345845222004 0.008919570144499955 4.689211340842393
350 0.9401418211313688 0.31947620989433734 0.002546092380844911 4.689084732839473
355 0.9408779589420919 0.3159572242626627 0.0015577625341081092 4.689707501582311
360 0.9415602170498407 0.3093031029760125 0.0032539277683940604 4.689143515784083
365 0.9420101087972985 0.30817746617892006 0.0032151176879240406 4.690013400920429
370 0.946420819761548 0.28341995724257707 0.00014698827253400992 4.689603309007696
375 0.9415227757264802 0.30918686414367524 0.008959001233425523 4.69001432967484
380 0.9353313882628951 0.3535631316791461 0.008231408644010951 4.688940485440676
385 0.9411726387258681 0.31220467406508323 3.337153928173464e-05 4.688929186787988
390 0.9426648790112526 0.3050426689230141 0.000379035083050816 4.688404584968745
395 0.942990816474935 0.2995559118597191 0.004481407659989056 4.688446416997921
400 0.9398445213438593 0.3200281714604136 0.007228549792394734 4.688827458593643
405 0.9419739051522491 0.31469516789033936 0.002709098720407699 4.688925401643864
410 0.9409540585636218 0.31519448986565646 0.008726154198337666 4.688640428914663
415 0.9443362907160637 0.29192122697390044 0.0016447081798793839 4.688364445145515
420 0.9418848121578767 0.3075153248411695 0.004498747253638857 4.689209182814611
425 0.9414821677803701 0.3130558899685676 0.0006084044518188669 4.688529819479485
430 0.9412417858287281 0.30988012841373536 0.008526256241969232 4.6884985814236675
435 0.9415871986788803 0.31188552747640763 0.0029335692265775037 4.6891070108573825
440 0.9389269838721244 0.3247529206245918 0.011552465284957236 4.687827054500574
445 0.9374615740372227 0.3403096263988008 0.004513508024263091 4.688541282953004
450 0.9424998493540931 0.3089504684205613 0.0032068147782848833 4.6884512811979
455 0.9424402946129772 0.30993818864998435 0.0019454893090531389 4.687035217499752
460 0.942777651513234 0.30525842668796965 0.001225055729533464 4.68840985099019
465 0.9410826184228587 0.3160184115872413 0.0014273832894839966 4.688169045012668
470 0.9415875155095408 0.3157399430900032 0.00034259258822144645 4.68778183738725
475 0.9433150670549696 0.29960278780707217 0.0002487952176735142 4.688286671461426
480 0.9442354828090476 0.29495423172192314 0.0013517628132757586 4.687586893574638
485 0.9414089236338845 0.3128157169784389 0.007754114634255238 4.687863803986032
490 0.9409693274099817 0.3156324024748782 0.0037924292712652186 4.687603379390563
495 0.9395724952083941 0.3257096646929334 0.005137253095769845 4.688087889029794
500 0.9451922953998337 0.288676107349362 0.003107160051385227 4.687359152580961
505 0.9406681700815902 0.3171384451918895 0.0015868861665331302 4.688705232985347
510 0.9369247694358882 0.33559227652408463 0.0037483245969516243 4.686720589340676
515 0.9431159032144824 0.298315698347853 0.011310204491319364 4.687482502159157
520 0.9442795647607598 0.29453015902620905 0.0008325787911835913 4.687347702020628
525 0.9420745352051949 0.30836173437974335 0.001977298079210321 4.687047265419619
530 0.9426869138774985 0.29969838713328567 0.004945961857375281 4.687552279984486
535 0.9385953433526557 0.3309714915488531 0.008575606965143256 4.687904500133236
540 0.9457792073265001 0.27999131807235145 0.0039202885998150805 4.687198450481096
545 0.9414759053241144 0.314578343129293 0.004128655376615109 4.687292028942986
550 0.9412929666903029 0.3116287142575356 0.008307419849874709 4.6865469355469145
555 0.9424628533967355 0.30337216515082943 0.005774373492523299 4.686557290087066
560 0.9396959410203239 0.32290494574397943 0.0033593327043768273 4.686697081748167
565 0.9371625742077625 0.34127663288313403 0.005474979988743467 4.6864340108770115
570 0.9419940197377843 0.3069788281537438 0.0022776449136481247 4.68765663768712
575 0.941307934248442 0.3135263736201557 0.004243074923831802 4.686887625353688
580 0.9434812278113527 0.29880691934854653 0.0018095136956173263 4.687179431553859
585 0.9400303236072887 0.3200965181426234 0.0016384005054685957 4.6863682867081415
590 0.9423609720158082 0.30570589309735396 0.0022607978110145144 4.686573326264013
595 0.9420206110145253 0.3101612589421894 0.00442510264548579 4.686663875453901
600 0.941657603248996 0.3103234937118087 0.007867306266143181 4.6870433297202325
605 0.9413377956614024 0.31206859027263345 0.004770043174788574 4.686433525223003
610 0.9430835000898745 0.30272417268932017 0.004963434774203801 4.686278986245013
615 0.9423131030051871 0.30945932764044937 0.004069053198725303 4.686697393653641
620 0.940145796934819 0.31947619009707484 0.0029921502499867803 4.686404376202319
625 0.9413962025389141 0.30877164681085745 0.008436553030853 4.686159593415578
630 0.9411935487574374 0.31506231654256744 0.0054532856049154255 4.686263865161967
635 0.9404000111957078 0.3182418871583872 0.00448832550337297 4.6861277579391425
640 0.9430040373012285 0.3034518505929551 0.002846118742391379 4.685663064162652
645 0.9386691938895895 0.3311440072550118 0.007049486745850597 4.686108405173121
650 0.9399175894624741 0.3250593232884702 0.0058019811475258365 4.685731678792847
655 0.9413693103168994 0.31330176447271985 0.003998821010029241 4.6860911539898895
660 0.9436970971205823 0.2942230832776964 0.0020704021575845832 4.685340229850705
665 0.9423659824856111 0.30562583709228974 0.005087496566606342 4.6863940489575695
670 0.9424888256116799 0.3068682509759464 0.001482305336633516 4.68677605409132
675 0.9403368297799606 0.3175672951967643 0.006507772211001406 4.686491906343102
680 0.9399776809984596 0.32508066585552076 0.004682386103799674 4.686059041771505
685 0.9393625028219634 0.32849363804593423 0.0029808310977661456 4.685673029607987
690 0.9392857620475292 0.3261396445211444 0.00526870037501026 4.686021789085215
695 0.9442806234210397 0.29235972428400725 0.004114540005526246 4.686394296999886
700 0.9376552093252838 0.3439410031309089 0.001988648674677851 4.68474993583571
705 0.9407199969524854 0.31875494338040156 0.004680497200765021 4.685379882232652
710 0.9410973137934167 0.31286190439116 0.0025921922486222826 4.685022844053067
715 0.9421500276720114 0.30524252235332217 0.0036429447227745992 4.6855200896759905
720 0.9445025489006615 0.29280461782172473 0.007231450897950298 4.685066743060673
725 0.9414792046449647 0.3137253157474529 0.00016977733261991368 4.685813769627603
730 0.9401333775303298 0.32115875274641237 0.0037313758902810523 4.685413661821149
735 0.941549015732593 0.3098128807097966 0.0017915421589491665 4.685625979453742
740 0.9404109973382262 0.32256961466064915 0.0013027630294231152 4.685573011971472
745 0.9452800965933346 0.28751730155070376 0.0010250927646384689 4.685863203450412
750 0.9374016969522458 0.33821255578309106 0.003980170118745852 4.684893226585748
755 0.9415474344226377 0.3081532180349704 0.004219963992156295 4.685158533925256
760 0.9432336932374439 0.3022730169119381 5.883324096278564e-05 4.6854825661746835
765 0.9420666012618308 0.3089146979164257 0.003238357574496087 4.685708040420093
770 0.9435086367074936 0.3002982728494574 0.0017781456968770648 4.685435805318688
775 0.9411946053051385 0.3102560166538826 0.0011950405102421069 4.685444450355662
780 0.9393445911988081 0.32613818563926333 0.0071391543603476215 4.68490315041366
785 0.9442660780877621 0.2958921270499406 0.0060650804083057785 4.686121567375341
790 0.9402265463636494 0.3257013634927324 0.007918782693614013 4.684629965290579
795 0.9423965977381927 0.3066180697057552 0.00462550951128593 4.685752847423401
800 0.9417828752327747 0.31223552289459633 0.0006233451213386587 4.685781980055273
805 0.9394094273568085 0.325187216144708 0.01020343493638265 4.684796921189221
810 0.9432047352287005 0.3038934386254297 0.0036639147581736253 4.684885317192696
815 0.9423100906425566 0.3063065113057828 0.005703413686691139 4.685565012985373
820 0.9414871211078744 0.3099888395572634 0.009684090620357022 4.684690594324523
825 0.9424012564088494 0.3080142734261342 0.005379121009898125 4.685178658806436
830 0.9433787630303615 0.2985865803066243 0.000989931108339892 4.684920236945957
835 0.9409458214365962 0.3186177908947183 0.0034014780490496666 4.685031933707934
840 0.941340916675758 0.3157491215682482 0.002391538329713949 4.6849495135792845
845 0.9444673445892335 0.29658479771951196 0.00023653898365139092 4.6843759538964
850 0.9428669277572697 0.30047998165505074 0.005683098365012684 4.68476953868887
855 0.9427969891329444 0.3005165907400018 0.005973023523510479 4.684758386321246
860 0.9390947671403 0.326399634025643 0.0036266382061636016 4.684316082636658
865 0.9403288979278446 0.31699720884318605 0.006817888440073139 4.684907730872906
870 0.9395894731479957 0.3233108154596289 0.010916051862511988 4.6847935447492395
875 0.9451014043263493 0.2887471931045287 0.007372796696000439 4.684631558317906
880 0.9442668081844083 0.2936168318021073 0.0037140942540212496 4.684767162437082
885 0.9440290801666221 0.29363304930475476 0.00675959202475207 4.684948810173566
890 0.9413382502613714 0.3123843907564643 0.00330373280687124 4.684844786915489
895 0.9420110384148312 0.31079862013921034 0.0021861356862196146 4.68422029286832
900 0.9446101022416138 0.29066310547943885 0.001947904873981221 4.684284705753191
905 0.9444929544991358 0.2930399478827663 0.0019864742947004466 4.685039482365027
910 0.9401568460473908 0.3273078326555954 0.009977716235124667 4.683517544685988
915 0.9423966084711413 0.30524971414777813 0.009727200454455742 4.684599955320578
920 0.9409660244020684 0.3164457510956131 0.003303110188262348 4.684353553856398
925 0.9399922187242604 0.32456875665229656 0.008466778892140647 4.684760114388697
930 0.9403614753114096 0.31945039412837506 0.0027145741201204387 4.684636883335389
935 0.9435084639519533 0.30072080833123316 0.0008075463792849291 4.683724605293584
940 0.940753824019871 0.32031120343689334 0.005679191357612412 4.6841353108888155
945 0.9439025094309224 0.29837673740049997 0.0009238669544195943 4.6850429997710155
950 0.9432331917651497 0.30081855600981466 0.0029542329561516034 4.684249455426129
955 0.9391748514196918 0.32800736017633536 0.01193367939195844 4.684921278133856
960 0.9469355574199939 0.27998570429266323 0.008530856380879026 4.684586976958031
965 0.9388389773967748 0.3285582883757101 0.0015858248691582588 4.684313935307073
970 0.9405040435408283 0.31631722574057886 0.007039589907549715 4.683970529419636
975 0.9418712864434067 0.31376131420533415 0.0032361994428731222 4.684768610031819
980 0.9407842659344507 0.3182842679330671 0.006128893190975759 4.68408407053375
985 0.940729077213958 0.31501653266674357 0.009985997194965623 4.6845924413585
990 0.9427651697244133 0.3031939679982161 0.0009879414911071471 4.684313683418569
995 0.9404104144416968 0.3170335709166645 0.013171929571629493 4.684294616536799
1000 0.9413240327620842 0.3108758744032736 0.002344171298435338 4.684327390583195
