0 0.5905486373342979 1.1159407144164577 0.36899128528673697 0
5 0.814890308383855 0.49536201671763624 0.02463161563030236 2.2647530244276903
10 0.953903447319524 0.10600772276225578 0.005260991019974792 1.7599728228312634
15 0.9680309093199313 0.08894699340531753 0.027677998322440667 1.6921512265516025
20 0.9699410420254504 0.0900575751868038 0.012702164728493948 1.6862298034655012
25 0.970788464646283 0.09028178557344813 0.026624537722460317 1.6843829691346386
30 0.9714868128205509 0.0891740181077938 0.024268932472419458 1.6828631264174525
35 0.9717883952964532 0.08866637965517254 0.027245849666042155 1.6818052374392771
40 0.9716303109776268 0.08838932127026466 0.016483664660910557 1.6810303501568717
45 0.9725124301026193 0.0863328292013319 0.021405757301585338 1.6801342002318043
50 0.9721000314269332 0.08237299836185419 0.035961053860311454 1.7120108420180375
55 0.9709209458575687 0.07730121960322278 0.025140890339643507 1.706819089305848
60 0.9703929413901065 0.07633062801449575 0.05146738840380882 1.7051387800938378
65 0.970474559414675 0.07471118260802512 0.028473494721094283 1.7041398100413738
70 0.9704714114723941 0.07430826144368918 0.040727174500234664 1.7031708719339802
75 0.9710533024565711 0.07267947228006721 0.046889925972890545 1.7023784200114076
80 0.9713513861787014 0.07167840743985243 0.01770215331389169 1.7014684516198748
85 0.9716714927400403 0.070715603116557 0.031502671521702164 1.7004373510468556
90 0.9720413901886304 0.06963570986583689 0.004552994999468263 1.699611861434183
95 0.9714397968470951 0.07113561500072985 0.05127888393982305 1.698441916032012
100 0.9723859940120325 0.06842662738051541 0.002568883609063377 1.6975294501405949
105 0.9730491455213902 0.06654731987947504 0.02500288019353958 1.6964840436702358
110 0.9734958806402426 0.06578084438932397 0.037817258898644956 1.6954053853859128
115 0.9740108834787896 0.06404026261669737 0.0025930749777360873 1.6941239444253176
120 0.9744595339481414 0.06278267623331013 0.013977284455393146 1.692955453786864
125 0.9749408227431935 0.06161359494227581 0.04176947507314832 1.6914884740912703
130 0.9750810298573375 0.060978509676608006 0.05096710582489594 1.6902200131434406
135 0.9759936561655105 0.05912022005458972 0.07340737579962497 1.6884889138210752
140 0.9769444953250201 0.05640172182157044 0.011245587262235457 1.6867381137280049
145 0.9774561490530689 0.05472143399779261 0.027100904637544332 1.6850092219074984
150 0.9784466252261277 0.052786751892833994 0.0425517266623312 1.6829328758487607
155 0.9793676053403502 0.04993471133720728 0.008050353315498748 1.680675584935991
160 0.980330657908991 0.04736893925029628 0.015341758519574533 1.6784979857579594
165 0.9812861336461534 0.044830585113333044 0.02929310219212322 1.6757858565358732
170 0.9825128215250767 0.042199932912673876 0.022981737397695934 1.6729942901980694
175 0.9833938799892655 0.039327845532588945 0.005127257287301568 1.6700077859828883
180 0.9849781911142148 0.035877147559913114 0.007425431135376082 1.6670303815820873
185 0.9860976507045048 0.03332477163894998 0.015937206939907966 1.6639112281227313
190 0.9855158074744369 0.034053501532188335 0.014234178508817363 1.6611208685611052
195 0.9885206250913074 0.027678611044099855 0.013162888802761952 1.6577773224993553
200 0.9899418383890956 0.023165423671525964 0.01488472768723148 1.6551216049930106
205 0.9909904896120445 0.020521919150259027 0.0012551817074779592 1.6525441016938802
210 0.99112132815384 0.020297867227271338 0.01163044816470804 1.6503688566025965
215 0.9930197505238347 0.015907786140939795 0.015679740161791855 1.6482100858937598
220 0.9938370527554758 0.013854334822231973 0.02161615847422138 1.6465076346272634
225 0.9945273097991003 0.012461438937978242 0.0008921936613925929 1.6448055131652513
230 0.9951621778711677 0.010724029879464858 0.0037660327316135778 1.6436780536845346
235 0.9949394609938491 0.011560167151943856 0.000782290267900887 1.6424890076929153
240 0.9960157470672956 0.009263166702855319 0.008755196581267999 1.6411947155374782
245 0.9959638651520191 0.009200512769597102 0.008995005732930217 1.6409684676152825
250 0.9955314301558482 0.010892375134129217 0.007022362105588265 1.6402854471255233
255 0.9968081758380329 0.007135075932703572 0.0010654661513451735 1.6393508511519348
260 0.996983299212576 0.006773015386209558 0.0057753555610633445 1.6392811937153542
265 0.9964321562551376 0.00895233191272804 0.004131803779032106 1.6380348350993337
270 0.9977164715839384 0.004946626166588697 0.0007914680277174568 1.6384416029167974
275 0.9978213878763482 0.004736985172451469 0.003165898328568728 1.638172261860019
280 0.9975462552844837 0.006350794088240352 0.004578324310005044 1.637918678314319
285 0.9979681559867899 0.004551563215278831 0.0005178981334923449 1.6375493137788524
290 0.998286986059845 0.003849763682366225 0.005014622963053217 1.6375366622800283
295 0.9982469013927222 0.003915962250230276 0.00022988679464353012 1.6371206723122032
300 0.9977123410984723 0.006578225001754534 0.00403000223213601 1.6367233224353752
305 0.9985491992561835 0.0031680260107913583 0.0011321320957977665 1.6369594177025015
310 0.9981402342786034 0.004679742423885136 0.005513643056592077 1.6369946299335925
315 0.9986090463546067 0.0031532811145629225 7.93631711228926e-05 1.6369197166308949
320 0.9985676143493332 0.0033143084443172377 0.0009169015884871179 1.6362917915115467
325 0.9981535372675682 0.004891724989055879 0.0024280985811202527 1.6369830050195484
330 0.9987210100380013 0.0028626937560525256 0.004287037567170415 1.6366385753405546
335 0.9976912875463053 0.006657607450845315 0.0008496727207893962 1.6365722922936456
340 0.9965349632531268 0.011003222719168093 0.01948321979075085 1.6361712010413791
345 0.9984295979501907 0.004484135403134193 0.0031477828002006714 1.6358524979333922
350 0.9982178895167351 0.004946761226134688 0.004674560203297817 1.635566576902826
355 0.9981877044399676 0.005125879773808517 0.017489008770047665 1.6360067310700155
360 0.9983050456103679 0.004769510373584973 0.006763173281562507 1.6361500956166564
365 0.9991128731084167 0.0019190786684362138 0.0028081627915090834 1.6359918826340654
370 0.9983808826274247 0.004571556167629831 0.006268483015638537 1.635921947714955
375 0.9985964273626036 0.0038181388269982186 0.004643851324615422 1.6361687257657003
380 0.9973871371058466 0.008951737793613246 0.002390575564616526 1.6356666250286842
385 0.9985122516110146 0.00455867661147491 0.0006505535948027052 1.6359336689063295
390 0.9981340907618663 0.005661023379576191 0.00040726242194288886 1.6358173598074754
395 0.9992214902741102 0.0017073583681035398 0.0010042935207708048 1.6357906694313393
400 0.9991567417843812 0.0020852459488789332 0.0017356667587136165 1.635156550795358
405 0.9988382611474516 0.003160514796053837 0.0018863352186020421 1.6354890101437605
410 0.9992003226341452 0.0019205376784598993 0.0011289914985381788 1.6355575676885261
415 0.9992012965424111 0.00184434313578552 0.0008430429209584922 1.6349863634714012
420 0.9991799335531095 0.0021066941617700063 0.0023382800487834476 1.6356257417432152
425 0.9993215901402301 0.0015085136671981747 0.0002640454156488392 1.6351733805095363
430 0.9989998576749178 0.0026789835222404967 0.0007112975380318964 1.6349734883051361
435 0.999294223930798 0.0016531440073055403 0.0007764520759510063 1.6350673119570986
440 0.9986883179141084 0.003895560392611408 0.004591564552156591 1.635227985686481
445 0.9983738573808945 0.005410181702589112 0.006115613736020764 1.6348364512746507
450 0.999019913177739 0.0026691566219370078 0.002160273395219736 1.6348789192544209
455 0.9993261059497454 0.0015420085964035213 0.006838996296093525 1.6351827772791137
460 0.9993510058685456 0.0015581589793065564 0.0018966936196520567 1.634807710179752
465 0.9994034442069145 0.0013398267149011822 0.002332069802190029 1.6354672237381918
470 0.9992580191899687 0.0019798317449333247 0.004377889815606606 1.6347527864988458
475 0.9986120471969948 0.004579140020115613 0.0027198043878202682 1.6349725674660005
480 0.9993150047043133 0.001785817278346924 0.0012078450496453286 1.6344524175117636
485 0.9990287442464676 0.002775192260853654 0.0019582597092842047 1.6348444113911065
490 0.9991292564545117 0.002397855159704143 0.00042570591252499845 1.6346603251642478
495 0.9992736138966298 0.0018810509240765327 0.00015552062612966822 1.634787015909202
500 0.9994106918092044 0.0014126206357547577 0.0023744430506138503 1.634636889436053
505 0.9993965983573152 0.0014273494628456174 0.001344839123788688 1.6342975393966563
510 0.9994675904285713 0.0012104499472485042 0.0022469402706861707 1.6345379992373699
515 0.9986592724982534 0.004443007007315591 0.00703405273303237 1.635197625634513
520 0.9978431601437903 0.0073650806272547165 0.003656222292856004 1.6344393860105269
525 0.998963407383922 0.0033419172878674797 0.004389443582717201 1.6342793208225674
530 0.9980574830212434 0.0068881375814295875 0.009500792654993928 1.6347347187796246
535 0.9990610180846551 0.0027752208490081642 0.019766807738978764 1.6343955008990787
540 0.9994749545824176 0.0012877563705493422 0.0007908685661368597 1.6344491287932927
545 0.9995052300144704 0.001124185334495209 0.00038308105907636225 1.6349818766936928
550 0.9994909146616264 0.001244848455730141 0.00371904360301345 1.634435301256278
555 0.9993750271172528 0.0016348457057764332 0.00290049508015211 1.6347213781687828
560 0.9994933813368636 0.001213755179876319 1.4018234974155774e-05 1.6345732466925031
565 0.9980007219630688 0.007189249631834871 0.0030251532768947875 1.6341583512672089
570 0.999326298302035 0.0018239716368932957 0.002071013076201833 1.6340108692821322
575 0.9995382204399446 0.001074828570637898 0.0011700909755081312 1.6343281171270088
580 0.9986619668383273 0.004636907438370752 0.0005540142092597122 1.6338041743342975
585 0.9988880166146101 0.003524983046708785 0.00011878515597474326 1.6344449857235608
590 0.9992983826812042 0.001983936408434861 0.000351984931745708 1.6346272329708034
595 0.9993940579564404 0.0017090724297728066 9.28168547496e-05 1.634263201482297
600 0.9993240654754739 0.001990645390590906 0.0023654166700612933 1.6349230596588882
605 0.9995600370183576 0.0010475243383440969 0.0013569662398538185 1.6341049347590586
610 0.9994540312822892 0.0014860268289040857 0.001434037106170738 1.6346044689454866
615 0.999576406690537 0.0010000788259258986 0.0028896452805766693 1.6343364108807512
620 0.9995718185637436 0.0010179547381301557 0.0006011156362166759 1.6341175890070472
625 0.9994886249752628 0.0013802748466538173 0.0003095354195550293 1.6341511890440015
630 0.9992217775786938 0.0023240228232910276 0.000813049546372735 1.6340325524314467
635 0.9993642186077543 0.0018931626805245294 0.010764798308951384 1.63417790286628
640 0.9995612405465271 0.0010765165876229776 0.0014328794974758363 1.6342490765794262
645 0.9996192983561185 0.00085864496264354 0.00011144027237275367 1.6341059534543276
650 0.9989076114955606 0.0037426617072333634 0.01329999343711119 1.633889580780074
655 0.999245433792276 0.00237729709364376 0.004944601964925077 1.6343468591233983
660 0.9964446436160386 0.013133667427531748 0.0028203784044851243 1.6339770018244328
665 0.9996079457211585 0.0009075214994651581 6.353152985139054e-05 1.6340915482091212
670 0.9995363715184988 0.0012532589274840689 0.004389603805540876 1.63440997531063
675 0.9995839801824196 0.0010310606078973716 0.0011770496500336236 1.6345666082736334
680 0.999302206598814 0.0021427299914784648 0.008484743521020688 1.6342095036453481
685 0.9993209994129166 0.002130079061671175 0.0005695787862316504 1.6343682868530245
690 0.9991209109845368 0.0029393035976725823 0.0014105614087012164 1.6343258632352338
695 0.9996225546893553 0.0008808117547975947 0.0004922489547298792 1.6343144371273357
700 0.9988401281606561 0.004037561778641452 0.003617513617193646 1.6341593114206363
705 0.9996225507617718 0.0009272279149117324 0.000753364051497174 1.6337196352325254
710 0.9989634837952335 0.00358071479429789 0.0017136457991548948 1.6337813584443774
715 0.9996594221496665 0.0007700145958668969 0.0020752084307378293 1.6340182229832123
720 0.9996051359205191 0.000990497375338295 0.0016907812009077094 1.6338828933820024
725 0.9989702748380092 0.003562365711283322 0.004391416073375121 1.6337075916967925
730 0.9996503791881537 0.0008012773977013055 0.0006273375216721 1.6342616745473146
735 0.9995619233440869 0.001169831295142032 0.0007083579953264252 1.6344094203863995
740 0.9996139519120465 0.0009940907171037683 0.0003197078220327221 1.6341261738338482
745 0.9990547925840682 0.0031009289756107616 0.0013273440578818185 1.633829947732707
750 0.9982370012760065 0.006494209892532021 0.011848277240923188 1.6340953267618021
755 0.9991271379912802 0.002845013127393825 0.004307678328528741 1.6336264279272277
760 0.9996658714909793 0.0007809645446910096 0.0010053971555710195 1.6342124351611784
765 0.9995472243361201 0.0012946677957295094 0.0018886029375977387 1.634081818019884
770 0.9996782378093192 0.00073914180964052 0.000923613235491727 1.634079762472332
775 0.9994734432983716 0.0015210923687252187 0.0011872668485093385 1.6339700892860964
780 0.9990322596567384 0.0033837998712158424 0.004135606457054575 1.63406455444791
785 0.9992803034911779 0.002266272824735349 0.000632716173518233 1.6340288880772347
790 0.99838048735599 0.0059869447120146635 0.006595000670387208 1.6338746411762863
795 0.9996698727387463 0.0008014973866861119 0.002625036450737639 1.6340713923123875
800 0.9996734659534381 0.0007943688479756794 0.0006223827431401929 1.6336321848725326
805 0.9996639358813564 0.0008338809643015921 0.0008342902527047613 1.6339745441132374
810 0.9995985050061008 0.0010838318753270126 0.003337730327539923 1.633845999182023
815 0.999598907297968 0.00106346469221541 0.001029216754614648 1.6336016394756339
820 0.9992474404217546 0.0024073769456287586 0.0027566618149754696 1.6339997626976392
825 0.9988967092442391 0.003785926435539988 0.0012090403113607096 1.6334921244937304
830 0.9994839063943104 0.001529429217713929 0.0003971747208049159 1.6340661413766964
835 0.9994875014990908 0.0014954845381021098 0.001811477685124796 1.634119677244632
840 0.9992970101503887 0.002341381949045651 0.003680031729002664 1.6338053176028309
845 0.9996385429128933 0.0009760315443096967 0.0004468997841595712 1.6336573255099236
850 0.999579356515895 0.0012120084026654432 0.001404476629141227 1.6340617473326537
855 0.9990248892274534 0.0034162298616984277 0.00473587017067767 1.63390871549792
860 0.9993629665963601 0.001993073812382784 7.22358309441784e-05 1.6338114074175956
865 0.9996515813538692 0.0009318575717318645 0.0009300674347278992 1.6339879565514834
870 0.9996009948063854 0.0011421140880008007 0.0035069084834322695 1.6334274486583258
875 0.9995501892491105 0.0013474385401077704 0.0006600013436262042 1.6336609385697685
880 0.9996946112123863 0.0007384067632179026 0.0004397559930000572 1.6340232186300745
885 0.9994862363443693 0.0015926443436204973 0.002164555789637479 1.6336232261255956
890 0.9997317286461105 0.0006061741689753486 8.728163073001838e-05 1.6337343113911198
895 0.9996996949503394 0.0007460072837446319 0.0011720601027735977 1.6336455961901084
900 0.9996211255642603 0.0010733953412618291 0.0016903956291742794 1.6335634384170137
905 0.9989467236310934 0.003641815500803114 0.005320209210063931 1.6335795939918831
910 0.9997327775473913 0.0006159701569652398 0.00102991515546913 1.6335377789235894
915 0.9996646167715516 0.0008574453633549695 0.002635783536891534 1.6336953524665472
920 0.999580047332586 0.0011978875407858691 0.0025793428700544574 1.6338366933860784
925 0.9995054309763962 0.0015641740263274695 3.408945781546713e-05 1.63353115088828
930 0.9996464492080495 0.0009891916173316861 0.0005604686627684874 1.6339637673977243
935 0.997867543413401 0.007871173888597482 0.01729322819058865 1.6334142975659114
940 0.9996412163583616 0.0010014531449713537 0.0006116523560160125 1.6337138093246864
945 0.9997318654723808 0.0006435948060963259 0.0009762819288161584 1.633880271296966
950 0.9995281559144715 0.0014184816988374038 0.002704352241317043 1.6335126396469704
955 0.9994731250832656 0.0016240226827495263 0.0012324327989485795 1.633832938867829
960 0.9995729362256444 0.0012854951288905347 0.002895133416008111 1.6332432915807211
965 0.9994306118391924 0.001783614457234517 0.000674447913866727 1.6334619662052656
970 0.9996732488614387 0.0008887242082036284 0.0015448818504579798 1.633474391041126
975 0.999666495664341 0.0008936697282555528 0.0010444739957928828 1.6336059141601091
980 0.9993317601514087 0.0021828402534467273 0.0017288182657373419 1.633636346493476
985 0.9988895169867784 0.004063097233728996 0.005506578858347488 1.6335927930675336
990 0.999697894094705 0.0007813919845538475 8.964440014658237e-05 1.633770338202204
995 0.9996986841283765 0.0007977235064025034 9.479983242233203e-05 1.6336407475364836
1000 0.9995312438862747 0.0014717902287968432 0.0016538802989523038 1.6336822595450906
