0 0.5781145110409718 1.163459128837255 0.27987887564899294 0
5 0.8044022349106638 0.5351963968880291 0.11512794307537066 2.3036931732112413
10 0.9388166891781258 0.14086378295683355 0.005668735111189704 1.828024176375822
15 0.9675693273236318 0.08960904596005026 0.00529861105398699 1.6927190916398691
20 0.9705621963831519 0.08808852260121336 0.014510489241739144 1.685348724594911
25 0.9715926138803296 0.08818678579886163 0.01904220598937756 1.6830750451785637
30 0.9719070434340575 0.0875531512281773 0.019487852718124143 1.6816254220467652
35 0.9724825283263336 0.08631564421174387 0.030685993570447545 1.680572566664333
40 0.9728061139500487 0.08559467809587962 0.01573782271500246 1.679584578439638
45 0.9728305219092817 0.0852149297295206 0.020058679772633647 1.6788125675814825
50 0.9728422085567624 0.08038548145287172 0.055043310246390975 1.7105630415371946
55 0.9713568427287019 0.07606036648784253 0.04146097058011744 1.7052225648832549
60 0.9709201484281722 0.07461954234484836 0.04113333165398414 1.7037193340322876
65 0.9711641093784315 0.07297769654879738 0.037370804210972164 1.7025787263516328
70 0.9701818803298973 0.07550242311227162 0.03564403638730207 1.7016349167867748
75 0.9713868170443978 0.07197574831516795 0.025869794201861973 1.7007657178176785
80 0.9720207431591295 0.06991824032770078 0.03789872223561641 1.6997192693312129
85 0.9723478255328798 0.06886620714216551 0.0282662552529509 1.6986561090328258
90 0.9727613819606588 0.06775777585941722 0.02975478237463869 1.6977078450078797
95 0.9731377729365268 0.06671959955684192 0.045511369791286116 1.6966070924693468
100 0.9735985193524261 0.06537471922083449 0.048548807481312295 1.6954189521724354
105 0.9740131617421249 0.06426034837514849 0.04349858663421724 1.6941682867770882
110 0.9745622433691528 0.06266966956462539 0.018427781507324603 1.692856885230979
115 0.9751171496091233 0.061169173444365565 0.029510501668321254 1.6914389160254168
120 0.9749929383104228 0.06137436651812411 0.029321569933520086 1.6897721337351763
125 0.9762931327786495 0.05794849861296436 0.009780051766838938 1.688382498775543
130 0.9769090839634011 0.05624728971908044 0.05079828911721207 1.6863007678290765
135 0.97789721501751 0.05401130093362827 0.0193611522063879 1.684425230441239
140 0.9787437775653591 0.05159382049748196 0.04184858792973323 1.6821642895329092
145 0.9791758017100638 0.05011584765112054 0.03276854566818965 1.679817459137144
150 0.9805335724334638 0.04668337063912209 0.0156352376967277 1.67726776003584
155 0.9814194849329614 0.04435929792037063 0.03831775582464303 1.6744216341794884
160 0.9829933542235834 0.040348505819404856 0.025554816140144654 1.6713808888552615
165 0.9843480388137461 0.03718285112456288 0.03155251051500829 1.6679794280175488
170 0.9857161903067873 0.03370869525050213 0.005607282761633137 1.6650660315698116
175 0.987143957896873 0.02997670240633621 0.027772168992607593 1.6616306228831612
180 0.9885114885874727 0.026504409846651145 0.010919937488945042 1.6583543861757577
185 0.9897756497055239 0.02327454049568911 0.01716273516478828 1.6553605744833464
190 0.9904944214311606 0.021644587987926567 0.013848263352699064 1.6521739879381
195 0.9920686505333832 0.017772338478685645 0.005597274585913192 1.649524139402379
200 0.9931539503029574 0.015283307063598928 0.002793907791392325 1.6474260138144416
205 0.9941082586972774 0.013103520489004206 0.0009235048403279933 1.6453311337394438
210 0.9946267555021773 0.012268510032908297 0.009940782220552613 1.6438243155787462
215 0.9955340285192389 0.00977368909887355 0.0061929318989943916 1.6424951044437948
220 0.9958352179135311 0.00961715975399402 0.015509536580378125 1.641466809396154
225 0.9964460042934837 0.0076408829353566965 0.00258463702958589 1.6404276240915616
230 0.9968943453549073 0.00664106307296608 0.009074019123392896 1.639534616409313
235 0.9968615611769909 0.007411621873151031 0.005403186181218267 1.638710953211749
240 0.9974760612972218 0.005408844149802583 0.001430313892825552 1.638266003308306
245 0.9976835593663474 0.00498661579837778 0.006074356619039989 1.6381940880735812
250 0.997577032326959 0.005873042766755265 0.001043492411632263 1.6375001922754677
255 0.9980600702267906 0.004128001204349863 0.0028594981036080824 1.6370508217213942
260 0.9981983241535675 0.003939072203933636 0.00020571095534926975 1.6367352447943853
265 0.998313866193334 0.0036650468226029354 7.530176880021777e-05 1.6368990473013778
270 0.9978742420593498 0.005641730966175151 0.0013697748862064874 1.6368187967897174
275 0.9982997565734679 0.003944178974870205 0.005958850551713413 1.636512269001247
280 0.9977577279784271 0.006399612469418781 0.0023002023456284437 1.6363001023349917
285 0.9985679844807226 0.0034129124162125546 0.008192458020517046 1.6362164069573433
290 0.9987952702467366 0.0026104153291270915 0.005822596848112704 1.6357223131191858
295 0.9983145942515634 0.004610424715861372 0.0006310930535775583 1.6360717348598335
300 0.9987541801113036 0.0028694163152935825 0.0013147332934868583 1.6359443215613139
305 0.9989546530319415 0.002240571816840786 0.0009374731107134604 1.6355780747673743
310 0.9987921325193554 0.0028794813930983487 0.000589433388952898 1.6353728619925934
315 0.9989968794850341 0.0022618076357325823 0.0018057917255740463 1.6354172995632084
320 0.9975584942588381 0.007973272610522608 0.0016766229375100306 1.6350432950626248
325 0.9988800157228719 0.0027260517795613115 0.0018266488260534341 1.635138416678896
330 0.9989568939143596 0.002521258446686492 0.001298972808487342 1.635475860594745
335 0.9986978206649151 0.003504844291068787 0.0008162198953787225 1.6354168778855058
340 0.9991907684413409 0.001758901842827676 0.0030438556056668897 1.635484014727175
345 0.9992093498189153 0.0017585882063864133 0.0006820389104922331 1.6354475689716081
350 0.9992397861453005 0.0016557371423560063 0.0010981955677500377 1.634981032849113
355 0.9986099338000571 0.0042043226098527064 0.0019014930552487819 1.6349518900285929
360 0.9991717083024082 0.0020064406904705123 0.001381565490766068 1.634967632355124
365 0.9978801269214357 0.0071760545542247645 0.002782030148356096 1.6345817477088942
370 0.9992157894886837 0.0019099301867115948 0.0010752943780354407 1.6346530117565996
375 0.9975246736938156 0.00822643233501874 0.0018896672619759247 1.634957705371325
380 0.9986791130909225 0.003909063797529866 0.0062858050416705336 1.6351512645818096
385 0.998661217429756 0.003995344729535111 0.00457741507648568 1.6350139082666795
390 0.9989845866562105 0.0029717954506367494 0.005357375035580869 1.634918578649585
395 0.9987352487891308 0.0037753104356346157 0.00755886179524401 1.6348362030572892
400 0.9993946352824298 0.0013480062935564696 0.001438782804268568 1.6345242671509488
405 0.999148382367942 0.0023722908281638144 0.002909918100069131 1.6347557500382603
410 0.9993931440889328 0.0014009024069299159 0.00022741623137467748 1.6347066610362213
415 0.9993210666145924 0.0016521205560742214 0.0001357968307402757 1.6347065841695152
420 0.999420993716474 0.0013289648021492795 0.00017242915821436 1.6349345429598592
425 0.9993701425718979 0.0015152536606870548 0.001861814210228907 1.6341327727830377
430 0.9993807988828652 0.0015555606497033025 0.004014117714800758 1.6345902134106347
435 0.999414127493529 0.0014141584334645962 0.004635266101581159 1.634938773268788
440 0.9991618484845679 0.00231584027645515 0.0007917372509809173 1.6349616859175378
445 0.9992341587938085 0.0021842242244973775 0.0022607101812541774 1.634704842546916
450 0.9994794282120301 0.0011723534640126765 0.0004229715914962906 1.6341523274687928
455 0.9995020226446868 0.0011009951138005736 0.0029599085258267266 1.6344297889794546
460 0.9994242244511711 0.0014495783510968252 0.0012897942534975115 1.6346427770509413
465 0.9995192290136836 0.0010794099460105233 0.002482623995655686 1.6344762853566612
470 0.9993799123501199 0.0016706236137469244 0.0008893207304818684 1.6343086098047488
475 0.9990504998039353 0.0029973501492761567 0.006306532882919047 1.6344582283222064
480 0.9993596891499372 0.0017691781529922679 0.0005741098901603792 1.634157926788306
485 0.9985583329204109 0.004934954632304089 0.0018983048089196153 1.6343887546730989
490 0.9995498206740967 0.000993825654143965 0.001199088834178852 1.6342203418112633
495 0.9995268066457137 0.001089883667709568 0.0001573957216394195 1.6345401550386978
500 0.9987513449576404 0.004047539797338517 0.0033766117162632447 1.634244250944618
505 0.9995356468755108 0.0010985301991621732 0.0030697426235630765 1.633939478392337
510 0.9994260276570072 0.0014919105524244802 0.0022971904829498513 1.6347614795345802
515 0.9995232593249306 0.001123777206108123 0.0021803820706745025 1.6343223700173766
520 0.9995371278502575 0.0010953613572701748 0.00013147654017808819 1.6342260611157562
525 0.9993503414999516 0.001805771492369157 0.0009607543322731615 1.634357785723628
530 0.9994555508632936 0.001473201535545643 0.0028556709135900693 1.634214815184489
535 0.9994761231703644 0.0013824242461388803 0.0032579293229293427 1.6343772612116831
540 0.9972481764086495 0.009938713940570887 0.0007011448708125201 1.6341759589210831
545 0.9995741739289723 0.001013432118385893 0.0005267441200595968 1.6340841346468022
550 0.9991118020224602 0.002752561412769694 0.004742715525106522 1.6344713248263236
555 0.9995792637701315 0.0009714774991185227 0.001838774585220193 1.6344479539843848
560 0.9995596918871701 0.001065005757948434 0.0006478275489172347 1.6341032160415796
565 0.9995699818402657 0.001046422209053599 0.0021107884834621338 1.6335180608085051
570 0.9992967233106318 0.0021470231224525183 0.0010511006641287235 1.6339332072784218
575 0.9994516685693151 0.0014848593329415127 0.0019955359310626086 1.633832790476664
580 0.99956936142377 0.0010989615768477456 0.0001762679786525556 1.6338790290371614
585 0.9996114238734096 0.0009145457779744515 0.0016619049807300446 1.6343141919499582
590 0.9984766876360813 0.005497738859589152 0.001478301004060656 1.633705957413304
595 0.9993395595075971 0.0019387885695325568 0.006886141601580187 1.6339516147280522
600 0.9996183350110164 0.0008908837011545323 0.0008798949547976775 1.6344424614105428
605 0.9996044243763952 0.0009387208769524591 0.0013602516482675853 1.633951943734763
610 0.9994872145536584 0.0013823825808496615 0.0020833740242411913 1.6341865668060824
615 0.9992610416895995 0.002351446855938466 0.0015273289507753418 1.6338871652193392
620 0.9996428202045698 0.0008059308459740233 0.0008926412206913259 1.6339044563009082
625 0.9995377699826592 0.0012600543323912916 0.002721244984882132 1.6338373110610809
630 0.9989614148689518 0.003572516115395663 0.004766555367115455 1.6339321654470678
635 0.9991654302273594 0.0027595334989609643 0.0005532655619493454 1.6337781649528722
640 0.9990835006656738 0.003102385837454591 0.00726025300639499 1.634212141008512
645 0.9996176206300498 0.0009612066818660558 0.0017923638835839473 1.6340323763536113
650 0.9993549344463429 0.0019297746424318252 0.0020999332796816095 1.6342173995571252
655 0.9996326817788179 0.0008945536395166265 0.0002417428912262487 1.633641516267755
660 0.9995402230710948 0.0012318663041321898 0.001023061565268879 1.6343761043514373
665 0.999662100213873 0.0007866696629479364 0.0010096091796096829 1.634024503334271
670 0.9995178938944679 0.0013345937027029464 0.0014791267128511087 1.6334836208450632
675 0.9996056756458234 0.0009945004183506967 0.00015101863568767193 1.6339634723499288
680 0.9996495996312043 0.0008616940698735753 0.0006362006856637237 1.633854732817981
685 0.9996269459855194 0.0009170232320478977 0.0011401997176674339 1.6339084222446223
690 0.9995659773824335 0.0011635353705894413 0.00010968827751201005 1.6339807743756491
695 0.9996745788709089 0.0007550343171232043 0.005681701638356795 1.634203254827234
700 0.9995946576113344 0.001091994388676909 0.0015640730337063147 1.6338194318044845
705 0.9995528184907332 0.001252767300613744 0.0003518694647648424 1.6339373186132906
710 0.9992916030930452 0.0023137560948296443 0.005842186296905583 1.6342131673979179
715 0.9994986792373699 0.0015005410187072243 0.0009188398878960946 1.6336922977503474
720 0.9996010176292229 0.001043053229419888 0.002619307337151433 1.6338950284477347
725 0.9994294261991139 0.001792828742672059 0.0049553207048300685 1.6339381036460716
730 0.9996387979536865 0.0009148136755547931 0.0019831771742138127 1.6338853288437198
735 0.9994459478390985 0.0017246981121068483 0.0026189886457763656 1.6340096921247165
740 0.9990180214293596 0.00343423164878498 0.007737120784719442 1.633739236504329
745 0.9996054426775474 0.0010536009102604105 0.0012224507398486129 1.6334930267069006
750 0.9993972278515733 0.0019367403130101657 0.0016720508117826771 1.6338301959054307
755 0.9994021420034803 0.0019215905565594937 0.0012203291166281716 1.6336161504730708
760 0.9996857860314846 0.0007605361075053718 0.0018726891609728291 1.6338036189485008
765 0.9996612517746717 0.0008479069429876418 0.0024254212655097085 1.6339410187807741
770 0.9992845099607153 0.0022983980728688014 0.002808565099667204 1.6339028825625184
775 0.9991781111831942 0.002715773864795601 0.0028433474877607168 1.6340234252358925
780 0.9990299808212306 0.0034121758139644687 0.003695699875442271 1.633309115073393
785 0.9996529508950446 0.0008799379508079852 1.744778066825603e-05 1.6336077704619196
790 0.9994960348604317 0.0015684937009849964 8.38612110809489e-05 1.634106215686535
795 0.9990960693030477 0.0030494613939731074 0.0016258369873658474 1.6335549857852478
800 0.9996844783242134 0.000774635539389168 0.0005264826646380616 1.6334608436379008
805 0.9997274861936352 0.0006154531472173375 0.00045067725559144733 1.6336905180571157
810 0.9993519455958061 0.0021700475229387006 0.0028226002098428182 1.6333909060757272
815 0.99917714363599 0.0027542019832142994 0.004120215128593507 1.633462072569152
820 0.9996776085016383 0.0008375377482083834 0.0019646389442182777 1.6339096012684535
825 0.999531934590699 0.0013830653593216446 0.002802184942055641 1.6334962435601925
830 0.9991588490249559 0.002944075483560349 0.003620843473596036 1.6334544311964725
835 0.9996710069761512 0.0008817616261522776 0.0029348385346001926 1.6335793043565672
840 0.9995332978352736 0.001423022478697522 0.0024246336083426634 1.6337184817881973
845 0.9994793901329038 0.0015823978751707823 0.006109396882734375 1.6340101605374127
850 0.9996966562157564 0.0007763310128332535 0.0004995772040583546 1.6333706341487508
855 0.9994847436905244 0.0015713738131750699 0.00800392273750239 1.6335359114607135
860 0.9997468452621182 0.000568200031388244 0.0002080847381298323 1.6334835381458417
865 0.999472469522906 0.0016192530085723522 0.003262257076701802 1.63362466346333
870 0.9997322041134014 0.0006358632442258205 0.0006774622611931402 1.63383687296786
875 0.9987904993914525 0.0042888014489796955 0.0006103949911158146 1.6334982166851137
880 0.99854635125649 0.005383250138316642 0.0024914541895189046 1.6336163547794371
885 0.999610811534553 0.001090476768204507 0.001258745272101125 1.6333767470732108
890 0.9988296580881604 0.004144708857567014 0.0007573779536058645 1.6333159995260789
895 0.999529827376572 0.0014846099161560655 0.0005122671498463127 1.633267099113073
900 0.9995635636944915 0.0013361685997115291 0.006622572791579628 1.6337399069140763
905 0.9994248515966284 0.0018846577236071305 0.0007641880158235637 1.6336229567949803
910 0.9996817812770649 0.0008347817576306316 0.001548680434905636 1.6337357910982278
915 0.9997432268805521 0.0006028390547578866 0.0014247708588350783 1.6335907606235895
920 0.9994322863146599 0.0018137951865908608 0.004371417709236658 1.6332850473817206
925 0.9995335179747435 0.0014735393406846153 0.0026230121925652217 1.6333499644683238
930 0.9991484338335085 0.0029155369846669554 0.0017839447485556992 1.6334901115686185
935 0.999377532042219 0.002024870717471039 0.005264000511090661 1.6335416689814206
940 0.9983588758372995 0.006178725637637106 0.005604167702548679 1.6333905510477826
945 0.9996942959189579 0.0008331196747972669 0.0003546839272654534 1.633315633455663
950 0.9997157286575841 0.0007232164172588096 0.0023488323955869195 1.6334480394000268
955 0.9994733681958744 0.0017246143016202975 8.505853728446588e-05 1.6329045688146946
960 0.9996355309290286 0.001074846282355324 0.0006645633044519705 1.6333440641715993
965 0.9981915946987594 0.006866089846199408 0.006009916089287248 1.6332070938440268
970 0.9993123259318307 0.002294495481572456 0.0016905016614519042 1.6335679346719223
975 0.9987130088747527 0.004647079212393157 0.009200320741186374 1.6329808725449235
980 0.9971960057747903 0.010589222742557691 0.008446321110980648 1.6333660870589464
985 0.9997393671508498 0.0006586269454702531 0.00045531472277637874 1.6333986828744025
990 0.9997127818561244 0.0007481437263801016 0.0014109370551653733 1.633512854685087
995 0.9995438312818811 0.0014593327461807082 0.0023032651239229818 1.6337178319503467
1000 0.9994612945928967 0.001783935542014392 0.0026149453869381833 1.6334302997195513
