0 0.49490347796548334 1.5464721031598079 0.36494003872111236 0
5 0.961302440848532 0.09083106100127303 0.026878704135123943 2.7404035673385128
10 0.9901505643378052 0.023380639238705037 0.009727425864089811 2.663082616996119
15 0.9922029308525726 0.020582639697935612 0.007459534757814579 2.652840853776466
20 0.9951264512845365 0.016826695434462025 0.002842223800901156 2.6503658668913563
25 0.99772007827776 0.005866227733918539 0.002634947461270132 2.6484972554666593
30 0.9969347637781052 0.00948922788637363 0.004551552728657038 2.6458949557958813
35 0.9986114873627445 0.004915517300170702 0.004662738807815758 2.6454540200061105
40 0.9957049746607723 0.015371567688782672 0.005603176575259772 2.6434736148510036
45 0.9983853021439808 0.005029465880327155 1.7856883056666106e-06 2.644789522624992
50 0.9859406806356898 0.06330583299312087 0.0031243468142791997 2.657553601874886
55 0.9846760767035244 0.07042904775014946 0.001885275738826353 2.645091105428896
60 0.984311177168371 0.07245511808772997 0.00013823646354382824 2.643678978080979
65 0.9838489802448285 0.07672685492766007 0.0038456193854548015 2.6439680768262197
70 0.9820027133991823 0.085939086561722 0.0009331738904361231 2.6442993142745608
75 0.9837082860826751 0.07626813642629093 0.00238430908827314 2.6433749862730145
80 0.9833618863003107 0.0783136437587264 0.003481366425720056 2.643243105320983
85 0.9838638657788903 0.0765115615352352 0.004370002232233494 2.6435447905429506
90 0.9835165173564743 0.0766085799538776 0.006160402698697887 2.6430747176685223
95 0.9846680960035374 0.07119461150282858 0.004007820202672541 2.6439718257540044
100 0.9862170918223001 0.06402806585111964 0.0014261472790311203 2.6431175281036565
105 0.9843479562222116 0.07379509074255752 0.0011824533818676208 2.6421208818108926
110 0.9846524838272572 0.07193337555862689 0.0023885236009004718 2.643173048437171
115 0.9821666647818386 0.08198262761655295 0.01045535349591531 2.641954413579715
120 0.983609745831457 0.07714167661324067 0.00033695318518800477 2.6424177899474732
125 0.9839879578447837 0.07430325352863898 0.0017610015591202899 2.6416338448006926
130 0.9838667579912399 0.07605969986639494 0.0019082681194306783 2.6418337572884143
135 0.9860288634144035 0.06441412069437025 0.0002135893190826632 2.641691204545335
140 0.9846156087623334 0.07220088174062766 0.0012501139566698516 2.6419416272269167
145 0.9855408010075184 0.0675990304563081 0.002534747692602979 2.641854016604106
150 0.9828504827272713 0.08171138022595992 0.000741167089124195 2.641526494338171
155 0.9838298707509048 0.07590289321422894 0.0020086810420381074 2.6403432120691543
160 0.9838149145078494 0.07637079356762078 0.000841348782493867 2.641117586297342
165 0.9839289587493285 0.07492983592029745 0.004523743754526466 2.641548191181086
170 0.9839835157018003 0.07602883096853574 0.00390840640654333 2.6407936870324034
175 0.9842518585008775 0.07415983993376374 0.004194453379703367 2.6408782779278113
180 0.9836204721510339 0.07796029543545835 0.0028984266463811803 2.6408315858318634
185 0.9848855117962239 0.07064807269073503 0.0008743775775308382 2.6403960072647346
190 0.9845965400804604 0.07284681228496614 0.003392125550704117 2.6407687352905627
195 0.9852501018279226 0.06898444829255768 0.0018226275057391383 2.640287895353
200 0.981611894930429 0.08875766498029014 0.0009028109571262988 2.640604165992004
205 0.9833346315777799 0.07931874919508841 0.0011887327580748508 2.640234693712667
210 0.982715149335041 0.08245448037177106 0.006238887199903731 2.64061920908684
215 0.9852273464107102 0.06916583979052415 0.0004920120250446747 2.641199447931711
220 0.9839428997522949 0.07663878139660962 0.0023272495297377294 2.639773457418725
225 0.9844682657720041 0.07335942324232558 0.0038229077597928818 2.640295983843788
230 0.9842700803756643 0.07404277131133474 0.0008866446545219286 2.6403981715325866
235 0.9800962530234245 0.09728771989804885 0.0012800869178617447 2.639873746765439
240 0.9819357017397256 0.08586688157602307 0.0006567880890833155 2.6399306733760786
245 0.9847560498619823 0.07169289304542925 0.0002020957039652327 2.6398929790137493
250 0.986004947242746 0.06509287179258028 0.006050444633878271 2.6398550462505592
255 0.9833494119958296 0.07899105934415784 0.0007125017933493627 2.6401916597422694
260 0.9837600592081936 0.07816643216204078 0.005670877003583152 2.6402371739454353
265 0.983423099552289 0.07765991534195349 0.008703416478368586 2.6404856602899383
270 0.985005711962129 0.07075810137047567 0.0010774727427926845 2.6403652368450845
275 0.9829670769752235 0.08086649604477714 0.002443127263845879 2.6402261614084908
280 0.9845128152326021 0.07203926792042692 0.00017078524025726516 2.6403006999844947
285 0.984848705401514 0.07197750551414961 0.0015929432853707404 2.6403697386136797
290 0.9828012502680639 0.08262848467550832 0.0012424612187558193 2.639799120329927
295 0.9857882684847415 0.06609361849607476 0.000611927951724045 2.639775013686199
300 0.9843379818181444 0.07427006868272423 0.000562052039564831 2.639541460436137
305 0.9839755000772719 0.0762911338971839 0.0028012143264588563 2.639992347988038
310 0.9845187908865041 0.07257904388386605 0.0006514577280702927 2.6394707842625924
315 0.9836020572497235 0.07780799028372787 0.0033321226758211697 2.639761513678798
320 0.9842646439814419 0.07379907651095952 0.00013728543300661755 2.6397514424694375
325 0.9865175298623436 0.06254707402842996 0.0024320887287279103 2.640011375572675
330 0.9848227568242514 0.07156195936348464 0.001147528552341237 2.6398703075525094
335 0.9871650160935268 0.059679159942147564 0.005274855867179351 2.639419129684544
340 0.9840230590846697 0.07541737781342839 0.0028091826308083157 2.6396325429690735
345 0.9840779992140466 0.07557809407902649 0.0038624329878091945 2.639203536192274
350 0.9856312461673149 0.06688890831419725 4.940313083712233e-05 2.6394755668502468
355 0.9845260720841932 0.07260791304071068 0.00024116036591359524 2.6401748809789694
360 0.9842266714278118 0.07477575296741934 0.00015901961855924185 2.639833631909472
365 0.9852504892334908 0.06901728762897275 0.0009692829201071174 2.638940467670255
370 0.9868602243651712 0.060823304966748815 3.0778560879296535e-05 2.6388477902201295
375 0.9851128845772623 0.07023436282960205 0.0004087889332202721 2.6391547946303717
380 0.9876127373772828 0.05694554855040623 0.006963197351194994 2.6396698696638383
385 0.9873852629817221 0.058568449687077084 0.007526919524586617 2.639410588109219
390 0.9823731944405908 0.08344953072688677 0.0011343356726360998 2.6391114007674936
395 0.9857525114759984 0.06659766530137423 0.00270778531295246 2.639656614829479
400 0.9848821187845573 0.07084838736313603 0.006686890532057843 2.639461294484585
405 0.984413765048544 0.073225048462215 0.0020011217007744886 2.6387444558799804
410 0.9845697769807586 0.07303764050405537 0.0004980057565628915 2.6388540022708713
415 0.9839417143219905 0.07406891307872909 0.007518987225966001 2.6390508777920445
420 0.9845788618679032 0.07287381367953305 0.0004978118107075158 2.639297526438276
425 0.9862052691592362 0.06449237075249581 0.0006441820419555988 2.6395686447291284
430 0.9855612751499792 0.06795205788225056 0.001128114927713808 2.639365388452373
435 0.9865676811972237 0.06265895796973231 0.0002820471747855269 2.6392736479875185
440 0.983448869258409 0.07945465303522292 0.0011894389839997022 2.639168262612566
445 0.9846876870583923 0.07272461633176386 0.002481067056425923 2.639024791367851
450 0.9842538906252467 0.07460692258894142 0.0007316699110886393 2.639248832642406
455 0.9854988940905145 0.06812945107170476 0.002767642222648581 2.6387015324833323
460 0.9844947029929989 0.07326910914512386 0.0020833219728626506 2.6395197648220425
465 0.9843803115694242 0.0746037744974628 0.002278272677219473 2.6392688092479517
470 0.9852425574365454 0.07017113976098388 0.003772549549081461 2.6392566546548992
475 0.9858328046805319 0.06580906600212222 0.004305508577546968 2.638995015976351
480 0.9852194139222982 0.06949326683099288 0.0018789187368266624 2.639508659006463
485 0.9836226183202044 0.07769071493374202 0.000515735533599404 2.6394326475863465
490 0.9846022338370939 0.07215753428812288 0.0036437439787035952 2.6387634930443618
495 0.985901381293578 0.06548536056634902 0.0013830346094778623 2.63877485884918
500 0.9837712299649778 0.0770362530199975 0.005604055730390689 2.639154943361467
505 0.9850227704252776 0.07011900091890011 0.008093165718094708 2.6391049242925173
510 0.9853115571397157 0.0686103162041447 0.003394958848820684 2.6387302639400088
515 0.9847736102173406 0.07205885291766378 0.0023931854013343745 2.639341431317961
520 0.9845865321449611 0.07333862261023727 0.0012714817899353026 2.6392606805228396
525 0.984911889193063 0.07092390266509563 0.0008042189721477744 2.6387817182711517
530 0.9866486759659036 0.06230370551819808 0.007017051421533305 2.6389920444709567
535 0.9855745686640394 0.0678589824333935 0.0022657498813054566 2.639197328606569
540 0.986125245335758 0.06421268750918241 0.0028462385190144435 2.6388386886052
545 0.9849234780905642 0.07077722284375199 0.00023590189791522498 2.6391653787321108
550 0.9859984312026172 0.06590728222982278 0.006280829112627506 2.638806739085747
555 0.9850096700772222 0.07074920310465505 0.0010469653124787204 2.6390692951050556
560 0.9854123658204715 0.06807946932299691 0.0009850032056128999 2.6387259409040955
565 0.9847108402164899 0.07230633373855833 0.001607717428404376 2.638911134290406
570 0.984185245403396 0.07505550282659934 0.0028154095955883474 2.639153301597703
575 0.985692892576048 0.06716087560940087 0.001450267902916913 2.6391337807570845
580 0.9839910019350945 0.07620014841527079 0.0015819502469731628 2.638925990192779
585 0.9844138755182024 0.07381455517174018 0.0012379853128756668 2.6389469310608633
590 0.9830824063301524 0.07942029012438212 0.012741170191076678 2.638484895505366
595 0.9841154759257976 0.07557922672461403 0.004010675604932734 2.6387730220351933
600 0.9836903365728404 0.07646862811817323 0.001462046274047113 2.6386563441508923
605 0.9845703561671246 0.07251295796685842 0.0021551066470479885 2.638448862640887
610 0.9835591367741338 0.07840022258018742 0.0010986006264426251 2.638890812582275
615 0.9857849497118037 0.06647097188350592 0.002890457635072119 2.6384727026205104
620 0.9854504975721661 0.06837161682443815 0.0008835308322905355 2.6387730165151675
625 0.9845328464349852 0.07355730288484352 0.001190356049576513 2.6387259351336376
630 0.9828410803406656 0.08259982424156664 0.001187624176840707 2.6383860433493913
635 0.9841121667134264 0.07527602914485154 0.004337550232725196 2.6388385408833095
640 0.9823025144457975 0.08472081291436373 0.004535127979503395 2.6387785392919496
645 0.9846189204272744 0.07192547241537595 0.0005830605060979099 2.6382020739922414
650 0.9834574342252205 0.0785896658067835 0.006354670386460981 2.638625789711587
655 0.9846588983755789 0.07288913318857349 0.0006744911364782169 2.638794739305827
660 0.983094992546846 0.0804537904471978 0.0005182352226520415 2.6388424764410896
665 0.9837277764233026 0.07738315274563323 0.0030454618159900804 2.638540238827763
670 0.9851382809718462 0.0698214338210712 0.0008901001697037003 2.6385562746586793
675 0.984002007918912 0.07517525803925151 0.005215578010380861 2.6384630523952466
680 0.9848566110969244 0.07146684809419757 0.0025404885844297898 2.638457722678701
685 0.9835186792805757 0.07837923025363347 0.0049530018157024625 2.6390418559037823
690 0.9833823242953422 0.07812813004420427 0.00808715517762959 2.638247659514117
695 0.9847953293919618 0.07201092095689043 0.0013016020099978487 2.638664891576462
700 0.9855595591916932 0.06746600235484346 0.0026465923135650105 2.6385563302207204
705 0.984136315592487 0.07465395845103284 0.0006336904726895742 2.63872082508928
710 0.9858405119426271 0.06667771554289148 0.0007825066296984762 2.638896097354118
715 0.9827787271364135 0.08259473191290212 0.0063051984763384805 2.6389312912055605
720 0.9837190407706655 0.07704135245536348 0.0026901291259393556 2.6383229273965436
725 0.986438605498413 0.06348410748767153 0.007472363853251229 2.6388989606261197
730 0.9859330060831695 0.06600533424666466 0.00015438651749488663 2.638419944246331
735 0.983217141546718 0.07981681045997169 0.00404233828035494 2.638692525243168
740 0.983304640538383 0.07935571753015491 0.0013351878558547359 2.6385233813274214
745 0.9864079693093144 0.06376292374913195 0.001212732246239412 2.638442618544431
750 0.9853533703979394 0.06902136236720757 0.001796150852898304 2.638408591137667
755 0.9843056276285247 0.07393669428014693 0.0037794202665959453 2.6388768669086264
760 0.9837880550213816 0.07715676061911614 0.0009790541410177322 2.6384954603290147
765 0.9826616694131092 0.0825979675169144 0.00658554845454673 2.638393370967427
770 0.9863208391620757 0.0641808919856719 0.0021659530898510138 2.6383838975564657
775 0.9845094082468236 0.0731367140639212 0.004001970154854373 2.6383825858948176
780 0.9855635140464014 0.06743680182658363 0.0016389499126103768 2.6387666673272183
785 0.9837830530283356 0.07679296600184893 0.0005364446030495795 2.6387588825705475
790 0.9833994050589149 0.07886309584861184 0.0007560551324414799 2.6384968694569135
795 0.9848095916141616 0.07116118730171062 0.0021771544231310447 2.638761307630547
800 0.9827669627330107 0.08170109378647217 0.0011389917394526439 2.638547740404423
805 0.9839014974043678 0.07575482913340315 0.009157344624537433 2.638678762021537
810 0.9851551057723255 0.06965456184822605 0.0003969688708034269 2.6384626407686445
815 0.9832190505043378 0.07934871779770258 0.0007944840610700776 2.6383990049578068
820 0.9838045045198422 0.07717668242810527 0.0010267510512165234 2.638493583727114
825 0.9843840765822303 0.07397929356692501 0.0005179685295275682 2.638645468316698
830 0.9854128063968137 0.06859988913771264 0.00036727753523457807 2.6386236357888646
835 0.9827789641790652 0.08214686612551425 0.003788471883205524 2.638765687549794
840 0.9847478781023625 0.07185713687181883 0.0015889113447011827 2.638493599294138
845 0.9842522695443471 0.0746350848563524 0.005054206609658607 2.638817179193599
850 0.9833078270301921 0.07960724164199151 0.00035932187047760245 2.638525316590655
855 0.9868682929082634 0.06134197986008738 0.0023183405303957016 2.6384490971627463
860 0.9820469950377717 0.08666149207291785 0.0032242182664836694 2.6387257261980834
865 0.9846165027331744 0.07259835314731822 0.00029198000302788074 2.63835355820102
870 0.9859287757799526 0.06609511981737404 0.002027232765661191 2.6386180541372846
875 0.9843408519545607 0.07376224445699675 0.005364783877906731 2.63865701484172
880 0.9835744337347496 0.07733313919460727 0.0014350746641473844 2.6379506848980485
885 0.9841692832554021 0.07460140318722353 0.000950608692227517 2.6386420520439646
890 0.9843238850756941 0.0734466399832665 0.0003473541625165222 2.6380435375650535
895 0.9858917870134358 0.06605511280353804 0.002205023585003296 2.63808124892969
900 0.9820832135216719 0.08479985935156842 0.004399886095085792 2.6383152507108463
905 0.9848521305787944 0.07152175111241021 0.000830012289820381 2.638684705806311
910 0.9844201895306577 0.07387721038608985 8.431063400737848e-05 2.6383058692076555
915 0.984741279048762 0.0717649760097423 0.0025202309810055112 2.6382931408837367
920 0.9863819120817239 0.06361307035233077 0.001522872399051689 2.6385422977485806
925 0.9838667597640405 0.07643583243589491 0.002171084241510135 2.6381906032037166
930 0.9850475690323395 0.07024609240817403 0.002116800936039498 2.638258158530953
935 0.9837496160581758 0.07693517948628426 0.0009154961543029749 2.638190675822488
940 0.9865922882369956 0.06281814765726867 0.005300411697602314 2.6383422402877894
945 0.9838068446120066 0.07714210752979067 0.003135962167734929 2.6384537984661565
950 0.9858570863734244 0.06594581392788879 0.0017845978538975071 2.638200452348923
955 0.9841605077762088 0.07513894256231124 0.0015843347801771657 2.638561633182029
960 0.9842196528198016 0.0750892369186178 0.0004716247085825298 2.638460362297418
965 0.9828514839103066 0.08240675629357064 0.001280744220524932 2.6383725821466038
970 0.9842266306596898 0.07455072693888765 0.0023001241520439475 2.6377213080371806
975 0.9839195696299696 0.07651861434001272 0.0010186258624866884 2.6377302753339404
980 0.9858660849015303 0.06653326451848063 0.0012446405212223066 2.6382939169900923
985 0.9841920011523363 0.07463610668160081 0.0026059475912985075 2.6378927586907834
990 0.9830377104923684 0.0805202175456281 0.002871076485651436 2.638074201625155
995 0.982043773009549 0.08608895426253538 0.002805662707787482 2.6382861253232517
1000 0.9851910656012902 0.06974882406433291 0.000310622534622107 2.6385553604418477
