0 0.5118185301759763 1.4593611876809596 0.31416110730756996 0
5 0.9644553787904182 0.0823418639428124 0.02680746046168303 2.735709424720326
10 0.9931314728970344 0.017264418534082004 0.006337954451977934 2.6599707815155837
15 0.9965564687396189 0.011297571480957558 0.009601901792364309 2.650306676932378
20 0.9973852165905802 0.007549223074240441 0.005805174493463072 2.64923045192747
25 0.9936925296533148 0.020349414093740137 0.01820776599573004 2.646943032760362
30 0.9986891438362683 0.0034352145690137448 0.001274644269771974 2.645183456328756
35 0.9967762096790195 0.008849402632026937 0.0029414423343998575 2.644833246981019
40 0.996842587001721 0.01049026523199137 0.0033584033514677536 2.644306571380111
45 0.9988365336173664 0.00319597814779371 0.0007467160279708285 2.6433074472946654
50 0.9839621815686795 0.07528654015720848 0.010439763206229857 2.6571786987035044
55 0.9839127812525983 0.0751090750374348 0.001294834122489652 2.6453336416163706
60 0.9822871733777689 0.08354123677618341 0.007086861548022183 2.6446443624240588
65 0.9848429436396388 0.07072507810341477 0.001131353082647335 2.6428694470316527
70 0.9841857692130225 0.07410135783030469 0.000811222174560644 2.643619922071556
75 0.9797562153663307 0.09260011400833568 0.0013561507947594809 2.644269072429938
80 0.9814133537350114 0.08851727553273792 0.010673059157238152 2.6441251109558586
85 0.9836044849837113 0.07677229002020391 0.003294496517768808 2.6434504451170118
90 0.9779570510591591 0.10719555539609305 0.0009272180177455347 2.642593619072707
95 0.9816796240165837 0.08442903709795191 0.0007925780516204739 2.6430303556303874
100 0.9832623603462054 0.0751268155749183 0.006145431878988417 2.643224024162721
105 0.9825469126644062 0.0827351487222594 0.001645563038529474 2.6420844092398856
110 0.9844812443112956 0.07287149708917928 0.0032025392648913353 2.641584505082161
115 0.9854634180822337 0.0675149006126774 0.001658900871555291 2.642504578897781
120 0.9832522894091109 0.07823857240384458 0.0003113459729846557 2.641891554076489
125 0.9827615851749814 0.08283913070644155 0.005254308162201182 2.642304488385162
130 0.9857401398745294 0.06672449526940882 0.0010617952448912504 2.642286395598587
135 0.9851901610648437 0.06862765602796728 0.004862410108857684 2.6422189464753902
140 0.9798661248150808 0.09645243337640563 0.0024548034096785187 2.641390658506652
145 0.9828741934680758 0.08190170495187088 0.0010191390641411946 2.6409311921780483
150 0.9833718823592223 0.07634322727921417 0.007579611488201188 2.6413357751364948
155 0.9863688732055979 0.06367170123681154 0.0004904154147313822 2.6418117778162333
160 0.9819429295072236 0.08540571370798311 0.001131575103596738 2.6403883924941574
165 0.9824161089727597 0.08294215201345612 0.0052099015301365625 2.6414547222923
170 0.9845493007841619 0.07277089545520221 0.004997881206224797 2.641311963171437
175 0.9802675370398858 0.09606460972839681 0.003146181090510236 2.640460505708711
180 0.9820216170741045 0.0861206291063561 0.002590553400853457 2.641590086686949
185 0.9842591016220194 0.0726330680816969 0.0015169706260913518 2.640745113685801
190 0.9817230044192043 0.08789450039562086 0.005676974275204083 2.641229058892422
195 0.9839344407935535 0.07642279504066307 0.0004112067236758943 2.6410135117792413
200 0.983636878400009 0.07758477906142902 0.0033880615598818054 2.640368918691601
205 0.9845314701558314 0.07301994745209539 0.0038749754454776575 2.6403018622297383
210 0.9832055469019048 0.07993206303835043 0.0030888628017711195 2.6413683301994935
215 0.984341982476842 0.07433251881747749 0.002077098474229766 2.640819616560649
220 0.9837700466354289 0.07621349406025857 0.00544620986476696 2.6408251673540746
225 0.9802796076038889 0.09358220778865878 6.093306782761765e-05 2.640102563311846
230 0.9840927645194484 0.07562213890108849 0.005217096572528224 2.6405653795003885
235 0.9848331394307848 0.07107797541131156 0.0002810743519965353 2.640292327799606
240 0.985486633048785 0.06786410198976078 0.006996733475493233 2.639684008890777
245 0.9830153252626184 0.0793310593640304 0.007298888421516603 2.6399290820957977
250 0.9838363870945447 0.077190141024718 0.0008149184871539816 2.6399607019603017
255 0.9859697151596654 0.06468238401495752 0.00041718066951879074 2.6399289635527463
260 0.9828259239736318 0.08118167613921168 0.0011073025206391751 2.6395663712604236
265 0.9840141318643434 0.075886789760085 0.0015298198697391019 2.6403891047345986
270 0.9847730021938614 0.07177816130447878 0.0030605364814892955 2.6395978753835605
275 0.9855385444155047 0.06763416915802933 0.002224420483533107 2.63992379701212
280 0.984823367355756 0.07020078690282228 0.00017535779053567957 2.6395869486895727
285 0.9845792764914827 0.07199046944481946 8.521091994517782e-05 2.6398165883527644
290 0.9841595484528805 0.07522901740060872 0.004221099223342906 2.6401524348643437
295 0.9839134282811579 0.07689959651633371 0.0020231652096496244 2.640363564859789
300 0.9836344756074287 0.07704141282684729 0.007200879042371211 2.6399493000087495
305 0.9858604409220452 0.06580444997813029 0.005457415098551133 2.6399650419187886
310 0.9815411044565938 0.08652869444431488 0.009448873797629043 2.6388760934040083
315 0.9859823730609106 0.06522015375510959 0.0036070982997067347 2.639963454599677
320 0.984873378736909 0.07048448273958696 6.929333070049282e-05 2.6390629135128
325 0.9847775264392523 0.07176126580520448 0.001422017754466376 2.6398059564305076
330 0.9846144652990484 0.07305433781528103 0.002601719318783502 2.639298234575163
335 0.9841719760076979 0.07430013794674117 0.004093955985320141 2.639855979331015
340 0.9824068332101622 0.0837338778316874 0.0014655110462029608 2.6391043437115984
345 0.9847258816334291 0.07233820143154901 0.0011203843300460203 2.6397696120854346
350 0.9834168264365866 0.07855417336910309 0.0029579604961755823 2.6396264346986658
355 0.9864146979697488 0.06360261022788549 0.0049130702737745224 2.6397180142519114
360 0.9812933036379691 0.0893297691818784 0.002813767556715474 2.6398657705808652
365 0.9853416641978445 0.06905234048593334 0.0007423500808816375 2.6393983797548795
370 0.9840557348976952 0.07588594354141964 0.0012040669907060764 2.6397165953865254
375 0.984789398630153 0.07230548695181405 8.07497733672502e-05 2.639314126977764
380 0.9839865374072553 0.07578515101429817 0.004113599380465294 2.6400998015448276
385 0.9846415146491369 0.07128418423966698 0.00508892206693079 2.6391252856876606
390 0.985716557195903 0.06718921422776836 0.0019133994375806207 2.639603434702153
395 0.9845776170006231 0.0724135028735744 0.002661697933301843 2.6392611931070222
400 0.9864476477554042 0.06305740498332835 0.0018026676026343669 2.639195043122778
405 0.98502808748664 0.07033530826874079 0.0002944217759410783 2.639451150071936
410 0.9851551872350945 0.07031690116913358 0.0014523188032715684 2.639305534887958
415 0.9838322485416328 0.07621993820798334 0.006027847178535328 2.639371519565101
420 0.9823972021636271 0.08436059085927639 0.003869618119986429 2.6387976212990534
425 0.9856286782588566 0.06799702197824242 0.00022767171622861682 2.6391702417838534
430 0.9840928819103597 0.07509316242660313 0.0035100451842857705 2.6390911061047997
435 0.9831888275527536 0.08017162932177913 0.005979481608636261 2.6392228729747513
440 0.9834647587215926 0.07820934778625066 0.004801054124873971 2.639371276269592
445 0.9864808885654262 0.06283104950247909 0.003627722774987463 2.6393152287374004
450 0.9828577811525683 0.08255499876050942 0.003978363425895415 2.638606260789996
455 0.9857833617348961 0.067102689528038 0.003310644177385358 2.6391588611456593
460 0.9850776853830161 0.069750939170246 0.0012311324619507236 2.6390641636899823
465 0.9853730971189346 0.06891437992616511 0.0012655085691308798 2.6388766440446716
470 0.9864999817307536 0.06300343109768836 0.0023532363748928198 2.639143781659021
475 0.9842053705199982 0.07429695485000165 0.0017786053233381782 2.6391491357499945
480 0.9860187716220997 0.06557467837324404 0.005058145644710743 2.639356611870665
485 0.98358813625577 0.07875510487335058 0.00047174683236650417 2.639249823999788
490 0.9825939817062846 0.0828098328990503 0.006057915211352016 2.638788834400314
495 0.9854818542406282 0.06819869888460639 6.0005449583178105e-05 2.639178743917211
500 0.9846943098910175 0.07227814049243131 0.003530157747940743 2.639099590927576
505 0.983310530927362 0.07962416362281877 0.0028128371225681903 2.6390354274253833
510 0.9853207954753708 0.06921210553902357 0.0028707898213407024 2.6392873387570335
515 0.9853172499910179 0.06879528238777732 0.0022563269190980506 2.638971715142728
520 0.9851234952164756 0.07052612693167726 0.00020083644795598765 2.6391643235791262
525 0.9855184962609485 0.06708182479443092 0.0018689109660918746 2.6396013578276314
530 0.9849235644277123 0.07112150904903736 0.0020504004276067356 2.639397081432493
535 0.985631357711189 0.06780012710839456 0.0032428806495048423 2.639159951974829
540 0.9836663544035729 0.07773031219504167 0.0033231374611377706 2.6386784666699956
545 0.9852246332892483 0.06909493928626675 0.0002939367538086213 2.6388228704075174
550 0.9856552297198987 0.0672503201706598 5.16350099788454e-05 2.6387134010132387
555 0.9863314716586364 0.06316628812598957 0.0071470951632310875 2.639272341312339
560 0.984883581104906 0.07106981764006282 0.0017085766684257209 2.6387208674721285
565 0.9840181663173981 0.07534632998882751 0.0010835881324255947 2.6392047504136174
570 0.9868046288145726 0.061446250354960874 0.0008892094498704761 2.6388431559812116
575 0.9851706103037816 0.06983550280945439 0.0015519759606281713 2.6388401438497584
580 0.9844370251948367 0.07364641420664997 0.005017763382730633 2.6392392382235
585 0.9851012178863872 0.07008111959851426 0.00041856651298655123 2.639333579736336
590 0.9834769917985895 0.07910932760327505 4.542860106249158e-05 2.639002706027696
595 0.9850090555421713 0.06991767945517946 0.005304480442519965 2.639081031119354
600 0.9844980318136867 0.07266923725365704 1.635469144978252e-05 2.6394052139572444
605 0.9853936040523359 0.0692916643846675 0.0012886073120299546 2.638912887895745
610 0.9850312596460278 0.07015897264224247 1.92856537126751e-05 2.6387870610929975
615 0.9849566195111729 0.07102918007710235 0.001113627115109539 2.6390838817815863
620 0.9849709588254614 0.07141921820874142 0.001139205843161628 2.639079621792384
625 0.983399852211114 0.07920712128630969 0.0036330585418302697 2.6390383641617188
630 0.9862014972578514 0.06392315672381654 0.0001306415757253987 2.6389682125357212
635 0.9865763620448373 0.062306496283968116 0.00866805366901846 2.6388873098935597
640 0.9853569326274133 0.06919863686844963 0.000501819989908503 2.6390165075713763
645 0.9859850708565485 0.0645767900153813 0.0044086356288317585 2.6383764936418146
650 0.9845317209020792 0.07332511707960787 0.0005297674320683399 2.638306387463648
655 0.9865041177742602 0.06372967355349513 0.00988710782684632 2.6389074077159886
660 0.9837652807700972 0.07707867513580524 0.0011465850643794795 2.6385413544198104
665 0.9841837221961374 0.07379804432335346 0.0028948358952740616 2.638859943068673
670 0.9840734664928629 0.07618552189520278 0.0030593111251937533 2.63837754527456
675 0.987081780463807 0.05968895698455112 0.003856193173696898 2.6390341065477463
680 0.9857052652850257 0.06595207048875285 0.0007555653507937965 2.638781794532885
685 0.9840500931945191 0.07519434730747676 0.0010443767981296315 2.638242631073392
690 0.9859089033290833 0.0659039081280639 0.004228836386864332 2.6388281055189635
695 0.9827957578381337 0.08256934075101485 0.00645614647830417 2.6387949692136705
700 0.9853812619383239 0.06852875903628641 0.0004685632779173332 2.638597144769767
705 0.984574108075 0.07409157333241323 0.0006860496996643484 2.638587243728311
710 0.9862000016680312 0.06420152877373608 0.0014949935729200448 2.6385191020556813
715 0.9834625064912199 0.07732375679278425 0.008046516511535762 2.6388379887661206
720 0.9851654464428614 0.07013790236332129 0.002859712199265063 2.639015818145803
725 0.9832259426139965 0.0793417899605644 0.0027937296510580634 2.6379291175156254
730 0.9851134816625198 0.06973831073584824 0.0014374760447053436 2.638222801462198
735 0.9840975326925572 0.07535155971963192 0.0036227543614328894 2.6383668806180065
740 0.9849571400776997 0.07045358821114256 0.0042170150874556445 2.6385696197773996
745 0.9858170405182934 0.06673175862835956 0.00021379177763747315 2.6387473424671968
750 0.9818522373170293 0.08738495777684907 0.0030933460038513605 2.6385625483380943
755 0.9839607937640875 0.07596036816297325 0.004569027680836113 2.638509283346067
760 0.983215320623458 0.07999838927206149 0.001048165019646774 2.6387165760570155
765 0.9843571796855811 0.07417792227719033 0.0016465976338444488 2.638645332271268
770 0.9840903880117122 0.07540646418419161 0.0006709898497705424 2.6388892361075613
775 0.9872424400945466 0.05875807426576474 0.005294071057356797 2.638741686668254
780 0.9852177621451281 0.0691872546843757 0.001206066856504151 2.638624585177659
785 0.9826403186260801 0.08315703409776498 0.0037021219619448598 2.638425080793129
790 0.9835932570101191 0.07879395835843406 0.003446806279375103 2.6384307557618536
795 0.9838858854842095 0.07647986465289813 0.0011516979845331843 2.6386693635967267
800 0.9837692667235454 0.07739254493644587 0.0014467709697743025 2.638489840060197
805 0.9829092893239182 0.08126329498924134 0.0011817813547481126 2.6387334493073444
810 0.9841724300741721 0.07543062915044008 0.0011409631790719743 2.638891488142463
815 0.9859733657036919 0.06606274575208015 0.0002443431660206219 2.6387119014844016
820 0.9836808893189293 0.07745267631244701 0.007616168824636116 2.638168225505555
825 0.9851819285585228 0.06969457414269264 1.7407981829586916e-05 2.638714954900914
830 0.9832221935294367 0.08028138655715722 0.004402768926119238 2.6387277985908755
835 0.9828624414668676 0.08164618223914122 0.004472883951890827 2.638412416184062
840 0.985832612007568 0.06600055663593585 0.006864754044436205 2.6390231759432385
845 0.9857457887067085 0.06609122094909026 0.004251329739118015 2.637842301264168
850 0.9856967853541878 0.06729707104928773 0.0018367444905504904 2.638807027837322
855 0.983446727443211 0.07917719625061626 0.005739485510051878 2.6383590284604286
860 0.9829511783261382 0.08096851277208206 0.002560982761720787 2.6379617646101154
865 0.9844140485733779 0.07353826359723081 0.00539297144197004 2.6388095273248355
870 0.9852283999859062 0.06954679052640955 0.0011777376925741212 2.6386674912381203
875 0.9852013518122913 0.06915876116512987 0.0022998026090159662 2.6384913155430794
880 0.9833025278294006 0.07927632167053522 0.0027519398144493223 2.638359423778455
885 0.9859340451120886 0.06596175195504816 0.009465949206853397 2.6385931346951685
890 0.9825789901113946 0.08213612703507733 0.015589705850018287 2.638318927353083
895 0.9858855047453718 0.06638581858761272 0.0019628723332087983 2.638706775955845
900 0.983820220288969 0.07707179123557761 0.004343357600587128 2.638372557898558
905 0.9834904100256953 0.0779404238495478 0.002115620797934925 2.6381854658227284
910 0.9846708763158866 0.07203855025897488 0.003991859207647996 2.6385613023319445
915 0.9861851716920076 0.0644839542155684 0.0041371995113592686 2.6384734160026544
920 0.9859909839342409 0.0657438921758442 0.002660899722334076 2.638000261376181
925 0.9845226706962587 0.0737856004389319 0.006308161473947749 2.638598859063945
930 0.9844141570630401 0.07331686979406582 0.0019511465970101227 2.6384512066417205
935 0.9861138913800345 0.06515739860977199 0.0028650992459475777 2.6387063020088055
940 0.9847696518452473 0.07244425212072203 0.0004055184481230878 2.6385357467179937
945 0.9845156744039739 0.07358138219163424 0.0023859305971589695 2.63848727806863
950 0.9849004661788462 0.0711980000503778 0.004204655573828875 2.6388453681019275
955 0.9843221448318341 0.07426920278080296 0.001282129178627578 2.638574682072345
960 0.9850627486940686 0.07028675406821128 0.00020298833209619893 2.638375388977712
965 0.9846536414695615 0.0728443992484582 0.003165637510340602 2.6385738413098196
970 0.9843945955820308 0.07395378797476182 0.0003722533979093612 2.638268239997674
975 0.9846495121941665 0.07331539254731068 0.0011742198164366169 2.6384264524343366
980 0.9857965658026328 0.06694632044867976 0.0011266610635869423 2.6384117828222475
985 0.9840627274500025 0.0764548355047796 0.0006866832774574672 2.638513659298657
990 0.985536841976008 0.06818940403273244 0.0033404407700778904 2.638603906224771
995 0.9855549685000886 0.06737446391212298 0.0033402150430823507 2.637967144654699
1000 0.9863217128108993 0.06384938651480576 0.0026459577394040146 2.638255799029116
