0 0.4803182554278569 1.6235788361806303 0.3513134458967415 0
5 0.9674368639811843 0.0787786290258703 0.03349111288813744 2.731650275036012
10 0.995865048401075 0.010753526883537923 0.0044969973373534256 2.657269226578586
15 0.9951615181686262 0.013764881310657895 0.005278666511484564 2.649715143614127
20 0.9933543606211519 0.023479712904711736 0.014964854099267066 2.6478680116285642
25 0.99639806051049 0.009776057192297127 0.002250788103992374 2.645579135997467
30 0.9991078273875645 0.0024333989442424375 0.00396497533536766 2.6456264010969095
35 0.9985631004112447 0.004650053673278531 0.005073316071007916 2.6453775416407495
40 0.9969328223312891 0.010474633664491417 0.018809201841205603 2.6439674304215135
45 0.9949413822931285 0.018122384099559685 0.006024688599328032 2.6432240120230825
50 0.9867424915610492 0.05970139338920877 0.005125816282071538 2.6567180164131763
55 0.9827063679401196 0.08233343213105071 0.002213527641026891 2.644857673317052
60 0.9837947544566348 0.07660413651389053 0.0024858012595709855 2.6436851412524858
65 0.9849140940144219 0.07057132391708043 0.00029908977890191757 2.643619722298199
70 0.9847039217137945 0.07076771115581026 0.007883950456069266 2.6431021498014844
75 0.9850095070120585 0.06989897087378338 0.0031247741413347185 2.642829172743621
80 0.983909671869909 0.0740615338117796 0.005554310185172051 2.6429951425091094
85 0.9834286609738006 0.07769976392262778 0.005228697793055792 2.642302108342355
90 0.9844331828817083 0.07332795098462119 0.002901597384346477 2.6431543458658653
95 0.9839987223280466 0.07605851961654553 0.006248347690231304 2.6414892439796893
100 0.9851206400691805 0.06965291855089584 0.0009077683753992982 2.642235702614313
105 0.982326408966288 0.0848082925760072 0.005419345643198126 2.6429532301332523
110 0.9846123374444413 0.07222327932495043 0.002596820711288972 2.642555703783039
115 0.984235058471289 0.07440271653739661 0.001177268357713812 2.6419445884828985
120 0.9854567671726242 0.06735593026985764 0.0023052160003171895 2.641343600531727
125 0.9844736626417866 0.07151329969104436 0.0022131433224252817 2.6414744565575488
130 0.9842773323937051 0.0743529355097281 0.0007184105644923999 2.641950101385137
135 0.9845750445835122 0.07196553706981712 0.0029558173275812116 2.641957062800052
140 0.985348045290641 0.06736886776143303 0.00034114542369345635 2.6411770591737134
145 0.9842235219607945 0.07271871871000712 0.002615989875492719 2.640384775588405
150 0.9824551116328238 0.0851686074249165 0.0006461547474672091 2.6413703092036838
155 0.9848149501424754 0.07055866848376935 0.0007657285805011682 2.641012180819104
160 0.9857734823392061 0.06646469033063473 0.0032093000826698415 2.6408320167445516
165 0.9850584971429893 0.07040620903364347 0.0020653735686242403 2.640829283676016
170 0.9839314254565539 0.0761228459873573 0.00398663388680931 2.6401516735594934
175 0.9850413133671772 0.06995734668117004 0.001498127410596739 2.6406765794516516
180 0.9843933475308443 0.07417031564409404 0.003731344311549867 2.6407533506374237
185 0.982603242293351 0.08224478467249607 0.0031641172370944215 2.640198908738105
190 0.9828760193721187 0.08118699353792458 0.003530662509102278 2.640289928332622
195 0.9843136070726948 0.07410695424073177 0.0022117415262077333 2.6403296479064124
200 0.9838730694416993 0.07606017064323112 0.0034959503229761157 2.640455280762767
205 0.9844046445945653 0.0730467175849232 0.0015928466433676736 2.6402439347077875
210 0.9856214101327638 0.06651903595750364 0.0006480142074616335 2.639908322575029
215 0.9836479528496099 0.077647568230097 0.0003678080447564458 2.6402008004853026
220 0.9842614937355689 0.07450436985468567 0.004121956459648191 2.64005225666062
225 0.9834496059855276 0.07807342767254255 0.000605966266051583 2.6405877272380343
230 0.9845115109771048 0.07379163332139393 0.003845606865410689 2.639870345400604
235 0.9846098349220649 0.07263886961859578 0.0023235210380498916 2.6397160176476135
240 0.9840726502762236 0.07617322716497332 6.88701673814407e-05 2.640250231071629
245 0.9837170502272071 0.0778486549818167 0.0037472993607901017 2.6399594643639888
250 0.9826846554121136 0.0820283673576987 0.0023773256471826265 2.6392773396413314
255 0.9841611307911018 0.0752447463899224 0.0054456792058312775 2.6399647268473556
260 0.9830932380296666 0.0803361811899368 5.785061633045707e-05 2.6396116455735306
265 0.9841655205898141 0.07499354998030316 0.003148253323677963 2.6400835573498114
270 0.9837663695512056 0.07624061466587584 0.003917406575157267 2.63936631102299
275 0.9841910326808778 0.07416654120820398 0.0013314509687165632 2.6394526005734615
280 0.9831047712480798 0.07909884152260327 0.001793146622969699 2.6402099265063232
285 0.9846155692798353 0.07234101777767554 0.0010467308767656558 2.6396054032130682
290 0.9836799859597654 0.07571654686986928 0.006106875378807386 2.639381480279637
295 0.9863565739006659 0.0634902542210467 0.008273328944111924 2.6393266259557837
300 0.9834889523545691 0.07912754540007283 0.003871291881168082 2.63950938399862
305 0.9843511769725413 0.07320356147567963 0.0007122367032394994 2.6392839468959597
310 0.9850881260996476 0.0699747889130724 0.0041309987982776075 2.64011859400885
315 0.9855041722638092 0.06698437991582473 0.0023758465274128504 2.639194715405891
320 0.9851811306449545 0.06965748272732597 0.003390012979054058 2.639492747693802
325 0.9837853878986834 0.07626632094969299 0.0007103299189441525 2.6396170948154873
330 0.9847404729032059 0.07185036128553346 0.0025617022201482875 2.639604884393454
335 0.9834143099152803 0.07874900162496168 0.004085725454554989 2.6394297382834355
340 0.9838709907135973 0.07715372110322738 0.0024213225851317244 2.6398923476969673
345 0.984361457826694 0.07403047147803665 8.315786955637172e-05 2.6396136422677396
350 0.9834254885524383 0.07818048509806808 0.0010852140467125793 2.6392714291142942
355 0.9846097025197427 0.07290718643694083 0.0014150264457104544 2.6396709763569497
360 0.9844748446559204 0.07359198926539579 0.0019308978393912657 2.6392900840780293
365 0.9854713426296353 0.0678968722737685 0.0005833561192138959 2.6395509261470136
370 0.9830711241946781 0.08068298866256285 0.005746811947612951 2.6394556951492785
375 0.9849205287384978 0.07111764465842052 0.0015885442769125735 2.6394944796709465
380 0.9861747498098082 0.06410827184067136 0.00032929984305418714 2.6393707069461696
385 0.9841810074164522 0.07529041161845607 0.002673685679733806 2.638871111254399
390 0.9859400722951466 0.06587020909675312 0.003733305993434799 2.639107070064573
395 0.9828558969217145 0.08315093384167271 0.0031781720698915716 2.638971707456414
400 0.9854815314378005 0.06824362415550134 0.002870947790612144 2.63926328062375
405 0.9848355125022072 0.07193130690039995 0.0004211205671613705 2.639405484076298
410 0.9832772111400043 0.07914319844494688 0.005547152414521861 2.639542463417541
415 0.9811616496755854 0.09003331007338744 0.0086623943589057 2.6393759613653036
420 0.9862290555617308 0.06366766008894631 0.0024898989140154093 2.6388542934054664
425 0.9842929662762725 0.07400102668185582 0.004959409969376161 2.6396712178156942
430 0.9869753732692611 0.0600390736122276 0.006791745717429132 2.638764065532324
435 0.9844840753424124 0.07310026991741392 0.0027489987302486973 2.639350247311841
440 0.9836327986988166 0.0773208864882915 0.005674684115486217 2.6393401563365506
445 0.9831195134452831 0.07971974824742967 0.005083336745979494 2.639261992691549
450 0.9853414556737317 0.06811903079593584 0.004024840367037541 2.6392231594421713
455 0.9824407246820597 0.0845628737175721 0.005530399684853915 2.639390529898803
460 0.9829964665875972 0.07995687786028016 0.0035825650896503802 2.6392840383262914
465 0.9853734748674194 0.06906286712999066 0.003934274769234358 2.6392625847924736
470 0.9864208760652272 0.06345232509907728 0.0028893079945611078 2.638505033078167
475 0.9855501601898844 0.06756333573449425 0.003185310623843085 2.6385827598781657
480 0.9847341958337767 0.0721339824396865 6.720901171219928e-05 2.6393746952135815
485 0.9852543395517067 0.06974777600137072 0.0008460021233573922 2.6386776071755627
490 0.9840912376216474 0.07544759905621223 0.0006897006804025274 2.6385751522498064
495 0.9844888790454484 0.07293884733822953 0.0011900635818957728 2.63880670330755
500 0.9842560787051793 0.07439699064403404 0.0028450108921524997 2.639274476532033
505 0.9846626029020424 0.07232736759697822 0.0013089432909132448 2.638669586253761
510 0.9849612583675225 0.07128611396194096 0.005272034143196214 2.6387939170043153
515 0.9839999472182936 0.07583801933987688 0.0021990392316650897 2.6387506540150225
520 0.9836668073861263 0.0780422466958477 0.0018932338722861264 2.638822097084004
525 0.9853658390358507 0.06869949985288892 0.0014419627292403536 2.638798019277159
530 0.98538280011718 0.06918652393029756 0.0046684622610910775 2.6385775018472457
535 0.9823061379507921 0.08430631550336942 0.002742150917665276 2.6393830913063003
540 0.9835739367945878 0.07843297709049546 0.0008954704856907192 2.6391128734884783
545 0.9847150116691583 0.07271898677710054 0.0003665802075207836 2.6387855095323816
550 0.9842419557812154 0.0740537835583357 0.003394391466644331 2.6387923193034726
555 0.9832667234239986 0.07949529536401645 0.0016027418632280632 2.6386797732813863
560 0.9849060526910048 0.0713114128337562 0.00313980062703334 2.6386009121302276
565 0.9832144969579777 0.07988990144308783 0.0006936320201751389 2.638799076696862
570 0.9859454851348229 0.0653705511928 0.0032757832032965783 2.6387326431917644
575 0.9839008842456209 0.07619069230073539 0.000804596664699675 2.639464716639667
580 0.9839879793981912 0.07633114571677746 0.0005567373013486421 2.6388727797978686
585 0.9850513972198897 0.07046126926854113 0.004246830094748244 2.638946536588672
590 0.9844529367411139 0.07380909505519462 0.00018757232637334198 2.6390399310862347
595 0.9850988079089541 0.07035534413199551 0.0012533361383419983 2.6391172123218563
600 0.9837687570605909 0.07751881831277263 0.0022277577656286685 2.6389630175648358
605 0.9851200115252354 0.06982426343225212 0.0041177789224440264 2.638851130887365
610 0.9854735608750571 0.06820177370960012 0.0012158823481198677 2.637955359968467
615 0.9845039220786606 0.07387789118618615 0.0034499509354504188 2.638564934225625
620 0.984014246048446 0.07568516352973642 0.000584960620627184 2.6388257006717506
625 0.986367915776621 0.06377520399873537 0.006659520508893069 2.638694215456243
630 0.9859195601567944 0.0661251288940039 0.0025732514941398943 2.638668542242937
635 0.9842546551416824 0.07438303979480532 0.0008355787648441915 2.638592608763527
640 0.9837971084308341 0.0765539209367474 0.002124169336783277 2.6386224969319763
645 0.9860166991006122 0.0655753025872472 0.00496837450272114 2.6388087424129925
650 0.9857883220082566 0.0662948816469986 0.002238335337547026 2.6384912136791496
655 0.9856418102478638 0.06746311843722008 0.0030411816655784296 2.638700132577164
660 0.9864090679115267 0.06316529479748567 0.001578346095021832 2.6384920982686015
665 0.9844132031144475 0.0739815577832057 0.0031614064192204694 2.6390167105867515
670 0.9846745820325566 0.07205027613880821 0.002968832807427324 2.638573901625868
675 0.982793200487489 0.08266521267102656 0.0012878095563699787 2.6384059634984207
680 0.9854462361375049 0.06812574955411721 0.0002489321252077126 2.6382843617801965
685 0.9845614409494888 0.07309928451515724 0.0010374458473874082 2.6389192223441933
690 0.9846795341202478 0.07250192559670543 0.001399566660083229 2.6386564445101315
695 0.9834409862870669 0.07852570618070631 0.006853787358961361 2.6391181754149424
700 0.9839998374082509 0.07574460592267451 0.0024271423582329366 2.6387011690039244
705 0.9835513375148843 0.07742835933434478 0.003922959573025686 2.6388804437662787
710 0.9841987763741553 0.0751090946132158 0.0011492178750289739 2.639133828242665
715 0.9828101076642395 0.08137169468739414 0.01104289804372871 2.6385945334626877
720 0.9848542748372923 0.07141990806287035 0.000585801583905754 2.6386196767716803
725 0.985046162950483 0.06961559027616993 0.006355716041079651 2.6389663691843963
730 0.984220920066665 0.07449553756474314 0.0031868316325838197 2.6385796382956994
735 0.9859778038488691 0.06626435684339693 0.004246901598986108 2.6386602909571737
740 0.9841461461652652 0.07546994534787732 0.001171580197284694 2.6384764821495654
745 0.9857498929064792 0.06713346106012663 0.003918866643095376 2.6389684565487874
750 0.9846402656566104 0.07191496414658705 0.0023426993754707137 2.6383387881200697
755 0.9854014900748578 0.06901852931643182 0.0028412412653811003 2.6383546424660533
760 0.9814334103428588 0.08951386488056157 0.005668917450149191 2.6388751926457044
765 0.9845082171111769 0.07321329130241327 0.002467491462467386 2.6385878113778323
770 0.9824812242795538 0.08255194903018026 0.0022053048071331016 2.638416121988356
775 0.9857765286816957 0.06702731244073012 0.0031800082238533367 2.6385924255959736
780 0.9845637449234952 0.07222229749886777 0.00011456910380824858 2.6384866180819
785 0.9849104779825271 0.07079629482108407 0.00020767039932323428 2.6384834062051397
790 0.9841393898792165 0.07463599562888801 0.006055208367018894 2.6385804271627626
795 0.9821065755268586 0.08624541461776936 0.005236011698362075 2.6381791898408706
800 0.9831218123278248 0.08057395959374825 0.0023602160802782546 2.638464008029726
805 0.9848427311619143 0.07138636083805006 0.0009777430327513326 2.638826545906473
810 0.9841882778070159 0.07511753029950663 0.000833334676676678 2.638345384576446
815 0.983643348120812 0.07800996140612382 0.000949049003882374 2.638625986576763
820 0.9843234455202073 0.07427834722056437 0.0031965133911411314 2.6386339335892344
825 0.9826565836213543 0.08290927462987074 0.005535348689714281 2.6387817771121616
830 0.9849534084742876 0.07118041866731817 0.0012363120003739958 2.638740859198314
835 0.9854359698789227 0.06835346590856872 0.004045870191748735 2.6386694345633277
840 0.9833855541388395 0.07978056047405291 0.0025173205546005217 2.638371445610225
845 0.9852782825792112 0.06907921901880565 0.0005553395200426081 2.6386130139601893
850 0.9851452393367832 0.06983802383108895 0.0017133099924129258 2.638169779548678
855 0.986456678219136 0.06300383418319111 0.002177209850741546 2.6385134128560264
860 0.9840431592507898 0.07483694772567118 0.00813028549565531 2.6381903568497247
865 0.9849314053534552 0.0699831603831762 0.0029376656937529777 2.6381958814501734
870 0.9854794186583096 0.06783822406621853 0.002471990886389719 2.6386723543822654
875 0.9843956187300277 0.07419528970181677 0.003043867070740225 2.6382777727286624
880 0.9843346514486728 0.07451110487132118 0.0010445573209072467 2.6382179705903117
885 0.9837671971670445 0.07716835039668757 0.0027633300836942265 2.638614998427916
890 0.9848097754864559 0.07209171731767805 0.0031210159052459385 2.6387702675749836
895 0.9851030078515782 0.07029204865606165 0.0009451523381225346 2.6385073684291704
900 0.9843856921248306 0.07364815644947686 0.0009044475313597644 2.638251638017984
905 0.9844555998231277 0.07354923933046598 0.0033329698357291715 2.638160401682511
910 0.9855874261616513 0.06763407524327736 0.007180701310737447 2.638414199169467
915 0.9845547470125422 0.07286891561397324 0.0010340231746015505 2.638284349037381
920 0.9836394692932113 0.07763414266439428 0.0013884423651007172 2.6380502429517816
925 0.9833835088551022 0.07879883611137073 0.0034056318599613444 2.6383540434067907
930 0.985461603229435 0.06846851325994185 0.0005418695403944795 2.638790697773379
935 0.9850027566569318 0.07072885721861022 0.001944713775886786 2.638623707032246
940 0.9843754743880532 0.073836115568779 0.00010794033328687114 2.6380920094184255
945 0.9842876283304705 0.074464096964721 0.001191220004926441 2.638276250702908
950 0.9850730185692365 0.07061352513258745 0.002477420827614596 2.6381547870566795
955 0.9840355070530703 0.07555910319605008 0.0007844758193000789 2.638333375227906
960 0.9837262972278881 0.07784664781163775 0.0031175917859174174 2.638381999444469
965 0.9848423473173651 0.07127265266760219 0.0019028690233324763 2.638500881592264
970 0.9835366125098837 0.07831514396158878 0.0008010529679405298 2.6382853755891893
975 0.983907088819697 0.07666761239129505 0.000877298185071318 2.6381046228332625
980 0.9827929706435815 0.08214078491124388 0.0030169925914738105 2.6384342995215593
985 0.986287237779727 0.06439859764043687 0.005187923084596591 2.638122502120705
990 0.9853786497817261 0.06892037211026736 0.0010434363928635282 2.6382305734119798
995 0.9836637544564969 0.0770530490172745 0.002751752532021534 2.637968259929873
1000 0.9838957787583322 0.07603721317023648 0.005064457340058004 2.6383141809431896
