0 0 0 0.28099019499430145 0
5 0 0 0.003979852789511185 8.08507017148845
10 0 0 0.0007142675039606416 8.070540463116629
15 0 0 0.0012335466422830343 8.065516389103902
20 0 0 0.002763553150634923 7.9741909470482835
25 0 0 0.0006619330281276703 7.927443486689473
30 0 0 0.008421864795853162 7.903159618290702
35 0 0 0.012248994934047408 7.8889324719911
40 0 0 0.009796187720557903 7.88011630205413
45 0 0 0.014399545972447747 7.877138399815982
50 0 0 0.011304092054893689 7.868502887950939
55 0 0 0.012743836319145885 7.864132757355925
60 0 0 0.011062783929662201 7.864006328767415
65 0 0 0.01241694930809878 7.863436905842575
70 0 0 0.012990975835515783 7.863325738674741
75 0 0 0.0175063957210293 7.862230403561847
80 0 0 0.015184502346558215 7.859897966186907
85 0 0 0.010427722683894691 7.860478392054253
90 0 0 0.010213591158113378 7.85860076938388
95 0 0 0.013133302579804162 7.860212310698631
100 0 0 0.015873699721212775 7.858106219469074
105 0 0 0.01447226063908813 7.857349552904841
110 0 0 0.009501834079879368 7.857378713916371
115 0 0 0.013542862255658594 7.856715217223811
120 0 0 0.011644225953090448 7.858559061752636
125 0 0 0.01286631011354844 7.855612772444381
130 0 0 0.011903029961924938 7.8557016556945465
135 0 0 0.010478938741634858 7.856474904802996
140 0 0 0.010158077035940405 7.8561938707081405
145 0 0 0.01294456466434979 7.855667075690331
150 0 0 0.011861457814515974 7.854769042774531
155 0 0 0.011803898111445 7.854989614668653
160 0 0 0.008204612596789618 7.855745931105428
165 0 0 0.012916276380141811 7.853933697739518
170 0 0 0.011160215352766567 7.855740142037946
175 0 0 0.012939964661633274 7.853892766917177
180 0 0 0.012266665680952249 7.852960704217582
185 0 0 0.014539755316140157 7.85402685487347
190 0 0 0.01165697951353506 7.853396043012262
195 0 0 0.009466461132564996 7.852462418460674
200 0 0 0.011409934291129353 7.854538212469656
205 0 0 0.01396703974014235 7.853246705537742
210 0 0 0.017252601974728554 7.8536883521060386
215 0 0 0.012968052353317105 7.851725520795572
220 0 0 0.012219430911537321 7.852731881109935
225 0 0 0.01651068962728708 7.853687462689748
230 0 0 0.012335314588325819 7.852857090689867
235 0 0 0.009490291225916048 7.852875376773894
240 0 0 0.009733346753893812 7.851766436022687
245 0 0 0.013205363790286473 7.8514182810658175
250 0 0 0.009598384646763325 7.852016950072834
255 0 0 0.013871719315865949 7.852137558078609
260 0 0 0.011632414140016811 7.852271343200349
265 0 0 0.012379589755199927 7.852980278667734
270 0 0 0.008398743428957411 7.851153376285967
275 0 0 0.013802096395071572 7.851377525985007
280 0 0 0.010926836916501426 7.851184709870064
285 0 0 0.013075059506384434 7.851673679910148
290 0 0 0.012750097307066222 7.851595142529265
295 0 0 0.01120435032954159 7.851694812371132
300 0 0 0.014240764466826095 7.850413737262821
305 0 0 0.009609217187064312 7.851384564758173
310 0 0 0.011604396512469028 7.850024760992809
315 0 0 0.00975934315632454 7.84995677257408
320 0 0 0.009354120604539995 7.850053782716572
325 0 0 0.01198036380050338 7.850108279786027
330 0 0 0.0112430930294658 7.85006589393283
335 0 0 0.015607770567889201 7.850445895949474
340 0 0 0.011806416467956105 7.8499045013714825
345 0 0 0.01097217615719015 7.849026636251495
350 0 0 0.007926360262956678 7.849586251283494
355 0 0 0.011676061973647345 7.8473096849608295
360 0 0 0.012434031870451223 7.849097111816522
365 0 0 0.013918664473389963 7.848527746423473
370 0 0 0.015035354146564206 7.848767470674154
375 0 0 0.00932882973499316 7.848091663192639
380 0 0 0.006969087036387878 7.848351491669815
385 0 0 0.010453525240897932 7.847944498633642
390 0 0 0.012648162622699521 7.848423403835723
395 0 0 0.011656441517265081 7.8484599013565175
400 0 0 0.009020338078784107 7.846916119489045
405 0 0 0.01345744916082614 7.846495148282594
410 0 0 0.008677740051223903 7.846396264276037
415 0 0 0.0129458700109355 7.847200441150994
420 0 0 0.016175886231180492 7.847924378743914
425 0 0 0.015790305111196057 7.846299372383262
430 0 0 0.01751861318592196 7.84657258706819
435 0 0 0.01770165792402456 7.84627000674952
440 0 0 0.002560239882377413 7.845657327466432
445 0 0 0.008580033771242057 7.845392881350556
450 0 0 0.015799899522061178 7.84511895447005
455 0 0 0.009692978883669712 7.844102211380198
460 0 0 0.016338474062276287 7.844731015823802
465 0 0 0.007229240373919588 7.845093440296264
470 0 0 0.016627920821585596 7.845332713180641
475 0 0 0.01042212119488961 7.843633786093741
480 0 0 0.018760952227483862 7.8437440415915445
485 0 0 0.015258859333018737 7.843708875727766
490 0 0 0.010265005893505874 7.843490652863018
495 0 0 0.0053855843980019635 7.843157694917938
500 0 0 0.006655844345234918 7.843049202883048
505 0 0 0.01172304687580139 7.842708613881066
510 0 0 0.009319122539446889 7.841853250779198
515 0 0 0.008163139618059256 7.8415616811276
520 0 0 0.009804036914742964 7.841456388325473
525 0 0 0.011744263172831504 7.840418004223406
530 0 0 0.009111342894527752 7.841724346433406
535 0 0 0.0072020448266316706 7.8402247880848925
540 0 0 0.018301575640637724 7.8401196432556075
545 0 0 0.008912048754264212 7.839898959226658
550 0 0 0.009078025249564359 7.839292610316965
555 0 0 0.014175039809222856 7.838362036434514
560 0 0 0.0132273097872746 7.836640355718918
565 0 0 0.011056461683035756 7.838166696488156
570 0 0 0.019456681150368027 7.83659739553512
575 0 0 0.02529915450314113 7.835551677810771
580 0 0 0.014417965934211185 7.83549661950358
585 0 0 0.003116356706563961 7.834776351332817
590 0 0 0.0006835464851631112 7.833603148739214
595 0 0 0.005553656285504527 7.832676297702939
600 0 0 0.007632988852315448 7.8330181605008065
605 0 0 0.0011181196801248738 7.8317914201462635
610 0 0 0.02074721628943932 7.831004535053974
615 0 0 0.0003161930392678869 7.830272613152333
620 0 0 0.0001628215677671463 7.829055931164282
625 0 0 0.004430231513825378 7.8283152847568465
630 0 0 0.02303763981920781 7.826867526876888
635 0 0 0.015359942153152284 7.826055676523083
640 0 0 0.015817504977984065 7.825203076691684
645 0 0 0.009241699744205967 7.823062197312267
650 0 0 0.003729065915079488 7.8225342527407715
655 0 0 0.00567472536681235 7.82074669555967
660 0 0 0.0015649120794489768 7.821218108179995
665 0 0 0.008584938952895138 7.818895588618918
670 0 0 0.002769820960052183 7.818547477304554
675 0 0 0.014488715764258586 7.818108994134452
680 0 0 0.005845723648346457 7.815670573419594
685 0 0 0.00037381673815639616 7.814343618116641
690 0 0 0.012109656082212483 7.812252936397979
695 0 0 0.0025560875821393214 7.8118530830266995
700 0 0 0.020352959115040203 7.81086405265084
705 0 0 0.00248689312215733 7.810621056924921
710 0 0 0.0012461139285879774 7.807473271866168
715 0 0 0.009767485896827077 7.806953084999383
720 0 0 0.027588394335086086 7.804941148202711
725 0 0 0.003940220855984666 7.804332064843538
730 0 0 0.0008288408739673958 7.803110533338151
735 0 0 0.013579452032243422 7.80137312420331
740 0 0 0.01017657774889158 7.800298785550705
745 0 0 0.024494114160002578 7.798954590428661
750 0 0 0.002627624985323873 7.7985471804076205
755 0 0 0.01754873831921744 7.795884770409519
760 0 0 0.012935467538933931 7.79492092501783
765 0 0 0.009743975112160186 7.793258034214846
770 0 0 0.01002094468456649 7.793389385041419
775 0 0 0.005465014697845216 7.7912617608051224
780 0 0 0.03028025757753694 7.78905329854098
785 0 0 0.027797091037778943 7.786874914727284
790 0 0 0.02429016290884345 7.78661730134918
795 0 0 0.0052966814269765905 7.784717843093643
800 0 0 0.004298306842509536 7.78439937554521
805 0 0 0.03768854807816435 7.783139095164744
810 0 0 0.0277010431746465 7.78132416324666
815 0 0 0.016180973683624034 7.7811493269138134
820 0 0 0.04708791619198749 7.779030806536614
825 0 0 0.031193019379564646 7.777755871343717
830 0 0 0.006962474726835977 7.777186497562679
835 0 0 0.04104277955510338 7.775866314326788
840 0 0 0.02356670139827144 7.775056123278926
845 0 0 0.013293358688563739 7.774204822621973
850 0 0 0.047114797804403974 7.771693055618962
855 0 0 0.04221133266892085 7.770804132696822
860 0 0 0.00819916554012412 7.771426748537278
865 0 0 0.012366605394481978 7.770679944497635
870 0 0 0.07729552274401619 7.768137150652791
875 0 0 0.04427262321499237 7.767883573618433
880 0 0 0.06814227287691099 7.766204244263348
885 0 0 0.030712353281375337 7.764633051436362
890 0 0 0.06693245853388663 7.765316330769753
895 0 0 0.0015619095344399092 7.763326268303265
900 0 0 0.03699685391477647 7.763274562652864
905 0 0 0.05709626558405256 7.762046415955425
910 0 0 0.010755306132675058 7.761256781373726
915 0 0 0.06642347403835247 7.759635361652198
920 0 0 0.03175737797401457 7.75958147316243
925 0 0 0.041082148123695594 7.758360190792864
930 0 0 0.06329000748669755 7.7570114033187325
935 0 0 0.011924189091820692 7.757518993820037
940 0 0 0.01317471374205148 7.755302987317481
945 0 0 0.02381934539034236 7.754905935724708
950 0 0 0.02149484931692447 7.755206350419961
955 0 0 0.03602425196883363 7.754471084730182
960 0 0 0.07048474271428296 7.752993240223608
965 0 0 0.06591711563926039 7.7525631596246205
970 0 0 0.01935199068663529 7.7514075231240005
975 0 0 0.02315349902619035 7.751442560490339
980 0 0 0.020612538359157995 7.750583099667499
985 0 0 0.09084034911787175 7.7489467226982045
990 0 0 0.021920834754552976 7.74877404944972
995 0 0 0.019150310059084408 7.7479735333919
1000 0 0 0.06222053243791015 7.747961348881303
