0 0.568512876177933 1.204489604557451 0.29218379585146215 0
5 0.7037535418839334 0.7345332056907798 0.12249798137226242 1.8426592379915419
10 0.7526772054341563 0.6017988960572733 0.13439202176228515 1.7900946630280352
15 0.7877652954756535 0.499497803182122 0.039016694434075294 1.7475676106854414
20 0.8321124817467093 0.37694980912516174 0.01910046558144529 1.698611949704827
25 0.8784782836660843 0.26155854732749106 0.03583825975693933 1.6579372721182417
30 0.9099403547488965 0.1895153454266485 0.00962206309140523 1.6383143939518183
35 0.9251916140992149 0.1566193289963418 0.0004808453998257356 1.6334199245703858
40 0.9302467687539826 0.1459360767006337 0.001859657350788746 1.6325014383178655
45 0.932372447256768 0.14187177679619611 0.0019452142678892947 1.6322521181306313
50 0.9331398593198326 0.1399660184207605 0.0010428042600916232 1.632210693102192
55 0.9334328507869241 0.13934485734186697 0.0010670631201370462 1.632239497982898
60 0.9334829052660463 0.13924577970986984 0.0022836758599247275 1.6322437018087497
65 0.9335974905529274 0.13903462799674093 0.0015808058510222711 1.6321711432980408
70 0.9337422911970117 0.13900048342084004 0.0005235591437939835 1.6321228304643807
75 0.9337634601072076 0.13879956929939574 0.002577496199114071 1.63225772480152
80 0.9337524231930227 0.13876069148447057 0.001054034046938046 1.6322273706941113
85 0.9336469680575044 0.13898220500764125 0.00022466103815710348 1.632216565300731
90 0.933434231477309 0.13940979704114476 0.002553998921378531 1.6322023299430817
95 0.9334630456832896 0.13938501410502124 0.0003967643853934888 1.6320797178947801
100 0.9481074807072926 0.11212650164191196 0.049570584414545316 1.754466903813952
105 0.9631629921471496 0.08937133408988873 0.07100032776157006 1.7196732719145302
110 0.9658705121582967 0.08553425494598144 0.05689447901713329 1.7151011376221117
115 0.967125255170134 0.083418279858122 0.004180067337983928 1.712880779028977
120 0.9678744248926285 0.0816286877327852 0.028911241530100273 1.711209552700839
125 0.968318462294145 0.08016301150833671 0.038822064326794026 1.7096788996688006
130 0.9689520010594 0.07870647057975932 0.012730970312634149 1.7082957862475423
135 0.9692442514405306 0.07793167537428425 0.04928497197532056 1.7069073582028045
140 0.969656259288871 0.07626098588262797 0.045902314910122755 1.7056098530737862
145 0.9702400539415209 0.07486314385947224 0.027511224452051453 1.7043762916227378
150 0.9706216516402133 0.07377432995097633 0.04635671539146902 1.703457279757632
155 0.9709384284703795 0.07282916116292815 0.013547184133820611 1.702203729948936
160 0.9714072343363962 0.07149056886041905 0.03838654679276532 1.7011254333396517
165 0.97184242985605 0.07007462305668377 0.031837454472284366 1.699810254084829
170 0.9721473941123783 0.06938117944932842 0.03493530041904935 1.6987301433802375
175 0.9728067835199443 0.0674683348396421 0.022297758585636318 1.6973315589714792
180 0.973244971747107 0.06593656877403054 0.04517928435194474 1.696077001393637
185 0.9737654197232747 0.06473638506009882 0.018883828871552488 1.6945372764395679
190 0.9741339219082115 0.06365641226251229 0.016383655639092165 1.6929743516318991
195 0.9749938756025593 0.06118730829478514 0.03747155550058934 1.6913367103638905
200 0.9756892320364303 0.059291483422612146 0.027777507993312023 1.6896682624125854
205 0.9760131976020872 0.05864901520214416 0.05881069728652655 1.6876950519712424
210 0.9755293852111235 0.06059395649297339 0.01360954556511551 1.68551989811961
215 0.978130268772378 0.05268372084045625 0.01789802329561585 1.683039507921525
220 0.9789942802447835 0.05066277726660284 0.033121627696405254 1.68070486356676
225 0.9797878091828676 0.048285787234002564 0.029230422923500532 1.677917096409202
230 0.9815020752484118 0.04385979475060209 0.04137685488454901 1.6751242889973446
235 0.9827731424553259 0.04062646708480644 0.0043282547842316 1.6720180286915092
240 0.9839581741103061 0.03786647489443884 0.012281454126765956 1.6686538754443156
245 0.985510320418489 0.033661271556215455 0.019566665653841575 1.6653020108518113
250 0.986890112818427 0.03019727408075834 0.0054586650108987556 1.6619846544914045
255 0.9882872374747266 0.02681081509995842 0.022691859085455457 1.6586913748600105
260 0.9895152961187461 0.023672788453957816 0.019864461444390802 1.655202766815834
265 0.9906169966751783 0.021039595581274995 0.02140939030160327 1.6526828121208252
270 0.9918706653748413 0.018537127014443877 0.006796529406317253 1.6498174509815708
275 0.9930082351456877 0.015300374886293877 0.0017941082411065956 1.648048103275892
280 0.9938045982736428 0.013857953843918747 0.010376318019209574 1.6460314912734781
285 0.9939912603797215 0.014126995587462998 0.0031367063842993037 1.6444066989673527
290 0.9952563824609741 0.01029764961406765 0.007766602421224178 1.6428276525845649
295 0.9953978882855489 0.010160827657956784 0.004573823504669727 1.6419413224860944
300 0.99618539972074 0.008275330747435916 0.006342387407778816 1.6409342003913572
305 0.9965147943914439 0.00763923317141435 0.009297527719682508 1.640299540817723
310 0.9962334197243417 0.008733798933392212 0.0010395584003399794 1.6396923747213867
315 0.9967535065376485 0.007373873143173615 0.013917835211694651 1.6392759286096201
320 0.9974270507219671 0.005452289267154908 0.008163899930662577 1.6386879410914048
325 0.9975222653665126 0.005545096771646829 0.0066518587945330054 1.6383332977843659
330 0.996805140475811 0.008514050694216735 0.0006845441928167162 1.6373518489530599
335 0.9979549826257967 0.004293989100680129 0.006355915755289709 1.6378164284438808
340 0.996835882445199 0.008811493875926502 0.011715587601196287 1.6377043374969218
345 0.997527053344677 0.006180570949902542 0.005173339629889195 1.6370175199696302
350 0.9976512406450442 0.005894357922502369 0.0013255893189370038 1.6366820378260871
355 0.9975277216942798 0.006491033649964173 0.004701776904535215 1.636910265673651
360 0.9985023169332475 0.0031595069362548855 0.014443586951631504 1.6366150555152865
365 0.9985651495542864 0.003064014666972037 0.009279677616540916 1.6361065069436125
370 0.9985478752202842 0.003291427219317189 0.004909053406110475 1.6360056284719346
375 0.9980616268814643 0.005344812452069192 0.001146159700664784 1.6363648866349072
380 0.9987171627126554 0.002746149917729923 0.0016152095837260738 1.63584997993083
385 0.9987490877704219 0.0027288093577813033 0.0006322070444266803 1.635954932073467
390 0.9978977310191803 0.0058888665563863185 0.006405431257348715 1.636220013599488
395 0.9988154941094645 0.002715781041486398 0.0016855196808851503 1.6357097370264462
400 0.9976073934105711 0.007560563396264097 0.0021425591767929575 1.6359198178169763
405 0.9988802532800101 0.0025861664526281025 0.0028550163876139845 1.6357729131866563
410 0.9988956432998051 0.0025021886373481905 0.004527065646259931 1.6361149858447672
415 0.9990220743627145 0.002104738264179229 0.00035327018435538093 1.6356072541332003
420 0.9987116358929906 0.0032886842629393787 0.0054067176999443856 1.635296783814682
425 0.9973166861921754 0.009013872902562614 0.0013150638602925646 1.635487133824651
430 0.9957619612248333 0.015037891161986616 0.01412739963882892 1.6353235311535548
435 0.9982384640440616 0.005203020602246422 0.0012171020159732482 1.635094169406203
440 0.999110380510322 0.002000125528815788 0.0030537103849732627 1.635110694732146
445 0.9990568477157196 0.0022909685725274187 0.0020707949879623655 1.6351085687432114
450 0.9991013758350552 0.002142997750915754 0.0025672149117452747 1.6349752396553001
455 0.9992062114470688 0.0017301556001414475 0.0014047078579941807 1.6351901581244455
460 0.9991724729443835 0.0019050908558568835 0.0029349300022012415 1.6351443754825734
465 0.9991904112517029 0.0018983135635957105 0.0019007952320608812 1.6351575206998357
470 0.9992243854625409 0.0017933550609348092 0.0002915919015893387 1.6349982570468131
475 0.9991358456228006 0.002165879148624539 0.0011204265250186474 1.6348077389931095
480 0.9992544058793282 0.001707115896879774 0.0006963032060904872 1.6349568224191058
485 0.9992738585300038 0.0016383224666067786 0.001304080992420742 1.634686733354896
490 0.9992613179832252 0.0016905578796995169 0.0032393154672945013 1.6346734978630113
495 0.9991662066152864 0.00205880863962693 0.001097795077512398 1.6352068650053266
500 0.9987798110271029 0.003539265853578888 0.003763413903238755 1.634364334364312
505 0.9992773080355841 0.0017613927365554005 0.0013830115899244877 1.6347284911615636
510 0.9988750997240238 0.0034002193294533356 0.0007184690553170281 1.634975723862947
515 0.999353144161149 0.0014514592365602041 0.0012040612109105453 1.6343742601871951
520 0.9992946142066017 0.0016761610085864742 0.0006752094265740638 1.6342861224833456
525 0.9993401534271207 0.0015497217308144684 0.0001269086360817795 1.63455663970009
530 0.9989504183180402 0.002998699520566639 0.0024259755404418826 1.6345354470205904
535 0.999366322071645 0.0015033143924834125 0.0006472857272790122 1.6342917579978757
540 0.9991347555187526 0.0023326225305417836 0.0022752362013445104 1.6344294112828377
545 0.9993526781996822 0.0015478983375043498 0.00029069072767984316 1.6341848986896832
550 0.9989426907031587 0.0032326463312797316 0.0001441935477795031 1.6343951183668937
555 0.9989671359130549 0.0030076920456931777 0.007906916932290065 1.6344738581042133
560 0.9994459926407393 0.0012347234687097863 0.0007775435728354374 1.63472351645869
565 0.9983919641168117 0.005250050020624064 0.011748473331092413 1.634027097516173
570 0.9993904750718394 0.0014749817775279173 0.0010808513594606772 1.6341841507974268
575 0.9991805168658195 0.0022590978724668087 0.0001568141375130061 1.6339732594940395
580 0.9994839088939003 0.0011295482949731372 0.002824946068790357 1.6344437364501962
585 0.9994425156386815 0.0013430968126935117 0.0014865162094346296 1.6341293585799799
590 0.9995026347061102 0.0010971060726834292 0.006310543859840534 1.634149221920353
595 0.9992894012519812 0.00199280277747671 0.002228672377941887 1.633854973545972
600 0.999398970077449 0.001553465072370308 0.0010716231255241127 1.6343137876687797
605 0.9995023045582702 0.0011406819269583757 0.001037267450223478 1.6341560643045372
610 0.9995312677853264 0.0010277975300421183 0.002452383651674328 1.634139197602119
615 0.9991424418871515 0.0025007080398504744 0.00037998624947199744 1.633942939893344
620 0.9995252143287143 0.0010851218306746624 0.0008553788768339565 1.6341621184073087
625 0.9994586657178222 0.0013136456673268349 0.0020393492123531587 1.6342127593853206
630 0.9994471751358027 0.0014143962296804258 0.0010476326900454858 1.633864576364077
635 0.9995448338126778 0.0010276545315206498 0.0001361426041706082 1.6341105323557434
640 0.9994888652037317 0.0012706833657210037 0.00025321811790379734 1.6338050630812486
645 0.9990735944661375 0.002945656584996126 0.0013133975341994564 1.6343469386678129
650 0.9983643786399614 0.005770628705956238 0.004082165065034893 1.6338483597392641
655 0.9995174761206959 0.0011401648130702213 5.0044909799762394e-05 1.634634120925481
660 0.9995501420450106 0.0010555547856541114 0.0006102227464608312 1.6341345797417608
665 0.9994740998889708 0.0013653654725080955 0.0031918144503295665 1.6339514169161486
670 0.9994305183552712 0.0015706221431488476 0.0022902023081057266 1.633815782071767
675 0.9993400012819851 0.0019269295312935864 0.0035203904643947848 1.6337443324644556
680 0.999549422410509 0.0010956857534856201 0.0008019973061619279 1.6342151288024338
685 0.9995461035363711 0.0011181431466225078 0.000931098298955213 1.6338192787818704
690 0.9990201069440399 0.0030900650869873925 0.0011620530450444644 1.6341275448108608
695 0.9995737647910112 0.000986823700677597 0.0005077083110969216 1.633883156659244
700 0.9995574344796867 0.0010496477759476264 0.0015653611086838826 1.6338592159796332
705 0.9995253874736344 0.0011757545219492904 5.287362041483945e-05 1.6339918417418147
710 0.9991138467473378 0.0029004019194938113 0.0025083747224532438 1.6339487616053905
715 0.9987056182273517 0.004346411438794773 0.0011569285289363407 1.633892411466118
720 0.9991288967644667 0.002854342581399383 0.00025424314944189064 1.6333824512472674
725 0.9996166960669697 0.0008599288212547407 0.0018516782205739712 1.633747705029734
730 0.9984590471357883 0.005513538610148805 0.006280253619569187 1.6336798945205069
735 0.9996074682324299 0.0009095834165147032 0.000565935291969355 1.6339919939476764
740 0.9991237476973713 0.002888041109509132 0.0011927646145124537 1.6336616856832546
745 0.9996006711601357 0.000970666063273784 0.001105253201894918 1.63401553405137
750 0.9993890775674613 0.001745129565912773 0.0024210100390567035 1.634018027791003
755 0.9982811107120476 0.00603456245460432 0.0026371101922881834 1.6336781309174924
760 0.9985731643447996 0.005109849005391798 0.0008273256201449808 1.6339278489420537
765 0.999200473922361 0.0026029319795499717 0.002733040216801763 1.6335800515081487
770 0.9996136881278506 0.0009257988774342696 0.0002936599405209961 1.6339770128403375
775 0.9993577738619261 0.0018931151569057114 0.002013321280731839 1.633699849153974
780 0.9996512934840177 0.000797885655660524 0.001040503868402043 1.6337973350303074
785 0.9991934799483841 0.0026604133015744047 0.003968627468502017 1.6339014240219376
790 0.9995757679853478 0.0010764312810827015 0.0021918819961417313 1.6337038367385646
795 0.9996341866705675 0.0008759628422285726 0.0005058600300775762 1.6338614994476834
800 0.9988403282761662 0.004064705254286816 0.004624221960741082 1.6337182027215784
805 0.9992526744391701 0.002325957495313391 0.004018625326970948 1.6336350857414594
810 0.9985944212196239 0.004898937575087636 0.00411854413560131 1.6337776186426844
815 0.9995842538723116 0.001106347210354297 0.003933648631383457 1.6336361516478297
820 0.9991014427921386 0.003056567548279432 0.0016454975284925233 1.633653776358062
825 0.9994260545939748 0.0016846823869620664 0.0007338217385441936 1.633666032439996
830 0.9993754626110236 0.001953052037658054 0.0013057253393828905 1.6338766905739524
835 0.9996338665739148 0.0009191082686232921 0.0005553660383814663 1.6334909938845472
840 0.9996512238404194 0.0008284508668177093 0.0006142359058927127 1.633749080677034
845 0.9995428910743929 0.0013041991445039702 0.003103454024873553 1.6338136397612246
850 0.9994812926445586 0.0014894587833802486 0.0007483094096953913 1.6333249387955473
855 0.9996865146874201 0.0007179148138156677 0.006081298111588973 1.633747836838927
860 0.999615077927969 0.0010118539910295432 0.0021074650425016994 1.6339743536708111
865 0.9996586854306566 0.0008423065696634424 1.2380735722850034e-05 1.633495657011755
870 0.9987234025438246 0.004440215803672931 0.00273046347208461 1.6334150899824715
875 0.998342620474704 0.00612256275823686 0.01823705566931766 1.6331219250641984
880 0.9996093481271171 0.001013066990327438 0.0022671355747019284 1.6337167949988673
885 0.9996958952905621 0.000698059290487496 0.008719629357139214 1.633773308639782
890 0.9996686990458802 0.00082092994093097 0.0019398174251998856 1.6333350079849402
895 0.9994923564010569 0.0015481070309990574 0.0041228927509098234 1.6334127229496778
900 0.9996312748758764 0.0009852496426152602 0.0015919969589122118 1.6335392667307753
905 0.9992607973692735 0.0023729016324576246 0.0016848113962528721 1.6332630289244157
910 0.9991321164853266 0.0028761702958688407 0.0002438166067559866 1.6335199595764305
915 0.9996786616452116 0.0007738950468227923 0.00043933707684895573 1.6337295020884506
920 0.9994560971132396 0.0017035946799459634 0.009391922827409527 1.6337258091675357
925 0.9997024762990006 0.0006872573014464756 0.002229452875374127 1.6331658971564704
930 0.9996843847831138 0.0007809590159886248 0.000990182687748531 1.6335995561696977
935 0.999567518010797 0.001251449886228384 0.0038062284494329024 1.6332904626147502
940 0.9996147714582941 0.0010351316055299264 0.00021330872100788767 1.6335338888733149
945 0.9997072232282763 0.0006855409750274877 0.0009445228883038226 1.6337243327039443
950 0.9996138483823926 0.0010421451757935962 0.004794648241354782 1.633554325090659
955 0.9995665630447519 0.0012217463621415625 0.0019563270192466398 1.633729903184471
960 0.999651644998684 0.0008981014107021235 0.00041426044059145184 1.6334632993959741
965 0.9994127524657281 0.001819388135467337 0.00314918425896904 1.6333194335632637
970 0.9997210488889401 0.0006430414322442513 0.0007830801645503094 1.6334085628918569
975 0.9994708400430375 0.0016737310646481873 0.0013271329878103977 1.633335313085148
980 0.9995256509704897 0.0014006544640738916 0.002863759495725704 1.6334010218349782
985 0.9996804487315931 0.0008339004504831493 0.013621909679723876 1.6334440062807765
990 0.9995865350149251 0.001215830115550931 0.0025284085147800894 1.633247634644504
995 0.9997212412257588 0.0006544470361278254 0.0010673173332633734 1.633551198271473
1000 0.9997418869006358 0.0005841076938102319 0.001234948213973075 1.6334047508319953
