0 0.5058841619666004 1.4955062738517326 0.3493343100437919 0
5 0.9479347869887376 0.17411748213784461 0.01326683815854457 2.7009425450190845
10 0.9624935589494328 0.1404467486234564 0.009991826265462578 2.6954075625537546
15 0.976657763593477 0.09306666965496779 0.0029826653920637103 2.668122250279266
20 0.9814927512950352 0.07894384569129675 0.011275511798277682 2.6541284041195263
25 0.9758181832811288 0.11051009710947479 0.003697220920917621 2.652013111864123
30 0.9833854117406461 0.07559100168698585 0.0007921283577356775 2.649572415703152
35 0.9826186598218667 0.08056854816808823 0.008272846689226343 2.647562205045755
40 0.9839935128128033 0.07354689276207882 0.0014353772776314333 2.645900871202639
45 0.9842605164084651 0.0717572140290712 0.0035565206637173663 2.6465168647816024
50 0.9969561045304367 0.009530219818820296 0.004719057721101372 2.6530932771775664
55 0.9951425233544632 0.01726481534976987 0.010495835111062224 2.6435479344954813
60 0.9963176662523212 0.01275347578795083 0.0004102477543335148 2.644141181131669
65 0.9985520114144648 0.004246496117810139 0.001987008056052675 2.6439161766750003
70 0.9975439080591699 0.008252923780395438 0.0007917965453483333 2.643329708618582
75 0.9989234524054582 0.002987224600254468 0.0021393269018472605 2.642750778476727
80 0.9992422364592025 0.0022019489761149202 0.0025580192922822764 2.6422624647887
85 0.997401050622275 0.009727482206214333 0.0006098726886560879 2.642648517206793
90 0.9947132232947996 0.020612869774512266 0.013030427990603277 2.6419840524105034
95 0.9990109266088287 0.003105500670270267 3.0421024980631373e-05 2.6423105097323063
100 0.9981304748276193 0.006918234375443699 0.006120340236335453 2.6412175603885775
105 0.9974966752658359 0.009189665412255632 0.0026038994583015285 2.6417037311035005
110 0.9935561337087605 0.024882295279424316 0.001594546672156083 2.6417425755606536
115 0.998850549419634 0.0034446284353162326 0.0020100863607939168 2.6416977203216616
120 0.9987493754074683 0.004294008836201346 0.000535843146093562 2.6405792100892502
125 0.9985365710937764 0.00492444391935587 0.0019082149853240082 2.6415155713292853
130 0.9977845603520976 0.008834063670889236 0.00023038383868168033 2.6410685163055057
135 0.9959293919697935 0.016249814259494233 0.0012477768601175665 2.6412210326693106
140 0.9985474777078983 0.005024411988887589 0.0044033989396561335 2.6412196644575605
145 0.9994248069494875 0.001880777999985206 0.0026755560901288167 2.6407278523537467
150 0.9991964672992983 0.0021752640815519975 0.0003916869132274403 2.64050751477811
155 0.9972245801680989 0.009858514816252217 0.011403518658708256 2.64121831975779
160 0.9995457581278888 0.0011436002092626296 0.002893255865768385 2.641101351244154
165 0.9993072820450802 0.001833694615225312 0.002134331126805833 2.6401049617045143
170 0.9992904923876738 0.0023699078504590965 0.0014912297191942425 2.6402946378227874
175 0.9989656820022037 0.003353338195557942 0.0031190968491134896 2.6397704075350577
180 0.9986394504903647 0.004965296576408207 0.0007568241064497272 2.640080069247262
185 0.9993499947673927 0.0017252155854934337 2.087855638377434e-06 2.6405294955680096
190 0.9984824554163947 0.005534600893511765 0.0018925909445046685 2.6402688327465795
195 0.9987669612648775 0.004106563487725978 0.0011312020527665112 2.63985924292503
200 0.9991307290303384 0.0025984046379847747 0.0018533873152697389 2.640332063629343
205 0.9978653077044433 0.00787110881395403 0.00040879082170741654 2.6397457604967998
210 0.9985930883370681 0.004979433468851102 0.003132322263459164 2.6398899825628677
215 0.9985742632150111 0.005099245251767748 0.0002475503060861417 2.639709889697361
220 0.9986194332662501 0.0048848880309648735 0.004119697325856597 2.6400164931416192
225 0.9990113097294783 0.002900259755520551 0.0028252957581724747 2.639690291081269
230 0.9964731739356332 0.013288178045430143 0.0023663225231673746 2.640060349427965
235 0.9984639912652358 0.005773559269223849 0.0008698327199605504 2.63943489958003
240 0.999004713608388 0.0034429942629050636 0.0009182248737695797 2.639526131000866
245 0.9989417097977817 0.0036440153478896065 0.001147010021054884 2.6393919346436796
250 0.9991308040619478 0.0028403001585739496 0.0040699022697163745 2.6398180243013916
255 0.9988648297168307 0.003867553688475578 0.0005398770629150285 2.6399911625765027
260 0.9994463575100311 0.0016290809506043225 0.00039172892828709394 2.6398030404566377
265 0.9989099336976117 0.0036870764156193836 0.0037311583196013576 2.639447663301744
270 0.9994308955412217 0.001737245185715608 0.001997170209040222 2.6393262691248363
275 0.998831044512975 0.0043896736678537 0.005727279050652179 2.639551590332527
280 0.9994944220802391 0.0015727672970711204 0.008972475729905893 2.6393878794024563
285 0.9984280610404761 0.0058611762538398615 0.0016007937113373671 2.6395749520413703
290 0.9989412736913759 0.003995671186686867 0.0031961553254373776 2.639411539352457
295 0.9988728463648459 0.004259373399735367 0.0035578281437691484 2.6392465742943205
300 0.9985435025612525 0.0056165822615255045 0.0027137602418869644 2.6388280188050146
305 0.9995989259273318 0.00112982321728472 0.0013293750148228867 2.639036592622139
310 0.9951224276682349 0.019592867330658237 0.00018323233535189054 2.6385653931696362
315 0.9995820439859403 0.0014141279553014918 0.0052558361565631095 2.638883195165121
320 0.9995469509203683 0.001343917856261978 0.0002640875586141789 2.639224839510513
325 0.999000447918435 0.0036743833138461746 0.002961933916222348 2.6383724448113486
330 0.9992655145015837 0.002532166271687508 0.0026102430165886314 2.6392131776465266
335 0.9979342519077659 0.007807980638080192 0.006891810140373211 2.6388671666964734
340 0.9994831917742941 0.0016172096229398747 0.0031157827729912935 2.638678768296287
345 0.9995993716001583 0.001320430431106967 0.004419963253391224 2.638909742618736
350 0.999613093179152 0.0013019047488720403 0.0037610227628257498 2.638233252768393
355 0.9996131001179405 0.0012605048290614818 0.0018089875876119432 2.6384529929766893
360 0.9994936922304027 0.001681771216580863 0.0012420935084702656 2.638829619617622
365 0.999742420685181 0.0007359703113074545 0.0015920039544943254 2.638827472112441
370 0.9995256831721087 0.0016942818593617126 0.00029657562769025425 2.638928568781547
375 0.999685817755525 0.001092946366857639 0.0009736387548573422 2.6388430116493553
380 0.9997090870555183 0.0010175633823896746 0.0008487262984762101 2.638683138931359
385 0.9995457620144169 0.0016941455543251216 0.0018041852123882318 2.638729397667517
390 0.9996150396969579 0.0012630189814335502 0.0014566081407505482 2.638522347224332
395 0.9994789113637588 0.0017514548940571473 0.00015004390900408282 2.6386889752043228
400 0.9988342516073233 0.0044598144958345465 0.0014947960147269068 2.6386368216041443
405 0.9995151045678579 0.0017276265129515522 0.0005910723205204693 2.638701354824204
410 0.9997464135356858 0.000814143464510142 0.0010114256416926537 2.6387339675794244
415 0.9997266573381918 0.0009397184283481685 0.002198237194851238 2.6385651771951513
420 0.9997069338008053 0.001039591338900081 0.000782325085718405 2.638526651389928
425 0.9993843301435894 0.0023053744058216807 0.00041422872671037503 2.6385722420705817
430 0.9996128359222036 0.001264696307316182 0.0011059571777360944 2.638561258304763
435 0.999582132863143 0.0014093533703931627 0.0029408446014862477 2.638238201913002
440 0.9990429155197263 0.0036291343725456393 0.0012298997712780757 2.6386276215048934
445 0.999585694574941 0.0014627321840903207 0.003297436145189403 2.638251236970841
450 0.9995179112458755 0.001707292675058536 0.001093178340156653 2.6389295823053205
455 0.9994651408472428 0.001898456955182759 0.0036580809572426265 2.6382957263606848
460 0.9990105133841765 0.0036099436825667297 0.004437395424271129 2.6386014687420833
465 0.9996720758007713 0.0012260948495468327 0.0009370901985783497 2.6384315260850837
470 0.9992454230951213 0.0028695331122796652 0.002196577880660966 2.638704101126888
475 0.9994380239396213 0.0020881796121234864 0.004922314398931427 2.638139932663289
480 0.9995016920826914 0.0018203036126878125 0.002127462255053336 2.63833230179303
485 0.9998216963880764 0.0006191017442769287 0.0004549169305338996 2.6390944728420216
490 0.9993888768759172 0.002167483799159875 0.0025609671329034356 2.638642072340229
495 0.9994605969845131 0.002009527962844704 0.0025490502052594177 2.6384365868368955
500 0.9995280080149301 0.0018336793994047085 0.002261412019429976 2.6385404539947013
505 0.9993354460467327 0.0023827116526131675 0.0004415287885051189 2.6385367587897957
510 0.9996681211989262 0.0011866723396241063 0.0031991144068146404 2.6383609388256275
515 0.9991162015112944 0.003304962426409652 0.0011369470201116894 2.6386553726100463
520 0.9989250530325158 0.004209676188331901 0.0026789446443724607 2.6383699098103994
525 0.9994366042809499 0.0021496934250913036 0.0015978566200991473 2.638483020298251
530 0.9994908865927286 0.0019394116984567944 0.0010349174436046216 2.6385340755215894
535 0.9996389260714067 0.0012873033232301268 0.0008741160500593814 2.6385501817176533
540 0.999552266968621 0.0016847746165504773 0.0030194664886200595 2.638053184562701
545 0.9997002141077586 0.0010534910878958748 0.002903846198697879 2.638389747063053
550 0.9990161217700392 0.003783573913923366 0.003225263913490428 2.638064606453051
555 0.9992966608671825 0.002592775462998187 0.0008647668314403223 2.6385685239807963
560 0.9991703396311196 0.0031535980983612433 0.0008381497560483453 2.6383462463887133
565 0.999572161048183 0.0016097347331558431 0.0029061669270091794 2.6383792493375506
570 0.998754077902049 0.004668803786673337 0.0006365520013333903 2.6386113830373112
575 0.9993872642490786 0.00235832482534315 0.0003394740955737774 2.6383355342888626
580 0.9995495494668223 0.0016441901569690387 0.0024004761879516945 2.6381131625681333
585 0.9997771493364762 0.0008033507782054805 0.001348699419221111 2.637913528112471
590 0.999658490347883 0.001215147849543019 0.0017983010188580284 2.6382011602481925
595 0.9997941876881965 0.0007273446656559379 0.0010405533388413435 2.6385133903845133
600 0.9996278307169006 0.0013896650754059436 0.0027033798225544192 2.6381059761158863
605 0.9991695284665778 0.003063702303514937 0.0015400276066368512 2.637977982940514
610 0.999320206974808 0.002642591494403046 0.0038192292742496026 2.6376295606269697
615 0.9998471629720324 0.0004901626296156536 0.00017989804429041634 2.6382655880139025
620 0.9980066978592883 0.00790578346774451 0.0010153559546195456 2.638516572378647
625 0.9995200000716845 0.0017726051425217548 0.005614965353505363 2.638102126108421
630 0.9996167382270073 0.0013941575680491702 0.0010410739249759882 2.638268172741163
635 0.9996932063149798 0.0010950933738755886 0.0034459214876167987 2.6383357963255922
640 0.9993638106417638 0.002478083664688935 0.0010906799983223525 2.638033382970395
645 0.9996492778536765 0.001326623111068681 0.0022857687433146534 2.638171645644137
650 0.9996096280201503 0.001482377582971317 0.004456858439173095 2.6381435693872324
655 0.9992543361843508 0.0029355456364665855 5.877384259456164e-05 2.638277438223288
660 0.9996060767496612 0.001488792366980185 0.0031938063264480565 2.638310043437301
665 0.9996158068352909 0.0014471449046471463 0.0017535323579249695 2.638019708439259
670 0.9992288756351704 0.002925704891117764 0.008262439174764546 2.6383485611704627
675 0.9988983156727058 0.004281170003925805 0.004491709917898268 2.638078280503629
680 0.999555103203192 0.0016959662443398749 0.00023716479673607793 2.6383608772857006
685 0.9995342463690038 0.00178307638257591 0.002565921234281232 2.638160456769345
690 0.9996628998325101 0.0012501331660659254 0.002217773677400281 2.6382477829377535
695 0.9996809882479736 0.0012226842918212633 0.006037155300298691 2.637844445020862
700 0.9996479606268197 0.001299351001522897 0.005119892930337988 2.638454759882707
705 0.9996515587673933 0.0013237584363046118 0.0013640925607096843 2.6385964211104613
710 0.9994161985093278 0.002237254907652364 0.0004015575708697927 2.638367254285122
715 0.9993539863362393 0.0023123527979627134 0.0005177620248355552 2.637935742262457
720 0.9996901489258994 0.0010838029851467645 0.0022621162609248735 2.638061066660173
725 0.9992199408543332 0.003025168467392536 0.0010294443565637135 2.637912270635096
730 0.9995850995432214 0.0014246746556003664 0.004102914074138653 2.6384362147356457
735 0.9996440089434109 0.0013293622541343808 0.005414896770322253 2.6385015698240206
740 0.9992967182332361 0.002726343392728925 0.001811830259012659 2.638043177743695
745 0.9997936491352648 0.0007358734915410281 0.00404958190383331 2.638096562773914
750 0.9997797673371251 0.0007768949490420951 0.0012950897766772496 2.638135673284141
755 0.9996705890878277 0.0012111150015123862 0.0008198499914842117 2.6377654976781586
760 0.9997590459247988 0.0008613860548005725 0.0019775284737326704 2.6382851609958347
765 0.9994091705977827 0.0022963292150537384 0.0013486349670710496 2.6374578552416317
770 0.9996390863044742 0.0012500976427087807 0.00558610262929915 2.6379311579299514
775 0.9997125169116647 0.001049280485938997 0.0027692436022390687 2.6382947096811984
780 0.9994524556535389 0.002084187312286101 0.006489613756939017 2.6380017834723213
785 0.9995543471850076 0.0017163280036371908 0.003410255883094848 2.637901682309719
790 0.9987832685255096 0.004767224116132951 0.0003009991015623381 2.637784532544901
795 0.999628027345812 0.0013893460498008992 0.0015675658224731936 2.638042581932714
800 0.9997325220867123 0.0009298892715148277 0.003612220954019252 2.6380277916736157
805 0.9990979947840439 0.0035199086545780744 0.0032286387951323547 2.637963101062053
810 0.9995912924374796 0.00146739223461001 0.004296972878902183 2.6376829040384653
815 0.9991766705078449 0.0031574982231696858 0.004289595927333689 2.637932670817766
820 0.999169942703069 0.0032617555494027783 0.0023440426946719217 2.638075059543114
825 0.9995126195685001 0.0018955359518635362 0.0008158771871389359 2.6382903867252936
830 0.9995816659595729 0.0015001966940801914 0.00028149939464205964 2.638041246268056
835 0.999477376392573 0.002052216271749785 0.0027931228170119393 2.638210032914744
840 0.9991545641910895 0.0033305733495021528 0.003017045184531053 2.637900258760618
845 0.9997174904789151 0.001054847023294947 0.0007572775851185654 2.638198958044559
850 0.9998230503195478 0.0006408530442145732 0.003462836957811133 2.6380673482134767
855 0.999481809849873 0.0019491976207084427 0.0019652818338720124 2.637736563271491
860 0.9988976443794262 0.004273525675496881 0.0001610908565556901 2.637825562303774
865 0.9997818385038069 0.0007874523332223049 0.00015129881076147988 2.6381736135976075
870 0.9982488356528867 0.006972114524401718 0.0027157849957009095 2.638058526135689
875 0.9996468952136296 0.0013278854148892627 0.0005084451724626238 2.637967460013144
880 0.999806259451471 0.0007073408802829029 0.0016792094039692618 2.6380915586454385
885 0.9990304022696068 0.003801551940468606 0.0018036660612585909 2.6381443551433756
890 0.9997875106076428 0.000776890988556378 0.0007402302981065478 2.63838136586516
895 0.9996097575036011 0.0014459580372485625 0.0060167154612427165 2.6377492983325386
900 0.9997848691274605 0.0007876734237886041 0.0009134367068206473 2.6380519482707374
905 0.9997131099439535 0.0010828087088090577 0.00020379420379446067 2.637748305496323
910 0.9994852949112176 0.001842681277379743 0.0032020697703567524 2.6383124308369106
915 0.9997149796715874 0.0010446124205540919 0.00026810369401597534 2.6382486331776245
920 0.9997597193975893 0.0008573259190218785 0.001602713931402766 2.6379643021695456
925 0.9994217027075649 0.002129824176755335 0.003992029867275093 2.637934347290912
930 0.9997361400528001 0.0009895912475044177 0.0021864092752312825 2.6382602818557808
935 0.9989773669369246 0.0035816516746218774 2.6113049826914647e-05 2.6379610285301816
940 0.9993905187580587 0.0023371855534084496 0.0030549439916365273 2.638011259780013
945 0.9987678940702434 0.004727787836998232 0.009433585831589708 2.6376710746595307
950 0.9992477673512513 0.00296096863909856 0.00337910353393589 2.6378252564873663
955 0.999678299685936 0.0012204693139747924 0.0016625020390568235 2.6381606393287544
960 0.9990751201333528 0.0035733991328705805 0.0014509219888627634 2.637982856031964
965 0.9996170244448996 0.0014137916250192006 0.0016912613666213439 2.637697489087058
970 0.9996787773194191 0.0011805362901990968 0.0016113659758094645 2.637870328872185
975 0.9994330815409905 0.002136692741309343 0.0015930442266631761 2.637542720935178
980 0.9995531536744156 0.00169936176644514 0.0013293138203744892 2.6382225915745563
985 0.9988799077189827 0.004319486410163886 0.004239081392630961 2.637799429915033
990 0.9995060605669719 0.0018978650841501299 0.0025124467692287933 2.63812119767624
995 0.9994972201086068 0.0018992006772999837 0.0013131527436403 2.637815176132916
1000 0.9998267078792931 0.0006353697738958886 0.0005228861728598933 2.63816126722495
