0 0.49490347796548334 1.5464721031598079 0.36494003872111236 0
5 0.7487837700532805 0.6408409975320883 0.13925524696419656 3.3164502827418585
10 0.9391058034300144 0.13678960485822733 0.01289867756147145 2.781509268277585
15 0.9476673898138805 0.12231977005012462 0.026903022350624584 2.760962068356326
20 0.9495548647556047 0.11930030426174687 0.05089551154069949 2.75700293258597
25 0.9508033793021129 0.11571797268564721 0.03837745676678184 2.754197582201422
30 0.9511775036877008 0.1151164325757672 0.01670787135933849 2.751638965975875
35 0.9519501441851859 0.11260692266644678 0.04166851219242873 2.750000897051741
40 0.9507502369363354 0.11591965321269981 0.05421512003228712 2.7483656614323295
45 0.9531806911401615 0.10928705134016337 0.01300300917851005 2.747792735288624
50 0.9532191237658019 0.10888306692673488 0.03297906463635347 2.7468484675134586
55 0.9531583180105047 0.10920627461865218 0.03627988396341997 2.7460165952810467
60 0.9538772759396358 0.10746849559370153 0.015004526418632258 2.745287984736771
65 0.9539214886843983 0.10746239065108343 0.025697874014642297 2.7448191599605822
70 0.9545124678750365 0.10630622672321577 0.02534903367454011 2.7444861400108556
75 0.9547451562087704 0.10556001484992317 0.028294371082719483 2.743899628383285
80 0.9546610036928328 0.10598141604614542 0.002387768554513947 2.7434701319162347
85 0.9550932044205763 0.1045591377454067 0.03560481765512069 2.743156095543365
90 0.9548079069450044 0.10495682079796298 0.015430289027829058 2.7423508170157094
95 0.9551263569173243 0.10427336085942507 0.03119215927368546 2.742112506948299
100 0.9557314079394026 0.10288134415078343 0.02920544626800492 2.741263534801892
105 0.9559916995828696 0.10212222115551306 0.009859970840014443 2.7406734328795888
110 0.9561880363875148 0.10172998910193254 0.03618262702389119 2.74051698070855
115 0.9544418608266312 0.10593177816527977 0.03908922255331815 2.739506412786403
120 0.9561451970280772 0.10156833253828257 0.04123135031789471 2.739165295020008
125 0.9570573917853226 0.0992705687637323 0.02820012949478734 2.7379939785122485
130 0.9573800372407865 0.09861270475191874 0.03158564770248584 2.7376171544186536
135 0.9574911438088466 0.09808798189509771 0.024425802399698826 2.73654872323478
140 0.9576126894673755 0.09854956551038407 0.039702555893436964 2.7358742592467733
145 0.9586079728583481 0.09560717767745697 0.027249405628981815 2.735154743281725
150 0.9588804749361705 0.09534538877593768 0.03974658805253917 2.733913782365174
155 0.959194941062802 0.09443923428732326 0.03498886918699573 2.732079667309102
160 0.9597601634230175 0.0925455071080803 0.039353668043830003 2.7314507106639816
165 0.9597645598245403 0.09337683677994724 0.018836074930571378 2.730312080712049
170 0.961406682148486 0.08860135933971991 0.02148733222407695 2.7284793949715294
175 0.9622611345426265 0.08663825201827535 0.02343799841714511 2.726554130142041
180 0.9629802508566161 0.08535523776202414 0.04373264030838109 2.72459472948155
185 0.9640343385623993 0.08270377776632154 0.01987982812929623 2.7222021294531062
190 0.9651810990186628 0.07985174077097801 0.018229356722305523 2.7197306868216793
195 0.9661092361109576 0.07777373128964493 0.017759368936256514 2.7162360618280106
200 0.9676785233797474 0.0750743493847108 0.018191114542086995 2.7130894568038206
205 0.9687311975079729 0.07230785398950035 0.025925766071005718 2.708924466589194
210 0.9722538385405295 0.06357661331339326 0.028282269114306535 2.704647659628642
215 0.9738502015282051 0.06056901389348779 0.0173025119905883 2.6999836379005773
220 0.9771387556263234 0.05297591596859741 0.0014226514289623626 2.6938764680885834
225 0.9790407601110229 0.04865353182818888 0.03717749090654521 2.6886463656166644
230 0.9813995373861036 0.04389452773930591 0.023238711121618794 2.683412473024512
235 0.9844755667117648 0.03719089094191963 0.013683645619633422 2.677798775653171
240 0.9842034214657769 0.04036650530446195 0.013969240586455767 2.67381921893802
245 0.9861488880408869 0.033861127818350045 0.010253969452447942 2.6705326335278023
250 0.9775191304034989 0.08195429255985598 0.013194592881136114 2.724243960728486
255 0.9773978945496715 0.09087286691227225 0.022706623874546805 2.671395844921258
260 0.9780061505770116 0.09029626724669138 0.00790658080074702 2.66589195413911
265 0.9730820003942784 0.10691023379703513 0.012677783762263806 2.6627269619270435
270 0.9778298749518097 0.09144744672330463 0.005353085197283836 2.6615068246588067
275 0.975198891444582 0.10333151349286718 0.01639037446673286 2.659474995690092
280 0.9767633379011835 0.09456520310093497 0.0011344438412497215 2.657612075599908
285 0.9793847844120991 0.08663833368036977 0.006786393220010956 2.6573146164033408
290 0.9793112646906513 0.08832110014703654 0.00010760442279877935 2.6545966008334947
295 0.9804649205852023 0.08089302549648592 0.004475550627358826 2.653504485843484
300 0.9804106906509861 0.08382285419237068 0.0024975957224231404 2.652716838164842
305 0.9808028074492345 0.08238772318377174 0.008032865563934122 2.6511681661962343
310 0.9807124817955803 0.08145156854523483 0.006283585687491211 2.6495455426574237
315 0.9815083148168915 0.07940203153599468 0.006577046288404276 2.6494576341161387
320 0.9798411333151957 0.08461803159875414 0.0010292344467153214 2.647827798571246
325 0.9821408025810328 0.07664764135474522 0.006904683326786953 2.647489456132514
330 0.9824139800788794 0.07625572798606806 0.004688000040054652 2.6466435106238477
335 0.982047558670174 0.07804579137151268 0.002583269210314043 2.646480769742149
340 0.9825096267440304 0.07633243407024581 0.00011219268601903032 2.6457918255821062
345 0.9824163793345192 0.07820282425482272 0.000689342276100513 2.6447091181417255
350 0.9810511108000677 0.0819564741640102 0.0020233691416526867 2.6444802528819706
355 0.9828976267139757 0.0759717034648717 0.0011394026945727997 2.6450720350166304
360 0.9828509877690763 0.07646368635865075 0.003052688951099336 2.6449168569965384
365 0.9827019528577271 0.07820210694275387 0.0006991605428419145 2.6437241986492785
370 0.9822136555544161 0.07845868201501505 0.0058655393871829276 2.6428013312171243
375 0.9830792127432588 0.07647225888306775 0.0007305827671026943 2.642939182106731
380 0.9831880519223535 0.07475558185381814 0.0009954239372147455 2.643645055810471
385 0.983522656685657 0.07437492645443822 0.0005428914364600246 2.64318131879507
390 0.9820418989165994 0.07996517647684742 0.000882071727779099 2.6422377091190956
395 0.9831344907828303 0.07654847662599362 0.0033008583409841474 2.643268633223443
400 0.9839301546515444 0.07203054662895925 0.008815965755635258 2.642927388099918
405 0.9829699432094194 0.07700324187255836 0.0005640521993990344 2.641304910137128
410 0.9830586305552202 0.07789177351302312 5.619146785895701e-05 2.64116051425354
415 0.978998188500608 0.09252252903508973 0.0017979314897840215 2.641708593550167
420 0.9825090693833627 0.07899171289535367 0.0022991539764081192 2.6415635128629673
425 0.9840516940228627 0.07217637628991858 0.0004193668495284797 2.6423312657526243
430 0.9834432771219737 0.07560506580277648 0.004316942942159452 2.641972587072077
435 0.9839836081286666 0.0731304256679528 0.001892358857222609 2.6412260635068856
440 0.9818853601484698 0.0838375528303077 0.004936393958972829 2.6414520806221224
445 0.9836117003674707 0.07554844783781789 0.0005053003565096414 2.6415482487310986
450 0.9832685672234323 0.07698072426162472 0.002432177842143446 2.6413857907929907
455 0.9835529079020955 0.07542916958428902 0.0010715307117667994 2.6411506320856533
460 0.9838666783993166 0.07408992216601895 4.332010711260992e-06 2.641071639399429
465 0.9834978517421389 0.07620636020013238 0.001168382970017312 2.6423799250130067
470 0.9828749784295262 0.07925642033092561 0.0009273996199279377 2.6414678315251057
475 0.9837174481063078 0.07465392232838264 0.00108727700747413 2.641201225471251
480 0.9838594478010647 0.07362578691886634 0.0041737059989956915 2.641340186199865
485 0.9838335633118211 0.07391654300771622 0.0008748620805170138 2.641046943078438
490 0.9835467058436816 0.07537283591120669 0.003600841811113309 2.6401322283226354
495 0.9841696284119892 0.07298493196639377 0.0017531861434940677 2.6407379505204807
500 0.9827874511024332 0.07877480055598429 0.0030326956482438217 2.640954497240561
505 0.9833107534021271 0.07607046208605661 0.0028760109022398783 2.6407852402847687
510 0.9838510005868137 0.07488646626869588 0.0018630864249011836 2.6405149250448727
515 0.983442916649119 0.0765484873799891 0.0023986171968735093 2.640769110288625
520 0.9841876009285249 0.07274563265097234 0.001329804997724171 2.6407093658378655
525 0.9841836872381376 0.07267645342066897 0.0010343343415646356 2.6405917911981645
530 0.984007108223862 0.07412742475500611 0.0010633959197032805 2.6404423691545986
535 0.9841826711270465 0.07310695065278106 0.0018044134328245587 2.6409892768113408
540 0.9840601343211437 0.07308132517300381 0.0034120673521413902 2.6399295681644355
545 0.9832601019390984 0.07735059957219148 0.0016373598114010068 2.640293610300455
550 0.9844329885876785 0.07139639890965732 0.0016429355640295018 2.6404390732386798
555 0.984164984080736 0.07337767799946304 0.00168174116323061 2.6401514272169324
560 0.983933031900647 0.0741203378492199 0.0029892119037839837 2.6398082091528328
565 0.9837621069729944 0.07494744924652563 0.0020882566316451356 2.640506681829377
570 0.9843334944735701 0.07243763607231912 0.00015788822618034715 2.640216394876902
575 0.9840349392501349 0.07428205577372715 0.001850216299460694 2.6399113662154963
580 0.9830300601713076 0.07839635986166948 0.0007353861773105042 2.6397315841604736
585 0.9835538304238174 0.07629685023268529 0.0001984866766842064 2.6401024416391876
590 0.9847150758890977 0.07005797105153677 0.002330594950170406 2.639965377932334
595 0.9841003205562979 0.07322919429679109 0.003838743575317327 2.6398141692442545
600 0.9812627348919378 0.08621421910992977 0.00020103332771892468 2.6396705138628844
605 0.9839933042989961 0.07440274767426791 0.003465362645574288 2.639397652610189
610 0.9822457684672687 0.08248395658279373 0.004635830796052565 2.6399729031611976
615 0.9838256745119291 0.07500091730198788 0.0015485730323556712 2.6399613969681313
620 0.9832940436861168 0.07711386077269067 0.0018157834941836537 2.6401092020470753
625 0.9837410786607128 0.07597670638159038 0.0027463697276195465 2.6399716796688573
630 0.9829869664957636 0.07965555159860038 0.0017938339949929993 2.6396327366147285
635 0.9838186036130631 0.07440001361580872 0.004222780558845063 2.6393353601056835
640 0.9835672377428957 0.07630316426930372 0.00023566543652009386 2.639854895601458
645 0.9841150449760947 0.07339010635532484 0.0033291244020137167 2.6398538594509118
650 0.9834239666459167 0.0768516621075297 0.0057137744464605955 2.6398127535711833
655 0.9841594954000883 0.07395358495250814 0.0005319174761768686 2.6397284477980003
660 0.9841621626372283 0.07361789105280936 0.0010926336574967888 2.6400897708149658
665 0.9826676544827957 0.08086512603996532 0.0037634817628693362 2.639907795850653
670 0.9832820717421507 0.0770312265108486 0.0058267736458403885 2.639515048201732
675 0.9845876961763147 0.07117478639087116 0.0025340089588219428 2.6390952210288288
680 0.9839737072842188 0.0745062336891249 0.0010588220392977465 2.6389661974110474
685 0.9825899359024204 0.08072265316305183 0.005465205324310718 2.6398503917187965
690 0.9844234771642234 0.07225552427445958 0.00035491862940340013 2.6392163084844396
695 0.9842014652484223 0.07388397938040692 0.0003863620398927292 2.6395821761431404
700 0.983942603265181 0.0744417352289819 0.0035703387626824235 2.639795300770207
705 0.9841292429318899 0.07389789183236095 0.0030285328312753546 2.639556795616408
710 0.9843329359394764 0.07314941883916593 0.0023420743906881203 2.639701303483821
715 0.9838571576972104 0.07492787454074579 0.000230628789231746 2.6394366269367016
720 0.9833462636205935 0.07719965682803975 0.0013298725801138556 2.639260927915612
725 0.9843989588725273 0.07236787215604368 0.0013942798806922951 2.6398608614206456
730 0.9840493070117868 0.07474794709333832 0.00167752996038395 2.6393815799674814
735 0.9833082373458866 0.07739792072215979 0.004536045233049846 2.639415210939154
740 0.9842341900768468 0.07306148419135772 0.00027587278376084434 2.6393228264634554
745 0.9843241217549221 0.07317354139160503 0.0005357893666937397 2.6393379339820258
750 0.9839762090998281 0.07344616790114111 0.003660880323500093 2.6391851164763813
755 0.9842806752788101 0.07283645051187015 0.000771925413004082 2.6397153605904915
760 0.9840598031966862 0.07476292892083114 0.0006393141718339379 2.639716704975559
765 0.981323996421668 0.08643172487313056 0.008732512074492549 2.6392286634543503
770 0.9843517191482865 0.07275576893316194 0.0005396699965705132 2.638910023951039
775 0.9840137601195665 0.07428916211438663 0.0010760156789373365 2.639320939375435
780 0.984880432770034 0.07009392060303421 0.0034727300131833783 2.639568115171981
785 0.9844494692633805 0.07232938208234962 0.0004228918526256731 2.6394052153893397
790 0.9840970077056754 0.07435824040816152 0.0015218998463903954 2.639564543605387
795 0.9847780797752386 0.07016756829465987 0.003091175605887786 2.639329037363608
800 0.9847349111424346 0.0708017878485081 0.0016855516912952506 2.638768001251647
805 0.9844270221311078 0.07269560455396418 0.0016991954566354384 2.639502158588043
810 0.9847391429844777 0.07103878238154104 0.00038578876551187413 2.6393241007167085
815 0.9834771537905105 0.07628810848556133 0.00198492316173815 2.6390472007794084
820 0.9836247399375605 0.07648182064914488 0.000245575710912993 2.6391987967573995
825 0.9841603351509887 0.0737487237353025 0.0021824567693862207 2.6391845220667505
830 0.9844045255345699 0.07302399920136482 0.0013632672292238635 2.638748024586904
835 0.9844891605311336 0.07169640619354833 0.0025814884628798662 2.6390723196595554
840 0.98430602601591 0.07312232092317217 0.0006432802302092089 2.6389601071539786
845 0.9843795005124113 0.07264119655700307 0.0031326154419817343 2.6395044818347047
850 0.9837494476858579 0.076140485018803 0.00209274918427238 2.6388667359887115
855 0.9845872671052835 0.07192588771853581 0.0016838491913717668 2.6395622275339865
860 0.9840150889320128 0.07503723213029323 0.001016589921292832 2.6394598061390333
865 0.9845654087806182 0.0721327879000353 0.0008719852369212244 2.638794078968492
870 0.9844132848975542 0.07304077838741474 0.0009155547305075284 2.6389566171070915
875 0.9841792372319 0.07353428761425373 0.004071488310145144 2.63926143203789
880 0.9840180499916625 0.07438340238793772 0.0015083673194455915 2.6384801299781238
885 0.9846755576605766 0.07154653241623432 0.0011467823521258413 2.6390231841003864
890 0.9821910138501737 0.08180035206668546 0.0024963803415516406 2.6386986430261823
895 0.9844204954775796 0.07241530378098338 0.0017553964307512882 2.638796889892116
900 0.9829309002860519 0.07880211748940136 0.005981010922952779 2.6388795318345997
905 0.9845120349763666 0.07211185534617437 0.001963092075110362 2.6391943015385784
910 0.9836939842944927 0.0765152942334546 0.0008393494275564795 2.638760038083135
915 0.9842029405069727 0.07339509381135922 0.003095251063687021 2.6389139818387832
920 0.984670618346061 0.07143155675075619 0.000534097288075408 2.6389648852478014
925 0.9831440079685856 0.07877089870798892 0.005408169174123456 2.6386890812273482
930 0.9848013767423771 0.07082654873235938 0.0008251019798899417 2.6382867467203717
935 0.9848772883746002 0.07041981609493675 0.0005850999825691705 2.638452049907544
940 0.9844417533632157 0.0727525477708908 9.886588744723035e-05 2.6386642063076393
945 0.9842009122582531 0.07425638974144366 0.0014128019449921592 2.638624252734488
950 0.9842839932406491 0.07352526168087614 0.0014528239056643688 2.638831275148382
955 0.9845597806184515 0.07203882316624632 0.0021983769684505994 2.638694810937936
960 0.9841485870304528 0.07446534055777665 0.0007094886843457271 2.638689328154332
965 0.9836753136454056 0.07721255316091602 0.0003565051775280548 2.638826188628136
970 0.9842080964055631 0.07396910276918334 0.001658930799469882 2.6383202591200847
975 0.9826345535543324 0.08053836483600296 0.0012800975212374777 2.6383602317222206
980 0.984715898919502 0.071374978819291 0.00043982667336561754 2.638723350747491
985 0.9845429031441735 0.07229845151084291 0.0013343801128824495 2.638572350472003
990 0.9832237894071189 0.07790511063397298 0.0027662107133841207 2.6386089974871925
995 0.9841575945650306 0.07409230778667641 0.001767505310456885 2.638646550438247
1000 0.982540435510403 0.08091984665247454 0.0016680226700949152 2.6391062168041
