0 0 0 0.2991759705816308 0
5 0 0 0.04421605296573339 8.774056256087215
10 0 0 0.014507100515245064 8.388977438241305
15 0 0 0.0160841611763205 8.207917897438257
20 0 0 0.001786899721028412 8.115415706247418
25 0 0 0.0006002098041837378 8.075271934611552
30 0 0 0.004576752123209404 8.043654218731366
35 0 0 0.00499384694660665 8.033429801950907
40 0 0 0.0014135615788806177 8.020595245403426
45 0 0 0.007536944536934431 7.9983788070780895
50 0 0 0.007728950728612682 8.234022792224017
55 0 0 0.008882641590108875 8.05290420751312
60 0 0 0.0008416303496550093 8.048265707025937
65 0 0 0.006315354871731849 8.046110339148356
70 0 0 0.001303854725815068 8.044301751473931
75 0 0 0.006598027604515666 8.044180181528356
80 0 0 0.0011486244662231027 8.042781621876728
85 0 0 0.003777836217989883 8.0428297578685
90 0 0 0.006420475583275742 8.042366453195093
95 0 0 0.0016110128493409537 8.04177998457939
100 0 0 0.00745236469676458 8.042057929523882
105 0 0 0.0018723372877746947 8.04199735311064
110 0 0 0.0012961862834584004 8.04221203047645
115 0 0 0.00487532684768488 8.041070627707994
120 0 0 0.00109339554936283 8.040645853776846
125 0 0 0.002723929473941622 8.039656425969817
130 0 0 0.005813850392902609 8.039529330298555
135 0 0 0.008635193988463463 8.039973028335844
140 0 0 0.0008750760008418013 8.03969103617729
145 0 0 0.004262492512604021 8.039026463471217
150 0 0 0.003089023583714434 8.038591114021145
155 0 0 0.0013577274638612025 8.038340131092205
160 0 0 0.004790738140544315 8.03755095468905
165 0 0 0.0020546855918504026 8.036916839173289
170 0 0 0.002620174670373121 8.037932807771213
175 0 0 0.007633547210529779 8.0369759027729
180 0 0 0.005942243386991564 8.035387865509655
185 0 0 0.002729293782523401 8.033803849610505
190 0 0 0.005154589927610198 8.033604495745982
195 0 0 0.0050509422275297755 8.032105021009604
200 0 0 0.0038502177656281056 8.030973211380704
205 0 0 0.00983036201462828 8.030219449504907
210 0 0 0.008184997216290846 8.028498410802287
215 0 0 0.004798306241367234 8.027044796506953
220 0 0 0.0014699461531737512 8.024091348682225
225 0 0 0.007061955647799101 8.02249203097381
230 0 0 0.00099087173575918 8.021524547823404
235 0 0 0.0009614997109361756 8.017724498766048
240 0 0 0.004891112424275201 8.015405603274065
245 0 0 0.0020181935878933466 8.010127280657377
250 0 0 0.003337156083066617 8.005002449963946
255 0 0 0.0037422830598889956 7.996093203084079
260 0 0 0.0029395111079864034 7.98392112642672
265 0 0 0.002463509142220488 7.969256557327641
270 0 0 0.013128536830992577 7.958837311811489
275 0 0 0.004494291922239935 7.949382501457056
280 0 0 0.006669667806521007 7.938414765759396
285 0 0 0.0023523459442640338 7.932420188568683
290 0 0 0.004764946640196666 7.929115363659589
295 0 0 0.00871678399532727 7.9231963714839875
300 0 0 0.0042407982022496515 7.919944894328508
305 0 0 0.005266423827545941 7.913341492874918
310 0 0 0.0055966542173797595 7.908719220243235
315 0 0 0.008323229353895067 7.903838052937917
320 0 0 0.006252547118163809 7.902240171177141
325 0 0 0.0032220542417897846 7.898973259027041
330 0 0 0.007107172074638735 7.8952428248964
335 0 0 0.0074364072137553805 7.890845425992126
340 0 0 0.008295995375275478 7.884769171704423
345 0 0 0.0076205438294163486 7.882481442573214
350 0 0 0.006808099587522154 7.878979903096058
355 0 0 0.009015925600433183 7.878245655396901
360 0 0 0.012143017056267524 7.877989093579503
365 0 0 0.014984482315809178 7.87619475004222
370 0 0 0.014827387141571391 7.869749532618716
375 0 0 0.014549168584501615 7.869244830268449
380 0 0 0.011464870864902776 7.868179913020881
385 0 0 0.011398590106682649 7.867095581467611
390 0 0 0.010398031511696049 7.865947499236751
395 0 0 0.012746024204027373 7.866402087381959
400 0 0 0.012308605318964938 7.86547399562482
405 0 0 0.015061698797549816 7.864421032480773
410 0 0 0.010730579510778604 7.864628783644306
415 0 0 0.014533342316035647 7.862829746652804
420 0 0 0.012518226045649561 7.880889686284313
425 0 0 0.01256312252955527 7.860504201004727
430 0 0 0.01211548053193301 7.859963856146356
435 0 0 0.006919827290378322 7.860453962372038
440 0 0 0.011530150669476491 7.860191555877771
445 0 0 0.010705767011180978 7.858946801241177
450 0 0 0.01003553539903157 7.859586503681623
455 0 0 0.007762132130402666 7.859680163037307
460 0 0 0.013010095477065775 7.866531068473442
465 0 0 0.01064761670288017 7.858823278920242
470 0 0 0.008135372355157378 7.857395969671077
475 0 0 0.00792790370371721 7.857499758880415
480 0 0 0.013934986161085128 7.859479955760716
485 0 0 0.009897153339081699 7.857739133242193
490 0 0 0.012248212945840775 7.857211306621122
495 0 0 0.010015159884807723 7.856457476264642
500 0 0 0.007843158198150846 7.855289319853353
505 0 0 0.012458639032880248 7.85688975328085
510 0 0 0.013721806640209833 7.8541780296622425
515 0 0 0.014419740845661 7.855950412680329
520 0 0 0.01392830779445875 7.8571689164880025
525 0 0 0.010648238243115227 7.8720935840411865
530 0 0 0.011264637162164082 7.856646208236356
535 0 0 0.01314894229567809 7.853951480342531
540 0 0 0.011265474615450577 7.854407403669771
545 0 0 0.011001900039396162 7.855627098746669
550 0 0 0.011534542620198263 7.8533172960957
555 0 0 0.01574224613101949 7.853201444714473
560 0 0 0.012406839832183048 7.8551183308309245
565 0 0 0.012096425906955366 7.854862706294835
570 0 0 0.015437203235784125 7.853931201093811
575 0 0 0.01575157056592902 7.85312221846276
580 0 0 0.012335274399236873 7.853765951581657
585 0 0 0.013186726873248178 7.853196112022403
590 0 0 0.009515034034326852 7.852958259705922
595 0 0 0.014481759398753624 7.853620118041881
600 0 0 0.012533004461187325 7.853046862810791
605 0 0 0.013390396965174745 7.854862949198973
610 0 0 0.01048664275419986 7.853576495717943
615 0 0 0.013047722937128414 7.852560640842486
620 0 0 0.012736939744637743 7.851970646750074
625 0 0 0.012672178632725961 7.852288932203716
630 0 0 0.0132524246644532 7.854250342224841
635 0 0 0.012620790400568627 7.85194067031448
640 0 0 0.012915593106423096 7.851111227055947
645 0 0 0.013848854461906424 7.852668041202333
650 0 0 0.013798865918403402 7.8520810625616875
655 0 0 0.014473106884888676 7.850893441376569
660 0 0 0.012346009118080481 7.851447561814361
665 0 0 0.01285137237291023 7.851667959865783
670 0 0 0.013980747527266413 7.851862332032542
675 0 0 0.012499982847556268 7.852034281449716
680 0 0 0.01264392090428168 7.851184065678131
685 0 0 0.01399235537282384 7.851949994809058
690 0 0 0.01199871391980789 7.851455351430058
695 0 0 0.014276042634433272 7.8511672574700775
700 0 0 0.011650083096606867 7.852815322909219
705 0 0 0.012788315283018381 7.851622237858129
710 0 0 0.011250109890030613 7.851602972903141
715 0 0 0.007987475054984206 7.850832399723368
720 0 0 0.012755759090147478 7.851772637640166
725 0 0 0.012076475121559627 7.85079037614068
730 0 0 0.011221077205184393 7.850661552773491
735 0 0 0.01170124870694389 7.8508307956932
740 0 0 0.014221226056378988 7.851827717298949
745 0 0 0.012166004837953714 7.850354752088886
750 0 0 0.014964509046441865 7.850390517602785
755 0 0 0.01339290994991127 7.851509239842767
760 0 0 0.010697786683552257 7.850823961589872
765 0 0 0.011562888182198305 7.849886640147251
770 0 0 0.010743593648822491 7.850692952137055
775 0 0 0.013927150653563647 7.850228281318144
780 0 0 0.010908084219019454 7.850540392362649
785 0 0 0.01429790903165773 7.85030155562976
790 0 0 0.011344694696335589 7.850052051452168
795 0 0 0.012226113656558901 7.85014948987278
800 0 0 0.009414894347114844 7.850391086968043
805 0 0 0.010449221052095448 7.850205091099935
810 0 0 0.012161427302470162 7.850419194679915
815 0 0 0.010897559109652732 7.850393359157121
820 0 0 0.015619889144327548 7.849795090276839
825 0 0 0.014595236092108221 7.849575930443419
830 0 0 0.01639292219336519 7.84968449446203
835 0 0 0.014302565456254968 7.850555423494784
840 0 0 0.014132966978846584 7.850252978917507
845 0 0 0.013997920315682588 7.849968967665651
850 0 0 0.014637778181420646 7.84891400368556
855 0 0 0.013211010541470003 7.8497610787025
860 0 0 0.012940494170018413 7.849759843218416
865 0 0 0.012778335709523025 7.849728163530084
870 0 0 0.008889520552215258 7.850029035576214
875 0 0 0.010888330050578432 7.8497053878721115
880 0 0 0.010195483721862963 7.850165182656999
885 0 0 0.014883100029627894 7.850505097812917
890 0 0 0.014152024484713754 7.8490983376654855
895 0 0 0.013418531659670885 7.849542459295894
900 0 0 0.012742890260212247 7.850937142497706
905 0 0 0.010774571786184683 7.849300943910495
910 0 0 0.012353653302709988 7.849309720443997
915 0 0 0.009556227028596043 7.8494252169352645
920 0 0 0.01305162722481712 7.848837725569771
925 0 0 0.01179681677256883 7.849077042771155
930 0 0 0.014290019837491785 7.848883203521622
935 0 0 0.014796477233240068 7.849139178088454
940 0 0 0.01700475779796462 7.849050601534811
945 0 0 0.012721306833375357 7.848930888770832
950 0 0 0.01475617596286094 7.849788475549574
955 0 0 0.015306234031454702 7.849242103646307
960 0 0 0.013832158222411017 7.849534493939363
965 0 0 0.010650910361234889 7.849108372040879
970 0 0 0.011479481240145528 7.8487545310882885
975 0 0 0.01224578981764246 7.849213649029167
980 0 0 0.013600787043615226 7.849600143802327
985 0 0 0.012803920420573656 7.8490178997255216
990 0 0 0.010622389869345827 7.849491570840863
995 0 0 0.012853507289813049 7.849127993378895
1000 0 0 0.014039057629601004 7.848858689150525
