0 0.4267511684670029 1.9185703947798611 0.3399184888448563 0
5 0.7449508367785822 0.6460655183442334 0.05665319802459723 4.373330342393638
10 0.9329025047657884 0.1565109841252994 0.014600928115326317 3.813614136682217
15 0.9364108976321313 0.1485154921800409 0.01953284820465684 3.8046176987598597
20 0.9370577528648389 0.14715975627462763 0.012367015216824262 3.7988783681332405
25 0.9390012099518483 0.14065682964298798 0.01566076965783081 3.795971539612725
30 0.9403491780874595 0.13710819509054772 0.014611568699313349 3.79382749273245
35 0.9409549487675306 0.13610178346428237 0.02911329682090269 3.7925705480831353
40 0.9412696432733987 0.1345777024354664 0.027883374250231574 3.7918156843763886
45 0.9418481309984194 0.13390133368280743 0.01753586698246079 3.790682459129861
50 0.9402349427752013 0.13722194883514938 0.027476015442378987 3.7897171047413303
55 0.9421261956648163 0.13309039125615074 0.036902498237067816 3.789949359485996
60 0.940038554357786 0.13811987632474398 0.031221744240226057 3.7892758246893563
65 0.9416545713896006 0.13411156530700374 0.02958212287726858 3.789160108376352
70 0.9415602773587639 0.13544866466283434 0.02364691769338023 3.7880087560710067
75 0.9428768951969201 0.13114136236183027 0.01938569001960544 3.788106601407767
80 0.9402601954461395 0.13770306395947873 0.02837637255213865 3.7877461345435393
85 0.9432248101042175 0.12985203922750443 0.028650003689547843 3.787007757896408
90 0.9427616519387273 0.1313769344838387 0.023801283250074468 3.786706640633098
95 0.9429055977229319 0.13015232302041957 0.0471011627576301 3.786186836894878
100 0.9434444822483212 0.12946499442938597 0.023871679672327506 3.7866591004760113
105 0.9440189477905512 0.12868624178623778 0.017325779984461054 3.7857492354112914
110 0.9440531152500053 0.12751890580341207 0.03093348442964694 3.7857807083284682
115 0.9440058941320999 0.12734320592540804 0.03479280656812267 3.784878116603005
120 0.9444675668808133 0.12646695041408051 0.013423407321960568 3.7834474043080126
125 0.9440700767971791 0.12787657509201988 0.014401801890796984 3.7843540529368145
130 0.9443692591205411 0.12715243364148243 0.022074280828744852 3.7835248125536083
135 0.9355873077709318 0.15547843530637273 0.03888752073318735 3.782385513020602
140 0.9447425626272394 0.1263953334412835 0.04412749661789461 3.781032837672212
145 0.9459399011209897 0.12338613995208769 0.031791069427750784 3.7815330185928517
150 0.9461879630892265 0.1225343401294321 0.03744458640001902 3.780245300820767
155 0.9460833248088623 0.12318319845505554 0.029942381552606978 3.77974967625761
160 0.9413427611101599 0.13659157416421497 0.02281477983350677 3.778396498187042
165 0.9470613813480245 0.12051958913895922 0.015936536184369743 3.7774387599725823
170 0.9480777671469001 0.11825388260950831 0.021389794709406607 3.775663981044265
175 0.9489494569670696 0.11624083531670415 0.029937498438481258 3.774570036125183
180 0.9493326933137296 0.11528394707022294 0.020729123410837547 3.771994345724242
185 0.9394832392410575 0.14638180790227562 0.02057692553109436 3.7710427667907367
190 0.9515451808242807 0.10981214064314804 0.010877302844012782 3.767451981143474
195 0.9498863425343445 0.11581444027723897 0.005970808443920728 3.763945869295739
200 0.9466167613051352 0.12746267803708022 0.034222896975786066 3.7609064843611346
205 0.9570404389517991 0.09840693949466317 0.012003413530545348 3.754570119409105
210 0.9570691932173648 0.10073546737521699 0.015453386686810067 3.7506426867729683
215 0.9635844544571457 0.0829821039998242 0.0062179137152562625 3.743688237629473
220 0.9671545867046094 0.07535564222590985 0.0055101129112509195 3.73528131213562
225 0.9702586362081217 0.0681715194576662 0.017502945506036705 3.729268219472404
230 0.9703789027694776 0.07087291231310955 0.008733933053044485 3.7224955938360433
235 0.976478899226688 0.054747822452142714 0.010916922467441026 3.716036044521488
240 0.9784617967859832 0.04996173208856458 0.006012278235437263 3.710483454095923
245 0.9810932729851929 0.045257432902389816 0.013375328605689463 3.7052178732815175
250 0.9827906325740905 0.03996026437127842 0.00783658283858868 3.7017210324712333
255 0.9826322491613229 0.04233505619472622 0.001446267053361483 3.695896917107194
260 0.9830416181671526 0.04326635984237992 0.014898074021784558 3.694115295823571
265 0.9821056303888215 0.04586401926309858 0.011801725083853798 3.68883999621203
270 0.9811575555995501 0.0593529493856666 0.015225470706155875 3.685009956747192
275 0.9904594384123662 0.023612251916839355 0.0077237441357889125 3.683417837087493
280 0.9869791040930095 0.03710320627050301 0.009646267996134883 3.6820130398434663
285 0.9910822186489004 0.021594242097172867 0.007920542760461169 3.6772865634106666
290 0.9910224518907286 0.021579253195235015 0.002680669129303981 3.6779111675937033
295 0.993173857814186 0.016482496096596133 0.003855466245332506 3.6761158152664617
300 0.9937485324004294 0.015527699699536157 0.007728284606138169 3.6753087387246257
305 0.9878473947935189 0.03412865955764577 0.0005272664054316589 3.673164289492506
310 0.9915283823554931 0.02311009649957363 0.002748835387419657 3.6714428951908866
315 0.9926641303347208 0.021715640189583496 0.010615841638154988 3.671333391710029
320 0.9956336467285885 0.010818548844674591 0.0003531089479391625 3.6711356032583407
325 0.9958721638732 0.010283815934654772 0.005781261281839534 3.6717672946415885
330 0.9960173569327659 0.009766926322226865 0.009347436234049544 3.6683255167377626
335 0.9961043842006376 0.010121245828135894 0.0007894272990707218 3.6694678227956876
340 0.9942079754589842 0.015008250716304516 0.0074690816798692605 3.669576356339349
345 0.9956342217540823 0.011361190284638223 0.0033979200701972356 3.669265521084354
350 0.9966932632958346 0.008860197567959638 0.0027363740135804004 3.666543558827103
355 0.9937411743543483 0.0165393275777177 0.0007198926508333869 3.666912022311933
360 0.9949688460790245 0.014267428506825386 0.00065592337698539 3.666530651462155
365 0.992553242793555 0.02561684139622722 0.006304294003275368 3.666218447056011
370 0.9968232574419458 0.008295632902446837 0.0015857161896615235 3.667754134266595
375 0.997377468151731 0.007527787510199335 0.007929819354036471 3.6650962369026736
380 0.9891907127794421 0.039610976472785886 0.013166825441765395 3.6645302491889966
385 0.997312651972899 0.00833040033416177 0.001375090656869249 3.6631076686994146
390 0.997627697799879 0.006091162407530604 0.0013735286567064797 3.665152161768453
395 0.9950077132048802 0.01446857715445704 0.004405717050666613 3.664611822685105
400 0.9974599019216425 0.0067916626464761265 0.0007107445699752191 3.6646342215530057
405 0.9979093477548154 0.0056682947333648315 0.0015228223330663315 3.662858927889094
410 0.9933128290992528 0.02109684048725402 0.009981142844316393 3.663971445956142
415 0.9979620940284755 0.005943403391920121 0.0002351795162744974 3.6628130821450657
420 0.9973151242700964 0.007529547133171111 0.001810574273061416 3.663435881330711
425 0.997667899115342 0.006281173703698073 0.0032194183194349524 3.661975053383199
430 0.9968864243457657 0.010151751874907244 0.004473869121982554 3.6619826508639095
435 0.997704124942774 0.0065619868640953705 0.0012042055818521913 3.663212072850801
440 0.9979271130402935 0.005299520439880467 0.0020608137294868545 3.663324335169007
445 0.9977211729617517 0.0070810037403887804 0.0025277934344996034 3.6625283073632158
450 0.9976102823531166 0.007138756553990877 0.0028577362036843468 3.661713274391553
455 0.9974202953026385 0.0074481346302599505 0.011009562296270925 3.662567228256334
460 0.9981275879137181 0.005706090808152542 0.005264299947368878 3.6615673273106437
465 0.9971564561790726 0.008631595558595162 0.0029861482944670836 3.661857607878949
470 0.9976960797647354 0.006470883498567392 0.002376611235028081 3.6609515206039123
475 0.9977823781805184 0.0065292782098853586 0.0021297244546738536 3.6606300288611844
480 0.9951230524311223 0.016931437560791185 0.0036283308324920327 3.660919559450517
485 0.9980535684800085 0.00495434360972391 0.0016545763188855478 3.6621249975391303
490 0.9983297216674076 0.004510567932150877 0.0028403031084234254 3.660721689288228
495 0.9951827336860105 0.01677089974755619 0.002572774681055101 3.661199535255911
500 0.9959720907079648 0.010087505627458526 0.005353175447282865 3.6580902408173706
505 0.9946186835890088 0.012032612888714045 0.0020995007276503053 3.6571859023209954
510 0.9938463149099563 0.01451658235547626 0.0005184567509965987 3.6576279883425853
515 0.9941812711080362 0.012326256408786485 0.00021666557980437595 3.657291657154258
520 0.9936471203663201 0.01364157388759768 0.0018830656722794714 3.656835517493927
525 0.9936002187246822 0.01581639974257376 0.004013839280384346 3.6569625677543796
530 0.9910996267943193 0.019617834801692435 0.0021023850325339044 3.6569137213847798
535 0.9921744458660505 0.016364126521946076 0.0016156514461918015 3.656884290534754
540 0.9929532278436841 0.015362013141747344 0.001217182180357046 3.6564211495415004
545 0.9916023569144337 0.0190842632494026 0.003747781291603358 3.6562888835554377
550 0.9938846074638381 0.01413281672711042 0.0060101408398949285 3.6565664646384746
555 0.9866494702044464 0.036170359091389326 0.010903743082522288 3.656102189380533
560 0.987251253263445 0.026546544343656997 0.0007329557469140102 3.656521827667642
565 0.9834056746425488 0.03637972632484576 0.000989398588424839 3.656452849418894
570 0.9812907446424535 0.03865334348405103 0.0026961590785383738 3.6561043460332514
575 0.9839526840632686 0.0333077608490191 0.0017624542602541204 3.6561265401367082
580 0.9872655298581169 0.030278741461493563 0.006227665715646813 3.6554705486028554
585 0.9850921177520433 0.03100413393922352 0.0035391224440317615 3.6564452077860388
590 0.9845674517572859 0.031585664754310905 0.0018585581601908707 3.6564832480835867
595 0.9890460933892689 0.022922389735354987 0.002076136382654692 3.656530083946505
600 0.9871206451691797 0.027138903153162364 0.004787486700292387 3.6566435622741045
605 0.9848269593120769 0.03127269749737094 0.00029110505992879787 3.6561486997927966
610 0.9875862056837501 0.026609458126733543 0.0029650410322445975 3.6557789263175753
615 0.9804372384851081 0.041112364018167646 0.0014622649480473537 3.6560506711773093
620 0.9781825554448158 0.04468361540896115 0.004438775184940624 3.656253705404584
625 0.982936569176581 0.035946398535183555 0.0027055421345456576 3.655917077976872
630 0.9854858309617908 0.031039822257674654 0.0043370887759925925 3.656108980065086
635 0.9740044941481192 0.05452058059008502 0.0012477768767551467 3.655762071818714
640 0.9806345344585156 0.03963264521788101 0.005291654531599965 3.6559141801936788
645 0.9785637079979315 0.04482866021788201 0.00041185978835822645 3.6555163215897557
650 0.9841123085854059 0.0328472297941258 0.0031817149800470457 3.6561603511818017
655 0.9706152694485803 0.061249380853056756 0.0029384459490382486 3.6558686050112112
660 0.9833150092809004 0.03435200665602389 0.001567898662561129 3.655612117325823
665 0.9820588702830821 0.03683368420801836 0.0013810348204097433 3.6561535978615494
670 0.9760226645296616 0.05267669257160401 0.005525789056544106 3.6554638669168393
675 0.9798982820512397 0.04188066838028659 0.0014440379920215296 3.65600886579393
680 0.9709814151939183 0.05942744862155802 0.0003817327372526158 3.6555486514875666
685 0.9751711587804013 0.05127055608471176 0.0006957590621572418 3.655643967668413
690 0.9739431804344794 0.053325191818754725 0.0009662672056232058 3.6554937007633157
695 0.975001328904493 0.05133301571662141 0.002400349055671658 3.655812570905459
700 0.9813461046103664 0.03842570222866337 0.0013100427161376604 3.655362897190088
705 0.976489582428919 0.048235661833686994 0.001644142857781583 3.6552835235353522
710 0.9691876124857999 0.06322515968652986 8.80573435211307e-05 3.6557211907676357
715 0.9698515217202671 0.06285148374397043 0.0013656777128174813 3.655445242731474
720 0.9694322875514005 0.06323058201844445 0.0015551619185669718 3.65565964578341
725 0.9743757153147976 0.054588144489867485 0.004687209840628759 3.6555990099120192
730 0.9776939114414622 0.04673133753306491 0.004025188409028324 3.655358647935695
735 0.9681625720262789 0.06610533366933335 0.00079049526350361 3.655662633239816
740 0.9705234547084702 0.06067544841556183 0.001462511165364333 3.6555687121699316
745 0.9718524655484628 0.0579469804788908 0.0002160514770370714 3.6552622489718
750 0.9669659845067897 0.06775316318197921 0.003455546550410027 3.6555828300953963
755 0.9713739821787584 0.05868145194124308 0.0016278006160064251 3.6549586029056518
760 0.9730590117284221 0.05518265926778243 0.0013693397704834798 3.6555484062470445
765 0.9659809169733643 0.07053605850339295 0.00018765912264462337 3.655990088127031
770 0.9705579764625785 0.06394191127544957 0.004415709868137219 3.6553183631277038
775 0.9676867741224578 0.06627273017656155 0.0024396544925580077 3.655248193933625
780 0.9650238700481897 0.07188866630657165 0.002799488850320886 3.655575827187921
785 0.9702170621915771 0.061184783767702644 0.0007558428779537163 3.655531708465834
790 0.9733664541153734 0.05569768428678845 0.004697492300313799 3.655414873063916
795 0.9735276330021743 0.05522897093024515 0.0022169863552969904 3.6556059713200284
800 0.9630022023991168 0.07608217296859854 0.001693478714837715 3.6551227604847636
805 0.9651114711007476 0.07165931247915047 0.0022566678522837336 3.655978916535212
810 0.9626439295408471 0.07683803826821789 0.0017506775166562516 3.6552790174667327
815 0.9681136690736183 0.06532338729827192 0.0051470627773140265 3.6551511994183734
820 0.9633186199875821 0.07535842212282784 0.00445196255701652 3.6554376001328577
825 0.9751005835532431 0.05132082571596541 0.003922422341616549 3.655314078529301
830 0.9667507949109281 0.06825846639552324 0.0034624622512171577 3.655015980086986
835 0.9686284545932163 0.06443476529663927 0.002954271541952158 3.6555348639404572
840 0.9638477728740324 0.07417315747697284 0.00315417104422977 3.655353403295785
845 0.9645216558301584 0.0756158328024874 0.006327642054558158 3.655483240915586
850 0.9667452698023413 0.06820674904227886 0.005797599460556135 3.654639040363807
855 0.9709148012417976 0.060318577472330936 0.0008830663868708566 3.655164314663891
860 0.967042955308179 0.06754779599028238 0.0005779310018649841 3.6552287433073314
865 0.9696397773237724 0.06220048849021609 0.005439384251431756 3.655628015169072
870 0.9663878955337943 0.06931488977326916 0.0035614691815917254 3.6552242905363
875 0.9633941774806245 0.07520192953453986 0.0011895591422588225 3.655261076579537
880 0.9649905870211519 0.07194624237250657 0.0011556495733990868 3.655493690141053
885 0.9643147386024349 0.07348010794901016 0.007858162141195724 3.655412934755613
890 0.9651413315198638 0.07248554017361863 0.0007770443836334628 3.6554502665813744
895 0.9673240501119087 0.0669457406023719 0.0005976176306645709 3.6551259017804965
900 0.9662080046209711 0.06935935878389987 0.00401931714671333 3.6552301361170847
905 0.9644384765164163 0.07318122559211915 0.0006717903847182072 3.6549842781102537
910 0.9653514828273446 0.07433833340662055 0.0019236754543179302 3.655194707360101
915 0.9694461238199918 0.06521688014037208 0.00148590323150799 3.6553055869772297
920 0.9616266086843508 0.07905979211725933 0.00036514291833955603 3.655057961353527
925 0.9685685519410119 0.06476523070171503 0.0008028161243680554 3.654981159781402
930 0.968010206433265 0.06872504488042042 0.004939321253007778 3.6552887995198433
935 0.9678385197283526 0.06602393782220872 0.0016089221285595645 3.6552235693103405
940 0.9607794718801799 0.08294789648032097 4.473321989206802e-05 3.655266647261314
945 0.9605680286191962 0.08109733277807596 0.0007503865570066548 3.6550934278327167
950 0.9666981160822615 0.06834589442786321 0.0017025992361212605 3.6551673775206943
955 0.9658657232262787 0.07255113698887783 0.0013216084294347397 3.6553096597658272
960 0.9612320254134268 0.08056738680640363 0.005438508459971736 3.654930560537774
965 0.9643779166826894 0.07369500102909532 0.004992969544918013 3.65554006536866
970 0.9702783982595471 0.06107658536381777 0.0006601218959743083 3.655187316022069
975 0.9643253860721102 0.07321419568737753 0.0034343543144816913 3.6551484041123983
980 0.9643744796570581 0.07309919343162319 0.0004321676545928632 3.655020281046633
985 0.9611538500378252 0.08200271995641817 0.0026188842007812685 3.654851384462843
990 0.963566613543978 0.07474491950047168 0.0021387142724360597 3.6554256579029527
995 0.9612976819203716 0.07958865848064534 0.0011034793926014697 3.6549153516615918
1000 0.9681970574922139 0.06523275006793483 0.001276411574702374 3.6552852078795883
