0 0.36586089268102107 2.3086325892304806 0.3270940690652099 0
5 0.9353325096304166 0.14968250834570984 0.013936979813478745 4.852853796638869
10 0.9560910619887381 0.13469477223786175 0.017885123292162408 4.760327346281559
15 0.9899539534322055 0.026102749928801572 0.008159798461432333 4.729306008594196
20 0.9942744836419998 0.01630900236913746 0.0009524233877571397 4.713082010089842
25 0.993637756913009 0.018409083709660656 0.002744058697877083 4.706676795213603
30 0.9895560117366079 0.03734490209405017 0.0013642841954983886 4.705667441343342
35 0.9958286734714614 0.013056451239834566 0.002257980159392714 4.701736944425334
40 0.997174094967612 0.00908337687497962 0.001216820187645018 4.702357500099854
45 0.9947599872608184 0.02007304289508305 0.004721904146484324 4.6996782341471155
50 0.9442588862971499 0.2875396725916719 0.0024670198141047983 4.744240614577556
55 0.9331439071339038 0.34908702780362777 0.0013538391809886363 4.701706979889406
60 0.9367882989963664 0.32721582140038485 0.006266411766927993 4.703599096079296
65 0.9415445423859464 0.30983434676183386 0.0011123850973364657 4.70339228296229
70 0.9430060522296297 0.3009090817872879 0.0010579377192343475 4.702732246452555
75 0.941420454314736 0.3126977124697481 0.00310805725936647 4.700222792474424
80 0.9453878082269798 0.2811735004275242 0.0011162960189221582 4.700566609032219
85 0.9391302972036364 0.32954785182692437 0.0022225679190930325 4.7006711186205745
90 0.9414383789851457 0.3052743762306802 0.006215771984849905 4.696605217502033
95 0.9454897787024157 0.2820348208682848 0.001287669671788283 4.697719008332349
100 0.9438968313957541 0.29563684072100926 0.0011831244030058308 4.6984154423716475
105 0.9445685209044401 0.28812602070922466 0.0003439407088268176 4.698156524794182
110 0.9321715307908689 0.36431765857754694 0.004190786550511749 4.698374781793328
115 0.941459350106943 0.30859865517009677 0.006590884955510745 4.696471343663582
120 0.9460175916831417 0.2776356120899246 0.006897326870250353 4.6956914601610675
125 0.941162393530615 0.3140161347404451 0.0010877977139529538 4.695566874687019
130 0.9451403106266175 0.2836683715985897 0.0008633239855277974 4.697947749003451
135 0.9389391339529192 0.3267925181031073 0.0047904399573088785 4.695963623584144
140 0.9446126944897582 0.28679291450927824 0.0028733693507059233 4.694238256185145
145 0.941299785125751 0.3075859507798988 0.004606344747514424 4.696255760396437
150 0.944892989359166 0.28723606991309847 0.0017234713125335865 4.695403733592766
155 0.9384702869526913 0.33515767611277614 0.0016058888484611344 4.693983399975413
160 0.9390983169563285 0.3283189442432626 0.0037839895107112387 4.694585650694619
165 0.9429904332228717 0.3023919049031729 0.0025490670391392634 4.695126721417788
170 0.9431359407446789 0.3047970260689734 0.0013222738783180699 4.695203252837064
175 0.9408381311033198 0.310636506391166 0.00963754809216133 4.6946593858514145
180 0.9405053954005415 0.312862162108571 0.008529114117502345 4.694393064190959
185 0.9441463710465954 0.2934436479997 0.0017257870360141148 4.69350337020219
190 0.9406357237929859 0.3132215768694211 0.005882100928541245 4.693438360196815
195 0.9417940300043305 0.31511633876136713 0.0009010759061505169 4.692855591410782
200 0.9419679038795663 0.3065567315579747 0.0007837429878230218 4.693923968651444
205 0.9429219136303733 0.30107559522765204 0.0023653041393250085 4.694646108341989
210 0.9395402107272617 0.32665026374219597 0.005896554186496372 4.69292549896694
215 0.9365363106848934 0.33990334219781904 0.010752296578609544 4.692690448199427
220 0.940314760097058 0.3162065059061865 0.006857041809178899 4.692655818585994
225 0.9448488638209438 0.28668247571139815 0.003681677909702641 4.693217508865746
230 0.9415346980527937 0.3090870751006962 0.002203846199309023 4.692947349529545
235 0.9419369779636914 0.3080899186415671 0.004501014598404129 4.691336936697274
240 0.94487907681711 0.29078679927942996 0.0011509516235470585 4.692092673543761
245 0.9441564762328727 0.2958106411635786 0.00023082702571830538 4.6920757815485254
250 0.9441014407425571 0.29263883651682665 0.004460545186188103 4.691087622491418
255 0.9404336761124628 0.3165938151473986 0.0026040722638438485 4.691321476784877
260 0.9437965085170223 0.29670582019973324 0.0033673808998304633 4.6914438136857415
265 0.9445713572204901 0.2912493644759788 0.0006396861248958441 4.690379042245217
270 0.9438066894338007 0.28967442034865964 0.008904099938876087 4.691566977649601
275 0.9423684226631723 0.30252817000153787 0.005496001769469627 4.690904558147461
280 0.942017228947639 0.30354592930600166 0.0010793382286216069 4.691827773552519
285 0.9402572164504555 0.32541209759297907 0.0017633303731652283 4.69170724393924
290 0.940590103720371 0.3200575034045876 0.001761398040413642 4.692887563157328
295 0.9416503856149427 0.3092772959598351 0.011610976857094446 4.691093518903193
300 0.9402892774142573 0.3201665863606946 0.0028412451630637214 4.691329318496562
305 0.9417249487836529 0.30961356357690395 0.00221669666768598 4.690460953775514
310 0.9425834748095636 0.3040244378616297 0.006060296697020018 4.691309959882718
315 0.9415640835588468 0.3077395365196889 0.007597118195379116 4.690891108608155
320 0.9383804084564589 0.33797058269464575 0.002309665584222964 4.689937469996978
325 0.9373878362638901 0.3374484472098649 0.0037360914381465715 4.689556763234155
330 0.9447162026362639 0.29370971814991176 0.002262401977362938 4.689584114596066
335 0.9399051818501282 0.32963924479615514 0.0022008744655159784 4.689837961305765
340 0.9443331929425334 0.2938978335636202 0.0007033562230178703 4.6899387213198
345 0.9428356729536052 0.3060611131899167 0.0035987241475767817 4.689290905151088
350 0.9426522818021545 0.29877749492976147 0.002209693352105857 4.690055538704823
355 0.9444192264443815 0.29355363291149583 0.0032620227125532697 4.688854332375899
360 0.9395948975943792 0.31968312369809926 0.0063224175317473374 4.688691580085086
365 0.9411685592007009 0.3087981852964843 0.005853319124521139 4.68851371806489
370 0.9445838313567797 0.2924430492594947 0.004038684360067268 4.688513377280945
375 0.9441649287466671 0.29662322312455913 0.006552123923389663 4.689975369361011
380 0.9374301242193853 0.33848957354198816 0.005000074381823705 4.689603989554615
385 0.9416182833368412 0.30583139685181493 0.006372991769587166 4.688336226642841
390 0.9427125437165018 0.2994160189532522 0.006857243597510276 4.689481757120759
395 0.9398811882549618 0.3224369076609248 0.005890211016523317 4.689004795353891
400 0.9415273830084966 0.31382449129693146 0.002560748443159566 4.6894081482797185
405 0.9442638404500463 0.2950474875179605 0.0037934286474197165 4.687882707957285
410 0.943296441837779 0.30194540004666504 3.538439074701749e-05 4.68903261483657
415 0.9453202160709546 0.2861006998141242 0.0017973972206353217 4.688763561398656
420 0.939054260725389 0.32772027100683854 0.0011033874710182356 4.689844931816736
425 0.939967648248905 0.31918776232955537 0.0077717179502223566 4.689427304908269
430 0.9481937193024853 0.2681649879423329 0.0032102245178990962 4.688789610543198
435 0.9426383781641299 0.30409430966928763 0.0017836960976378435 4.688965195130659
440 0.9417202174504617 0.30722686717516634 0.004407463600933692 4.689439844545876
445 0.940463692581631 0.3172322439330202 0.0077844294783580015 4.689065498796723
450 0.9428331161544647 0.30134607355858023 0.006314186329261062 4.689787924423107
455 0.9378136572370098 0.33750921742064843 0.008281349642631053 4.687624059358108
460 0.9420670668664632 0.3058451786792826 0.00016260989903638112 4.687857127335505
465 0.9417503553911946 0.3058793044722634 0.008079298628947296 4.688189484606584
470 0.9404979035220996 0.3168014181428669 0.007000549069103412 4.688638465984424
475 0.9380234476723983 0.3371061727609135 0.011163835394007338 4.688612172481955
480 0.9422703522630549 0.3073801560286977 0.0020412823132416325 4.688115807890142
485 0.9447399593949037 0.2925253245367925 0.0031666702535422253 4.6882174727704795
490 0.9431436152616556 0.3046408328233978 0.002092547773257847 4.6884632369829236
495 0.9420986693420544 0.30793265381166357 0.004709292293616496 4.687960083994502
500 0.9465731950621699 0.27919473806478834 0.004779130273935506 4.68795614171638
505 0.9439704640969757 0.2964441289810038 0.006046137360877779 4.687697636087129
510 0.9423127425438478 0.30497148057159684 0.00028032957765677935 4.688408285212841
515 0.940142432873442 0.31794875261087885 0.009545984262756768 4.68749122651337
520 0.9409060455154883 0.31327776049270817 0.007380641670503341 4.688064128895728
525 0.9424959026408173 0.3125044007724931 0.001187125471555861 4.687692597603705
530 0.9421301132712889 0.30935219049980045 0.003096964166368732 4.687266648078925
535 0.9401927556585681 0.32045131750373024 0.00493667114983376 4.68736674881592
540 0.9438594735898688 0.29309581540374197 0.008482776411527393 4.687339164190604
545 0.9442380054728372 0.2927935392012886 0.0008573722036122611 4.687417061076448
550 0.9380244193616724 0.3318453849502152 0.007461366682787629 4.687603605357322
555 0.9415064224866028 0.31248289686478437 0.003810389457118424 4.687999547636741
560 0.9422269460726247 0.30496018429888583 0.0055324955065234604 4.687471678531388
565 0.9429485700034557 0.30673044317645015 0.0007678811334330682 4.688215262892986
570 0.944519684056026 0.2909034999937523 0.001925111003166169 4.687811369247643
575 0.9421885493035118 0.30729145687945003 0.002414704979786908 4.687038637928242
580 0.9443941206198627 0.2938516285937691 0.0016726040317958102 4.68722254109891
585 0.9415065390886028 0.31196902451513964 0.002435300050650513 4.687310934533211
590 0.9444161737570909 0.293304524040094 0.001849984731995935 4.6875973316083055
595 0.9436466760908467 0.2972885817031701 0.005728403072919663 4.6872715755581655
600 0.9419952033461525 0.30897526211577553 0.003635511529783919 4.686893782095272
605 0.9407086094178586 0.3164950144216023 0.0004001242979041475 4.687122157176118
610 0.9445673985156502 0.28932483817636356 0.0012283228694049964 4.686850022733518
615 0.9421657822827252 0.30789482021971626 0.006861521790900493 4.686540731841385
620 0.9413578442054751 0.308817327770849 0.005987855002528519 4.687171435822924
625 0.9428525220837294 0.3041526965336132 0.0019542012802729047 4.687219875308991
630 0.947414631313577 0.2784090048784238 0.0024130975068115124 4.6869012898716145
635 0.9405947979301941 0.31479473389712975 0.005627834951619892 4.687017797540626
640 0.9359493284675917 0.3468691105269608 0.00968034303402554 4.6871520433083935
645 0.9397021321768364 0.3277515872002441 0.0020508447964753262 4.685896727503623
650 0.9418002678912887 0.3075273975421098 0.003754850204043869 4.687003800355161
655 0.9403190164205177 0.3275652540852816 0.0015333706848867923 4.686775757017258
660 0.9444724175054543 0.29304223603019874 0.00647899518659667 4.687175043434392
665 0.9419503622395271 0.305939192782704 0.0031088261882898927 4.686601887837307
670 0.9429774060003784 0.29886161430862046 0.0036614292820431604 4.686248986755376
675 0.940280412038375 0.3253819197349719 0.006099568513275866 4.685693680269532
680 0.9409366553091767 0.3146184114084756 0.00434510340997285 4.685833198113565
685 0.9430506964664668 0.303353399334954 0.000623965570404561 4.685844952970242
690 0.9415929989617878 0.31535461871386516 0.0022329385912112087 4.685707754806621
695 0.9402459309827516 0.3202157868251234 0.00964954419138353 4.686307552863251
700 0.9419549983389622 0.30518405619563627 0.0036266606398438483 4.6857620397103945
705 0.9434080418414694 0.3014356768266575 0.001908180468422005 4.686193559345205
710 0.9425121219522076 0.30805712432396604 0.0015741145952243851 4.6862675722481235
715 0.9409063022123307 0.3240203167078226 0.00715382287782762 4.6854425184835
720 0.9427442474642983 0.30515513404566086 0.004388188088700451 4.686249113597505
725 0.938191533668217 0.33076760479483713 0.010924432547918084 4.685225712335295
730 0.943561687285656 0.29937609030228085 0.0029367037124465867 4.685893760692635
735 0.9388308919823027 0.327221285763275 0.013297732913760685 4.685431886478401
740 0.9424682837710996 0.3040491816218269 0.002941254162311946 4.6855438530085145
745 0.9413051092413576 0.3154932625140301 0.0009233579391532132 4.685399238791984
750 0.9391164634768153 0.32514134197996647 0.0059453254929953125 4.686276179621618
755 0.9420951545276752 0.3070026451661274 0.0048577401537350795 4.685384488869114
760 0.9416661344480179 0.3084045604089445 0.011029470483582715 4.684538082711153
765 0.941518716382169 0.3093127361845953 0.007110910561241912 4.685652549720269
770 0.9434899255526606 0.29973367766641257 0.0064873671156064905 4.686731140833499
775 0.9427890032310868 0.302408844362561 0.009352691210164021 4.685246276272434
780 0.938212486170722 0.334715645584418 0.00904222307261593 4.685410897780915
785 0.9433088171408739 0.2970690321510894 0.00048087829797660575 4.685552436802075
790 0.94244220669083 0.3049240886567288 0.012055853412846762 4.685691645002571
795 0.944888547785109 0.2917690603695178 0.00030058549767231213 4.684515664157861
800 0.9416545288425965 0.30850840536510393 0.0032728372381536364 4.685079444696017
805 0.938810001480351 0.3328254289543544 0.00038113276147022646 4.685455348306873
810 0.9423980580929125 0.30640478717695885 0.009351876185351715 4.685356874849768
815 0.9456794206584072 0.284089053355677 0.004189905325965526 4.684828571792608
820 0.9383978696916684 0.3344806835181542 0.0029032320478905582 4.685346615464933
825 0.9417014269508346 0.3099248230168321 0.007749479900098999 4.68561591399318
830 0.9394270656783072 0.32629411457573365 0.0050425637356688036 4.685352152719276
835 0.940616091664294 0.3184617054962837 0.010915708789459355 4.684718744357238
840 0.9426145111696511 0.30213425127158366 0.0009402640708593424 4.684634948201085
845 0.942717570596965 0.3047184443821216 0.003862225369335892 4.685116277573522
850 0.9399508566893608 0.32229358355789106 0.007761061231365218 4.684631885060811
855 0.9411923477760873 0.31709002823666754 0.0029480136893749176 4.684874909103699
860 0.9442262630850762 0.2921676369864601 0.006756000916442684 4.684641998222666
865 0.9429499667004213 0.300904148949539 0.004220103861200197 4.684056716785315
870 0.9433718170789878 0.2984343974246162 0.004009046822197382 4.683911580075345
875 0.9433674697763156 0.30447441994527047 0.002297209871379824 4.6850626190267315
880 0.9431314767518948 0.30028096832717743 0.005507693354797283 4.684605564132211
885 0.9415247961228955 0.31491219182757657 0.004111562438197547 4.684069524179733
890 0.9433083517907688 0.30099031519966957 0.012119091969645002 4.684747094159894
895 0.9422515126206625 0.30859761085828374 0.0045135705364658385 4.683702036369559
900 0.9421421948780246 0.3095656443275372 0.0019616062799723277 4.684630732376666
905 0.9403671947545325 0.3215459302285417 0.007400404827851537 4.684755090045282
910 0.9426257921695452 0.3081880166448503 0.002502999948045481 4.6842454085098915
915 0.9422092221444478 0.30568762816123307 0.004446939319247445 4.6837429562402875
920 0.9417207158187686 0.3125978498241393 0.0049653481863842774 4.6845307824519775
925 0.9406143160971463 0.3193043559271205 0.007924196059934996 4.684405245246897
930 0.9385176796531806 0.33480116078630573 0.004849840284717466 4.684042843132718
935 0.9434063428332455 0.3013196618641416 0.00724691396506838 4.683984723540494
940 0.9412520094220481 0.3156140869185391 0.007502727911875562 4.684362545896065
945 0.9421517027091488 0.30984543208652315 0.00282056298412825 4.684338225639794
950 0.9434635253353438 0.2992927833431409 0.005403369576468364 4.684447839009957
955 0.9402844254911473 0.3267625111191981 0.002894623652051731 4.683800909118721
960 0.943230299924139 0.30364717228727045 0.0003040507891705069 4.684137261829299
965 0.9422415803669939 0.3078472106016745 0.0075238022479739985 4.683299309568009
970 0.9447976159504218 0.2914758901731229 0.0019950184837227436 4.684755587191317
975 0.944154973333855 0.29538954379653326 0.007455983709105496 4.683823475282015
980 0.9396126445992712 0.3224292014394132 0.004307901125089275 4.684074608043525
985 0.9412335568720762 0.3144229651455728 0.0034173657579601446 4.683991656801293
990 0.9416824161598916 0.3087694684824047 0.010472138282272114 4.683850487925562
995 0.9427685611398797 0.30696899534255895 0.0043572800666833444 4.683791145473599
1000 0.9425688254132828 0.30950020073198736 0.0067321417914576465 4.683999279029888
