0 0.384242658251697 2.191716563490804 0.35283969138648796 0
5 0.9151545939972359 0.20728613292475906 0.030946301304709323 4.8470987305680895
10 0.9803529945267806 0.054427556602896665 0.007057145952837907 4.755207557580879
15 0.9826929524126283 0.04551793242326685 0.003080362028989647 4.728980827091289
20 0.9944832403032694 0.014617848124537147 0.00015219861225590492 4.71364605008662
25 0.9917937363345946 0.028907029535013784 0.001125670234876086 4.707250615830916
30 0.9732574548389301 0.09795842104503194 0.0065100475806754154 4.702345835324531
35 0.9969403188143324 0.010813777170805672 0.00729660349330552 4.702958170077002
40 0.98833868194024 0.047292475145697566 0.009009879830431 4.7003477275144405
45 0.9883232079129971 0.03824888955064232 0.002646897554560157 4.701948871089332
50 0.9376074578496101 0.31585331230811065 0.00879724426393369 4.755288594344627
55 0.937444479298984 0.3374725575841797 0.003337351095806129 4.7092442221121065
60 0.9380187981526655 0.32848129931975034 0.004918473207827789 4.705987734986146
65 0.9392629445747945 0.32342598737894335 0.0019766947135035906 4.704759432146586
70 0.9368860668500949 0.3256342168039916 0.0015883015367696984 4.702820709597611
75 0.9428859180947522 0.3011904835227046 0.002129938928729036 4.701635232307636
80 0.9406985484693677 0.31054575301433296 0.003732823561151788 4.702814921321696
85 0.9338075299459043 0.3539794091952544 0.005038387737463346 4.702314117864444
90 0.9425964883416056 0.30312633111542286 0.0007646586984138004 4.698294773621893
95 0.9426376544487194 0.29893447264109607 0.007925555376475657 4.6997302836469155
100 0.9404493557933824 0.3148371449902463 0.0060564415164297 4.700128419477763
105 0.9362009014382189 0.3442874740335 0.0029958790906978727 4.7014954693477
110 0.9434360456531021 0.2961057216448486 0.004594204957424797 4.698282268564374
115 0.9375501343835553 0.33680196651254146 0.005996005798193593 4.69960199473146
120 0.9395945802731522 0.3196199383279579 0.0020017285359450465 4.698734388692645
125 0.9429560052527326 0.2941561845005589 0.0025550682326609397 4.698861741706811
130 0.9409590515288979 0.30791333239546503 0.0023916436930708773 4.696192747278621
135 0.9380514435154641 0.3332793216898331 0.0002789192239560645 4.695565441977685
140 0.9394493740610557 0.3257531847226014 0.0033936665884892747 4.696495550974209
145 0.9445829352406674 0.2878766987227621 0.00047471734011628186 4.69633434638851
150 0.9440407307033649 0.29621361933331425 0.0031111306112407977 4.696804393273707
155 0.9356108918891936 0.33874073376097336 0.009242647068537169 4.695170385444
160 0.9426745700050154 0.30572229081580105 0.0019229573583547932 4.6960055988161855
165 0.9356013071049918 0.338350411039932 0.010713685009997809 4.694888820645106
170 0.9392556565926005 0.32747580822973 0.004751611522280985 4.695899762219731
175 0.9345367352414167 0.3615762966307825 0.007451026110622205 4.695177012477829
180 0.9395572149626629 0.3245254052896307 0.004206625625009952 4.694180966386996
185 0.9375510901293709 0.33016882273668546 0.0047738596290465285 4.692775463054845
190 0.94072485918631 0.31093125447772696 0.0018039971967558355 4.693684246047573
195 0.9435433410761993 0.30090379777210874 0.0009609345399490543 4.691950609685661
200 0.9403410766173386 0.32016132787182805 0.0009782591459239764 4.693668809623502
205 0.9427440188979898 0.3036111505538557 0.004970989931750491 4.692667869038716
210 0.9365558935798761 0.34960434971447185 0.005818640355881088 4.69516572262755
215 0.9381523596348724 0.3348150487517376 0.00029240674517128085 4.692409964729775
220 0.9384185968745862 0.3300268834146518 0.006742704562168411 4.691929655398007
225 0.9388202922748685 0.33112507941863534 0.00270378469641841 4.6926659139205675
230 0.9425140248589685 0.3072384326799815 0.00023403718311443278 4.694319756029975
235 0.9406939115739704 0.31845907181314104 0.00252654875002567 4.692775102482568
240 0.944375087904519 0.2922134513577417 0.0028194236738827705 4.6920886125707835
245 0.9402850492662871 0.31928116576623733 0.004114323749577764 4.691993115854874
250 0.9459297500268973 0.28702563116162416 0.009503795798283976 4.691718713906061
255 0.9380855507851993 0.33537507787539944 0.00025479284807916613 4.691334928544511
260 0.9408729649458696 0.3111964127881732 0.004454855972664928 4.691487834269207
265 0.9477137729195417 0.2688439562354148 0.0009569300343970077 4.6914721293565735
270 0.9444695780632311 0.2944279957572702 0.0021629395912647897 4.6911515146522405
275 0.9457620942307479 0.28499510902819836 0.0003175062324589639 4.6910096558829775
280 0.9432062490589933 0.3041011054828795 0.003946070532705459 4.6917396795072
285 0.9416680354475637 0.30970372397375456 0.006935500524021254 4.690930187364653
290 0.9429199486925794 0.3045584921405453 0.003333629344044464 4.690471068324767
295 0.9446610867671289 0.2899235138171221 0.0006344307317882603 4.6917314303977244
300 0.9437531138787392 0.29843790217152755 0.0010709996854896264 4.691164995415651
305 0.9404282185023434 0.3222495648784287 0.0009107803864174535 4.691201707540242
310 0.9434337903583909 0.29691678128258125 0.0024418814159870017 4.690155485310761
315 0.9407326693054228 0.3136193624288923 0.004521020486154326 4.69031975121993
320 0.942880086664839 0.304134042585817 0.0015046619243817005 4.690518969628739
325 0.9417010161089869 0.30874574760903783 0.0034136705411724755 4.689620254446704
330 0.9383064553626529 0.3344402893482208 0.008641564224278309 4.68982946216826
335 0.9415721111176822 0.3076974537995252 0.0032259926706768027 4.690374247204791
340 0.9435469069307871 0.3013165889104652 0.0017517012632422002 4.690139082528827
345 0.9412165186462249 0.31118669974565183 0.0038596140474418394 4.6906334735519915
350 0.942867042904681 0.30152511520637226 0.0048632024904033955 4.690791763668158
355 0.9438441934160426 0.29799664465138864 0.0046537122023520006 4.6893654858497715
360 0.9430955689517228 0.2979341039028549 0.0023051690843600703 4.689738428914352
365 0.9427345501407977 0.304257093037684 0.0033583555073568583 4.689376218483066
370 0.9401722043650987 0.3220183155777514 0.0016205914616225225 4.689000944412619
375 0.94100541663368 0.3153794336435727 0.004159759723038503 4.689699792594353
380 0.9406633357222822 0.31756141454466746 0.003821733977799502 4.689691311890161
385 0.9409302841211306 0.3152011874767533 0.0031176943143111924 4.688434334536978
390 0.9437770433662427 0.29619410394451773 0.003364015815996435 4.6898919899708345
395 0.9416307103221357 0.3104013580803402 0.003368034383943952 4.690597306425712
400 0.9411590171968229 0.31444243157114027 0.004763216286605809 4.689631994413666
405 0.9441507618610626 0.2927816774085832 0.007875566357695263 4.689027196140985
410 0.9443132121673894 0.2943001803159744 0.001408041757036571 4.689227493543075
415 0.9462073012165149 0.28235129890489574 0.000354471770532383 4.689248532384878
420 0.9427166890014698 0.30158986484460204 0.004506645949786003 4.688539386696156
425 0.9447259876323904 0.2934299652584187 0.0017142053997902806 4.688758915476087
430 0.9453182336424877 0.285237124929103 0.006323102173432016 4.688356938130948
435 0.9383363400215188 0.3301869886429927 0.007783830230148947 4.688519586938285
440 0.942764549645695 0.3010688067686731 0.0019328971243823823 4.689099155561165
445 0.9371926087037232 0.3382874125115931 0.006597791616855586 4.687908122128108
450 0.944476180452767 0.2971003012149902 0.0023489492372881227 4.6881046961972785
455 0.9379015775004619 0.33743501249683927 4.443970469658609e-05 4.688895861541931
460 0.9437169797977064 0.29438301606105366 0.0004160234861658729 4.688747054360118
465 0.9414737850779289 0.3126322254868139 0.004379891979795936 4.689094679690108
470 0.9410370891920978 0.31378055320418685 0.006547585409357737 4.688079530421217
475 0.9437761289538583 0.29951889024853706 0.0004418863149138197 4.688198195285717
480 0.9433233094187727 0.2997850232931283 0.005982034062916419 4.6874949626254665
485 0.943087956111023 0.30247949580551126 0.005325985943838374 4.688013262293807
490 0.9414341283325893 0.3150824921848514 0.0012664358604383974 4.688370915056205
495 0.9403302744447053 0.31834251116571544 0.010321887747709813 4.68786866929441
500 0.9418909085912546 0.3092326651199837 0.0007035822438399286 4.688251498786744
505 0.9424400111381002 0.30591324998374514 0.0001426837941598258 4.688335273930521
510 0.944787464315214 0.29270969053506946 0.001969471605131279 4.688393660152159
515 0.9441816411008772 0.29368719776048113 0.0068334052058183214 4.688456974555721
520 0.942336237962444 0.30496300780684127 0.008687986429387173 4.687061625807253
525 0.943312755509345 0.30010430531532517 0.00044232183119885526 4.687201577795984
530 0.9414471693245521 0.3143802184767095 0.007646989580345931 4.688155932423946
535 0.9427370248558915 0.2988787516266971 0.0012003107979954297 4.68735249539846
540 0.9367684516814376 0.3425102131233251 0.011021397241491648 4.686872182955324
545 0.9421801153180017 0.31073016081681626 0.002425300804760777 4.6864377874432375
550 0.943617373338459 0.297787156154814 0.0019294859472003267 4.687202454408759
555 0.9406230635202588 0.3153635046433747 0.0047917971256203895 4.687498384328286
560 0.9426337005684386 0.3026531818052387 0.002561691617871009 4.686936599605383
565 0.940774034032622 0.3139501334071557 0.009768576504475046 4.687285077953585
570 0.9400842265353226 0.3207137511799756 0.004364254520079935 4.687081886104909
575 0.9423604407253197 0.30562014796251447 0.0037767535211936654 4.687594995917031
580 0.937460887898613 0.3376936505745869 0.00013188753982218415 4.68729760859792
585 0.9465177680742605 0.2804299912637278 0.004574533886162246 4.686887223517005
590 0.9408786903510025 0.31388770839540303 0.008805375875832855 4.687893206785872
595 0.9432690047542037 0.30377944269528445 0.0035523391165672713 4.686174735714589
600 0.9402550386737026 0.3179530726989537 0.0024526811367615586 4.687178877918048
605 0.9418871291738907 0.30924615065848915 0.0013364067760350817 4.687676040799062
610 0.9419892628336831 0.30990998471511855 0.0032172702068813397 4.685912230397961
615 0.9412087262562776 0.3116645105771063 0.006741667156034525 4.6869523308300725
620 0.9381045577106399 0.32926098147000804 0.009383568523634533 4.686805055333525
625 0.9419965991112763 0.3068469255869628 0.004429343027144039 4.687210629462615
630 0.9445645855157994 0.2956630963321265 0.0009754696710275734 4.686650743486189
635 0.9418433740442942 0.3110641073160725 0.005932324167004843 4.68579625623634
640 0.9427306354931568 0.3044084415390369 0.005341619135544873 4.686719593440512
645 0.9421642832303644 0.3078621712471046 0.00203395637330539 4.686431318849744
650 0.9419541809183923 0.31346753628303947 0.0018602074356013354 4.687028785144214
655 0.9421029590709231 0.3111412670435403 0.000722738019262259 4.6869755759184235
660 0.9429969080707483 0.30163670233441486 0.00320871544323853 4.6861571894124365
665 0.9411033645263549 0.31535860786266046 0.0022556427677451474 4.68621549066339
670 0.9418586489736194 0.31028551907495583 0.00849229282984143 4.685138183511845
675 0.9427372677661898 0.306263669506845 0.0018998253692839029 4.685829107384388
680 0.9445223103062304 0.29119016967413547 0.0017125483310724832 4.685397589363668
685 0.9395573970909237 0.32552443264831865 0.001390870138125777 4.685801274738215
690 0.944011742278561 0.29523678319207125 0.0034826349140937296 4.685638015389288
695 0.9478189732727936 0.27268566449982234 0.0034751655524067893 4.685567314915213
700 0.9419157587334479 0.30882474610387867 0.004322346342239047 4.685572741363942
705 0.9415264821727809 0.31159437547180513 0.006155983533292275 4.685303221380972
710 0.9421103908866835 0.31256639857919755 0.0024811473980119736 4.685934318170816
715 0.9450722071402656 0.28954337050171564 0.0069421729053207315 4.686039306952302
720 0.9465489506212801 0.2785799080801237 0.002210860724360275 4.685304977760305
725 0.9390452283054049 0.32419488365261095 0.012392171368938776 4.686277147412744
730 0.9410812698072597 0.3153056471590068 0.004810598787334142 4.686506111833963
735 0.9435442901564218 0.2987113820463083 0.0006636576954615059 4.685960894588144
740 0.9420898548863522 0.30912728173454873 0.0003450447596846651 4.6859425386729745
745 0.9422777503743263 0.3071179363313332 0.004415226289066876 4.685590761700824
750 0.9418524599811129 0.3094369556470511 0.004618297013931905 4.686637994958513
755 0.9409786269583903 0.3147831727367141 0.004419487679490075 4.685591982713231
760 0.9403698670463704 0.31643702407985774 0.01021624930634868 4.685201867617178
765 0.9449883133191965 0.2892130120542884 0.0032521330208994392 4.684830001177063
770 0.9432365171209032 0.2980958204765338 0.0022943518059974632 4.685905844824862
775 0.9434235449592665 0.3020003892317309 0.0035386782274804407 4.685056085856209
780 0.9443602762557026 0.2917774822077286 3.48863678611977e-06 4.685524426907838
785 0.9399488928767239 0.3240169548368099 0.003436090017254756 4.685450617500579
790 0.9405923476773782 0.32051072433003114 0.000996159845105371 4.6853960617177846
795 0.9408782415616119 0.3189279343682161 0.009584435532568047 4.685309000585753
800 0.9431853055095893 0.302383409929055 0.004670630355812833 4.6853497764727665
805 0.9399492659996711 0.31982446477119364 0.014356555376282554 4.685111584654029
810 0.9433322780846305 0.302038676484611 0.0024778321677678683 4.68501585680953
815 0.942431490502973 0.3052370239288589 0.006804801384962866 4.687052981509945
820 0.9419369206071182 0.3131372722015495 0.0008255192232049513 4.685163202029615
825 0.9415133571431509 0.3118826772766665 0.005154358989576391 4.6852637614064845
830 0.9410206190598571 0.3137819372344497 0.0016687038409439747 4.6852606626665585
835 0.9384999875849274 0.33192906038095593 0.010412120693254145 4.685199075009591
840 0.9418268768862099 0.3092647425882049 0.003909460002514686 4.684948752893991
845 0.9407267202993326 0.3190662770973667 0.003950222210444165 4.68477886486915
850 0.9403164301428217 0.32069442235706 0.003366434942156271 4.68434966895781
855 0.9380402687758005 0.3321277668003999 0.0026044049479494458 4.6849350172639515
860 0.9433993638174112 0.30024448735330456 0.002223507297019811 4.684471786975658
865 0.9413575654622104 0.31678432637298304 0.0004304903700222962 4.685137886478484
870 0.9444510808024342 0.2931658491390179 0.001864260548171126 4.684640267733516
875 0.9432655231544239 0.3050040471480848 0.006349497703243001 4.685182125127827
880 0.9399816003626105 0.3263929140244919 0.003429347651341619 4.684014208101251
885 0.9400140823999212 0.32431029216163587 0.009417848435565146 4.6845300929827225
890 0.9415902785479964 0.31292799817268424 0.0009530008073352914 4.685277974596431
895 0.9392554554980633 0.32455493703882343 0.0018600078837991418 4.6843440623658985
900 0.9431018500066221 0.3019282321749941 0.001398636460483882 4.684065034289785
905 0.9434030995943281 0.301639522009963 0.0003116878989697369 4.684818964701818
910 0.9415424700331141 0.3135032953325112 0.0018802993020581305 4.683542701434946
915 0.9418370030203366 0.3057067423200168 0.008933856023119358 4.684341579655647
920 0.9428811194941031 0.3062694996584092 0.004166893906975444 4.684436879836907
925 0.9366740937267666 0.34177302600359827 0.011052490245968993 4.684367696675299
930 0.9426816085676246 0.3074952688499435 0.004752500865415454 4.684115447791104
935 0.9421915841908347 0.307812754127907 0.00024092743875536726 4.684306408215689
940 0.9406689326517479 0.3194612981775222 0.006339435732081178 4.683984881458106
945 0.9417197417184929 0.3103764697604312 0.007732636672797 4.6837013172182
950 0.9400944316256779 0.32598012388222486 0.003698037255871256 4.684168214346227
955 0.9419621625411201 0.30626515489278194 0.0030275837760918023 4.684500389507994
960 0.9404693564293077 0.3206137592147167 0.0014803185399239194 4.68449576478169
965 0.9390376973410229 0.3301067644517621 0.010964594240701508 4.683816539278479
970 0.939251683338057 0.3292268702805865 0.0064889779334655895 4.684589367581597
975 0.9386575294463355 0.3312310640922309 0.004481146930424895 4.683714124764154
980 0.9376132197299595 0.3363697712997338 0.009987440099952005 4.684153021297712
985 0.9414094667012453 0.31329582130734224 0.008730108147664506 4.683316607691036
990 0.9411027316010862 0.3199815300796489 0.0010100669154311515 4.6836184295078
995 0.9432009631566738 0.3034294086394169 0.006187727322526149 4.684070204921602
1000 0.9399663444260735 0.3218211025410955 0.0003937278637544672 4.684007535087644
