0 0.4267511684670029 1.9185703947798611 0.36621730634319083 0
5 0.9238196907887161 0.16078514182226122 0.0075387684132413035 3.66888776026086
10 0.9235520548057922 0.1602199566148883 0.001776335952494934 3.6678158906387934
15 0.924737972757106 0.1584279222083813 0.006554659568737575 3.6644779328508217
20 0.9189229961573935 0.17420179949863535 0.0016494666565340932 3.6626427417234315
25 0.9253055084229023 0.15661997272778105 0.0017305365105868553 3.6635023991936326
30 0.9242051358305214 0.15851762539032288 0.004022261586307918 3.662875489916953
35 0.9263877180787949 0.15443390568020687 0.0003903900042083741 3.66237898387472
40 0.9255374554664093 0.1557591513074108 0.003202897499672952 3.6625933508275916
45 0.9300951271154905 0.14695436280860807 0.003739991522697883 3.6607311400224285
50 0.9190635171102299 0.17269022483876073 0.0019827113333670265 3.661197689733032
55 0.9263639859019195 0.15442627301580902 0.0031621204435352546 3.6612986472946547
60 0.9245315084639976 0.15935269891853832 0.004426024034833276 3.6612845467767836
65 0.9289922017518478 0.14918192208404202 0.00026391004119474815 3.661023624564209
70 0.9314811932747232 0.14819211958261214 0.002376651555439313 3.659837155479556
75 0.9345030616789716 0.1381439406049565 0.002476754734759057 3.6601310079078906
80 0.9299346476113246 0.1483877055843177 0.0036087500935071404 3.6598117200597686
85 0.9324724973131495 0.14074459883531532 0.0020552050575122216 3.6596870255688025
90 0.9303113180467432 0.1462437414613822 0.004789917367737706 3.659346183274771
95 0.9305736566097444 0.1450146615147201 0.001670345503826498 3.6593913090531225
100 0.9713820086493836 0.06401778989695073 0.011761652156184743 3.7504132066430844
105 0.9928761699975815 0.0188624680454752 0.0004156385936415763 3.6810369670301633
110 0.9950959021359211 0.012407583002166156 0.0025351059661133934 3.671011673135953
115 0.9958309144094291 0.01302857639857491 0.007381424342523646 3.6664752778813754
120 0.9975551722459035 0.0067276288955699926 0.0006366808958342407 3.663993957962616
125 0.9962872706609729 0.011826585314869575 0.0022677512543134437 3.665042891442587
130 0.9984275981065914 0.004437202877383584 0.0014901659169310744 3.663893815849363
135 0.9952918000418485 0.0160424937027992 0.0012503278438178445 3.6633088597434766
140 0.9974005624311106 0.007796156601062698 0.003500965429251046 3.6614666119165395
145 0.998696715190299 0.003983988041477371 0.003702704162993564 3.6629852746040843
150 0.9978828848506812 0.007132181042295294 0.007934055973582321 3.6612717507907524
155 0.9987863362438291 0.003911058670680312 0.0040284846364442295 3.661874781483009
160 0.9940873971040357 0.023278445593520658 0.008592107800987847 3.66064119975913
165 0.9982974332489023 0.00549336228579822 0.004780398932912933 3.661444119946549
170 0.9976259534379488 0.008160721738614818 0.001248175986229505 3.6605000293880026
175 0.9984974954253093 0.004989343442749039 0.00026862676059846713 3.660870701647238
180 0.9987402659296203 0.00419173545410656 0.0005950470274500574 3.6601397414701777
185 0.9918741632798496 0.031147154171773828 0.008566078483323247 3.6607874063492574
190 0.9991634189621192 0.002781846413137057 0.00013077277983941649 3.660030465342895
195 0.9986921089240933 0.003779652105256659 0.0034455494862919434 3.6596603106696133
200 0.9929629919714126 0.027413824602835923 0.0006220393731506402 3.659952829986634
205 0.9988513297152269 0.003503329042641834 0.0009736347858280148 3.6592028103920375
210 0.9971991478436134 0.010865448433897473 0.0008507162351727438 3.6603802858064096
215 0.9990279755394342 0.003101340978149736 0.0034305747197080905 3.659817358764175
220 0.9991581495256974 0.0029444256339039576 0.0003774904062732176 3.6582580927456934
225 0.9986124687567155 0.004631582075224294 0.0007108839003369116 3.659293480977652
230 0.9958716405687422 0.01390237608129441 0.007135609915787766 3.658897328751952
235 0.9992190312617117 0.0022792148550792035 0.00011282105130816511 3.6586803125713248
240 0.9986609257591085 0.004499309430612719 0.0010136569634426884 3.659462996452757
245 0.9993080181298992 0.0022481894836445804 0.0023177337652189323 3.6585439084858518
250 0.998152186445655 0.0068178557525273575 0.0007977128001950273 3.6589842575288833
255 0.9973970955566406 0.009290673842545338 0.0013874694427951084 3.6586928626578725
260 0.996888805343836 0.011064458095655372 0.002755585363214408 3.658277814273107
265 0.9992037777968322 0.0026155576489776955 0.0007651216511690428 3.6585676741954707
270 0.9976726928229571 0.009124930548650934 0.006396349227735909 3.657642200148455
275 0.9991185997373835 0.0030679150966195223 0.002493381889971946 3.658553771499045
280 0.9990389519986815 0.00340174423346129 0.0029424811931146877 3.658258243881942
285 0.9994374361072668 0.0016199620937777937 0.0007634251019998928 3.657386512946865
290 0.9988225156385987 0.004165705160923849 0.002266864699788984 3.657816860235173
295 0.9986632109260418 0.004775816269604327 0.004473198217941343 3.6580167111249966
300 0.9989043119210752 0.0039661870499752006 0.000232849690425585 3.658552247497503
305 0.9988398786771413 0.004247611611625235 0.0019346766836163543 3.6577659932603352
310 0.9983175206926374 0.006416131841429529 0.0034014084671276645 3.6575130032094587
315 0.9992983707110061 0.002483025684179463 8.254091026560495e-05 3.657973659765778
320 0.9991306031214906 0.0031682987058196943 0.0029980492962959904 3.658435679670329
325 0.9992079776212596 0.0026336646186959634 0.003998233041544008 3.658801463866377
330 0.9972695366543338 0.010214047837750151 0.005380209033062799 3.6573643807526297
335 0.9966441701845891 0.01365488743066301 0.00010365098741260681 3.658320010265638
340 0.9991657035092036 0.002680007172221721 0.001274322979281095 3.658170743579206
345 0.999264542425466 0.0024666603308185486 0.0011042134634282608 3.6582132544276957
350 0.9993522494875999 0.0023932358666298725 0.002454714577615258 3.657701921675533
355 0.9978164084366332 0.007441235107216393 0.002937180337333478 3.657506426406743
360 0.9989678493188082 0.003794165565859764 0.00464581088691185 3.6576476488378855
365 0.9960530720137474 0.015746178544854494 0.004291220586293498 3.6575931225600944
370 0.9991013864387955 0.003043995963646129 0.0021490020077328253 3.6582933453144113
375 0.9989733704710297 0.003942417577532886 0.003426338489705749 3.6570693208133247
380 0.9976361314929219 0.009358139344641803 0.0017366970033425577 3.6572524148937036
385 0.9986350217533022 0.0054465493911997065 0.0011518186622820892 3.657077592319226
390 0.999193327920268 0.0029570406673258276 0.0032801933230008906 3.6573368050668607
395 0.9992011606018925 0.0025215344639013537 0.0020452170671583225 3.6578427445526014
400 0.9987449308060192 0.004828333710889865 0.001490906653879298 3.657826567144649
405 0.9991099771456909 0.003290125760036844 0.0023029496651765236 3.656892882739058
410 0.9992313453538997 0.0028214553121905794 0.005509899577197164 3.6577573686362315
415 0.9993323853669668 0.0024533672724631472 0.002403676357600526 3.657726041335636
420 0.9985939274673731 0.005538070997658018 0.005595618814763226 3.65716182018787
425 0.9990769406293255 0.0032788845954097035 0.0003445363167162707 3.6567951514670454
430 0.9989213772068466 0.0040087209843746585 0.0001845145730747788 3.656458840565689
435 0.9988790437028939 0.004294176162774832 0.0017835812681166185 3.6574319537761335
440 0.9991130132683433 0.0032990457590544864 0.002371910366012031 3.6572627541219123
445 0.9991444812381534 0.0031380210671754227 0.002282384093057477 3.657777525209579
450 0.9985056849228202 0.005195563534324155 0.002220872120250794 3.6568753523204145
455 0.999197640846184 0.002860382956334284 0.0003247214603712134 3.6576007317408465
460 0.996661173993285 0.013795134937709008 0.009626384917667874 3.6573070185803336
465 0.9993189333600554 0.0024855614138274973 0.0015597282677208835 3.6577584704956005
470 0.999071793926479 0.003538734454298087 0.002118887884440035 3.65659733343901
475 0.9984464192779539 0.006051785826352685 0.005312314753275205 3.6570536058841343
480 0.9979568629147053 0.007895116948582359 0.005312059766852784 3.65639302162451
485 0.9990947754465198 0.0032559944209289426 0.0011160465146315968 3.657555561551522
490 0.9989444033157431 0.004036889046147962 0.001253834952549937 3.657361923923342
495 0.9982025533322745 0.006715398648576176 0.0011684526354329705 3.657073761975224
500 0.9981246463025502 0.007140776515277558 0.0026841056418513976 3.657109079082372
505 0.9991694349415676 0.003029138453874758 0.003393993903412884 3.6566659140567994
510 0.9989262926307062 0.003954957908799628 0.0003539873338984645 3.6568901609877726
515 0.9995604960093901 0.0015590891187127198 0.00260941293522321 3.6568681673652255
520 0.9993582391313103 0.0022718001161936563 0.0025210760104588115 3.6564858590451275
525 0.9985328024194058 0.00564711744004498 0.004783030180051773 3.656865870191739
530 0.9994991544353534 0.001766476637596437 0.0014597275986572011 3.656640313922965
535 0.9992851684845535 0.00271190498245355 0.0005457405860318509 3.6563622259191804
540 0.9990283714905397 0.0037639431319491656 0.004958656318623689 3.656836637938264
545 0.998707313014075 0.004909920299387416 0.0006731633492855771 3.6567371192448963
550 0.9992844954762787 0.002727924362307732 0.004023809436416892 3.656597925117224
555 0.996911544709607 0.011864472037382612 0.008933485459528212 3.6567465166683557
560 0.9994117175506108 0.002189270233664331 0.0010674753345722987 3.6567387194265204
565 0.9988095208429303 0.004200916525737952 0.0012319018214768107 3.656821852575991
570 0.9987374469105464 0.004645178735190658 6.6607353072623e-05 3.6568206684436375
575 0.9990287868881368 0.003640445583825702 0.001901100317091231 3.656713606830116
580 0.9973982383162008 0.009956001532194225 0.001192517880164834 3.656250086276811
585 0.9991806916851609 0.0031410470951565017 0.0017656905964313907 3.6569163322398937
590 0.9992163291582867 0.0030179297314463227 0.004352711326085723 3.6567126213393606
595 0.9984412399114984 0.006306741856702214 0.004823711185891089 3.656890628093335
600 0.9994965745038895 0.0018773675675456403 0.0056114303115979425 3.6565643990097847
605 0.9987518101111539 0.004863338121948058 0.003989957742440042 3.656561911188149
610 0.9982494053249686 0.0065698411302990145 0.014067598747719456 3.6561709102299784
615 0.9978298991920472 0.008606317844096711 0.0026158738363371015 3.6566128322735296
620 0.999407318466709 0.002167233998495721 0.005657986524819636 3.6566402549894286
625 0.9985565263426264 0.005627962059977953 0.002693239138326531 3.656362503027631
630 0.9986950516014765 0.005091856982528231 0.007305957869239821 3.65669567066605
635 0.99919932058584 0.002806055996118495 0.0039449079022502165 3.6565253891314944
640 0.9995346792658596 0.0016888270520660775 0.0015409263633971992 3.6564802327526156
645 0.9991236510350111 0.0033396154226923436 0.002450013555245212 3.6560500465610004
650 0.9989387455865812 0.004175736265038754 0.008652368773795605 3.656607597747485
655 0.9992787150736064 0.0026312354995612353 0.0027033078187475024 3.6565491642298174
660 0.9993012296866943 0.0026964209594684263 0.0024640388990688766 3.6568106940469023
665 0.9995101775178863 0.0018126586776725517 0.0020117684644296308 3.6568723919205843
670 0.99848113342888 0.005849666182713431 0.0037193836871134422 3.656607719269388
675 0.9989868361503105 0.00395217279504223 0.003558727803337547 3.6566226487020947
680 0.999105791418424 0.0029528393742053183 0.001917690544845696 3.655992557418783
685 0.9990684136878443 0.003524859419457904 0.0028074686610670696 3.656250347291946
690 0.9992101642848629 0.0028069149734588628 0.0034639441715853536 3.6561965021610905
695 0.9991434354862591 0.003284791760563621 0.002211858265746658 3.656533257355858
700 0.9984761820721444 0.005922987408704117 0.00043737782094122046 3.6560536327421946
705 0.9991575358361496 0.003223407486380836 0.005742906448551688 3.655829270925977
710 0.9990511625079262 0.003351299258213203 0.0028474372198710185 3.656472695519531
715 0.9992237056925319 0.002900874186166913 0.0018923445433389752 3.656049140830385
720 0.9990048330089749 0.003794305472844872 0.003112021520304653 3.656576172618488
725 0.9990314202551078 0.0037003111905526964 0.003539115344285859 3.6561111243231217
730 0.9992463026167505 0.002918496837418072 0.002601235176349803 3.655927615218941
735 0.998946860801035 0.004092278454754794 0.007566434098934316 3.656431462239874
740 0.99931851023547 0.002559390419279328 0.001074577809039745 3.656290636863169
745 0.9995292457947027 0.001690873152984107 0.001930964502955268 3.65619348680458
750 0.9986686094964 0.004797712343020066 0.010028597405585593 3.6560812073978246
755 0.9991542515302958 0.0032190471147410804 0.002244926248114343 3.6561800265979394
760 0.999399252608999 0.002249235466876609 0.008820323769381133 3.6565004704462676
765 0.9982424535110618 0.006807194440047404 0.004324987667455593 3.6566039473419494
770 0.9977831775806872 0.008783979730143887 0.0043684048894125915 3.6558178905981737
775 0.9994192888744523 0.0020545051641405188 0.0037295558153744857 3.6562237906835082
780 0.999373231860657 0.002340035446384281 0.0029700039728131067 3.656136260878428
785 0.99928091917842 0.0026862060270902433 0.00106907992823424 3.6562000099389964
790 0.9984601927955058 0.0061967337917736565 0.007511511381203206 3.6558553202211357
795 0.9987471157793121 0.005026182673614432 0.002905738943796754 3.6563088285184415
800 0.99947611861599 0.001816998511153578 0.001094597562360855 3.655891868941118
805 0.9993049913863427 0.0025444937897582953 0.002695349893607313 3.65583185800476
810 0.9986540146235772 0.005285408423762128 0.007342461669953559 3.6558046738275105
815 0.9994608202177971 0.001962805752873109 0.005135576212761839 3.6560219583300744
820 0.9991479765518594 0.003054674055491091 0.0018710345400350104 3.6558454717044095
825 0.9993796836398177 0.002408300361928184 0.00723016310040725 3.656303665726085
830 0.9990863519346246 0.003394929281510528 0.004273999683196861 3.6559486952225573
835 0.999014085006936 0.0038075425759003245 0.006030261439367468 3.656168987345498
840 0.9993710375086262 0.002278430263963571 0.003414560536867617 3.656342421460985
845 0.9989514810801872 0.004016472642980773 0.008553797886013292 3.655542651141455
850 0.9994091722764213 0.0021982044664605738 0.005174368680846753 3.6554024967224352
855 0.998823561314256 0.004572669675779295 0.0003828501368443593 3.656107819866608
860 0.9994978230508916 0.001818047331754613 0.00040046014585803924 3.6561077577895005
865 0.9991998908796652 0.0030677501295524046 0.007209711971961186 3.6561501026331156
870 0.9995393872052414 0.0016340065790991787 0.000662646626560015 3.655940805007841
875 0.9991102333841828 0.003267945746177947 0.00039800126023337157 3.6559672061935475
880 0.999195792630275 0.0030849053365291645 8.568256719376777e-05 3.6565337840178596
885 0.9988983110435059 0.0043588910880596465 0.0006645000872074203 3.655886509460606
890 0.9986594832666635 0.005189468400106811 0.00679516248178702 3.656038725415471
895 0.9994297474260834 0.002147590018348744 0.0022563165031441734 3.6557371434648784
900 0.9990774787762347 0.0033646825236752775 0.004302130319993491 3.6554957144833704
905 0.9992843885682485 0.002699089928540399 0.004709990169675882 3.6560709430866036
910 0.9986855000478387 0.005141444866740841 0.0006867940106849435 3.6556167359878304
915 0.9984337604369284 0.006070699197836316 0.002763146050006382 3.6560263383817886
920 0.9991511863996665 0.003120928098737874 0.0013816118668570354 3.65598121094936
925 0.999288456230467 0.0028079214198415414 0.0002745151350196373 3.655976341950473
930 0.9973056160266538 0.010340580442776748 0.0018679180892264835 3.6555404361835975
935 0.9994250979150583 0.002134853163893613 0.0018673340462906918 3.6555630712960276
940 0.9963080662796715 0.014864449622224996 0.003315423535725115 3.6557457095347337
945 0.9991386900758232 0.0032989480430773988 0.0024691917572954303 3.6560780776334996
950 0.9992306325357891 0.002824429005299667 0.00515161553434873 3.655656726247108
955 0.9983151227523407 0.006445564308900753 0.002740913129640976 3.6558455529890983
960 0.9980183339268229 0.007871590202493284 0.0014714154875876684 3.6556144123034495
965 0.9990798603518465 0.0035548930238160636 0.004445105040609576 3.656585748606683
970 0.99938295295905 0.0024045044374987334 0.000499029678897811 3.6556740442316054
975 0.9993622125151237 0.0023565687655060508 0.004452910708830693 3.656285430422061
980 0.9985815749199687 0.005621413402319586 0.0002336532377509304 3.6557908925989024
985 0.9984162423619329 0.00623260220591737 0.0008700235041634308 3.6557901861982844
990 0.9990211624215336 0.003766048719514803 0.0065761296626101196 3.6556945173621638
995 0.9993844241038023 0.002272691416043582 0.0030873703832277055 3.655893437373936
1000 0.9994953611016326 0.0018328587937741503 0.0021241452066804722 3.656084146890949
