0 0.29152061882765395 2.6291562385177527 0.3618473404463366 0
5 0.8741755590470255 0.32302581290373533 0.0021431163219109983 3.1861011987055328
10 0.9662497769082821 0.08027890257052972 0.003162695962699358 2.720523262029242
15 0.969708019492405 0.07168316759089155 0.022537772479087836 2.7110893298804455
20 0.9708348305596156 0.06853990124321285 0.019016399413729568 2.705726157381327
25 0.9725599796743859 0.06326351195760438 0.009812386315200206 2.70217765606316
30 0.9724627688903797 0.06367333027027389 0.010765188846616036 2.699232753797995
35 0.9734151450504134 0.06081530056970852 0.01244546969575322 2.6978161802856575
40 0.9712778368312687 0.06699500857860352 0.011106156106202247 2.696406839923721
45 0.9746008676903211 0.057662780140860015 0.01230797099232972 2.696372461623545
50 0.9744548145887528 0.057619940702227535 0.012452387715156332 2.695814176233914
55 0.9741311649730827 0.058697338835868695 0.0097825702752814 2.695271569387614
60 0.9748956384387331 0.0566529291939144 0.016650565062535927 2.6946242345128373
65 0.9748588104161582 0.056977094812257434 0.01711553985111336 2.6944184464775054
70 0.9753240848287443 0.05602797231696899 0.014475752857307844 2.6945159903143563
75 0.9753917531248901 0.05566268774735006 0.021457391986440477 2.6941151709471765
80 0.9752346048627579 0.05656450367568144 0.01113880716817195 2.694034954537695
85 0.9755457671980228 0.055254911866097434 0.013100622675406237 2.6940602228270105
90 0.9750284818226127 0.05638826488124771 0.013562042360847792 2.693507704441944
95 0.9755074142955944 0.05528711925618213 0.008172293528340813 2.6937774533426726
100 0.9757895304858644 0.05469859089657403 0.00885026575837533 2.6932380373669904
105 0.97587064157235 0.054401962077506916 0.004960101176587406 2.692954033640498
110 0.975830826543785 0.05452709139827894 0.015781283402399593 2.69338192845858
115 0.9736068630701705 0.06088926814256501 0.002069580146367711 2.6927661822159763
120 0.9752827199786093 0.05607664322258055 0.005634976502512767 2.693043508689064
125 0.9760464826447788 0.05379241478102337 0.009218844231109413 2.692276269692895
130 0.9761586148621402 0.053849702905843344 0.013729507720168455 2.692672892311131
135 0.9758660771294245 0.05430471437583906 0.01331758901892166 2.692211246025201
140 0.9756032913649912 0.055851169611746965 0.008809438205364506 2.6923873606555393
145 0.9763613362258654 0.053290452288085266 0.006829606030916979 2.6925347554452204
150 0.9761584298633323 0.05434949033124736 0.018136778152425537 2.692191570926914
155 0.9760184093334952 0.05475811266298347 0.015254673523304119 2.6912540597542507
160 0.976081763620221 0.05382263145275612 0.008207897726805191 2.6919857532200364
165 0.9755050902670334 0.056240118536544426 0.009615962290908886 2.692215899274451
170 0.9765167522237241 0.05281597161411122 0.01380006694531799 2.6919162673621533
175 0.9765938281335451 0.05264645768177978 0.018095900356917216 2.691617903285266
180 0.9764207584336246 0.053508078944214166 0.014971312481491195 2.691762639049618
185 0.9764801799052698 0.05312616873259968 0.0036240768661661704 2.6915104670648877
190 0.9764972694217386 0.052822815707367354 0.009187412205726275 2.6914980427113466
195 0.9758367474822114 0.05488056014277909 0.006850845222315494 2.6910798047647786
200 0.9761726184067929 0.054776608802281856 0.013480111643400239 2.691476680190504
205 0.9758009758738997 0.05497924186329062 0.016076634926093014 2.691205467162199
210 0.9767626371331449 0.05253115677851694 0.013741340925430556 2.6912981642451386
215 0.9766849529728666 0.05263072421361459 0.011917952304919766 2.6915817706964122
220 0.9770406429662251 0.051942262870446676 0.001964000238330099 2.6910049377785805
225 0.9766253680313022 0.05244849284964381 0.016782579285113952 2.6910693207032095
230 0.976944809089613 0.05188397788536259 0.013131795531078572 2.691232738271309
235 0.9765306474220123 0.054253728705775384 0.01271585485311344 2.6905818321880766
240 0.9757785679356815 0.05633890499168315 0.011283410295599428 2.6907746901921588
245 0.9769992843563979 0.05164221106996081 0.011416094300913393 2.690852997500068
250 0.9757033731612446 0.05563804151379603 0.014440889220132203 2.6905774123900295
255 0.9760377854690803 0.05483274218864409 0.014820581402094746 2.6907401628106387
260 0.9772706944628776 0.051330870858353084 0.010857991816374257 2.6908315396231175
265 0.9748116604828221 0.058784532398718614 0.013638701387881147 2.690405530800822
270 0.9772416956169605 0.05114049777696161 0.009866102248792918 2.6907946673103513
275 0.9755246664294996 0.05769440024670969 0.014448980066344097 2.6905741820972766
280 0.9756701695651354 0.05609276660240026 0.012676825476473974 2.690383203145405
285 0.9773420262556576 0.05124153388990127 0.01629333287640944 2.690937826515509
290 0.9774944151086788 0.0513035677510838 0.008012938551219095 2.6900192126687807
295 0.977301979979416 0.05090057281816085 0.007818503401696208 2.6901128908838285
300 0.9776416611496539 0.050397615277582464 0.012970966175373633 2.690207187882976
305 0.977771665064194 0.050278970753886654 0.014943762515262637 2.689955229052491
310 0.9770026865925852 0.05223476586867504 0.006887909738915843 2.6896095851294053
315 0.9777686262901601 0.05008839043497071 0.008279218822283108 2.689805926942539
320 0.976168695292789 0.05484624164549645 0.013496179952841914 2.6893423272716315
325 0.9774447134191544 0.050898433337773774 0.013312792979220056 2.6895734301092973
330 0.9776424935642389 0.050226899243858814 0.0024699704465800387 2.6892565757831033
335 0.9777503424456184 0.050027506797487575 0.014220787832303294 2.6892695505283344
340 0.9776488502990377 0.050725579379368835 0.010745452919157295 2.688955694139935
345 0.9781483471130858 0.049472852339873974 0.018715361342885206 2.688547045952319
350 0.9769467615014991 0.053253041900183984 0.009390689326994606 2.688750527488516
355 0.9780880095669566 0.04979635797741899 0.0140044215704751 2.689126240782586
360 0.9783937686292787 0.04878709175535301 0.00931562098537242 2.6888345293204026
365 0.9783847684615052 0.049188082297254354 0.010989248621829706 2.688061273068632
370 0.9775461446767841 0.05135433571883041 0.0023831558627300797 2.6873850511235498
375 0.9783881207867613 0.04919866576544907 0.006970640476717582 2.6875842984199916
380 0.9782913834858957 0.04915977053945264 0.00855092357863918 2.6880262326831446
385 0.9788571278912422 0.04796561471929106 0.013945008685994909 2.687612071037896
390 0.9774337787147873 0.052305690272601346 0.015208206896661691 2.686899480751437
395 0.9789203788505736 0.04791068890774719 0.011087249012364575 2.68728838980288
400 0.9792031090400111 0.0470321558671718 0.008427222422909386 2.686771190428379
405 0.9793200055758389 0.047279616183566464 0.01472102904217043 2.685348039487505
410 0.9796799478282044 0.04647921605478622 0.014757534055910293 2.685037316594636
415 0.9769876318492068 0.05520372994340139 0.019985444180762313 2.684965354511489
420 0.9794400284235759 0.04762124700152004 0.003198542539720739 2.6847937462578
425 0.980279312425263 0.044757060623848766 0.007758704625351109 2.684437140952335
430 0.9802578901157005 0.045230768675074806 0.003026052256817513 2.6839927249076574
435 0.980633878929632 0.04421403035301097 0.005239036197942637 2.6826572262102633
440 0.9808158047221933 0.04501001775973057 0.01171391919457232 2.6822752218746873
445 0.9816333646685719 0.042199638367186765 0.002231276862877829 2.681263975939677
450 0.9816137860204595 0.0430011829926471 0.0017584706896405233 2.680268032462002
455 0.9825089744276209 0.04028310988061623 0.012450359482533147 2.679223342704447
460 0.9829240954791136 0.03928684211499478 0.009322345925946385 2.677882633941916
465 0.9839171009373195 0.037204154869168615 0.007095785817821332 2.6776760383835123
470 0.9844161007338947 0.0362446145652231 0.006534357723234185 2.6753671475115857
475 0.9848817908462092 0.035328326001415 0.00630845137772873 2.6735127022368426
480 0.9859286712179087 0.03292244595648741 0.003511296731999014 2.6719005900365813
485 0.9865436963935496 0.031920529768516115 0.0031422028383067957 2.669771189962248
490 0.9875091693940726 0.029917665458450315 0.00808998944717243 2.66692862352987
495 0.9889197292539066 0.026271375475000358 0.009823159058973685 2.665424231468803
500 0.9887712691853369 0.02802450336917195 0.0099687701683695 2.663638276828417
505 0.990101986795296 0.024321346588258574 0.012236305194941899 2.661713430101985
510 0.9915426793717895 0.02055927171142269 0.006576333925399247 2.6597330605117424
515 0.9920401210006871 0.01980131627032522 0.003940136997697907 2.6582970266476287
520 0.9927519566136888 0.01770270322197609 0.008538371339451567 2.6566315740466098
525 0.99322526207477 0.016523845758853017 0.0072199495375484535 2.65495936526543
530 0.994186354396307 0.014158389961307805 0.00751690698825791 2.6536407013937446
535 0.9946738363892665 0.012855798938590901 0.00014103164714862615 2.6530260750963834
540 0.9946550238963372 0.012928827662387565 0.0017190914297917637 2.6506496116409237
545 0.9944493447987317 0.014942530139515409 0.0030321773141264163 2.6501952243717763
550 0.9951446851916506 0.012010482664003952 0.000496595914680098 2.6494731733524715
555 0.9960745608385833 0.00947752976741123 0.0013180822286802396 2.6483070748589803
560 0.9958899553514039 0.010283932961191677 0.0008387812069350353 2.6471249431093935
565 0.9960828164135616 0.010108880381204166 0.0019794440898943666 2.647258406682543
570 0.9967911418213838 0.007536472611935796 0.0018037765520515503 2.646325397135699
575 0.9971775558568715 0.006608549087119275 0.00039915923691458133 2.6456326762657882
580 0.9962821223948694 0.010227683534407728 0.00010548564729773169 2.644824896802187
585 0.9971073292904031 0.0073606675058055515 0.0011381432453494433 2.645025096509431
590 0.9969677347783019 0.007672672982938611 0.004447999308241135 2.6445545214460453
595 0.996766556716807 0.008583397930672643 0.003885476918033204 2.643948055868417
600 0.994855883974636 0.01663184225268699 0.0003647831000566093 2.64364514745279
605 0.9978298765417656 0.005132999543082217 0.006522918622924312 2.6429882863109166
610 0.9957454572967599 0.013411479293405915 0.007994702960067768 2.643616619899224
615 0.9974582443446699 0.006950176720249335 0.0033318374530757477 2.643443670146977
620 0.9967303613822047 0.009795385511674137 0.00041806400125632415 2.6433949907772503
625 0.998249830908918 0.0041994931175310946 0.0009352851301951404 2.6429972342770185
630 0.997923385451007 0.005530965486003403 0.0014625284180866949 2.6425211465370877
635 0.9967872336547696 0.009684744427317593 0.005148862898279205 2.6419305090485286
640 0.9981009645529544 0.004978614377650459 0.0008178862898242656 2.6424951008260815
645 0.9978284711499648 0.005919160259427958 0.002525939671959021 2.6425817563899674
650 0.9977169077947763 0.006527968403763573 0.006077231076172529 2.642393337798446
655 0.9984544291557627 0.00388789417307267 0.001165880546853737 2.642114127237194
660 0.9983739440716636 0.00420724156061425 0.0007483423388392474 2.6425990346065884
665 0.9964332916422738 0.011945136383981314 0.004487881058648613 2.6422496370116333
670 0.9969332709784663 0.009866238332632449 0.006848145681776163 2.641660474908238
675 0.9982425798954754 0.004814413584103505 0.002884680642788462 2.6411255477472952
680 0.9987113557375877 0.003156771869059938 0.000846876678851638 2.6409217237246594
685 0.9965983823295876 0.011449221797976694 0.00596453798611174 2.6418989058428584
690 0.9986318848732656 0.0034862374219906123 0.00033193630097372306 2.641058381357142
695 0.998873449765266 0.0027004520944649 0.0002519617127410001 2.6415338414984277
700 0.997835545850694 0.006704146482472417 0.004840808127188012 2.6416302980216795
705 0.9983864559190284 0.0046088984507113295 0.003679528353474515 2.6414339335074803
710 0.9989595028658236 0.002456730200489421 0.0022704099816925893 2.6415047095817847
715 0.9982506466169623 0.005208951430017539 0.0006285007356900962 2.641091931337669
720 0.9979652160638944 0.006328933461154929 0.0029070037694263196 2.6410363836397424
725 0.9987434668270432 0.0033645277169935817 0.00013567028844430062 2.6415323349801825
730 0.9990012174554386 0.002476326034942744 0.001729223765949195 2.640996477610681
735 0.9977294398462243 0.0073981604661779166 0.005990037599221898 2.6409255490760546
740 0.9982536802985035 0.005327196599345108 0.00035613381078158923 2.640854521192634
745 0.9988977246370255 0.0029252056553459305 0.0022275031636804776 2.640851061574031
750 0.9972815289542845 0.009033093601760633 0.0021911559586393903 2.6405868337216396
755 0.9986739006206464 0.0037703151038086524 0.0005679828160169986 2.6412639431782607
760 0.9991372592762253 0.0021018189099972773 0.0008765013170748404 2.641254693596025
765 0.9952449941594468 0.0174253642999469 0.011178502721707284 2.6406765966031287
770 0.9982655830829723 0.00546003616864299 0.0013964596351685454 2.6401409795586157
775 0.9987188609264175 0.0036846785608410926 0.0009287458982791819 2.640663806025359
780 0.9989231581783587 0.002907879803204505 0.0032772105482909986 2.6409362236839935
785 0.9988793863224135 0.0030984411190466687 3.7633862060015844e-06 2.6407078349658395
790 0.9988068601935888 0.0034669605760444533 0.001989771226876824 2.6409358290794303
795 0.9984368546509476 0.004795495774551739 0.0030406711639516804 2.6405765595585304
800 0.9988753773163587 0.0031567434298827024 0.0018570437210907453 2.6399427356560072
805 0.9991168727160897 0.0023027232731904768 0.0027714410791574995 2.6407438100203446
810 0.9991041224638952 0.0023382289675795143 0.00032369300727674855 2.6404879296886024
815 0.9977308825557807 0.0077111474474285124 0.00162383932287824 2.6402283838538256
820 0.9980281768543 0.006653338994571101 0.0009034061285213557 2.6404543469715223
825 0.9988650765052058 0.0033487922305157625 0.002740976118243088 2.640285869151827
830 0.999272802980738 0.0018040517335156103 0.0023075803686523066 2.6397275723419087
835 0.9985821766035701 0.004391176030181132 0.0022471909120991285 2.6401207760749377
840 0.9988477336842037 0.003468808391734246 0.0015055181935961226 2.6399274805346558
845 0.9987574987629679 0.0038012135527396573 0.0027894867784852284 2.6405735334679514
850 0.9988757888586908 0.0034240085435151 0.0012818712893520878 2.6398321747990274
855 0.9992295790031613 0.0020223259526459536 0.0020968844393001174 2.640580267033104
860 0.9991264276592942 0.0024667036657843866 0.0012819148181553164 2.6404747458921896
865 0.9992945245486446 0.0017858826593020183 0.0013623177971349154 2.6396887752906286
870 0.9993405415014778 0.0016395982452346303 0.0013122866135069078 2.639847429450835
875 0.9988347676462792 0.0035714310847851927 0.004530175159443761 2.640181942187341
880 0.9985772349623846 0.0046241892051011035 0.0018261813585531694 2.639323815737671
885 0.9992474621911687 0.002007012751520154 0.0014906641705538792 2.6399453393769856
890 0.996194496772222 0.014017976632477946 0.0012104431654116343 2.6395067502030036
895 0.9989497614170822 0.0031528156364473148 0.0014803853132594469 2.6396413277266184
900 0.9971734282267641 0.010169869686856625 0.006851721062729466 2.6396875666082256
905 0.99901822722463 0.0029193537569258687 0.0020443902420888005 2.6400605390124166
910 0.9987443291609039 0.004129833491555601 0.0012217319544520766 2.6395484404623546
915 0.9985224548995387 0.004904544882773365 0.0030906892244015882 2.6397046811672964
920 0.9991017984900173 0.002626996117257363 0.0014905614729470162 2.639799676662766
925 0.9978938714867994 0.007489021976116561 0.006054928045288177 2.6394656587284198
930 0.9992666273961739 0.0019972392382388016 0.0010015559712894806 2.6390232609740987
935 0.9991858907710566 0.0023113724735899233 0.00010717425378348189 2.6391996449347674
940 0.9992124571991807 0.0022735130199205145 0.0002864969072908785 2.639384957881384
945 0.9994136069432575 0.001529074614601722 0.0017017648598409707 2.6394246700299453
950 0.9988608889430635 0.003674294349950813 0.002630747750313356 2.6396607034670008
955 0.999159809484818 0.0024774370362825593 0.0014739635791289896 2.6394045170462963
960 0.9992019151407703 0.002391658417375986 0.0010396344364427268 2.6394698061797386
965 0.9992989094260927 0.002049603343205586 0.0010945709981482477 2.639554715857546
970 0.999200763623114 0.00239286962570473 0.0013437023229443401 2.6390350977654116
975 0.9968255308577453 0.011745198594931505 0.0016060770062880092 2.639017787383657
980 0.9993350523335518 0.0018221432038028063 0.0003418634554672728 2.6393821471880465
985 0.9993545654074193 0.0017842039680973087 0.001577594416753092 2.639179342339722
990 0.997811107797816 0.007855853907134502 0.0035640910347012333 2.6392540239139657
995 0.9990557599908554 0.0029885862506229266 0.002046700098291332 2.6392636360988333
1000 0.9971222475616528 0.010650645085276356 0.0019077726843264031 2.639737045821189
