0 0.715463626656317 0.6699671187316409 0.011679682450000062 0
5 0.711432206667157 0.6812137935974172 3.6148154625159634e-06 0.6932631517423734
10 0.711154175039346 0.6819774570471413 0.00016589218792906202 0.6933048254381761
15 0.7129819343735823 0.676833539303632 0.0010956810975577547 0.6932937215751942
20 0.7088465406676177 0.6884254481666232 0.0020809844306226566 0.6931400937384571
25 0.7110429457067435 0.682226652340685 0.0008050589087240656 0.693270504211434
30 0.7103371787690871 0.6841876361984935 3.0936396710257164e-05 0.6931520855876139
35 0.7098125305585394 0.6856494534035185 0.0004619038601882952 0.6931796700707651
40 0.7092201409348257 0.687301064668234 0.00026807913494786284 0.6933008030206045
45 0.7104732440803121 0.6837627832452813 0.0005188340758377485 0.6931727393925503
50 0.7108929191234863 0.6825713154569635 0.00043395456599149007 0.693186411320734
55 0.7082597157970978 0.6899698945781849 0.0012888867112688107 0.6931678932713491
60 0.7096235098240721 0.6861188291244256 0.0012331449528067973 0.6932508856140605
65 0.7075178889813202 0.6920440405671426 0.0005742232078841392 0.6932776656126118
70 0.708626154663788 0.6889086040590908 0.0010760219937653304 0.6933138669056298
75 0.708557842365364 0.6890939938309604 0.0003606236462174728 0.6932834810277991
80 0.7082781735658304 0.6898767907878736 0.002076806525057595 0.6932503574462103
85 0.7085972635029826 0.6889723380917276 0.0022335205642938227 0.6932421141287479
90 0.7063967516483487 0.6951828157771378 0.00044904894932917827 0.6931685825592783
95 0.7056801515531985 0.6972073845611071 0.0008505246342118689 0.6931546246622592
100 0.7070905821652611 0.6932117926598553 0.0009392473894989095 0.6932351557099825
105 0.706734082459568 0.6942169656663886 0.00029591840863052443 0.6932369737318019
110 0.707085187040815 0.6932211879428327 0.0011637595646970533 0.6932098717174275
115 0.705801606210223 0.6968515549695071 0.00019753293041002706 0.6932124865260623
120 0.7068658310841001 0.6938373205832224 0.0006001911012997185 0.6931762048808945
125 0.7051605742138403 0.6986651679995393 0.0016456232366623968 0.6932156599837032
130 0.7054700083124987 0.697786724053731 0.0001232854072530376 0.6932052268149687
135 0.7057626078651085 0.6969565180023478 0.0005801782676704281 0.6932222499859229
140 0.7056067196031657 0.6973974350473275 0.0007611978891839399 0.693206789921359
145 0.7051040435422973 0.6988221704207702 2.805656614546237e-05 0.6932109301086661
150 0.7056847019661032 0.6971755079710868 0.0035076468023382823 0.6931761153430378
155 0.7042356110715191 0.7012862988956521 0.001133207867688002 0.6932039788874091
160 0.7050132414685617 0.6990790588583273 0.0011128208831577835 0.6932201485585229
165 0.7049859206510376 0.699156674801803 6.469938079356474e-05 0.6932208429248383
170 0.7048213009910094 0.6996240852349067 0.0020050181429278613 0.6932078969982932
175 0.7043761792862722 0.70088837342275 2.2671086103320803e-05 0.6932006049274904
180 0.7043991882362797 0.7008233761414346 0.0007082624907934765 0.6932062499676225
185 0.703587865477151 0.7031293770647902 0.00019749561321291687 0.693184034008259
190 0.7041599302424976 0.7015048032038136 0.001686886550691602 0.6931874139251084
195 0.7036133277500463 0.703059207018554 0.0005453431451178936 0.6931802815025111
200 0.7036078844182749 0.7030755580348567 0.000806930731235167 0.6931875339364807
205 0.7039280825132692 0.7021653084812953 0.00010772311972617743 0.6931848659135131
210 0.7035156904672693 0.7033390938138064 0.0002021523449347029 0.6932019849200686
215 0.7033616539820227 0.7037779865560387 0.001831457935924652 0.6931965778899837
220 0.7034931709552582 0.7034041457269953 0.000524230059181674 0.6931955321499338
225 0.7031802408312644 0.7042952205350006 0.0003626768521245438 0.6931887129302602
230 0.7030299547723537 0.7047233625263449 0.0006080234993999234 0.6931944783599765
235 0.7032724407913475 0.7040336488993943 0.00016268012359466066 0.6931815062095602
240 0.7029086139755352 0.7050700122681186 0.00017874146392693468 0.6931713644515111
245 0.703030767389193 0.7047221291748262 0.00016593149427746035 0.6931788050608166
250 0.9946101768135379 0.010911759298437351 0.004237866818878944 0.9151542018493127
255 0.999478826369306 0.0016885328789899567 0.004806889812170145 0.6946388230307666
260 0.999136434929282 0.003140780177789182 0.015228400096260919 0.6943935181134929
265 0.9992044326249114 0.0030204820667656396 0.00924618212430628 0.6938740024414642
270 0.9997184374907032 0.0009753853363063669 0.0008001833532265135 0.6946898672201346
275 0.9999048596128027 0.0002304059882995979 0.001823676191293977 0.6940448391568518
280 0.9997051724416972 0.0010084952723240503 0.0007999623247570975 0.6945355535356889
285 0.9999122044924628 0.00020285343303194647 0.00025606485361029385 0.6945240320844817
290 0.9991817673915513 0.0030802282559606597 0.006237292749214474 0.694274092243505
295 0.9999229881330503 0.0001642748071430944 0.00034213272951488793 0.694011156574348
300 0.9999008126577492 0.0002652018444724291 0.00019277724925881312 0.6941742413554016
305 0.9994895560968438 0.0018690391293794129 0.007623023741166413 0.6941249240084152
310 0.999932150318921 0.00013757063901465028 0.00022328768113588637 0.6945568754893959
315 0.9989643798902379 0.004041163932656966 0.005716024883895221 0.6944507304443391
320 0.9994842780169202 0.0019521666917500236 0.0005878804453450792 0.6944616765866969
325 0.9998915808138562 0.0003114175823430987 0.00097269962864166 0.6945093916997177
330 0.9996137734513545 0.0013909266795804065 0.0042168774783550855 0.6940267203981239
335 0.9998607168988856 0.0004427823835904121 0.0008366275167879245 0.6939691430481524
340 0.9999114007555874 0.00022469656264001436 0.0022688713422125417 0.6940711465277054
345 0.9998401834787545 0.0005054443650820417 0.0007178076223666174 0.693865837758544
350 0.9995931220517595 0.0014802496395008857 0.0013306213154318236 0.6939815336003754
355 0.9996197363245081 0.001419259634875214 0.0007369867544639863 0.6941804939175502
360 0.9999096638066449 0.0002379183687288844 0.0007106925664897012 0.6940036799507747
365 0.9999348946234536 0.00014073611844978018 0.0013220530649235007 0.6939259770127122
370 0.9999250045320789 0.00018096987975080303 0.0005949051160893948 0.6942027520754247
375 0.9997060024723419 0.0010742749775298766 0.0009701452398622745 0.6940370440195731
380 0.9999426601836696 0.00011623455482734357 0.00022343202277186336 0.693739561531959
385 0.9998884090962886 0.00033929588339864925 0.0023426678536556667 0.693781057794979
390 0.9998351011540079 0.0005553450928657 0.0004486144400928094 0.6941096111836781
395 0.9998949084346223 0.00031411475860809723 0.001821428746842435 0.6938625401753431
400 0.9994451579754083 0.002126861770068489 0.013276464830970891 0.6940346725741707
405 0.9998231910802613 0.0005859791379470014 0.0031868047567865654 0.6941638471884813
410 0.9998233510483421 0.0006079746527843932 0.0017806229481145408 0.6941568623699854
415 0.9999247726975339 0.00019836956670493677 9.334494616064504e-05 0.6939484246343981
420 0.9997885009111713 0.0007516457679024313 0.005722181827757744 0.6941096418388412
425 0.9999010837561815 0.0002959381154727936 0.00176850179007082 0.6941185005830941
430 0.9999010398578175 0.000293160589161956 0.001351472880161575 0.6939560417891917
435 0.9995555934269966 0.0016446910824250427 0.003987076777941634 0.6942203469440984
440 0.9997802194366471 0.0007575031029066759 0.0034812575702887205 0.6938585902388925
445 0.99983471282707 0.0005644600124516952 0.0029060229648631974 0.6940289626783929
450 0.9999363211363493 0.00015486245871976223 0.0006675051203282045 0.694148826000039
455 0.9999465560291432 0.00011648421520282781 0.0007104587298620846 0.6940351159084054
460 0.9997550410188567 0.0008636827820476256 0.0054324587410178315 0.6940736173793082
465 0.9997974584485344 0.0007175384934845486 0.003445537451307379 0.6938497805074647
470 0.9998285705803586 0.0005703795361708952 0.001054328170180474 0.6941726365741
475 0.9998201351569845 0.0006290721679089728 0.00011883204194163 0.6939223775034943
480 0.9999078149889471 0.0002622299145804696 0.001203642313826414 0.6939703995700579
485 0.9998980039988272 0.00030320325433752515 0.0009918662386203536 0.6937584754917681
490 0.9997820689835438 0.000761933837638229 0.007281855545421934 0.6937884976205626
495 0.9999299005297292 0.0001866062036044447 0.0001784961595007184 0.6941926243966217
500 0.9997514989335066 0.0008819421455463772 0.004685899897517665 0.6940656443364813
505 0.9998557326599729 0.0004896881097710137 0.00039982899241031156 0.6939357471999533
510 0.9994586995163148 0.002045645262339635 0.003165174192403919 0.6938573159351863
515 0.9991960107238322 0.0030912749914746573 0.01554164774947564 0.6935274491545456
520 0.9999026995851625 0.0003029443245388119 0.00021420355751256004 0.6940066155374036
525 0.9999106359334123 0.00025732510227816086 0.0005489282449302468 0.6941617734974739
530 0.9998993405831624 0.0003021571966476122 0.0013968188247237556 0.6939854718883686
535 0.9999171265486637 0.0002333917726990986 0.0008450789604930176 0.6937745579404649
540 0.9999512324595518 0.00010254406555554318 0.00039580383644510775 0.6941004492159714
545 0.9999203584888497 0.00022078056087160292 0.001362533890254758 0.6939829858423358
550 0.9999528104915925 9.945195361360515e-05 0.000462199777047978 0.6939153074601215
555 0.999900027706295 0.00031518510901218377 0.0015093150518004084 0.6940372018809075
560 0.9999400116730839 0.00015216804246187543 0.0014958491636121174 0.6939314637895285
565 0.9998596657467582 0.0004787765181467618 0.0029740377255843553 0.6939622963869547
570 0.9999518179330413 0.0001036281365400793 0.00038064968334483584 0.6939395195290612
575 0.9999368851410141 0.00016157934351257452 0.0020343032787303317 0.6936338398313172
580 0.9999433642320785 0.00014290151373552717 5.677857814090359e-05 0.693856102321497
585 0.9998103542297306 0.00065863366929797 0.0005562132398533315 0.6939156874274619
590 0.9997484896175624 0.0009279289487713616 0.00578857116256426 0.6938692819533384
595 0.9999525792115749 0.00010068876085289613 0.0008677812708506316 0.6940793871777163
600 0.9999352561387548 0.00017631009925711538 0.0015292088136359405 0.6938986484351014
605 0.9998771367255513 0.0003983939105660639 0.0017796249085875182 0.6939089888017764
610 0.9999193763122348 0.0002320076905802937 0.0005280076403063605 0.6940102687797615
615 0.9998527156238022 0.0004946974285224837 0.0026544479169219315 0.6940139969968335
620 0.999953739094207 9.831269362137185e-05 0.00033222424379286686 0.6937634881050488
625 0.9999323963741874 0.0001893495385743016 0.0007670192373612217 0.6940013172474052
630 0.9999501559735857 0.0001179793626165937 0.0007917644378083732 0.6937082375981709
635 0.9999433193786371 0.00013931918528575782 0.0012426414237145522 0.6938043020970213
640 0.9999568723528751 8.812261786184106e-05 1.2552272112831275e-06 0.6937091050734882
645 0.999782087859491 0.000797737457983061 0.004597307292521391 0.6937739790988214
650 0.9998938768786415 0.0003463613946486088 0.001578713778477292 0.6938969364685309
655 0.9999576914623405 8.63804348362196e-05 2.7899981322465628e-05 0.6936156071508914
660 0.9999220730758145 0.00023404239125457416 0.0005047873522088242 0.6936486348930958
665 0.9995359557565751 0.0017886220508787076 0.0006274188678443426 0.6939906560688742
670 0.9991773088984908 0.0031827655637663987 0.00477274456621557 0.6937982474886133
675 0.999944196341024 0.00013915549417009565 0.00015255109825540458 0.6936997371310667
680 0.9999123628899786 0.00027471209589668977 0.0013891945421602436 0.6939571253152492
685 0.999945184349678 0.00014274382553702836 0.00016208098896186574 0.6937078849229752
690 0.9999597537384075 8.29975066012345e-05 0.0001825234989787372 0.6939122114338281
695 0.9995330305566184 0.0018040904140486091 0.01477784264556048 0.6936720101233378
700 0.9999599408968662 8.422097658555838e-05 0.00019732988389198347 0.693545091154899
705 0.9998458655310986 0.0005310557874831368 0.0016339940345244663 0.693780570659635
710 0.9998220111196052 0.0006432785173138278 0.0007811424994964566 0.6937658725533816
715 0.999925707651845 0.00022504639872567012 0.0004973755422785775 0.6937652815430614
720 0.9999008182775158 0.00032709355553084407 0.0002549808021066191 0.6938094261067489
725 0.9999619347536337 7.737906315286036e-05 3.834321245177463e-06 0.6936688487346286
730 0.999708750893955 0.0010989368298255364 0.00557148035134003 0.6938062141721688
735 0.9999612172196932 8.066328910516507e-05 0.00011277480769167347 0.6938162354626539
740 0.9999363460286306 0.0001836427644879013 0.001077453355578184 0.6936935689878412
745 0.9998185486759166 0.000641376305507313 0.0005544819207674578 0.6937828146118831
750 0.9994991213054943 0.0019099220935613337 0.0030068719619399387 0.693829461151516
755 0.9998685319662457 0.0004414199386305606 0.0003544884457071795 0.6938346735299453
760 0.9997354346076588 0.0009708608944474229 0.012066815348555027 0.6935385798224017
765 0.9999003331895673 0.0003287271170386852 0.0011620057664880612 0.6938301664289928
770 0.9999484562024601 0.00013126886389036585 0.0003613619159087422 0.6934643166846715
775 0.9999484786271666 0.00013064921987471223 0.000974243288764054 0.69383262592153
780 0.9993089282994179 0.002708221650620013 0.006092228196461935 0.6936907278401285
785 0.9999464296773428 0.00013967951755478047 0.000608755214476564 0.6939667449039527
790 0.9999593112368543 9.272995116149652e-05 2.0225934755702113e-05 0.6936345120777909
795 0.999898618344022 0.00032736578429826135 0.002419081421890845 0.69359111423828
800 0.999935033358808 0.00018550629616298497 0.000775885152015432 0.6937651173135315
805 0.9997556432771764 0.0009156263456637781 0.0025023724775321554 0.6934385250198428
810 0.9999380983426542 0.00017917947884626972 0.0025405753799668807 0.6936857040490354
815 0.9998161676445447 0.0006711065964641882 0.0007865268597210262 0.6938086023894249
820 0.9998311754074525 0.0005942916706136447 0.0001285248820667162 0.6936366086285666
825 0.9998944369841904 0.00034563151959299265 0.0020424344738448896 0.6938928135447697
830 0.9998711223959386 0.0004527486230240241 0.005737737613519922 0.6936733155446148
835 0.9999565146193031 0.00010751607723658019 0.0006644082143297814 0.6935967035090593
840 0.9998337751531448 0.0006026611388993963 0.0020864956684049085 0.6937530601135152
845 0.9999650179047854 7.221586414907222e-05 0.0004407405447420798 0.6936741015673388
850 0.9995143049912814 0.0018560884033336222 0.006525430320975634 0.6937670503785479
855 0.9999619389114083 8.477433722398064e-05 0.00045045338611759966 0.6935783585905884
860 0.9996718880544877 0.001229688887769198 0.009384313850773762 0.6936892185327165
865 0.9999299480153294 0.00021627807731205984 0.00014986815681505838 0.6938381111840362
870 0.9999348129148082 0.00018877334867206663 0.0013240053059453416 0.6939314839800309
875 0.9999196077969402 0.00025809895987316533 0.0017605084825385031 0.6938068134649708
880 0.9999147004412579 0.0002684728204961351 0.005705147903170671 0.6936241560949583
885 0.9999273985055107 0.00022717429838214898 0.0012397138258133378 0.6937515570942994
890 0.9994835928930216 0.00198065137046588 0.009188804317093124 0.6935141244438409
895 0.9998986555384156 0.00034584459468822715 0.003052016975852223 0.6936256097730029
900 0.9997957939450968 0.0007407382754653913 0.0006622020153046471 0.6938468558551797
905 0.9999658185830613 7.013906017327987e-05 0.00011619795532891164 0.6937446749321503
910 0.9999658095432076 7.039358964444631e-05 3.363604065953485e-05 0.6937022141060908
915 0.9998779457921203 0.00041465729221878966 0.0007024218037099406 0.6937002154276622
920 0.9998357307605212 0.0005977472309823817 0.0007738228147953219 0.6937484797518105
925 0.9999446920077874 0.00015933684062729991 0.0010075677960230678 0.6935235104658553
930 0.9999670324944816 6.830517891209809e-05 0.00016791351726908044 0.6937828281037985
935 0.9999554739695872 0.0001157881637315894 0.0005549442043676356 0.6938654938388281
940 0.9998666930337221 0.00047584598141980905 0.0018917850351803933 0.693615824832954
945 0.9999669701352145 6.879612261689871e-05 0.0002477370161153569 0.6936181949091947
950 0.9999589881888551 9.808080592343948e-05 0.001261447429200535 0.6938440645374183
955 0.999793423772426 0.0007706117030510384 0.0022227017698959184 0.6936495173851667
960 0.9999485542142971 0.0001395351853771265 0.0012608488576946186 0.6938767228116679
965 0.9999049015894441 0.0003122429987354458 0.0015170850741084152 0.6937801596032287
970 0.9998558064384102 0.0005200159052234365 0.004711350432841543 0.6937311042121709
975 0.999964485066529 7.917810575253093e-05 0.00011895977588904927 0.6937179689497271
980 0.9994204280113435 0.0022700988730395277 0.004886796639765656 0.6936294305425876
985 0.9999269663562362 0.00023431152369912667 0.002437841492420434 0.6937217960464972
990 0.9999680973247491 6.670729031510447e-05 0.0003061797901670049 0.6936516801562395
995 0.9999402122843533 0.00018176775034861592 0.00012190538753698021 0.6937641120301773
1000 0.9999688716885748 6.36280737292827e-05 2.9401873349987895e-05 0.6935860847673222
