0 0.5058841619666004 1.4955062738517326 0.3493343100437919 0
5 0.9132470665237652 0.2195181681836882 0.008438896654736183 3.16727544699338
10 0.9517142115969968 0.16169660670680086 0.01894293212259135 2.7231816749769644
15 0.9534664352475017 0.1599290040021888 0.0075594089682955445 2.7115035283534286
20 0.9549067972752749 0.15630504968821057 0.0048448823494557924 2.7050791899899864
25 0.9557626019894518 0.1543737060228465 0.014269877428578326 2.701436051635148
30 0.9565109654872304 0.15217729466945196 0.008972252032930728 2.6986227531953064
35 0.9565599769277986 0.15235504361102725 0.015623650066110661 2.6967231199644965
40 0.956719806224046 0.15201196832037 0.011808694170772682 2.6960494455368558
45 0.9571624367727265 0.15082572807470607 0.007257608270498261 2.695278638535496
50 0.9572755202659645 0.1511422916020253 0.014487641543659668 2.6949220670650593
55 0.9567814885275228 0.15236373764348832 0.012449607535533813 2.693995287197225
60 0.9565235607878351 0.15254566212908616 0.008383080398119303 2.694423074562705
65 0.9567073400673718 0.15433260926229808 0.015031432266882305 2.6942191849570487
70 0.95729533733129 0.15107737249205533 0.013316400438614817 2.6937561784457635
75 0.9579090457533369 0.1482364826664102 0.009414779687229036 2.6937869145131326
80 0.9578356902894744 0.14917938143368525 0.010270519437295622 2.6931048623118943
85 0.9569448998426036 0.1533068876417949 0.008558177201634543 2.6929061397243474
90 0.956192709840427 0.15410777004876008 0.009409135064882834 2.6929026153670987
95 0.9579281416422524 0.1485262118158075 0.019017145812392888 2.6927764701355086
100 0.9582192048538911 0.14764574310022782 0.01495412868532342 2.692308162207789
105 0.9563054139701791 0.15455124556561906 0.015585758066983146 2.692126724741973
110 0.9550544909522157 0.15875367075341495 0.008744001358009568 2.6921924154394645
115 0.9582795169271652 0.1469456778364635 0.004932625846930883 2.692346209647308
120 0.9580366638771884 0.14810052353053527 0.010489279458555378 2.6915004663147055
125 0.9579180445850843 0.1489458484429682 0.01184742016279805 2.691921400599849
130 0.958428151159979 0.14822184921914694 0.005627844498785173 2.6914505048388064
135 0.9564804739777353 0.1540192368413309 0.009490742338811309 2.6913605552863253
140 0.9584847919403059 0.14658971605755156 0.013796480478856399 2.691722448323099
145 0.9589479101587495 0.1453246658284586 0.009241613058008857 2.690987890479915
150 0.959028351572591 0.14519203657018132 0.004501830722276834 2.690794502847875
155 0.9570312221181141 0.15158994239944423 0.018371359192309145 2.691403202157212
160 0.95912813387323 0.14507164397196126 0.015486876562253338 2.6912000533712845
165 0.959086678491506 0.1454325178654723 0.00686347029526746 2.6905802211793044
170 0.9593084363455058 0.14429484373215562 0.015981027380978174 2.6906391970804195
175 0.9590452552294055 0.1447809832237792 0.012937047381115896 2.6901927218404045
180 0.9588043053413922 0.1460097586120752 0.013730141085921188 2.6903698650147474
185 0.959631872994851 0.1432828881796846 0.01325042973126922 2.690339831857482
190 0.9584867283453652 0.14804128464307365 0.011951376618356546 2.6902183285545176
195 0.9597137409495753 0.14168344682333567 0.013305041398885331 2.6897518562371174
200 0.9595648549524133 0.14333587267471604 0.006610253729353088 2.6900221917688243
205 0.9581941574133821 0.1489187004543 0.010279284131888167 2.689470591329595
210 0.9592228401087065 0.14449649691197708 0.01180323889215562 2.6893669614551485
215 0.959386713680782 0.14408878392621194 0.004524714147737141 2.6891723073194203
220 0.9585661113975068 0.1477237869308472 0.01770726584779303 2.6893980553513384
225 0.9597560585561629 0.14282640977801497 0.009775064084157181 2.6891516604956123
230 0.9585419960940988 0.14717130873011408 0.01798517608182526 2.6889586945689374
235 0.9602592993184493 0.1429581726910425 0.0059104376333813935 2.6888356515162766
240 0.9601624288370418 0.14161246820739448 0.004833273760836754 2.6882254398213887
245 0.9602704170779197 0.14099615641965357 0.005579623333541228 2.688244370427424
250 0.9614681726750511 0.11083309548712927 0.050283395372807904 2.7609849758388423
255 0.9594710514272718 0.09548968220784504 0.03566969691992128 2.7339217419943287
260 0.9604372189987118 0.09178625813538055 0.003166045063740297 2.73043544747021
265 0.9614849270913275 0.08855437771505414 0.010636416745789079 2.7274727670623538
270 0.962958145678481 0.08501599087862699 0.01606629590830866 2.723744364575529
275 0.9640059536902359 0.08271940104684727 0.024143152495142317 2.7210030279706303
280 0.9664929911885978 0.07632878927507702 0.03296405621221221 2.716310999465051
285 0.9658483433414609 0.07983617860111059 0.028413227783385286 2.711804615814396
290 0.9707986382066557 0.06655708856666775 0.033480918734483334 2.7055643370664004
295 0.9743366928777061 0.057888934028411665 0.000510705829052549 2.6983018788714674
300 0.976312477062244 0.0542734985313289 0.027715479204994287 2.6899486024784927
305 0.9807273478626499 0.04355494502330837 0.01789920864767569 2.683327871869429
310 0.9746886602959219 0.06534298862036536 0.01122114216055281 2.6764214873153476
315 0.9859329312206249 0.03176172042987613 0.005268568190731182 2.6713115318082123
320 0.987802635356237 0.02766763109625714 0.01926276686835271 2.667676852721677
325 0.9890500651531555 0.02615310006658289 0.0011395303788350741 2.6633108537723142
330 0.9902501676586107 0.022175618641748773 0.0078053519964995655 2.6614428138608828
335 0.9899297774159646 0.02456810571768475 0.01124171341357072 2.6588343768532723
340 0.9926508376311785 0.01701895373864515 0.010102396738209896 2.6568203117878433
345 0.9930536517316657 0.01624605587897321 0.016206852713515074 2.655213120765504
350 0.9939345863016592 0.014369550831353717 0.010447374988999725 2.6528551364820636
355 0.9946241549535864 0.012410172931900387 0.010800150341394588 2.652268090936257
360 0.9946185962470906 0.012866805731194475 0.005540281330455921 2.6509687120085483
365 0.9955481507227398 0.010542748298681737 0.007259933419532016 2.6501026171376925
370 0.9948894271129677 0.012689327359087343 0.01245868782573889 2.649826908247972
375 0.9962441784802466 0.008880972241737783 0.001131844879274313 2.6483660253488375
380 0.9963201662823951 0.008415718809587247 0.005710989171619607 2.647402487880381
385 0.9961377213690745 0.009285215231863653 0.009930164123842733 2.6466064516843626
390 0.9967550519621962 0.007835128528612234 0.002868033264279868 2.6460027208711887
395 0.9967641953830274 0.007740420689452243 0.0020194818536865 2.6461700184845176
400 0.9967849458799359 0.008005316412910801 0.008463937096147234 2.645391788231381
405 0.9962388699141795 0.009884790941950161 0.01368452956006827 2.6451851587635185
410 0.9973451830985418 0.006484846113699927 0.004434266963891487 2.644191141717698
415 0.9971654510653054 0.006982729920387509 0.003563641028241582 2.643944989935692
420 0.9976256291667333 0.006036235966830006 0.002598235641461999 2.6441438499909045
425 0.997417751972873 0.006493858058707946 0.0025500734047618767 2.643976343596399
430 0.9974040380805462 0.006890916996873386 0.0014099019939670665 2.6436267765821784
435 0.9966236412049887 0.009701786733039341 0.00413423826007886 2.642820118982576
440 0.9979223534675723 0.004824058116263075 0.007035136936097253 2.642801658394688
445 0.9979589618198488 0.004883122244522919 0.0016148653827003923 2.6421630756906103
450 0.9982570145093563 0.004089989203986288 0.0027307973241810224 2.6420052128285176
455 0.9983704269549719 0.0038648988798164474 1.6962056883285115e-05 2.6431745376111757
460 0.9982030531735311 0.004554763512008009 0.0016172859202203682 2.6415821458203004
465 0.998387746274668 0.003902082076386648 0.004193900628629343 2.6418074650908676
470 0.9983665228596957 0.0038377204567896506 0.0014698559957513346 2.6419644941816527
475 0.9985104200780957 0.0036226911391765704 0.0063030622257835844 2.641506804982344
480 0.9986405527341369 0.0032857433055029084 0.007319868091593795 2.6411862769348704
485 0.9980866934033015 0.005620122827433516 0.0009682668732897692 2.641140680902104
490 0.998735024390518 0.002925920717815167 0.0038342358816170208 2.641326710663408
495 0.9986261682192277 0.003369097753417094 0.0043907227096124934 2.6412425872264307
500 0.9986455545560913 0.0033914263853693782 0.0004961027884131664 2.6412313618353873
505 0.9977513889980247 0.0066388649767761265 0.00133343648990647 2.641627193855705
510 0.9984776873268014 0.004170513852582047 0.005275373447844345 2.6405775254895634
515 0.9974199313913439 0.008418516735726467 0.0016853605440714237 2.6410624249229477
520 0.9980776211137568 0.005445314401546941 0.0016549641510226198 2.6416245810257273
525 0.9968169768056631 0.010537547392764246 0.0037230874970635153 2.6405072045255538
530 0.9978362196810051 0.006615704847899195 0.009014639387586287 2.640950067146656
535 0.9988683803244018 0.002882418408255205 0.0011727593671924108 2.640655574097251
540 0.9989798117984697 0.002590850558781277 0.003008384029815625 2.640408718214677
545 0.9987015961530917 0.003617152164616666 0.0005218593878446587 2.6406118374571474
550 0.9973828714571793 0.008731113323643847 0.002468059704746395 2.6400744485335097
555 0.9982372213144126 0.0054814677684102975 0.002290792457632085 2.64070511700256
560 0.9987460495081497 0.003693354445226227 0.0023364685148425934 2.6397985779134796
565 0.9989992607781235 0.0026729991749330217 0.0019293671985216587 2.6403116331698415
570 0.997951583439671 0.006218729142493107 0.0010850313067478634 2.640368874430933
575 0.9986688280853426 0.003947187291065468 0.0004927394050149303 2.639728262639797
580 0.9989867338567072 0.00266340487329364 0.00075145763126927 2.639848055515228
585 0.9991523601102288 0.0020260958043474275 0.003083260800321952 2.6400325177058757
590 0.9990730697372576 0.002335036337111962 0.0037195851174274264 2.6400247067563534
595 0.9992868697334838 0.0016677155670219435 0.0021268350311907103 2.6397665640436263
600 0.9992944382340221 0.001646330338878066 0.0010882941232497334 2.6391861378249932
605 0.9980416186670522 0.006321982304242635 0.0006296314397351566 2.6391140637173605
610 0.9985117217403011 0.004516389663235643 0.006027860605414936 2.6389497951152454
615 0.9992739574460964 0.0017822206090079007 0.0026159061291080032 2.639495693652388
620 0.999131851041873 0.0023478366541298534 0.00024451946049874884 2.6401755214209004
625 0.9989953502046678 0.0026877517474308554 0.003163242860112492 2.6395738799310386
630 0.9993344707561236 0.0015579421125102577 0.001349096787758075 2.6394226374654113
635 0.9992355440495184 0.0019273455287582841 0.0034980276965408397 2.6396264044452056
640 0.9988507434548439 0.003279185145384833 0.0007740561513054356 2.6389758009413358
645 0.9993107324821533 0.0016772617457343486 0.0008657322356098174 2.6393441908415802
650 0.9993441876529486 0.0015759414369118652 0.0030284660175841083 2.63948276449072
655 0.9988249235275567 0.0035591483052450634 0.001746996680098034 2.6396795519194454
660 0.9989987396622111 0.002948542046077751 0.004123736212819251 2.6393443363653817
665 0.9992651378239243 0.001874101912659576 7.386880136883711e-05 2.6393478154948387
670 0.9994126778448638 0.001406943184496967 0.002003573712247908 2.639872167740516
675 0.9980910660998923 0.006419875765756533 0.0013227317925592619 2.639488420634986
680 0.9988404461678058 0.0034803570997676836 0.003564899354036699 2.639324649811063
685 0.9991090982647948 0.0025408462192944015 0.00242135503643226 2.6391475060310707
690 0.9990366331730531 0.0029091484718173355 0.003644973004271357 2.639210174848501
695 0.9994353270509717 0.0014279626740250073 0.0056939551479331385 2.638743982150316
700 0.9992509362486954 0.0019360474718044252 0.001475898798624975 2.6390071452502015
705 0.9992072253081534 0.0021663605042330225 0.0020534378906114092 2.6393937993475363
710 0.9979530456215462 0.007223419860754365 0.0019653395011267616 2.6393975885556302
715 0.9991299059179396 0.002525822965979252 0.0003915591345802216 2.6385874378280993
720 0.9992739995359585 0.0020010774272054555 0.0031072050778064852 2.638904803110572
725 0.9991347202544135 0.00246053889369513 0.0011140383848988744 2.638699723619568
730 0.9993540715178413 0.001699027312328294 0.003503128690096835 2.639416589195173
735 0.9992586588365233 0.0020743911651535107 0.0015342351810723187 2.6390791204110133
740 0.997811433437527 0.007666660719361396 0.005657581116023325 2.638839492482073
745 0.99924480494286 0.002220592281431344 0.00822493342641728 2.6385357906624436
750 0.999509824692281 0.00120179084156824 0.0014139849188448128 2.6387679781083273
755 0.9994914139716922 0.0012721483832449643 0.00039767536711088347 2.6385679681396756
760 0.9993540279395065 0.0017394210677181832 0.005404271119868742 2.6391341284512038
765 0.9995011523906383 0.001275761048496804 0.0006717739059907135 2.6384984767373414
770 0.9994662170292757 0.0014322954626551088 0.002133786500508439 2.63850081590862
775 0.9986914373867604 0.004336187657898893 0.00512036414585082 2.6388940994348173
780 0.9994541218957531 0.0014280856800010788 0.00026867667591390365 2.6388577250510723
785 0.9987930368122298 0.004125180457349664 0.00035818242047147564 2.638921215466313
790 0.9993127965581461 0.0020429919544970865 0.0017163878556425427 2.6385971055530466
795 0.9991978213621433 0.002358023627356154 0.0014265429395943219 2.6389663856772905
800 0.9994133957027586 0.0015728777942731753 0.00261456394801729 2.6386148812345023
805 0.9970987026259515 0.010741367750807473 2.2345547834534685e-05 2.638402009995333
810 0.9991602015766228 0.0026918593559641657 0.00033786439891492215 2.638304132941327
815 0.9990259031877248 0.0031094010978378606 0.0053112410960982626 2.6384704118669418
820 0.9987097910530036 0.004466899122054002 0.003118068172377031 2.6385534103918964
825 0.9990350755602919 0.00313654544432751 0.003792670153235589 2.6388518822426947
830 0.9991332109476438 0.0026247044795502106 0.0029929035065907605 2.6386579673102193
835 0.9995475936417151 0.0011960459715156802 0.0008925586688770526 2.6388936926810787
840 0.9989974062517502 0.0032778309872409928 0.0013438938485859087 2.638510909503785
845 0.9992268986486859 0.002459758012407054 0.0032202580123452673 2.6386961464770833
850 0.999589806579759 0.0010829149738036392 0.004763404416154193 2.6384158783230527
855 0.9992332804701262 0.0022603523305404494 0.002309094884962448 2.6380415719282126
860 0.9992345547295096 0.002352878449292106 0.0014460357760324172 2.6385865335855265
865 0.9995031466482094 0.0013427393778853158 0.0021056812624957733 2.6383585491254435
870 0.9985720125873596 0.0051681010923623205 0.0006924643193431113 2.638678946132685
875 0.9992944991018582 0.002116040478206571 0.007461639583705937 2.6380940593162796
880 0.9995932205669184 0.0010160376996606324 0.0033389950372724186 2.6386393434605644
885 0.9989230756230207 0.003609300479954669 0.0018765878897191168 2.6388281937162734
890 0.999068219426591 0.003056144072953959 0.0017188823825891042 2.6384858471630936
895 0.9991751537353575 0.0026844738873506024 0.006328398274467739 2.6382030561661036
900 0.9995472604058505 0.0012386267607493728 6.181295647511575e-05 2.63826461524911
905 0.9992354420207856 0.0024026657895408476 0.00017201365551522407 2.638022865965595
910 0.9994913792124438 0.0014175727682048667 0.0005984711664475117 2.638459005754354
915 0.9995374600140406 0.001239415327477289 0.0010758637367656032 2.6384666634341816
920 0.9995942081456453 0.001045807383364128 0.0008939253230864086 2.638302197950427
925 0.9991428382894139 0.0026928550318547906 0.0053112232117975555 2.638176477375844
930 0.9994818094398799 0.0014767056120605915 0.00048402216162357625 2.6385003577775974
935 0.9988987951176815 0.003711032899804678 0.00036097174372007323 2.638092406565418
940 0.9994796926203431 0.0014844753340059746 0.00032000433528356353 2.6383134253713267
945 0.9986898152409536 0.0047335286630394435 0.002554903579823131 2.6380021929809305
950 0.9983900167551997 0.0058230064206559184 0.006239466698115814 2.6382571544839974
955 0.9995316821517364 0.0013850914935482628 0.0018158655021711656 2.6387222686070766
960 0.9992579754108699 0.0023621601279315563 0.00202502156764095 2.6385732763609506
965 0.998665028447941 0.004601280363800697 0.0016299551905627485 2.638094960620363
970 0.9996366756753271 0.0009383502025528401 0.00012698719549164572 2.638063086363189
975 0.9993209082840784 0.0021868829287643443 0.00041909912337634303 2.6381909635567506
980 0.9989707991669332 0.003647400043440552 0.00674651027205031 2.638390781700599
985 0.998971138122255 0.003497879911614543 0.009028111168277952 2.6377818976497003
990 0.9990441244029769 0.003265913757052541 0.003029399314878445 2.638323655246245
995 0.9988060967455714 0.004073210092423896 0.0028272607780344128 2.637981267494141
1000 0.9994635534036687 0.001677160560051405 0.0018356052334091988 2.638078069964128
