0 0.4907271918873092 1.5660553457298243 0.3719924210283875 0
5 0.8666557396252743 0.35224823277162587 0.0728920113794882 3.3513573421017266
10 0.9520396626050642 0.15874191896573508 0.004180948643552673 2.723349939131871
15 0.9544630739403815 0.1580404181902879 0.0030254983195565632 2.709103919822719
20 0.9548566674223515 0.15830048499056737 0.007866813413511142 2.7031288715987696
25 0.9563202540612029 0.15263245674127868 0.0026107477908465793 2.6994671566287742
30 0.9559544413397764 0.15509444820225804 0.005346104049153366 2.697547685254522
35 0.9570505363278101 0.1515373648194589 0.004279792025894347 2.695811109962191
40 0.9573038358798913 0.150384500084896 0.007579601587560436 2.6950513597862233
45 0.9561295047733617 0.15392740945265526 0.004470996876832389 2.69433049556756
50 0.9572198891353687 0.151263606315732 0.008756360924490947 2.6940410330964926
55 0.9577392728429086 0.1489177276560354 0.008186841797829025 2.6941840455038304
60 0.9565671215924709 0.15265898056717697 0.01405527964275688 2.6934842757758988
65 0.9576587029457396 0.1496434870119101 0.006624504067067827 2.6934674486230596
70 0.9572691492815717 0.1516106527845813 0.01708522532834933 2.693055976676001
75 0.9579269058932407 0.14847818872093077 0.015492194308512897 2.6927297475374004
80 0.9578039999950849 0.1488501401599871 0.014975491017228615 2.692515021166295
85 0.9580680735512185 0.148227317614134 0.01317140933236538 2.6921618113204313
90 0.9582276840738169 0.14844256361071206 0.006119359080030806 2.692388101335468
95 0.9582888739625721 0.14616168300951982 0.017103872460082048 2.692394110697214
100 0.9583309357627527 0.14704354532790287 0.012091060091315775 2.691780387864593
105 0.9584482505587701 0.14770945761061105 0.016729710690505106 2.6922161160604365
110 0.9581379941487731 0.14786939565316048 0.0055306935925203415 2.691632595413594
115 0.9586147379754499 0.1464297574783675 0.008930029596424971 2.6909597479736904
120 0.9584988001087791 0.14767315944827386 0.014602562934462382 2.6911459905159023
125 0.958454963571844 0.14736987596895412 0.014682368452385575 2.6909838784734235
130 0.9585606551316233 0.14626896330583117 0.012441344084108241 2.6904581245743784
135 0.9588247096558123 0.14516085021795133 0.012736653172519707 2.6916361360937584
140 0.9588498291898495 0.14580141199376895 0.014577540232688646 2.690660906094706
145 0.9589671024231103 0.14578323187361608 0.009065442728107831 2.6909112061646514
150 0.959017433130529 0.14473536615485783 0.015225282376739147 2.690475393614341
155 0.9591872874566479 0.14533750325713735 0.0023440673233248166 2.6902973156281305
160 0.9589105096849455 0.1458323683739553 0.013622166049045648 2.6900196078848255
165 0.9590168716700801 0.14508342192902335 0.011312007180738437 2.6904316288040566
170 0.9595102746450306 0.14301374992736005 0.016376594508191955 2.6896843752530155
175 0.9577213353885036 0.15115837857360548 0.014577674641118143 2.6899773180082462
180 0.9596552212171783 0.14316712336228088 0.018141174607589905 2.6898143895999023
185 0.9594403583364345 0.14400711375709907 0.013782349025729612 2.689513370135773
190 0.9593473577812486 0.1434538538523551 0.02148361255469733 2.6895848495833246
195 0.9598034347775348 0.14235434201032993 0.012942561233066252 2.6890660000330815
200 0.9597467106533661 0.14305658394466025 0.012498522873978901 2.688818065396685
205 0.959973227126315 0.1418902818592529 0.016407348908421993 2.6889076074745155
210 0.9599000775719099 0.14264902491886122 0.01119636096848331 2.688486292929599
215 0.9595895872807925 0.14324490943925872 0.00458831412083871 2.688909725847552
220 0.958872056538097 0.145805395757713 0.0016963355449421957 2.6882488963618867
225 0.9592804061052425 0.14421642686344116 0.01129196176190761 2.688284839389434
230 0.9601069374694233 0.14112537377594014 0.010575119685734657 2.687899303540413
235 0.9607453113837137 0.13980880087051029 0.01213044045316014 2.688290705635813
240 0.9593654057237431 0.1434641443442044 0.013487406618103881 2.687186877198055
245 0.9592699935829547 0.14612024383691447 0.010773257023469762 2.6877290370750093
250 0.9618941688899333 0.10926094813826914 0.03256145452130288 2.7595116460986304
255 0.9589270133081403 0.09724905331562939 0.05253259890214257 2.731882490889735
260 0.9600448255051688 0.09318656478692455 0.034562823203754256 2.728285956442702
265 0.9622780361927021 0.08660515795322832 0.028858560518225884 2.7252882758328076
270 0.9640220078240335 0.08226732730382169 0.03597202463193572 2.721418237720307
275 0.9641680520850864 0.08249408037962169 0.010409993577749299 2.717517503184738
280 0.9670394726468865 0.07463174817845131 0.02647052094354141 2.7135726836793754
285 0.9691234833904956 0.07042796194392897 0.026643159957847384 2.7079416659448663
290 0.971883493244964 0.06351200399694035 0.02345486235721861 2.702723405959029
295 0.9750344570498335 0.05658981055356582 0.012443708066004033 2.6964671798101505
300 0.9773412089168556 0.052528843595742725 0.021466054394752243 2.690406950907959
305 0.9800122848567558 0.04612515030460029 0.018865767123471988 2.6844646411367834
310 0.9813896921164057 0.043836299355460184 0.014832255449823029 2.6794332340735467
315 0.9808433349596986 0.0469445465999061 0.019176364022298165 2.67486976695057
320 0.9859187588221894 0.03381189702095666 0.03139487608858649 2.6706200755158824
325 0.9875774325848233 0.02951191649349072 0.011050059523982192 2.6673940604050905
330 0.988636587796178 0.028326575064355985 0.02180844016629968 2.6635806347647737
335 0.9909460992894554 0.02179772114082601 0.002064112538161522 2.6605590910277126
340 0.9902263691681421 0.024466830990322652 0.0033107766738946776 2.659621839703513
345 0.9917638982293835 0.02086687877218507 0.004795426401393632 2.656270712402824
350 0.9864002298165941 0.0398374813853688 0.02809048170524675 2.6542064302513775
355 0.993767497660407 0.01524442182422936 0.005036721521962884 2.6537870145502063
360 0.9935505384811746 0.016173007732507738 0.011282613897470428 2.652140339092424
365 0.9943009551118491 0.014818997833107694 0.010254707015177944 2.6507380681752073
370 0.9927292911641578 0.02068514772404839 0.0018675380568302646 2.650034622815109
375 0.9955910155857942 0.010860322278773094 0.008347630801153416 2.6485019696118024
380 0.996170399172893 0.009195870006456275 0.003497795412360727 2.6476648297016174
385 0.9957927822504946 0.01097524450040055 0.0018064283845600215 2.6473034072937986
390 0.9956560408258729 0.011507691661229114 0.0063578874715310985 2.646730556855543
395 0.9962376961592978 0.010230936390144496 0.0025185754924665904 2.6451293416683574
400 0.9968813387436469 0.008057265081002019 0.001595662208339066 2.6461698295783815
405 0.9957147197607519 0.0123927226616658 0.011097635517256288 2.6451346323382148
410 0.9966718841912356 0.009268826485044013 0.0029606833565882784 2.6450535792133287
415 0.9977186289828431 0.0055375410598297314 0.0022659295623868037 2.6437828204620333
420 0.9956976956915626 0.012755228330482371 0.011088755489456092 2.6446300338262496
425 0.9973032030221225 0.007466340886813416 0.001140681526118792 2.6435919047451915
430 0.9978031561723053 0.00563671047059966 0.0005275465555152348 2.6428017602981075
435 0.9962101530017295 0.011320534365081958 0.010886566550976084 2.643257890859918
440 0.9978487437066689 0.005682789100312835 0.003520761523357896 2.642975369260102
445 0.9980316650486714 0.005259901692750812 0.0008037553921134144 2.642593310505888
450 0.9975209645910177 0.006918685810331837 0.006176367203062805 2.6431147209681067
455 0.9969104033555585 0.009481084722438027 0.0001714876115508357 2.642290311042321
460 0.9981695068687859 0.00459226664465362 0.003995996514881028 2.6426188025194817
465 0.9986314514478056 0.0032315309466981468 0.0012740405475339944 2.6421387829049308
470 0.9983985552773882 0.004241073959023733 0.0026802181712251016 2.6422456557165956
475 0.9985593537896863 0.0035408869026927192 0.0020413297098860195 2.642096158783308
480 0.9986122530698744 0.003354959454940243 5.57742111524373e-05 2.6421548251013003
485 0.99794946686693 0.005983094579640191 0.004329430812002544 2.6418593455367234
490 0.9985504352421379 0.0037598793836939315 0.0034115202720899074 2.6411790054377904
495 0.996206692926124 0.012508338505651029 0.005647464593345086 2.6409759797581893
500 0.9968639782543498 0.010440783003471843 0.0053117611229624995 2.6414434201599692
505 0.9988415654754753 0.0028496558760786606 0.004297538070134221 2.6407304205206374
510 0.9989760368850051 0.0024690595075651522 0.0014475591587268521 2.6415081025716476
515 0.9987028865772367 0.003451401438080648 0.0005062524012091618 2.6412194058573792
520 0.9982530693135724 0.005151775949919113 0.004084168827911183 2.641285196236427
525 0.998105799310419 0.005749211335401849 0.005829243395395478 2.6410901359546894
530 0.9981297091956157 0.005664732262641969 0.001060412321814752 2.641285486684719
535 0.9988638970931039 0.0030213668911418523 0.0018781796932305639 2.6406681858530097
540 0.9988913836568879 0.002911614905423132 0.0021084928006949166 2.6406361362740243
545 0.9987425938260395 0.0034885176499437343 0.0008821041274758024 2.640518873834064
550 0.9982667344043061 0.005400397311004834 0.003336050077539676 2.639920035874317
555 0.9990277832216552 0.0024479442090483694 0.004078040455637311 2.6409743302607804
560 0.9976140997975128 0.007843092677638275 0.004219557328306367 2.640375544127623
565 0.9984682319925575 0.004650074354328293 0.000578031621213837 2.6412003558909514
570 0.9990324115937044 0.0025877406517937906 0.002046194816323732 2.640209899729382
575 0.998527908629931 0.004506609054108601 0.0032999644113200777 2.640681484165786
580 0.9991543853439976 0.002165999319327039 0.005302001577920823 2.640086488719744
585 0.9991564898089693 0.002155376580610824 0.0007751383209939622 2.6399537196269365
590 0.9991169123347801 0.002423306060650443 0.0029273724343883423 2.6399684659754623
595 0.9987274513040778 0.003965131535967004 0.0031722449251023743 2.6397082792073023
600 0.9971516219231109 0.01008909227310184 0.004355125911942759 2.6400023121975704
605 0.9988386595957601 0.0033563022062854664 0.002892484873663115 2.639962125267833
610 0.9985229462578401 0.004852683834985161 0.004436344412855675 2.6395464012473595
615 0.999051038117491 0.0027595740426225035 0.002535945718264321 2.639970438369811
620 0.9991713395850639 0.0022294208985442765 0.0013063512619351236 2.6404505600775985
625 0.9992194895448726 0.002015850901051053 0.00012267639064322822 2.63997482963517
630 0.9988623172280559 0.00345303954171694 0.00372024577057406 2.6396519726536
635 0.9975749776443681 0.00836582441938738 0.002143755460479735 2.639474160455399
640 0.9974488878351019 0.009096327140813543 0.007075407176866166 2.640206567888957
645 0.9986043029904963 0.004523977161877912 0.004913932918449104 2.639796210703447
650 0.9993126323580063 0.0018068867499989594 0.00021084091193013244 2.639623712682116
655 0.9972008734841892 0.01003789507513142 0.0005773104716320088 2.639687264405524
660 0.9993791690729966 0.0015770856887358242 0.0069644409202871405 2.6400371850406468
665 0.9993114002217969 0.0017881268736497091 0.001168689787228283 2.639613811839448
670 0.9991245347422426 0.0025247370716905415 0.0010692531794933569 2.6393896653650097
675 0.9992696259275895 0.0019153449321791527 8.960254904466503e-05 2.639560796379773
680 0.9990418919884327 0.002976766251046037 0.0005708362534875278 2.639329232292884
685 0.9992814260940741 0.0019298397835720849 0.002669257801585223 2.6397775485736124
690 0.9992729607939617 0.0020155350768678026 0.0009440419949227064 2.6391412155997758
695 0.9994111298454108 0.0014968466533202829 0.002253622524138965 2.639042632457284
700 0.9992104403744088 0.002222400682952763 0.00016877454382857593 2.6392757560960107
705 0.9987352268442369 0.004142547941574648 0.0019814267300304333 2.6397731072286166
710 0.9989982248158169 0.003049386109239993 0.006463925697724138 2.6394433867329194
715 0.9994124636381646 0.0015767088661928774 0.0033202330757917675 2.63950278811835
720 0.9993007933648523 0.00198669662344253 0.0008954048041969198 2.6386910174383975
725 0.9991020168614377 0.0027291489581000583 0.005431734653335463 2.639256363834891
730 0.9992969863264487 0.0019850646921297788 0.00877555400458041 2.6390666111001626
735 0.9957131086286682 0.016189737972242213 0.008044087676549072 2.638760173298923
740 0.9994170238475879 0.001546703402925509 0.0006458229830954565 2.639164246365464
745 0.9991110920649673 0.002614825337359239 0.002763332973779953 2.639062956096398
750 0.9988224053291315 0.003754792536147189 0.003526416570027502 2.639512895335617
755 0.9992869930791124 0.002136069697408871 0.0031828557576341066 2.6392599362713196
760 0.9992774723124473 0.0020078795995748244 0.00040669392345948907 2.639034596416788
765 0.9991617156471466 0.002561330527390826 0.0038185828157120127 2.6388808571372464
770 0.9989887712735304 0.0032490080631775164 0.003101984997773366 2.63894875921771
775 0.9990147428639358 0.0031999937723199423 0.003560532155580276 2.6384498965454264
780 0.9991495768300579 0.002638145399241232 0.0006932504758909719 2.6391365347354463
785 0.9993203890476546 0.0018994383065691345 0.003005845545049679 2.639380077905337
790 0.9994656107143622 0.0014172571471742224 0.0008804112178779633 2.6386254865877863
795 0.9992465677898088 0.0022440839536486124 0.00045805736361681504 2.6389834288840217
800 0.9992480700316002 0.0023036216300282852 0.002597788475557694 2.6390408900074815
805 0.9988804435423713 0.003715611377005157 0.005974743519764347 2.638303211832226
810 0.9994939744639562 0.0013626459454481044 0.002126205554594751 2.638640653649412
815 0.9994324965307249 0.0015302967887418362 0.0014457210261586972 2.638662540469456
820 0.9993899210014388 0.0016883221976073948 0.0023269597101174266 2.638542626349542
825 0.9992220526432516 0.0024337721612837093 0.005093286277057407 2.638585385326107
830 0.9977078023700119 0.008284354662317028 0.0034321583492011865 2.6389878784528507
835 0.999474094381855 0.0014166071581840356 0.0029086138614675683 2.6392059890880946
840 0.999359237890788 0.0018347216920768794 0.001081553037186156 2.6386122674552177
845 0.9982861180542087 0.006091474169293232 0.004145660415347585 2.6388756375876516
850 0.9986058988315132 0.004923931252685865 0.0026836989775285147 2.6382039546048874
855 0.9962981991773929 0.013949343135765346 0.014666933135016658 2.6382688687426317
860 0.9993773598952121 0.0018206866145531464 0.002842142157142069 2.638676608910796
865 0.9995162949107047 0.0013839073823631587 0.003839607543290491 2.638694439352625
870 0.9982522664763648 0.006256439816716419 0.008017843930657298 2.638618590732834
875 0.9991816013359649 0.002637665979817072 0.010196940505091234 2.6389086558450416
880 0.9989718939237321 0.0034197083342073498 0.002435607817819596 2.639111237014349
885 0.9994513521660672 0.0015541212819232264 0.0006745716832843307 2.6389411149717046
890 0.9994529972421836 0.0015882754660609955 0.0020458925427127017 2.6388023949946633
895 0.9989243288234381 0.0034924953226349587 0.005373241834075504 2.638598056429897
900 0.9993323170368449 0.0020730043530625686 0.0004756741142468712 2.638389274329955
905 0.9993860204640823 0.0018519523156492745 0.0007470167432737096 2.6384769823579832
910 0.9991453693071555 0.0028106919528796404 0.005073698078545741 2.638279953119973
915 0.9994441283275068 0.0016018788131031414 0.0011930528230801318 2.638291197964457
920 0.999395368329367 0.0017875129664925993 0.004563335773027699 2.638378231491761
925 0.9983242852459023 0.006090118260459576 0.0014949882626671407 2.6385287932037467
930 0.999435512509159 0.0016364998122537777 0.0025101902756525796 2.638813438563892
935 0.9992449779183858 0.00238077928914171 0.002541416088089221 2.6384456639105407
940 0.9992090958225243 0.0025351575247527514 3.3926126143279944e-05 2.638571182894598
945 0.9994561105522994 0.0016259501837945223 0.0013102616429851999 2.6381783597037884
950 0.9988413004030551 0.004100663863283227 0.0004471196799757937 2.638481680325232
955 0.9996339862507336 0.0009610166586653257 0.004520420600317543 2.6382007116355664
960 0.999498907719998 0.001422575840950735 0.003077027464913895 2.638352515418307
965 0.998893820095604 0.003919009433248188 0.00010643566739299004 2.6383516975384422
970 0.998007783141718 0.007306157663407475 0.0002862602447983864 2.6384455909559086
975 0.9995363387578333 0.0012949190223499052 0.000808279901227893 2.6381921788274934
980 0.9993766304252287 0.0018772358414413937 0.0031407207397342596 2.6387878427086457
985 0.9995092523281774 0.0014762132567103237 0.0012527981578223102 2.6382278497489664
990 0.9993817348600316 0.0019081417009827462 0.003927111490507951 2.637975241621375
995 0.9992448020933564 0.0024354198778273606 0.0012359472860579146 2.638122857807213
1000 0.9980249519906517 0.007325483418874956 0.00990227955702605 2.6380026790387627
