0 0.5118185301759763 1.4593611876809596 0.34082418256978964 0
5 0.6734709538389598 0.8520849141770008 0.1654040743832672 3.0008230325840035
10 0.7343986295568032 0.653224349719534 0.04781049348880417 2.8869655481937793
15 0.8620845360623356 0.3040461788991453 0.037893692847425386 2.699254166866076
20 0.917154434261581 0.1768210202384859 0.003689482732451177 2.6479977483799457
25 0.9228400926103066 0.16381740713069926 0.001895398592484332 2.644984451261063
30 0.9247858330004288 0.15912665098063528 0.006506532442251967 2.6435145121983323
35 0.9256500191683825 0.15681555552954407 0.0013867470454833608 2.642263615740719
40 0.9268845108210745 0.1538572109666343 0.004020901859432602 2.6413930787024493
45 0.9273572207826379 0.1525474498844921 0.00020057247718785476 2.640510637951275
50 0.9275610260473246 0.15207969846894365 0.00035452505240129994 2.640024657240927
55 0.928178721191909 0.15051004027826886 0.008097006726941025 2.639640292717474
60 0.9266057514395335 0.155293328547375 0.006430479310621351 2.638791973927338
65 0.928607904921668 0.14926382158219553 0.0048681742059764055 2.638954558768087
70 0.9294238737669775 0.14773619055020726 0.0017697774026201873 2.6387009006704294
75 0.9282672801423266 0.15030001849237395 0.0015046901718043237 2.6387084899420783
80 0.9298102358719265 0.1466462336596055 0.0018784432399354678 2.6387060940478757
85 0.9300829819267263 0.14608456360748345 0.0025315837457366985 2.6383987423554047
90 0.9302758409823386 0.1458372649576689 0.0005817448745786269 2.6384062806216497
95 0.9293610246176263 0.1486090983672539 3.495970185318775e-05 2.638283731754237
100 0.942823735007503 0.12354217677499246 0.027095295695235944 2.7671580644509017
105 0.951040838760423 0.1137456412017177 0.03641543667666336 2.750891693941992
110 0.9518359288088625 0.11270037527143861 0.033856467382642697 2.749718423652809
115 0.952559312073141 0.11101871708132638 0.028786223097802432 2.7488781358573275
120 0.952569409026608 0.11095461042939858 0.03345668182146011 2.7481167136170717
125 0.9531758415522571 0.10929825949611649 0.04314532404764515 2.7474656980514656
130 0.9534607328235764 0.10883070800631911 0.058523058541629425 2.746548261430795
135 0.9538537295336258 0.10775097364445996 0.020703785691401855 2.745912509205509
140 0.9537412986587648 0.10910842288104927 0.03574018551960578 2.7451000715822715
145 0.9539034746043464 0.10780960575764853 0.044998324822250524 2.744228849242915
150 0.9535872772813012 0.1093248145511474 0.016516102462472704 2.743766873849819
155 0.9551061652705014 0.10448875532538171 0.023638259710251353 2.742996005409935
160 0.9543775977752189 0.107033557537342 0.0244136583494734 2.7418633498612284
165 0.9553150465621916 0.1036884064952055 0.03802355436602167 2.7414445023202116
170 0.9551051366918488 0.10429962382076585 0.03350612397089603 2.7401598536186818
175 0.956283933415096 0.10240643187119458 0.015694087201911566 2.739108298908807
180 0.9566510413041494 0.1005442518575248 0.038973349451262074 2.7385798160852115
185 0.9569914384499298 0.09933230774400803 0.011954244912487866 2.737073008744226
190 0.9576748123304617 0.09829211706193108 0.011345935648258143 2.7356903191898136
195 0.9587878730650949 0.09521218462264125 0.023171800709978152 2.7341198196209575
200 0.959191329465845 0.09413502807015828 0.011057742577256002 2.7324069350820595
205 0.960133580808324 0.09147135822883001 0.03259941584527404 2.7302215439160413
210 0.9614471614600832 0.08851996672257378 0.012811609984634265 2.7287635785846613
215 0.9624802471811056 0.0858265988087763 0.021264817740595854 2.72605004980427
220 0.9619450343623585 0.08796569543409793 0.03437663337391306 2.7231394002029425
225 0.961089009669312 0.09249159980152521 0.02790811104931845 2.7189989927663225
230 0.9672179828181382 0.0748758837064325 0.03538831348954474 2.7155665255558454
235 0.9675867380820586 0.07437149095150142 0.025188494553332275 2.7107712367066936
240 0.9713129298195111 0.06567869135713789 0.028491215621457178 2.7044645885616228
245 0.971796548505698 0.06554305381882841 0.018027336789492532 2.6985584741425543
250 0.9777188704909922 0.050457725691715805 0.018360355908664472 2.690799172156915
255 0.9791840917041592 0.04752543037472545 0.005478036639571693 2.6843501370539853
260 0.9746828152609558 0.06375830223612367 0.013799293162050974 2.677890805406839
265 0.9860691922318974 0.031743546091706154 0.015087199967933396 2.672792917598098
270 0.9835009127617581 0.04028282448957343 0.017067305287768342 2.6680107805732485
275 0.9891794537322505 0.025414845341396042 0.005771501191161432 2.6653872124530427
280 0.984134330972765 0.04079767797324241 0.004574541260573106 2.663463144756089
285 0.9902537643189584 0.025101067682372857 0.007370394107858225 2.659823938736233
290 0.9921858977130806 0.018345872182659928 0.00016384643405342736 2.6596714288497587
295 0.9920393287584797 0.01901586607844674 0.005194485231664991 2.657138309641687
300 0.9937135675183278 0.014860947248286127 0.016561616463893758 2.65533657416422
305 0.9937085608246661 0.014615026747249793 0.022445256892656307 2.6546150714853307
310 0.9945816926249704 0.012918401648185363 0.01522954295518697 2.6523341003031766
315 0.9934829745421656 0.018236104136953202 0.003535609696523112 2.6525592444748383
320 0.9952241219578117 0.011739183636909623 0.001557645248800199 2.651404012203137
325 0.9952971639756218 0.011329789449708194 0.0028274132738450586 2.6506289478856293
330 0.9960679318284094 0.009527168373011818 0.00611077409742089 2.648383036934717
335 0.9962854353441832 0.008733046859644045 0.0027144714292088867 2.648505444468999
340 0.9940218423857508 0.016579805893355726 0.00665259457226397 2.6471478770852706
345 0.9966017390918732 0.007935488299056104 0.0045951367869283555 2.6463841199599187
350 0.9960774436369546 0.009989802214008137 0.013198243213618621 2.646215407690164
355 0.99723689038535 0.006550018331942464 0.005310471576499998 2.6465714442700254
360 0.9920856255296312 0.024620777739911226 0.007671641297425813 2.6447041901467383
365 0.9972691793345577 0.006333890630909167 0.010104210413748982 2.644689777883897
370 0.9977424408607176 0.005275145016880867 0.0017548982863080376 2.6449877445733603
375 0.9963756829612305 0.01016364977046269 0.00701919195058065 2.644575405323832
380 0.997817755036859 0.005076551206202318 0.008029161000912888 2.644519460238101
385 0.9964054196024592 0.010127041467926645 0.00022479598353553065 2.6429440194740392
390 0.9981301111206695 0.004328740591592162 0.004015722886446582 2.643645828824631
395 0.9952142265644635 0.014874072415907769 0.008212823876517339 2.6435608382139333
400 0.9978006745522736 0.005581583126407885 0.0034469286184450887 2.642991588137858
405 0.9982465874349652 0.004404800911651741 0.0011713180596617523 2.6420887714068315
410 0.9975697450666267 0.007228244179134702 0.004244631831186396 2.6421287419618773
415 0.9983535622653609 0.0038742270912242027 0.00018818450441737689 2.642964912970758
420 0.997080247209475 0.008823514199514548 0.008210312528579067 2.6417831839305426
425 0.9985724878657007 0.003345978087985202 0.002332426555587963 2.6417218823028037
430 0.9971934312086279 0.00892897117798963 0.009737363567874358 2.6418532315041436
435 0.9975932110139548 0.0070565903918868855 0.0026998622636504876 2.6417953715126106
440 0.9986209984028248 0.0032954122692134824 0.006318732779828862 2.641967618205763
445 0.9983524811429716 0.00442969848605701 0.002387202177854375 2.6418820175370503
450 0.9985643399750487 0.003646369839150676 0.00038424256678970536 2.6417012572916736
455 0.9987439797204407 0.0030904417004955498 0.009140059744608076 2.641432223989885
460 0.998855636155532 0.0028290324909132636 0.002632903117460561 2.641095830265213
465 0.9972430403128996 0.008603060870578272 0.005382473536663435 2.6408317684445644
470 0.9980726342813779 0.005787117621193882 0.0007689187593291624 2.64054966883064
475 0.9974988618186452 0.007872578085367454 0.0072210993005432655 2.6413570845026957
480 0.9988220140257503 0.0030316000019436906 0.0018161493635542314 2.640919723752086
485 0.9987902826802875 0.0031597644067038466 0.0014994877608764945 2.6414072795977486
490 0.9988893452327386 0.0028678926538296956 0.0012804392410572518 2.640677082463643
495 0.9987368139732395 0.0032917349575893873 0.0034021323709525486 2.640558650182424
500 0.9986525086794737 0.0036663283734803542 0.006334740473608269 2.6406753222163104
505 0.9979629265897009 0.006683813839627906 0.0007625211409050259 2.639970858543503
510 0.998602948680188 0.003957009935422473 0.0003973312776197613 2.6408185291180697
515 0.997859190912008 0.006728338976938808 0.0017198138952421171 2.6411520605718266
520 0.9987271550214637 0.003650082372064656 0.0017728025692196336 2.6404569175396815
525 0.998811578318104 0.0032542733949711966 0.002776741631278723 2.6413007163174522
530 0.999031608198659 0.0024304516209148197 0.0015350195231182973 2.640654741906538
535 0.9990558580711779 0.0024549747444204684 0.008259782987499742 2.6404122820021554
540 0.9991776645006392 0.0020362227517729536 0.0002448553348799454 2.640447025909156
545 0.9977842066225425 0.007481907939828059 0.0039116524404698705 2.640231493496758
550 0.9990211137390119 0.0025641875593378494 0.007962204467518719 2.640106817857255
555 0.9991242499680555 0.0022265590921528577 0.0014760230450667766 2.6405216263001496
560 0.9982704103444566 0.005302831102720784 0.0004225087320106624 2.6400332164921325
565 0.9982940853462748 0.005443169524902203 0.0014490967818516776 2.6399007951768256
570 0.9986040342376998 0.004134853405790118 0.003466226946289064 2.639877634688927
575 0.9990545511282509 0.002612420088297096 0.00281968878225225 2.639943327823192
580 0.9981013066923379 0.006124690898038576 0.0015977851925137454 2.6399873532238094
585 0.9988733706605586 0.003243488862618271 0.0015028952832654152 2.6400023745646446
590 0.9991739271664826 0.002233544178482205 0.00219323532888116 2.6401576805113276
595 0.9990898177704235 0.002537223916744491 0.002239314833688111 2.639567161598305
600 0.9976400183739069 0.008003753663603064 0.0015690511861188305 2.6400901156919003
605 0.9990351288050731 0.002741438548796271 0.00010369979272062402 2.6397633500237014
610 0.9990080277192169 0.00291647312152854 0.0049051932742676385 2.6398417492411603
615 0.998289086903591 0.00563639832033358 0.0004286481508828377 2.6395776753458513
620 0.9992699583595566 0.0018370960548717008 0.0017580095209390745 2.639827686604346
625 0.9990737455662947 0.0026030693602980826 0.0006683287782240921 2.640006968846316
630 0.9990781399378481 0.0025623333317779107 0.002363018778300585 2.639510147944699
635 0.9992992660792105 0.0017637198462998604 0.00154895168308955 2.6395641240806667
640 0.9988369829440751 0.0036751850296821154 0.0027365018758591653 2.639407906600736
645 0.9991877003985575 0.0022737197006099663 0.002127272892786136 2.6391336799949094
650 0.999284752664922 0.0019086626145106145 0.0013262683500501193 2.639163218787671
655 0.9992551685981004 0.0019443249484409897 0.0019603163406407553 2.639060231945519
660 0.9992221651396347 0.00215404781829287 0.0014220441630172775 2.6389421060732445
665 0.9984919144807077 0.005005749329118903 0.007948927880361278 2.6398339135504694
670 0.9988364411334001 0.0035688219828657886 0.004171223802387436 2.639082860975291
675 0.9993463601176231 0.0016835272888862107 0.003387897547263208 2.6395345338364127
680 0.9978075078073376 0.00758601294655703 0.003883871701089836 2.638928784014126
685 0.9987154888760146 0.0042591640846803 0.00569238787748394 2.6388815559844194
690 0.9987595357682242 0.003960133646746744 0.00380241036999851 2.6391540390297066
695 0.9993388121065866 0.0018178792885494843 3.3924058847389915e-05 2.6389103646735754
700 0.9974168334445217 0.009172678743549323 0.0023101441006310175 2.639257479268795
705 0.9990967357465208 0.002696641779845965 0.009686058636192207 2.639598967499935
710 0.9993025486340443 0.0018719154688504602 0.0013434973481010193 2.6391979989471457
715 0.9984245731222661 0.005228783030752027 0.00477200097484487 2.639266858960635
720 0.9993879459039093 0.00161371840963076 0.000997377040862446 2.6393343615706666
725 0.9992276212057549 0.002223634541739905 0.001983219680075754 2.6387281701892067
730 0.9993783657961565 0.001656464582470818 0.0034528060267748906 2.6387323678787378
735 0.998917374296431 0.0035162833676563032 0.002390338899813882 2.638698837869734
740 0.9992991539970603 0.0019016606904003197 0.00660134576018212 2.638971114923069
745 0.9974247417293509 0.009194808027140677 0.006210910654091739 2.63876321583654
750 0.999136618132497 0.002674482972607528 0.00014343268821770394 2.6388526331269584
755 0.9979448553901182 0.007220947772427433 0.005452618903891926 2.6389442739349454
760 0.9980493248444933 0.006898443867018322 0.0030687048317308285 2.6390290630669546
765 0.9990720746449562 0.002931610203545265 0.000947634351647908 2.638847179077985
770 0.9992931226335259 0.001966523504164819 0.0003622541401639978 2.639051993643849
775 0.9992616894467513 0.0020809553750460452 0.0017878427686670584 2.639150012336673
780 0.9990675204031101 0.0028710015010222634 0.0014105017877557025 2.6389733093995495
785 0.9989531339211053 0.0034616890496619313 0.001350526287272391 2.6383893154146647
790 0.9994452615773655 0.0015114154843467453 0.0002882847007117384 2.6390023366352193
795 0.9994474361026914 0.0014654742794317777 0.0003932576156397971 2.639313410324462
800 0.9982717985295443 0.006121169477422139 0.003123018764650709 2.6391972648192614
805 0.9993487892005933 0.0018463948695410792 0.004056402407576654 2.6386389414859908
810 0.9988539471054582 0.0038900518134972195 0.0018365150752017723 2.6388827046365226
815 0.9994184999737126 0.00155415163117123 0.006237842230298218 2.6386369447355764
820 0.9993862073259198 0.0017093464927375734 0.006139831307467647 2.6385687029067757
825 0.9991671650200451 0.0025859260563509956 0.002286766635174242 2.638521798971938
830 0.9993128305560395 0.002105739770755566 0.004221832300437045 2.638800078570809
835 0.9993067681701209 0.0021314333178334977 0.0004548396137473709 2.6384106579995263
840 0.9993300400885523 0.0019901030746245496 0.002429538991758795 2.639073111225826
845 0.9993507135697552 0.0018366061350860718 1.026382996816011e-05 2.6383309804564674
850 0.9994470159705283 0.001483283125446988 0.00036883286043942753 2.6387079458977145
855 0.9987752519939237 0.00408989419506689 0.004447199063310148 2.6385655848781164
860 0.9986464282968837 0.004618833727433991 0.005260795887359171 2.6382400086717586
865 0.9994309055608515 0.0015655078114402698 0.0021835013195681263 2.6388937839949813
870 0.9987053560994341 0.004305115169767504 0.002997007450121325 2.6385765347618815
875 0.9987229436569206 0.004400803785074459 0.0033677983958528834 2.638646168279116
880 0.9978218231895055 0.007920683640863402 0.000997083839805235 2.6384381063413813
885 0.9994520546426191 0.0015417701744051548 0.0007545963744302053 2.6388847883796784
890 0.9993910002340698 0.0017950024755601923 0.000413148766293725 2.638357390030829
895 0.9992983423311603 0.0021495646534095414 0.0030236195156119194 2.6386599811371063
900 0.999530207171165 0.00128617435952183 0.0008826352654625058 2.6384239696312166
905 0.9988736588615593 0.0038526571540926646 0.0008748680194774483 2.6383046076531955
910 0.9991978344205228 0.0024727330255549518 0.000810721034780526 2.6384112086604983
915 0.9990309665058241 0.0031196347348143583 0.0016432743585512721 2.6382177018231427
920 0.9995440321482126 0.0012016819581051053 0.00043587418120161203 2.638512182325491
925 0.9995512431186864 0.0011958272134613424 0.0011725626545209256 2.638450119599259
930 0.9994761207227723 0.0014738750634020192 0.0022688557244776586 2.6383273012801265
935 0.9991437690809799 0.002835986676143598 0.0011859528508555428 2.6383834242623254
940 0.9995340759140959 0.0012740837869023025 0.0008118932395955181 2.638964050759831
945 0.9995531863079724 0.0012062112624255938 0.000541251552932609 2.638543519752943
950 0.9995117907495386 0.0013485022598760388 0.004522238759679054 2.6383637550183052
955 0.9992944267775667 0.0021714848577296664 0.000857175537038346 2.6385603649538343
960 0.997132589993689 0.01062733452976694 0.006946669796972893 2.6384736633970136
965 0.9994758489457916 0.0014860020210294422 0.003563258296304328 2.638536667986579
970 0.9995387478028634 0.0012991652725267144 0.002079184219998531 2.638259742577405
975 0.9995632670527925 0.0011694180394234976 0.0007575584264256641 2.6385439067491707
980 0.9993774774019857 0.0018654105605664384 0.003224964809923181 2.638286222024378
985 0.9993295621128191 0.0020833279664134174 0.0007891901709105031 2.6382905640097216
990 0.9993320710001915 0.002117546562214301 0.003394158465787278 2.6383554887499048
995 0.9993797124406025 0.001953372780933549 0.005908058238634162 2.638161929581248
1000 0.9994719773163613 0.0015051312027671848 0.0008574456539631736 2.6376218430987537
