0 0 0 0.30387719854241446 0
5 0 0 0.009304126035377003 8.227964348836286
10 0 0 0.00434858682479633 7.926018726241136
15 0 0 0.008321312171390316 7.917081159543913
20 0 0 0.008043379041735577 7.905965015350262
25 0 0 0.01281890295090049 7.8993632273257814
30 0 0 0.008311206004369076 7.892045854910211
35 0 0 0.012785822424224769 7.888219437295217
40 0 0 0.010002221914822806 7.887301936524807
45 0 0 0.006578784173932428 7.881764693846195
50 0 0 0.010970179369371502 7.883163610859525
55 0 0 0.006861837899360568 7.882101519539315
60 0 0 0.012211588175650823 7.885460830811842
65 0 0 0.012485990222846688 7.882132263534272
70 0 0 0.012340768106127387 7.877149175958299
75 0 0 0.008884279617387136 7.878876161046701
80 0 0 0.014838272469473335 7.8786042097189
85 0 0 0.012704265224438682 7.877281444465869
90 0 0 0.01563028777105857 7.878105924175902
95 0 0 0.01298418254214595 7.875892997596282
100 0 0 0.009374269764104604 7.877475122014496
105 0 0 0.00977154125904045 7.875969010122984
110 0 0 0.01685101460936811 7.874090020316701
115 0 0 0.008832941902108482 7.873427961605768
120 0 0 0.011236492907244156 7.872826806554826
125 0 0 0.015143407095413286 7.873255937924659
130 0 0 0.012619241523582181 7.874020322198586
135 0 0 0.015631855631815572 7.873147307305668
140 0 0 0.01175718332788045 7.8725245949249185
145 0 0 0.011057004533928882 7.871572857092257
150 0 0 0.013473942712478149 7.871799093067484
155 0 0 0.010822874693655837 7.87020425071807
160 0 0 0.010481265046279109 7.869675250662693
165 0 0 0.008084646629429981 7.872382533452008
170 0 0 0.00671362621649374 7.870954319871563
175 0 0 0.013396192298411602 7.869532734996003
180 0 0 0.011554024590981093 7.868794292311666
185 0 0 0.015439192862873874 7.869811202516826
190 0 0 0.008443731727498127 7.870039998102418
195 0 0 0.008824823666258474 7.867669906394391
200 0 0 0.011543756154517304 7.869543851222457
205 0 0 0.008613260330494033 7.868491482809109
210 0 0 0.006899598369258353 7.868992099963975
215 0 0 0.012563206534228932 7.869098053377461
220 0 0 0.012612583478252226 7.86762194424441
225 0 0 0.013035452672788717 7.869506794229037
230 0 0 0.014835856730586627 7.867631525783459
235 0 0 0.014033705186757395 7.869225257220919
240 0 0 0.011432311193975586 7.8679149191094675
245 0 0 0.010453220099708282 7.867491574199562
250 0 0 0.0023334768682468088 8.05129174033646
255 0 0 0.001907304162004575 8.046619652940311
260 0 0 0.004200909744658032 8.045955356157869
265 0 0 0.001670555517540473 8.047875986218301
270 0 0 3.585205160616667e-05 8.04726159442787
275 0 0 0.0011172132733860973 8.047396161732589
280 0 0 0.0032959249176591765 8.046666131226605
285 0 0 0.00557341637102704 8.047139205636874
290 0 0 0.007923669169355385 8.046361200751338
295 0 0 0.0006746744206587163 8.045748768498024
300 0 0 0.004296256561616474 8.045482273235045
305 0 0 0.004554579625438038 8.04575538978093
310 0 0 3.8553500091964565e-05 8.045996653386277
315 0 0 0.0019308774956634522 8.044247684511225
320 0 0 0.0013177440044358502 8.04478542527528
325 0 0 0.0007367961387632072 8.043034951040692
330 0 0 0.0013243294903630964 8.044168812906705
335 0 0 0.0036665650538889594 8.043537686457816
340 0 0 0.000826942099818595 8.044609230008604
345 0 0 0.0031123575641116563 8.042966596470192
350 0 0 0.0038473424781646504 8.042821040328583
355 0 0 0.0013992910168263428 8.04300095573818
360 0 0 0.005028404717154711 8.041521566939249
365 0 0 0.0028267766118972304 8.042455429424177
370 0 0 0.002261848964759672 8.040455611254488
375 0 0 0.002243568653087946 8.040839103319918
380 0 0 0.0010502129826717166 8.040866760065372
385 0 0 0.004498482981875496 8.040551180683206
390 0 0 0.0013787622446823633 8.039010826913866
395 0 0 0.002421903846539175 8.039645632604401
400 0 0 0.0034535614354833655 8.036258003282839
405 0 0 0.010821274127968294 8.035742579367282
410 0 0 0.008435823234202555 8.033973452696
415 0 0 0.003408713479877701 8.030541416728301
420 0 0 0.0006783391407507722 8.02761129423382
425 0 0 0.0020463824144008047 8.02243845859407
430 0 0 0.0047243281214719435 8.008500736644574
435 0 0 0.0037129984137258543 7.994027358849523
440 0 0 0.0037173441016120634 7.983262065711962
445 0 0 0.00551310327972887 7.974883594495078
450 0 0 0.0017118406706289058 7.966727124514005
455 0 0 0.0052120690028731875 7.95833795405241
460 0 0 0.010682463813022292 7.951093593334566
465 0 0 0.0026629968241047575 7.948976346935405
470 0 0 0.0012243744082478525 7.942344494716699
475 0 0 0.008068341358510978 7.93222958206314
480 0 0 0.009581328347022966 7.930364381676331
485 0 0 0.006724683926077946 7.92561703959977
490 0 0 0.0007160697036554531 7.921006958913293
495 0 0 0.009924221752114493 7.917849477224342
500 0 0 0.000505135170893789 7.914935784080045
505 0 0 0.009452159250163517 7.91737629887004
510 0 0 0.004057475928985754 7.901538219682785
515 0 0 0.010114457591697823 7.898952036505168
520 0 0 0.012210916124570703 7.897861127924102
525 0 0 0.006289437364502604 7.893086605275549
530 0 0 0.008128447198780808 7.890488814850231
535 0 0 0.014536323625265357 7.884581211307639
540 0 0 0.0007088800395553818 7.8851223158513655
545 0 0 0.004776354244102832 7.879529171781222
550 0 0 0.012701270563086897 7.880093303235413
555 0 0 0.013837027398557522 7.87540706859754
560 0 0 0.015446797422303815 7.872778167672112
565 0 0 0.004328757024367302 7.875719219910677
570 0 0 0.012918216054688791 7.875632752295621
575 0 0 0.010520120667868227 7.871319728453683
580 0 0 0.015767109342078367 7.873361598976125
585 0 0 0.009790335531515204 7.867748863384764
590 0 0 0.011335392367942898 7.866274217842556
595 0 0 0.015400368306978995 7.867512069535086
600 0 0 0.01222572766690977 7.867692136558892
605 0 0 0.01119522458151212 7.863119712845975
610 0 0 0.013133583059983467 7.8627172999664205
615 0 0 0.009977719856615996 7.865235757086363
620 0 0 0.016330989625870318 7.872235480931831
625 0 0 0.011117633047941 7.863010390089654
630 0 0 0.010054602634040455 7.863209819051411
635 0 0 0.012343244715337987 7.861602743391712
640 0 0 0.012538549056557935 7.858756418483003
645 0 0 0.01510877012698586 7.86146029647721
650 0 0 0.00954177929156419 7.860269587309512
655 0 0 0.010098321960716694 7.8599088987513275
660 0 0 0.013596641435303258 7.857938381777094
665 0 0 0.011028524531564887 7.858381479806385
670 0 0 0.012512764135022891 7.857247099527743
675 0 0 0.015051442290175299 7.857762911070425
680 0 0 0.011926469733092748 7.856528618640668
685 0 0 0.011312481338897618 7.856296540837787
690 0 0 0.01245606203660965 7.857101708840171
695 0 0 0.011845694884407898 7.857881616645653
700 0 0 0.004508977490175425 7.856694507620161
705 0 0 0.014017813357826592 7.855946398300504
710 0 0 0.01154119000409537 7.85654907316315
715 0 0 0.011970044493394116 7.855126358625964
720 0 0 0.00896921443197951 7.8561723633273495
725 0 0 0.01244496023891517 7.854112340760601
730 0 0 0.010721179701917771 7.855574680925852
735 0 0 0.013068412068121704 7.854079790299899
740 0 0 0.011195022922616094 7.855446908099059
745 0 0 0.013850117079037272 7.853817106068448
750 0 0 0.011334179975404757 7.853128429141829
755 0 0 0.013628112989934493 7.854612229766659
760 0 0 0.014043880595449476 7.854406039068598
765 0 0 0.013606942900550978 7.855187554306042
770 0 0 0.012992505629372708 7.854917145579828
775 0 0 0.011744023673341708 7.8543108388040075
780 0 0 0.00818453354451587 7.853160189127744
785 0 0 0.013956045595841182 7.852182594921935
790 0 0 0.009669870061080887 7.854883797107331
795 0 0 0.01026685330743149 7.854123108458286
800 0 0 0.007924782615807091 7.853301497336575
805 0 0 0.011020829222253337 7.852782197669047
810 0 0 0.014328809368984174 7.852481754161026
815 0 0 0.012874690873728722 7.853206767176038
820 0 0 0.015518582633276212 7.851304134361152
825 0 0 0.016048043974521864 7.851669486164618
830 0 0 0.01055243826214003 7.852810201603099
835 0 0 0.012695056017565598 7.852046148137209
840 0 0 0.01068026989385329 7.853042588505417
845 0 0 0.017326403770422383 7.852175615957085
850 0 0 0.011086064746193891 7.852392813419925
855 0 0 0.013646048249154497 7.852642387989236
860 0 0 0.012522809861243323 7.851928272411276
865 0 0 0.011600304512766835 7.851796692967567
870 0 0 0.011419818663638726 7.851759220597577
875 0 0 0.014473758397605785 7.850208806267947
880 0 0 0.007686832532680432 7.85179631618856
885 0 0 0.013680861157172153 7.851333000504773
890 0 0 0.012628215165120693 7.8505759954561665
895 0 0 0.010726356699463091 7.850985515674445
900 0 0 0.011471748038087481 7.851245413145111
905 0 0 0.012274385241756836 7.852508580242001
910 0 0 0.01414179775933988 7.851243012081266
915 0 0 0.01326424461200748 7.850906232495424
920 0 0 0.012886120981453253 7.851061090278652
925 0 0 0.013067598737099395 7.851368816265677
930 0 0 0.011332292617966866 7.851124847584195
935 0 0 0.015169015273403641 7.851335340834283
940 0 0 0.01570904685224761 7.85037768757565
945 0 0 0.014426263058944455 7.8515415302817475
950 0 0 0.01478620710893086 7.850881086046639
955 0 0 0.013233257270705012 7.851274434534085
960 0 0 0.015738191362251852 7.85130589750569
965 0 0 0.010680863699427112 7.85022011219955
970 0 0 0.013350464981199517 7.849648445843025
975 0 0 0.013353162175132827 7.851617485738045
980 0 0 0.013601025268088263 7.850476788118494
985 0 0 0.013236729204269881 7.851295234900119
990 0 0 0.013844793309882197 7.851138208827053
995 0 0 0.008839795946249396 7.8505621701668895
1000 0 0 0.012873770928115258 7.850258295447316
