0 0 0 0.22210998946564686 0
5 0 0 0.01871439844709788 15.690073463979187
10 0 0 0.021330128336645604 15.64112175524535
15 0 0 0.019742366757399266 15.60407774871125
20 0 0 0.020413645169771844 15.601288602341858
25 0 0 0.021791204708903056 15.553877762725175
30 0 0 0.01935829707492176 15.482475504069193
35 0 0 0.024657975756790407 15.435445729777028
40 0 0 0.023308749741227208 15.421645039556674
45 0 0 0.02225612854794079 15.412103457162166
50 0 0 0.029066389756108313 15.404399471970004
55 0 0 0.02569037777782368 15.37854428761402
60 0 0 0.026320872906272053 15.382529233133354
65 0 0 0.025054353537516283 15.370895481174687
70 0 0 0.027237055325697757 15.366554628217555
75 0 0 0.028554981794629786 15.356148130967478
80 0 0 0.027130377156063368 15.353423906249299
85 0 0 0.028311280002574435 15.347939293935546
90 0 0 0.025613424098217985 15.343389285302592
95 0 0 0.027708424164745837 15.338914884173365
100 0 0 0.028519386003728053 15.33282151629591
105 0 0 0.029800202916957286 15.333614365394407
110 0 0 0.02811132471994293 15.332432074404318
115 0 0 0.027604447296362578 15.331215279737325
120 0 0 0.019427827104892215 15.319988186849864
125 0 0 0.027446140888844672 15.326390882252861
130 0 0 0.026796638292786445 15.327701603212125
135 0 0 0.028485256864878128 15.323560601564466
140 0 0 0.02786226760150301 15.321181243557193
145 0 0 0.029881867841682563 15.316595466681017
150 0 0 0.02989498155870085 15.314916031956413
155 0 0 0.028085999001470352 15.319025613036326
160 0 0 0.03015146000567781 15.31593773181685
165 0 0 0.028471171741598855 15.318063039665578
170 0 0 0.027743282695719573 15.318416739869742
175 0 0 0.028762219846218073 15.311589480325349
180 0 0 0.027659300943004617 15.317550167747642
185 0 0 0.008019841306075692 15.309117668523259
190 0 0 0.029101964540338088 15.312314798878552
195 0 0 0.029146222033266778 15.311953740847311
200 0 0 0.028427289778816922 15.310484413944568
205 0 0 0.028085596932177603 15.310418774620633
210 0 0 0.028422538167042655 15.30721763544807
215 0 0 0.028699210524261165 15.305929889454085
220 0 0 0.02859534506471184 15.311606089917623
225 0 0 0.028392057014261507 15.31073680881053
230 0 0 0.028650785779209986 15.30832679629628
235 0 0 0.029284862611888896 15.307715579980163
240 0 0 0.02770254157591201 15.307987177495203
245 0 0 0.029902018357870208 15.305183333980933
250 0 0 0.0296900562810265 15.306164724393463
255 0 0 0.02847073484866458 15.323942939148004
260 0 0 0.02649737809544761 15.299447988715848
265 0 0 0.026344387692936566 15.30453110762865
270 0 0 0.027216757056625074 15.304557813374613
275 0 0 0.028048772854774917 15.303849607285574
280 0 0 0.02837828137115439 15.307289171099615
285 0 0 0.028703986495731693 15.303168464016169
290 0 0 0.027199197618731574 15.30190529367224
295 0 0 0.029701957038764437 15.301788662067272
300 0 0 0.028627424587869488 15.301313582427413
305 0 0 0.0302492141062789 15.301299119581124
310 0 0 0.027392654586869902 15.298709714474592
315 0 0 0.029276282224387495 15.299258939721758
320 0 0 0.02900996348015772 15.297617885559337
325 0 0 0.028216803895191767 15.300610928154837
330 0 0 0.027350793551842667 15.299734855410804
335 0 0 0.028920901453825865 15.298751371675092
340 0 0 0.029556045239755635 15.298744490057086
345 0 0 0.027393097026323865 15.299196859147992
350 0 0 0.02644218180402258 15.29851435989283
355 0 0 0.029663129741430927 15.299129972768872
360 0 0 0.029463948366932335 15.299168708783633
365 0 0 0.029886095594289452 15.29541203536922
370 0 0 0.026852680273711238 15.296468892536966
375 0 0 0.029581767398783487 15.299294838799103
380 0 0 0.028905928781161494 15.295808085046083
385 0 0 7.99186936617513e-05 15.297847749583969
390 0 0 0.02801781019241467 15.297974159951698
395 0 0 0.026423309777809267 15.298792737812313
400 0 0 0.029292017108403234 15.297669766043228
405 0 0 0.028835759029167685 15.29451209045653
410 0 0 0.02955717203282693 15.29857961865995
415 0 0 0.030207647712136465 15.298094831127834
420 0 0 0.02828097289234477 15.295207161962672
425 0 0 0.024283795819212584 15.294726563301852
430 0 0 0.027934456414728803 15.294898142837308
435 0 0 0.0275157820180314 15.295812489360516
440 0 0 0.0274281404642851 15.294223877706933
445 0 0 0.024730633092863386 15.293055441716653
450 0 0 0.027549299162500818 15.294080864019206
455 0 0 0.029033310493370212 15.295869661936615
460 0 0 0.02746951956510535 15.29652426524067
465 0 0 0.028193645393412625 15.291904097679108
470 0 0 0.027817974665675482 15.292401098781756
475 0 0 0.030684259749208742 15.294385399822984
480 0 0 0.026774702111765247 15.298465753652506
485 0 0 0.027206870091092572 15.293664942581369
490 0 0 0.03351693805984546 15.294551046367596
495 0 0 0.030881909558906573 15.291270560885003
