0 0 0 0.2537041150064745 0
5 0 0 0.020361150100461467 15.687053683629363
10 0 0 0.019273173090126994 15.633207162165196
15 0 0 0.0235697307345184 15.610032482326718
20 0 0 0.017302610364399174 15.550495686241575
25 0 0 0.023447941128903027 15.510468718741997
30 0 0 0.023061581397515463 15.472416012012445
35 0 0 0.025504008762130326 15.441452428723307
40 0 0 0.027394390580141037 15.418103538944274
45 0 0 0.022553956968952793 15.412068812536646
50 0 0 0.026381427011479053 15.405963098797244
55 0 0 0.028125447833735162 15.395456190563673
60 0 0 0.023586224099818587 15.38381319578089
65 0 0 0.023651857989013703 15.38000222874394
70 0 0 0.02670129088796447 15.376112955386084
75 0 0 0.028366672953252126 15.36174171593692
80 0 0 0.026993488002248878 15.354237117165034
85 0 0 0.02854510989373482 15.370358576975924
90 0 0 0.02650954374371528 15.352171671997457
95 0 0 0.02287726755380115 15.344562977802859
100 0 0 0.028788610788156088 15.346560461522845
105 0 0 0.027728958783244106 15.344385898562855
110 0 0 0.028464054279343065 15.34765711004756
115 0 0 0.02245030267686343 15.345687269585914
120 0 0 0.0283538703922126 15.334413462778054
125 0 0 0.027764650369281663 15.338208443234636
130 0 0 0.028870102388759866 15.337326791727701
135 0 0 0.026820847979431184 15.332216556404772
140 0 0 0.02476525972280208 15.334892566215403
145 0 0 0.028270683941640673 15.323396073466396
150 0 0 0.0277885851417099 15.328778014743971
155 0 0 0.023777716496661494 15.328272889057033
160 0 0 0.02588057831755175 15.323607261948688
165 0 0 0.02790052359230666 15.315035870492197
170 0 0 0.025842644494349365 15.31288206526916
175 0 0 0.02763304114152021 15.318262780852146
180 0 0 0.02889767564175183 15.316665040922633
185 0 0 0.02927229945755938 15.309130193425547
190 0 0 0.028162481512944204 15.314606021646748
195 0 0 0.029500054676857568 15.311764482153778
200 0 0 0.02760339658786659 15.310589952702758
205 0 0 0.026398142717631634 15.309963190961792
210 0 0 0.02849721738385802 15.307634388986983
215 0 0 0.025252236293942243 15.309507031197466
220 0 0 0.026458609362742358 15.311162858094958
225 0 0 0.02927649221931561 15.302770976254015
230 0 0 0.028642298640039865 15.309683518514117
235 0 0 0.028967573482793885 15.305233817701557
240 0 0 0.02771732857949427 15.308448850029226
245 0 0 0.027272872068832665 15.30411078307466
250 0 0 0.027370353420524518 15.305923678711917
255 0 0 0.028056246856162037 15.307134855108897
260 0 0 0.02767881568246322 15.3077748747113
265 0 0 0.027447839814648933 15.306037792521808
270 0 0 0.026921960284295166 15.305996163022712
275 0 0 0.03116968095551953 15.304859464805388
280 0 0 0.029216415529170092 15.305465310997548
285 0 0 0.027675858311501766 15.30200001759928
290 0 0 0.02702376795760597 15.302564218715734
295 0 0 0.028218092471234524 15.303189759463196
300 0 0 0.02691787299100934 15.30064232296431
305 0 0 0.02865395919016578 15.303717332417476
310 0 0 0.029477178942515225 15.303749645018165
315 0 0 0.027776086747692164 15.29980164202487
320 0 0 0.02820046416871347 15.30217835044984
325 0 0 0.02937674229662246 15.30491721438371
330 0 0 0.02910950151924352 15.304480760321633
335 0 0 0.02902408296055148 15.299449377576625
340 0 0 0.02865800750019587 15.301889314963578
345 0 0 0.028305850229868756 15.299990006769558
350 0 0 0.027518325969296376 15.299318444685607
355 0 0 0.03080215738541381 15.299911198990317
360 0 0 0.02727491846455732 15.298787164917666
365 0 0 0.027195756259838832 15.299963101505343
370 0 0 0.02906075240990913 15.299829931979204
375 0 0 0.029305846217566156 15.296675133702706
380 0 0 0.023869417605268728 15.299192460037839
385 0 0 0.029283859270989865 15.298274653407216
390 0 0 0.025247330753877195 15.300094435951891
395 0 0 0.029704907631523003 15.297507099704806
400 0 0 0.02792494987313665 15.298956680785919
405 0 0 0.026424488064247686 15.299242330684283
410 0 0 0.02598914181735945 15.298163943514218
415 0 0 0.027960161885849377 15.298216364984075
420 0 0 0.029789036239984856 15.29939503914326
425 0 0 0.0297057596944994 15.296765375287917
430 0 0 0.02451078456162703 15.29800863108912
435 0 0 0.028802698642002245 15.297653148872994
440 0 0 0.026923449719966186 15.294619232598789
445 0 0 0.028707834534031695 15.295789646688018
450 0 0 0.027474343949460245 15.297025869099881
455 0 0 0.02552499727970603 15.295969815637731
460 0 0 0.027368034200437652 15.295365594041291
465 0 0 0.02610951777354198 15.295390761666665
470 0 0 0.02887237458656422 15.294531760885947
475 0 0 0.022462502030442977 15.296613535488223
480 0 0 0.029175471441580836 15.295530087640737
485 0 0 0.028192589229082188 15.292877000032163
490 0 0 0.030914026265381978 15.294855623185835
495 0 0 0.030048591242932465 15.294122153571532
