0 0 0 0.21437670511158302 0
5 0 0 0.01922477552215085 21.221371576045314
10 0 0 0.01812144493633938 21.15524912197244
15 0 0 0.01568547900772721 21.10950394350071
20 0 0 0.0171910928743102 21.11159011911529
25 0 0 0.020716064162128678 21.069803099767054
30 0 0 0.020328311763997853 21.06537158662029
35 0 0 0.02200671080824823 21.003834295755627
40 0 0 0.017113241737245266 20.957832928382636
45 0 0 0.022037493008263187 20.91607764074828
50 0 0 0.02140722211213797 20.90639319876527
55 0 0 0.018846234195270206 20.87716026919687
60 0 0 0.022382759959791443 20.86410487539079
65 0 0 0.02098909413189931 20.849931714468834
70 0 0 0.01808818304472748 20.8388057758742
75 0 0 0.02406534829799245 20.833324010977243
80 0 0 0.014821137729992051 20.830377471525594
85 0 0 0.02213363169474114 20.801615376049227
90 0 0 0.025237404370253236 20.791480930099755
95 0 0 0.02606614755676251 20.78563005536708
