0 0.49490347796548334 1.5464721031598079 0.36494003872111236 0
5 0.961302440848532 0.09083106100127303 0.026878704135123943 2.7404035673385128
10 0.9901505643378052 0.023380639238705037 0.009727425864089811 2.663082616996119
15 0.9922029308525726 0.020582639697935612 0.007459534757814579 2.652840853776466
20 0.9951264512845365 0.016826695434462025 0.002842223800901156 2.6503658668913563
25 0.99772007827776 0.005866227733918539 0.002634947461270132 2.6484972554666593
30 0.9969347637781052 0.00948922788637363 0.004551552728657038 2.6458949557958813
35 0.9986114873627445 0.004915517300170702 0.004662738807815758 2.6454540200061105
40 0.9957049746607723 0.015371567688782672 0.005603176575259772 2.6434736148510036
45 0.9983853021439808 0.005029465880327155 1.7856883056666106e-06 2.644789522624992
50 0.9983148089109706 0.00531905045981107 0.010949438972859493 2.6445866410962133
55 0.9977351336437519 0.007136008379160064 0.0069607723286224665 2.6433851583475443
60 0.9984837547079621 0.004745249024487919 0.003939229953592305 2.6425345925749184
65 0.9990522507140494 0.00335397348399491 0.004990023213742978 2.6427438361308138
70 0.9987594050013106 0.003815249266887033 0.0010591872197742713 2.642928944301701
75 0.9989133489546984 0.0032062861342940785 4.787773017422836e-05 2.6421740603508646
80 0.9985853165171676 0.004729611872796635 0.0025315476199125886 2.642293569812531
85 0.9993429549791222 0.001622598434984468 0.005288105551497502 2.6423965386986414
90 0.9984734026288589 0.00535295082691567 0.002018578503017787 2.64180543486717
95 0.9991819151223892 0.0022068780165711566 0.0026915991021836394 2.6426139088988183
100 0.9992921745572274 0.0017979861326806734 0.0025079884716268097 2.6419839608810936
105 0.9992136066941627 0.002202513726644817 0.002209457507657442 2.641102338691176
110 0.9994119696377404 0.0015391382605267623 0.002529836259844709 2.6419069969800377
115 0.9971022685044125 0.010201205011462378 0.007810966309983236 2.640911701525912
120 0.9988212913704783 0.004080035651122582 0.0010488255589735651 2.641299914753448
125 0.9991765844319391 0.002732786913824281 0.005983137394207416 2.640657225402889
130 0.9992980792516912 0.0019647544301921727 0.003443182648321219 2.6408140696630222
135 0.9987056363840408 0.00399898740477056 0.001238018149553266 2.6406505713331905
140 0.9992243463199184 0.0025810274493038854 2.0812758313892843e-05 2.6408840003623286
145 0.9991254956881768 0.002527325471160413 0.006761546693113019 2.640773918756972
150 0.9990168137948587 0.0035935969827107783 0.0015600075430357574 2.6404862058230623
155 0.998252330846209 0.006210617351411152 0.002797970343267897 2.6392593957638883
160 0.9993157992032258 0.002324700751920261 0.002750901268793182 2.640207448013877
165 0.9986100681441151 0.004867688603705123 0.003659283636711974 2.640595473283194
170 0.9995450096662218 0.001511440087734961 0.0010580191106237535 2.6398350307098237
175 0.9993323159545521 0.0022193845309987914 0.002203743849665152 2.6398398988446763
180 0.9993083359620598 0.0024893522155005066 0.0014133465098733478 2.6399208332948585
185 0.9993789256315231 0.0019564632604773813 0.001180020377631541 2.639549730251373
190 0.9994401557979926 0.001675554686559888 0.003996291026820531 2.6396712906951394
195 0.9983375661990767 0.006097531728969319 0.00022772209013588451 2.6393300085775997
200 0.9975782289939142 0.009592333373783735 0.002421931688558976 2.6397344793502056
205 0.9991028875587444 0.003291426404716802 0.0015759216898112438 2.639319514583856
210 0.9994755262617809 0.0017730850452677416 0.003853992950827001 2.6396326558903875
215 0.9996134518231056 0.0011415009493749295 0.001735728843283324 2.640071401689044
220 0.9995995891375689 0.0013355964536443388 0.005261665715851516 2.6390440717073513
225 0.9993607811828219 0.002184183207896595 0.0057307003123412414 2.639308923415614
230 0.9994425482144507 0.0020406728033810495 0.000474433342912306 2.6394915023069188
235 0.9980342071491799 0.007979625832796433 0.0007629402099034177 2.638857402496588
240 0.9984778544163209 0.005792692895226992 0.0005935331223316798 2.6390168251387003
245 0.999694168513013 0.0008754502469270342 0.001613246280369074 2.6390272013894345
250 0.9976351338802014 0.006442800745540378 0.002657202599225972 2.638733824862502
255 0.9982014071028369 0.0056662494205013125 0.00018595119095876633 2.6391210218113397
260 0.9985109489351363 0.005523959121889632 0.0034601234181428353 2.6390053982337984
265 0.9982151075024869 0.005866351238095202 0.008346799862430254 2.6390727425770693
270 0.9993002174430285 0.0017625801114866668 0.0008873044076580516 2.6391649761017235
275 0.9968736223378226 0.007778091144873489 0.001755380483505986 2.6389654530118167
280 0.9967003101022306 0.009106488143130864 0.0010298040925516005 2.638978810139649
285 0.9989675993911504 0.0026091895616082716 0.0011797167338765124 2.6391910951580915
290 0.9987597285898691 0.0034933364628266794 0.0033523582872898583 2.638517295757678
295 0.9946923542923901 0.01144949873158474 0.00030844874987057125 2.638416451713803
300 0.9969597960884338 0.0064744789178941 6.524902478521888e-05 2.638369331334159
305 0.9925606688815749 0.015380546915084281 0.0024529605560619228 2.638703630023103
310 0.9880280386219686 0.025758264454331936 0.005451245351188572 2.6383075810134318
315 0.995612323553162 0.010505591859024666 0.004080904342826708 2.6384020167071407
320 0.9803100554086424 0.04140230880124518 0.00022127795352822055 2.6386182899371344
325 0.9901580773942134 0.020310598431419358 0.0010119904797707413 2.638828804077465
330 0.9893644975974966 0.021661790613386245 0.0003564280874495118 2.638619656949648
335 0.9759226095546811 0.05016155309443526 0.00267326561663217 2.638308711645589
340 0.9694918282241541 0.06498528935034598 0.00013876098001808224 2.6385886206477753
345 0.9833194195978485 0.03512092463296179 0.0014657462001159693 2.6382547814243433
350 0.9802740808401484 0.04027023794604068 0.0008003687491811018 2.6383935432092067
355 0.9819576853146772 0.03854078175849418 0.0015612509392388674 2.63898632417215
360 0.9803601296810498 0.04092894299790384 0.005107328989811366 2.638585596905159
365 0.9826257164034766 0.036537278701587184 0.0010180144789619927 2.6379396978463747
370 0.8351519919191644 0.5070379211608085 0.0018605062769718739 2.6377826836267695
375 0.9764282825849091 0.0502291220919604 0.0032058365477483086 2.6381536207995504
380 0.9627504596882589 0.07651840374379759 0.001309832113455256 2.638656458474862
385 0.9568817634385913 0.09060103944236886 0.001786842054605886 2.638466241778113
390 0.8913536722508386 0.2695997896654361 0.0007063577844044211 2.638135169247434
395 0.9208569297429665 0.17302791266891537 0.001420909482252375 2.6387498144141843
400 0.824853421994435 0.49220325226990047 0.006368645121863636 2.6384346992086756
405 0.8031401844007785 0.5936756049098824 0.0017649889027324672 2.6378104510385416
410 0.8680717662112989 0.33442404007360826 0.00010811891484752145 2.6379365181731473
415 0.8212159074188189 0.44689248892319133 0.004673319883200078 2.638008266951621
420 0.9337489959379269 0.14881984558502825 0.0010481265386530492 2.6382948829899355
425 0.8336665637263959 0.4217518327630896 0.0016075910240755942 2.6385012699295776
430 0.7331958481534033 0.8735269030962591 0.0019898850692210424 2.638370663197014
435 0.7382381603199474 0.8284924238117735 0.0025621314949522134 2.638291151818684
440 0.8529867367579902 0.37198968678946365 0.0004050600920295633 2.638205218666075
445 0.7249927892426055 0.9576739706304518 0.001955419955377957 2.638146714419122
450 0.661546680015139 1.3687213026829883 0.002286473467393302 2.6382383464543535
455 0.893184264218567 0.27419866854886044 0.0007205048996195007 2.637845526157751
460 0.8933050295742218 0.2635556342064884 0.0008132887050074089 2.6384286188743387
465 0.7156833692165631 0.8887272690688666 0.0021729271300852115 2.638263871766029
470 0.7216549461701961 0.9091267921304316 0.0024077775261828194 2.638147735040343
475 0.7846607098364844 0.5771174971836923 0.005331380062023827 2.638039583600313
480 0.6637842345319056 1.2029337923416912 0.0011545835772723834 2.6384302669340856
485 0.8396835388112289 0.3948152489998984 0.00017539740065952714 2.6383281732937105
490 0.6933610083696224 1.0411083014119056 0.007009300739680535 2.637874471433434
495 0.7642095178589561 0.638383901008579 0.004021098930722333 2.6379197840784685
500 0.710763487096703 0.9320849021611175 0.004553436315678505 2.638204717899324
505 0.6146588060948146 1.59436485487478 0.0010968675559550611 2.6380746828607124
510 0.7758509127985509 0.6078305091812362 0.004810001166400291 2.637866645021632
515 0.6962452153160583 1.0452485323380087 0.0004615949854736012 2.6383273880336837
520 0.8092276861473712 0.5005880534932268 0.0007392215014971892 2.638286506415975
525 0.7266001664123265 0.8680737113189423 9.550245948286573e-05 2.6379877181510705
530 0.740139827211957 0.8792755754229127 0.003199854193546292 2.6380904121238467
535 0.6418436936562737 1.345373210931752 0.0013995895793932345 2.6382354125120697
540 0.67990346325751 1.0483348355547952 0.002272906742611047 2.638036011430013
545 0.7560534138563171 0.7198227310748977 0.0015207691170531223 2.638157722746882
550 0.6878542495633897 1.0122723517936736 0.0005236537069024383 2.637969801272606
555 0.7824217495020958 0.6203566368793503 5.7533019892863635e-05 2.6381074197469756
560 0.7907423487570916 0.5435888768230241 0.005135339225757596 2.6378723093719274
565 0.6178101865871911 1.634338552582093 0.0004811942311662154 2.638121863504793
570 0.7063673317410348 0.93985229156281 0.001932813485720386 2.638238619438033
575 0.6854321051739853 1.0789932435641818 0.00535238703080787 2.638168256492268
580 0.6878476402022087 1.0312020831306015 0.00037350773948818805 2.637971859418649
585 0.7543192389115149 0.7259663696395129 0.0008003905820495039 2.638018287729147
590 0.7627786817233717 0.6882260151640209 0.004888378010887928 2.6378550460401056
595 0.7007515364200297 0.977016498926452 0.0018867746154820342 2.637879053010532
600 0.841339964313811 0.4295658136627756 0.002073153332053934 2.637882275992211
605 0.7127969194317989 0.8893404493719586 0.0033316110890004857 2.6377367709901693
610 0.7657326028960294 0.6794481896915214 0.0002844358439382244 2.637804374360231
615 0.8444819816228384 0.39398685000088607 0.0012386764328775612 2.6376067316434426
620 0.6097667637715348 1.7330217875961682 0.00252358005072284 2.6379601063379483
625 0.6418136794803744 1.380036310830374 0.0012893480490947518 2.6378187846921515
630 0.652631156595397 1.328718786048888 0.00017364995419422158 2.637554694444444
635 0.6776775456964392 1.0877576950718768 0.004499189919801472 2.638029767742162
640 0.6775688983332402 1.1219857064575511 0.001076194515349238 2.6379883025513426
645 0.788098733176438 0.5774579877049928 0.006062475095614195 2.6375626405250676
650 0.7661704826342934 0.6348417490685381 0.006789726193561885 2.63778630101511
655 0.7300191114745473 0.7974882136210506 0.0005948051524948816 2.637983751137684
660 0.6947767574409192 0.9785961894523281 0.00424057624480767 2.637971310945041
665 0.8013311407323853 0.5592959500036563 0.0001862411219830662 2.637674750595517
670 0.7030396396157105 0.9616047379085182 0.004211288585574957 2.6377630098709988
675 0.5938456999055182 1.693003057790437 0.0013596894599647857 2.6377241848676647
680 0.7093199051614388 0.8456834820497998 0.0021055534242173657 2.6376940717052513
685 0.719383494574769 0.9001274463626427 0.0018427942263488095 2.638173310319863
690 0.8410469965784144 0.400634232808478 0.0037876128713625334 2.637531183923497
695 0.7489465428128943 0.6965068015472338 0.0038788209086051406 2.637803790705559
700 0.8163787644426206 0.45551565118216164 0.0007292724543266349 2.637717285457122
705 0.696244944338714 0.9842503238342384 0.0011210936028671625 2.637854644710682
710 0.7893423898607517 0.5458997416523337 0.004841176624372778 2.6380813777833283
715 0.709573566717089 0.9179413057762758 0.003286343905138933 2.638056358690035
720 0.6582870468337815 1.1601580412197077 0.000451772394290062 2.637655464171965
725 0.7246193001278765 0.8090843433405333 0.0036095738815105083 2.6379907504782687
730 0.6619697777479783 1.215615558304553 0.0045396848875709495 2.6375640841921824
735 0.7964594132321948 0.5387892616670964 0.002924921204963127 2.6378787894255216
740 0.5872872686437652 1.8444141489038164 0.001247674568924273 2.6376785241352763
745 0.751928156760806 0.6668454078659489 0.002516761784126631 2.637602085806246
750 0.7331489764808172 0.7987748988779715 0.0011942777649822656 2.6375982007002263
755 0.6952461690208389 0.9646654984161791 0.003493425228978664 2.638021157764818
760 0.7335039645363474 0.7712717340754622 6.784836789064386e-06 2.6378654893209705
765 0.7687718065700816 0.6481541986391597 0.0033890822068507465 2.6376467797771763
770 0.8281275678337002 0.4065139868011727 0.0005617206081660608 2.63751599474414
775 0.6967816734341068 0.9052453919781032 0.0053925276693937985 2.6376814651379035
780 0.7788760120095193 0.5957883822735961 0.005893426565181992 2.6379309767075023
785 0.7830795675050102 0.5858565339669823 0.0017169111726584863 2.6378719850029886
790 0.7761890655401793 0.6135263177531036 0.007724126397220088 2.637792566206308
795 0.7450647923355945 0.6832359255759117 0.005013238543116971 2.6377342671183146
800 0.8003694137722963 0.5139282783901211 0.003722385609585155 2.6377469180727244
805 0.7899877343841739 0.5313359937114179 0.005544189933324617 2.6378446307426
810 0.743570785530294 0.6984530636167388 0.0038524777913815367 2.637684823853224
815 0.8415718792997346 0.38226566966641373 0.00023162614553240424 2.6376396506002555
820 0.7266879498082175 0.8018494773351281 0.001552634481351678 2.6376702199147606
825 0.7546891943232186 0.6789325720020787 0.0008212827658524713 2.6378833814996483
830 0.7792117081394894 0.5825023577224853 7.877986265225623e-05 2.6378367556457194
835 0.7533272764571105 0.6647584086201515 0.003746137592059773 2.6379032521481403
840 0.8167021645975934 0.42570050158362793 0.0018012309775734536 2.6377070227350243
845 0.7854147527751348 0.5396376057833483 0.001873545104115193 2.63796164129656
850 0.7661243666884401 0.5985463746501707 0.00012189083230063069 2.6377723873324186
855 0.7606021510749164 0.6482013669428355 0.00107254367949694 2.637721970278956
860 0.8090369892805647 0.4662844083584723 0.0016775478179362757 2.6379623015197575
865 0.8422454126605745 0.3645545090669349 0.0030221111092234576 2.637708587566721
870 0.83485388677018 0.38414906965524453 0.0006250472555306974 2.63776872420875
875 0.7970205699920291 0.5012262323453975 0.006399375126884932 2.6377346499419962
880 0.8336319809870133 0.3814842528388529 0.0013256567134385389 2.6373880237740526
885 0.8306297259794843 0.3929306288367571 0.004049499276582935 2.637853440788283
890 0.8484175628302664 0.3444249996619253 0.0001383358382680555 2.6373056899773304
895 0.8241421177563569 0.4096669152464756 0.0015368066783665313 2.6373762834779115
900 0.8455011823501613 0.3719194649931983 0.0034358297645395997 2.637671681955211
905 0.8073567696120577 0.46236089759190646 0.0018525005930125626 2.637980865078029
910 0.8433054023204192 0.3529079958682422 5.305336869376731e-05 2.63760342423933
915 0.8381434632186091 0.36238551977991706 0.0035829774157407623 2.637582402366489
920 0.8401006331710981 0.3630730810815366 0.001454129321960762 2.6377988127941068
925 0.8375953089834547 0.3659219310012394 0.0018622118304987278 2.637544046973487
930 0.8389626155225498 0.37127667440501266 0.002675456771903839 2.6374292622018505
935 0.8244279521864336 0.4166261979016723 0.00260087822523114 2.6374262523061827
940 0.8371762322740344 0.3852392668372251 0.0006959684642979802 2.6375259291058275
945 0.8468075464060929 0.343765497584525 0.0003331429650845763 2.637681360108731
950 0.8490265371054886 0.3380692213058736 0.0035455126594869935 2.6374598604377386
955 0.8460117633427029 0.3518882077495791 0.0008465062468701046 2.6377350599637492
960 0.8596574027905515 0.30989611088944446 0.001897203928728608 2.637755734062102
965 0.8191776024757224 0.46420073493151826 0.0017286449752529354 2.6376476182752553
970 0.8520505858707059 0.3308402900960914 0.0010007420847693016 2.63714751670616
975 0.8257791002221075 0.411278895065359 0.0035577678043445804 2.637105010209956
980 0.8559048065628598 0.3260393852357275 0.0011179284344036144 2.6375976978667017
985 0.8577342764318001 0.316800583684679 0.00023743791043551177 2.637480478828315
990 0.8550043387167695 0.32524468610006974 0.0003046809057074551 2.6374168846311523
995 0.8716124450427445 0.29162335742442025 0.007711595372365432 2.6374857242048284
1000 0.8597857480847813 0.3161614817921299 0.0013968630645049274 2.6378771342130665
