0 0.5118185301759763 1.4593611876809596 0.31416110730756996 0
5 0.9644553787904182 0.0823418639428124 0.02680746046168303 2.735709424720326
10 0.9931314728970344 0.017264418534082004 0.006337954451977934 2.6599707815155837
15 0.9965564687396189 0.011297571480957558 0.009601901792364309 2.650306676932378
20 0.9973852165905802 0.007549223074240441 0.005805174493463072 2.64923045192747
25 0.9936925296533148 0.020349414093740137 0.01820776599573004 2.646943032760362
30 0.9986891438362683 0.0034352145690137448 0.001274644269771974 2.645183456328756
35 0.9967762096790195 0.008849402632026937 0.0029414423343998575 2.644833246981019
40 0.996842587001721 0.01049026523199137 0.0033584033514677536 2.644306571380111
45 0.9988365336173664 0.00319597814779371 0.0007467160279708285 2.6433074472946654
50 0.999356468565428 0.0017424144501796412 0.006151728779905108 2.644264468475486
55 0.9986595651286765 0.004260965589884869 0.001585814654268658 2.6435672567852695
60 0.9974457885686729 0.009143745812411286 0.009483111765227648 2.643051046022803
65 0.9990261415125424 0.0031763290437765157 0.002821687423880004 2.641647421249871
70 0.9991783369917425 0.002414415297240957 0.0022789679116230754 2.6423182458272243
75 0.9950612455385777 0.018254009603780652 0.0017645201746656625 2.6428729180111405
80 0.9988425187865111 0.0041575454579128035 0.006988230778917304 2.6427584846240335
85 0.9986792527498949 0.004418042493783858 0.008352608644351722 2.64209049462399
90 0.9953712389543294 0.018678930841512287 0.004491931924067494 2.6413686186522556
95 0.996078832880226 0.014780376529280215 0.001467714270596554 2.641826277161722
100 0.9951517439967175 0.01618866584270018 0.0012213713588982156 2.6419933893366707
105 0.9983366210146323 0.0060736002330918915 0.0012168293263781216 2.6409274596704755
110 0.9990476077049102 0.0031429194789471815 0.00422682371120886 2.6405342961109524
115 0.9990344749377537 0.0025525076599106633 0.0006267770035102149 2.6412942280414926
120 0.9985195676549418 0.005207565928776692 0.00039368172241482924 2.640797495625966
125 0.9992601699061039 0.002498240334912971 0.002667636312961408 2.6410518168664674
130 0.9991938892234811 0.0024787507413566168 0.0019495261180892953 2.640952364530686
135 0.9991513237176278 0.002650068406000461 0.004585684834797377 2.640979200150243
140 0.9962562023171493 0.014646440225831281 0.0069139292853017675 2.6402164814894546
145 0.9993179769314394 0.0022343054362967685 0.0013843823261014965 2.639822917421265
150 0.9966917034560057 0.012482442809305105 0.002771697186490618 2.640325307803023
155 0.9993669613855982 0.0016448675032663118 0.0034237890987565134 2.6406595407740614
160 0.9977614570135972 0.008656813893848092 0.003281108429759927 2.6395937669102745
165 0.9989466706111825 0.0038109336247478254 0.00404557347764789 2.6403655378169946
170 0.9985922814759858 0.00480542573540399 0.00028480700674782256 2.640082917641814
175 0.9979563699974375 0.008214493848353488 0.0017348744844916109 2.6395450724756504
180 0.9985272931723687 0.005514131508191689 0.00042539029625987546 2.6404045420258537
185 0.9988681528447335 0.004213549553781615 0.0041186659300458395 2.639759916123397
190 0.9986154636269788 0.005252874030745591 0.00803418619922347 2.640048782881587
195 0.9992870806159706 0.0024842976908061587 0.004296603495796303 2.6399326214853236
200 0.9992723635576728 0.0024766744792987794 0.0014376735011711883 2.6393836531352237
205 0.9996538337641174 0.0009572760436378225 0.0012569922284104695 2.639413381097888
210 0.9995456759692912 0.001505544121178204 0.00042809476312477557 2.6402414599840522
215 0.9995320984002529 0.0014850328837328064 0.0013940926813835741 2.63979839246619
220 0.9982907664469264 0.006569721385212279 0.005024406061888476 2.63973269095323
225 0.9964660732570445 0.01390277595111078 0.005710260659547828 2.6392584347732906
230 0.9993471047394653 0.0023548009304601436 0.007249312093377869 2.639624772077791
235 0.9994597881935845 0.0017121396539585554 0.0003249209982409962 2.639406840764691
240 0.9993679304091443 0.0019898279183192535 0.002372807081694406 2.638955898401256
245 0.9988061864560567 0.004374128637029795 0.0012241252439186834 2.6389508507419634
250 0.9992551791771251 0.0026218674111317952 0.0006501482250762525 2.6387261331864527
255 0.9987979815082855 0.003813206980310735 0.0009194780486243559 2.638662194633976
260 0.9980924828575317 0.006454584647653583 0.002924434179135238 2.6383780252899247
265 0.999123303269499 0.002698136026928477 0.00011328744232663723 2.639107531759923
270 0.9977162627416827 0.005543541137380981 0.0013111681807169706 2.6384591917062776
275 0.9982174671755011 0.004214333027110051 0.001503177803328315 2.63867181684534
280 0.9950450141101627 0.014163805884111369 0.0018582455015325738 2.6383970760216364
285 0.9967400075869537 0.007686122432786213 0.0036434032843553066 2.6385987368189903
290 0.9946643977511664 0.011107633727463373 0.0026624305336995224 2.6388342196663195
295 0.9912500956977723 0.01822185362248474 0.0004714664223890441 2.639005239841907
300 0.9934226127545691 0.013611948931632867 0.003506810970027807 2.638669533795329
305 0.9969459240734928 0.0071688108339098555 0.007065547094870839 2.6386793201087393
310 0.9823162020161389 0.03998817478889105 0.008391225804677882 2.6379007843088815
315 0.9914107028349923 0.01786834952433569 0.0022794358319322416 2.6387656793617045
320 0.9889374356735278 0.02296704318640419 0.002131904118211736 2.6378972818190283
325 0.9929463668244316 0.01497281849013099 0.001632146797104106 2.6385656091705094
330 0.9968506079647597 0.00657704147168614 0.0028499788554021688 2.638174096311577
335 0.9901008297513225 0.02097238986149197 0.0027955984490206642 2.6386004621104013
340 0.9911395843956734 0.02017140239706494 0.0026782465684984658 2.638137951791168
345 0.9891949079044309 0.022206803871946068 0.0022389908144733184 2.638393907013471
350 0.9916658652287575 0.017865322311966025 0.004623911256057767 2.6384148407275068
355 0.988952567715309 0.02295655000268093 0.0038635063821668147 2.638434528090197
360 0.975227627824467 0.054546981677404016 0.002179098283778602 2.6385261558558057
365 0.9904388228826295 0.019560279832230965 0.0017493301308035836 2.638237542423255
370 0.9909962470256563 0.019010500412179887 0.0005043474745776155 2.638575731988306
375 0.9866667664339026 0.02796263128237353 0.0001282468062040465 2.6382066658000203
380 0.9836580128259889 0.03412922219338066 0.0015202660352062747 2.638810446167456
385 0.9581631077603378 0.0906747078102974 0.0026665461924764156 2.638022089063246
390 0.9826129353276271 0.035923683047772936 0.0006076455838686101 2.638359005273769
395 0.9754287027651523 0.05195613950768596 0.0016318766558172104 2.6380436639157927
400 0.981061755722397 0.039057278148033614 0.0030230461271159026 2.6380744881550835
405 0.9739559039870158 0.054213091910860545 0.000756815201879979 2.6381228268973267
410 0.9773046554960083 0.04751077176069485 0.0012208238598041543 2.637924113439996
415 0.9598016255573629 0.08803417550708792 0.0019186702217486307 2.6381198198777724
420 0.9793191428480774 0.04306501866782764 0.002301821738202925 2.6377222159515803
425 0.9661836493395561 0.07119938736370912 0.002622896632813676 2.637876742424849
430 0.9551478385706135 0.09898914336654352 0.002930177201295736 2.6378590952498415
435 0.9521572915512981 0.10493475365644178 0.0041266814876010915 2.6379713393374646
440 0.939073303399395 0.13619942065507873 0.0019031002371205918 2.6381789568662133
445 0.9455321973821742 0.12043908974638473 0.0025088926375917975 2.638173066717719
450 0.9056616769017427 0.2388191276148035 0.003485866310264596 2.637711090871199
455 0.8995697253790427 0.2654013663364534 0.007660240724812306 2.6380178082213575
460 0.9594689084093798 0.08900293713479757 0.001982761777821418 2.6379124524428597
465 0.9376943213267936 0.13857969599211017 0.0006215577754158375 2.6378136842807782
470 0.9122685094540155 0.21283695129318714 0.0006515282421508672 2.6380269687713733
475 0.9520835747246641 0.10154501934226934 0.0030737130645348554 2.6380193994587495
480 0.940023469249667 0.132438057828288 0.0012473567331132696 2.6382023211685732
485 0.9388057487869792 0.1352059503694436 8.304477577669722e-05 2.638204188092195
490 0.9408310840112257 0.13675777263288547 0.0018499999535961376 2.637584680084409
495 0.9167242995812295 0.18770702892517166 0.0003310241968894623 2.6378960886103084
500 0.9465117658013922 0.11334486999479054 0.006855010421751961 2.638014430265114
505 0.88191397930298 0.3204817721430273 0.0007463897149266874 2.63789868976455
510 0.9122027165456801 0.21086793668268422 0.00040476484944762525 2.638062930565565
515 0.8480091038910362 0.3908074827038148 0.005084883038727339 2.637913639586492
520 0.8629971513002227 0.35237241020624577 0.0011639042066591276 2.6380364422996037
525 0.932926959242203 0.14767477721278688 0.0013880324232706798 2.638415061755458
530 0.9201657251031018 0.17657913211321974 0.0031014825490129905 2.638161029885502
535 0.8847538704733573 0.2761236126595974 0.00472126692444319 2.6379639900340317
540 0.9269520632620384 0.16435367343279061 0.0005400019203232187 2.6376267913722327
545 0.87054900072198 0.3318411998878035 0.000578574311306701 2.6376534026981124
550 0.9032595362410896 0.21822960921911472 0.0031489256469652283 2.6376166690819245
555 0.9300402345966582 0.15331101940309777 0.0019087158505037838 2.638041735530465
560 0.8476552565654754 0.3906229457182442 0.0003128583355900272 2.6376359696302596
565 0.8829145887535741 0.2811167252749036 0.0026595614510378507 2.637945857144788
570 0.8185841762553093 0.47539491807144474 0.004834961877891564 2.637847313715408
575 0.8756209735316741 0.3040852807558614 2.75386735759664e-05 2.637801370879622
580 0.811531347402439 0.5059204352748052 0.00045474069052287014 2.638174739203931
585 0.8606130259383831 0.3617220926146083 0.0007734219032031753 2.6381442062837466
590 0.7975670832332287 0.6183058321112562 0.002880162641066386 2.6378168378514943
595 0.9223383254831579 0.17234524345914437 0.0006890892563686801 2.637963921192876
600 0.9219905846941285 0.16702332881141269 0.0010545409589159949 2.6379608757932584
605 0.8222982078766452 0.4798062486132295 0.0026507649135953937 2.6378680922960034
610 0.8373884126233097 0.4445585620692887 0.00034800794072964436 2.637725177698115
615 0.884066496935284 0.2780008317663736 0.0033129792529396074 2.6377279641141254
620 0.847777075710087 0.4105712908986554 8.627289384310899e-05 2.637864167374974
625 0.8752304891135902 0.3010952385586956 0.0028996260124671824 2.637925395246015
630 0.8912348869994151 0.24943699734509206 0.003576113870884745 2.6377945015487168
635 0.8588305377284116 0.3488479818199073 0.0007453466698816857 2.637871121837904
640 0.8058376210771196 0.5680399221942025 0.0020298863803702716 2.6379028969862706
645 0.8702440643027365 0.3296275485666289 0.0005260714159476265 2.63734367923786
650 0.8221568363551232 0.4935858169895515 0.001532038005628067 2.6373566448531354
655 0.8016037652738128 0.5664692940080998 0.00032903707628761936 2.6377251712072223
660 0.853397317056952 0.36520925650345637 0.0006041860743581928 2.637438230411823
665 0.8899750424891806 0.25749156000109297 0.005891814281463459 2.637829137633477
670 0.8410953737644293 0.40696540536265413 0.0030169094110044092 2.637400693899023
675 0.8866890034915405 0.2578072577501058 0.003907315582489357 2.6379925420480537
680 0.8855468321264347 0.25050630930292916 0.0025012315076875513 2.6378132197471196
685 0.8608635476885422 0.3343363589599182 0.0049024323953246185 2.6372038084304603
690 0.8316651054364331 0.44050289286527233 0.000912219857229557 2.6376558878042964
695 0.8802256831019304 0.27515074888205326 0.0028279187461364153 2.637660172469066
700 0.7831235390883913 0.6273346970605824 0.0013973017673143406 2.637608383750036
705 0.8316983179549851 0.4383938098539475 0.0006924166272412879 2.637655243195934
710 0.8419157570676851 0.40702572472019094 0.0005477590516813624 2.63758737792271
715 0.7807392799849306 0.6158548966749255 0.005743996161578169 2.637776387510789
720 0.8658156614255268 0.31149075188829345 0.0010327729126773377 2.6379080703213837
725 0.8505978724650007 0.3804221875993705 0.0022864908727513455 2.637268862165958
730 0.8351334802657662 0.42093164291189167 0.0012086080226525464 2.637310421380271
735 0.8226351798850292 0.4744122499535983 0.0024590871930252334 2.6374089936520106
740 0.8016738924115276 0.5426476038312349 0.006933098350124789 2.6377304570190474
745 0.8112865311679064 0.5144979773030842 0.0030680713732005316 2.6377594372634885
750 0.8405097208399711 0.3993583792317401 5.365026842207854e-05 2.6376444232761225
755 0.7805622002290136 0.5994894581552952 0.00011512919003986433 2.637551734329268
760 0.8018739627618577 0.5525245884101091 0.0021802130760768534 2.63772143803419
765 0.8144189823601562 0.5021362458844223 0.002419653160125934 2.637620583847862
770 0.8100316480113116 0.48975874178693823 5.656518178365211e-05 2.63792426192642
775 0.8041479890287078 0.5230249343331712 0.0017639941492120226 2.6378420352061935
780 0.8358141933380101 0.3919966534498025 0.0024823322901486033 2.6377513119110874
785 0.7896871027453672 0.5755711577885543 0.001309151119990526 2.637450734128868
790 0.7552525610986931 0.7621719328730747 0.0018249564369872129 2.637524780526083
795 0.7849462356546074 0.5775222132334803 0.003018858324277396 2.637757131897603
800 0.7790104255066832 0.6247255312324067 0.0002944910173263704 2.6377435731457273
805 0.7488326276257922 0.7107852821485148 0.007259741829339861 2.6377113874535176
810 0.8226927060890119 0.4464722904325167 0.0009766321660811261 2.6377629890573844
815 0.790584787745013 0.5565799947700136 2.3514454417172814e-05 2.6377692729850613
820 0.8291177256761062 0.4068573435038707 0.0036444466138874088 2.637435389578794
825 0.8059158869083249 0.49375276127786494 0.0017680310002237132 2.6376561106455862
830 0.8367106562629703 0.39243909223007334 0.0019371770612444106 2.6377733236826217
835 0.7323441097033472 0.8327664301294768 0.0011061917902581708 2.6374696823884585
840 0.8186279187715062 0.4466569104106304 0.003086491394859836 2.6380268341974067
845 0.7655936687786002 0.6552157229958628 0.003387387617111548 2.637101632864287
850 0.8046895205800872 0.49327006606340484 0.0011349648332890094 2.637914497264154
855 0.6978954337334053 1.0179804262716843 0.006873559251179939 2.6375799109069344
860 0.7916283806137219 0.5429474697316579 0.00415862509724918 2.6370688270964986
865 0.7796915945059277 0.5861261854109281 0.0030255742389033724 2.6377616054177007
870 0.7088225814233498 0.9530475767319082 0.0009997429745010056 2.6377039404003226
875 0.7732069623094522 0.6519454776202362 0.0013990950363063082 2.637807242657166
880 0.8055944552604547 0.4618736641630523 0.002727818445707131 2.6375551817168117
885 0.7936729551400216 0.5174848179373015 0.002360370825679192 2.637838162606349
890 0.7536406305362173 0.6949315963502793 0.005247195272566119 2.637266781733103
895 0.7839586970925885 0.5577694293703104 0.001023318362030734 2.637869498964439
900 0.762121768011425 0.6582169327094314 0.0018217146691774655 2.6376335239416995
905 0.8093348729415069 0.460599679967995 0.0014876365503153632 2.637311223670706
910 0.7803343936150113 0.5558040645150757 0.00033329385170688397 2.637627570429208
915 0.8096306353944238 0.4360374095729811 0.0026436498973294587 2.6376060798105208
920 0.7084512540497334 0.9549273579965907 0.0013053120554991082 2.637459482124129
925 0.8049879144276544 0.4658737574082292 0.0038488794062596643 2.6376182745078274
930 0.8021019327829813 0.4712411975675246 0.001620429711687299 2.6374712556161524
935 0.7445217091459483 0.7350205772495562 0.0029084753120527385 2.637707974720412
940 0.7732805750870296 0.5775862072583036 0.0011344437433287169 2.6379166177419595
945 0.7766609404443293 0.5663395742709958 0.001101419429798467 2.6376005405916367
950 0.8083854680950578 0.43903059731632776 0.002124553921160066 2.637928927578696
955 0.7785822387162673 0.5429727057570726 0.000823197498730277 2.637654865969468
960 0.7401778159329028 0.7109011026430001 0.0022664461805443903 2.6374571321202427
965 0.749156087105383 0.6770924676706582 0.004907023262854304 2.637642538791586
970 0.8089932963860421 0.43696705088896737 0.004013595159053862 2.6374418210523363
975 0.776739884026585 0.5600218503056991 0.0013246680755079066 2.63765932062006
980 0.7618715999214729 0.6048422710725143 0.00292816337909918 2.637655672829916
985 0.7669458190010645 0.6031071181445524 0.0003180570572463015 2.637725910398248
990 0.7699970296127291 0.5707857461415111 0.003315068305053126 2.6376794314211973
995 0.7741713976184904 0.5692620394454213 0.002467541881850943 2.6371482755979305
1000 0.7982855591069326 0.4625452790011413 0.0012617076390242232 2.637474456662695
