0 0 0 0.3413959251489789 0
5 0 0 0.019945628547935357 15.820894779601614
10 0 0 0.006288782182685582 15.672267583797314
15 0 0 0.015343184492137674 15.591651841696057
20 0 0 0.014888768380163286 15.548312880022324
25 0 0 0.021308586824659415 15.527811621576744
30 0 0 0.02134883199587745 15.470575876439568
35 0 0 0.021888389973566458 15.45599765779533
40 0 0 0.014989430528639547 15.433597331148942
45 0 0 0.026274924055787796 15.430215958429878
50 0 0 0.02363531691734999 15.408854530927194
55 0 0 0.023582695026624023 15.398573678861446
60 0 0 0.028132713571499934 15.383036487424965
65 0 0 0.026649389760927233 15.374363382599661
70 0 0 0.025944626709311747 15.38237760120095
75 0 0 0.026613315614200772 15.372608328471966
80 0 0 0.027374305670630594 15.366953640889768
85 0 0 0.02896909563981942 15.373082887245644
90 0 0 0.028034192316189754 15.361360260290486
95 0 0 0.02245014661024869 15.361509206470558
100 0 0 0.02721457313097919 15.36156293163561
105 0 0 0.02307979836059948 15.356409830846435
110 0 0 0.022702457718552616 15.353488044546598
115 0 0 0.02836568306992926 15.356108434074065
120 0 0 0.027443732118382913 15.359179450104849
125 0 0 0.028489746500940605 15.349007438671572
130 0 0 0.02783624602710133 15.353798857333766
135 0 0 0.02620912984822965 15.347918012861042
140 0 0 0.02297246521938101 15.349788709186823
145 0 0 0.024638536218750673 15.347123283680942
150 0 0 0.023913862854080037 15.346822978767966
155 0 0 0.02628866769045235 15.346802446780046
160 0 0 0.02460909277802137 15.344221872403006
165 0 0 0.025192447262809115 15.341809422214794
170 0 0 0.024044481213437274 15.339923827541528
175 0 0 0.02621490877982513 15.343292335615796
180 0 0 0.025539376900393096 15.34533439471523
185 0 0 0.02769124296426928 15.337940699409632
190 0 0 0.027740806642899685 15.339854569234738
195 0 0 0.02941741479767135 15.338837629491259
200 0 0 0.028971066858133332 15.340006946516075
205 0 0 0.029065352168444747 15.34009492212988
210 0 0 0.028640499125855978 15.33894309979218
215 0 0 0.028189198684104966 15.335738874641386
220 0 0 0.02760880080037942 15.3411141727903
225 0 0 0.0305251197371752 15.333032148823271
230 0 0 0.026595959002356118 15.335999552533396
235 0 0 0.028577632891217064 15.33409200489246
240 0 0 0.027056192156143632 15.335094879617728
245 0 0 0.027690610748281053 15.333922584543645
250 0 0 0.02873939060663866 15.335796898407871
255 0 0 0.025634133866205833 15.33201047388253
260 0 0 0.02873586615912327 15.335469228460232
265 0 0 0.027360645989037424 15.335094122955507
270 0 0 0.02747563001096598 15.335984051613137
275 0 0 0.02950040023478273 15.334004815819062
280 0 0 0.02802438079354541 15.337296958420545
285 0 0 0.027623960201123232 15.328243322979377
290 0 0 0.02942523614953041 15.331994188528434
295 0 0 0.028096403017473293 15.331676750516728
300 0 0 0.025887089360999482 15.330288606270495
305 0 0 0.028064425370948998 15.331933112679913
310 0 0 0.0300321436012001 15.331974922479366
315 0 0 0.028065763369939933 15.329662969626188
320 0 0 0.025386293397005488 15.330594853991169
325 0 0 0.02502138525094111 15.330481002136532
330 0 0 0.02660379808591551 15.331397651885402
335 0 0 0.026530637291529713 15.328738615507632
340 0 0 0.028746571244122165 15.32907347551547
345 0 0 0.026905688586397636 15.32848359557438
350 0 0 0.026741343556277997 15.328686932273554
355 0 0 0.02778277995435685 15.33106267328751
360 0 0 0.027885097990928642 15.328195328962101
365 0 0 0.027707985818801184 15.329086906177343
370 0 0 0.028062538772324785 15.328296222484743
375 0 0 0.026618136775153012 15.32707201276444
380 0 0 0.028308310889664234 15.328892467786938
385 0 0 0.028354746043840695 15.32780441891206
390 0 0 0.02998669720649283 15.327683608881589
395 0 0 0.025482111931787177 15.3264767995322
400 0 0 0.028582034368942244 15.326850848355516
405 0 0 0.026377753315265817 15.327974891909303
410 0 0 0.026728042844312405 15.327183694467175
415 0 0 0.027020247305926226 15.325843400868935
420 0 0 0.026447706485833722 15.326162132896235
425 0 0 0.029206974856992973 15.326920469511974
430 0 0 0.026006086442841303 15.326838763714779
435 0 0 0.02838662677539805 15.325153498266632
440 0 0 0.02797722083860199 15.325807184208916
445 0 0 0.027152475675248144 15.325851711705191
450 0 0 0.028786217826324068 15.326091133591353
455 0 0 0.02368465298173228 15.326403611283386
460 0 0 0.02575693065254403 15.323708230360857
465 0 0 0.026091761459404506 15.324358611880081
470 0 0 0.028110850036402457 15.32337993467251
475 0 0 0.02875332112718887 15.324122796282845
480 0 0 0.0261519472496885 15.32317618187386
485 0 0 0.025623453317303202 15.32219906341478
490 0 0 0.03199674529975871 15.322909384106707
495 0 0 0.028108279439419848 15.32211508530899
500 0 0 0.02713325183722226 15.324680237666291
505 0 0 0.026115563598909874 15.321433565973491
510 0 0 0.02726753572692031 15.321332501893282
515 0 0 0.0274869243434539 15.32122681417451
520 0 0 0.02536183993109864 15.322406104509461
525 0 0 0.026482314532396467 15.323235069519088
530 0 0 0.028121460435518886 15.322176546329535
535 0 0 0.025457149934811074 15.319387517437063
540 0 0 0.02947978761931913 15.320665167151436
545 0 0 0.027011630951469856 15.319354022492337
550 0 0 0.03080544476129088 15.321126610709737
555 0 0 0.02796756139703005 15.318465732267457
560 0 0 0.02826208397278962 15.31928119416905
565 0 0 0.02917179680428217 15.31740235302417
570 0 0 0.02829070122724353 15.318725079061885
575 0 0 0.027950358431342304 15.315557446112306
580 0 0 0.027779344489345714 15.31604960947702
585 0 0 0.028521731783427873 15.315261088207736
590 0 0 0.02639634819696246 15.314448683105937
595 0 0 0.028338467606894513 15.314323461693974
600 0 0 0.029166115260341074 15.311986072008262
605 0 0 0.028791131642802004 15.309956260416339
610 0 0 0.027753319545848143 15.309919946008367
615 0 0 0.028989674306439506 15.309857619079587
620 0 0 0.026046478504627935 15.309776834329876
625 0 0 0.028432081773742457 15.30945176169142
630 0 0 0.02930590439133307 15.30621785813226
635 0 0 0.02865269144201754 15.308727056796783
640 0 0 0.027225879277258835 15.307500429916898
645 0 0 0.025083263786342735 15.306135742492337
650 0 0 0.029175504220638526 15.305648894630506
655 0 0 0.02760091463894576 15.30849557198964
660 0 0 0.028075321118967267 15.306711681273361
665 0 0 0.02955830868874343 15.305212009525942
670 0 0 0.027636760029591922 15.305419653715937
675 0 0 0.028099748820108683 15.305083378368002
680 0 0 0.028915713840176105 15.305836676236073
685 0 0 0.030003566284038552 15.303793811789326
690 0 0 0.0274587659248533 15.305726301630584
695 0 0 0.027797796419932075 15.30429360203508
700 0 0 0.028483591023706012 15.305132189457757
705 0 0 0.027878561620592324 15.305389630008946
710 0 0 0.029118075539209753 15.303107176115889
715 0 0 0.028511085362174615 15.304453131752444
720 0 0 0.02881950884494988 15.300204687250664
725 0 0 0.0294726224287174 15.304168200584536
730 0 0 0.029313893587803008 15.304570229656122
735 0 0 0.02918811807639221 15.30231636471057
740 0 0 0.027777569698185456 15.30216963225261
745 0 0 0.026123141132154748 15.302439416398112
750 0 0 0.02965736199896396 15.301877958728213
755 0 0 0.028658036286199673 15.301223548155576
760 0 0 0.02851622701464529 15.301256933518562
765 0 0 0.02801207710785336 15.305267482358351
770 0 0 0.026905889151814355 15.302708298794713
775 0 0 0.028006977248159703 15.300476592992032
780 0 0 0.027724049087304747 15.303589418025467
785 0 0 0.027903502040341754 15.301325898998957
790 0 0 0.028828731991734413 15.302134431102129
795 0 0 0.02724635985934687 15.301221867644157
800 0 0 0.02937514574129363 15.300730075834094
805 0 0 0.027096484790982478 15.302046086684097
810 0 0 0.02783733868148297 15.29971443244513
815 0 0 0.029053193082329454 15.300954063145742
820 0 0 0.02765398305627098 15.299237797320732
825 0 0 0.02817052623534244 15.29845943012286
830 0 0 0.030160802940084608 15.299734120079213
835 0 0 0.028490351643363443 15.301117362754328
840 0 0 0.027600531565521003 15.299432020932388
845 0 0 0.027254996007881838 15.299801195621312
850 0 0 0.026506331609737588 15.300893103351811
855 0 0 0.028465744440002494 15.30010056664215
860 0 0 0.028392131656755693 15.296854566091678
865 0 0 0.02920967142902353 15.298134986762028
870 0 0 0.02945559148655641 15.297579080850042
875 0 0 0.029444010624549488 15.295855063988668
880 0 0 0.026152384912532467 15.298713626561192
885 0 0 0.026389237388181552 15.298939703571431
890 0 0 0.029986501061170623 15.300628732731433
895 0 0 0.029665881527785265 15.297288832046902
900 0 0 0.03150219779823682 15.298770302882938
905 0 0 0.02945417973424269 15.295962144799715
910 0 0 0.028391380617056372 15.299281615383984
915 0 0 0.027644422430012527 15.295849546809531
920 0 0 0.02809933374384621 15.296660038737523
925 0 0 0.029329755113297384 15.29758894590722
930 0 0 0.029413713716917256 15.295858490046824
935 0 0 0.02944901210126405 15.295266174725246
940 0 0 0.029226870411076744 15.295197339590596
945 0 0 0.026756940306261967 15.298852076896418
950 0 0 0.026243417222617138 15.296022504948867
955 0 0 0.02828496152520965 15.296606238929366
960 0 0 0.028311829037590774 15.294210871548078
965 0 0 0.02897376527759743 15.295868156370824
970 0 0 0.02835278908163419 15.296130752170791
975 0 0 0.02932546592768781 15.29541532136559
980 0 0 0.02867019907273871 15.295709454261557
985 0 0 0.029390095686349094 15.296413787799002
990 0 0 0.0288133096417591 15.293505627521826
995 0 0 0.028334842534991855 15.294397696296967
1000 0 0 0.0283763606022136 15.297133959825432
