0 0 0 0.28683118722638645 0
5 0 0 0.0030180280423737216 10.2645471347619
10 0 0 0.009356762391673934 10.233224759829188
15 0 0 9.395597675809775e-05 10.19774574282795
20 0 0 0.004677731770447391 10.11660934702937
25 0 0 0.010846144213676912 10.087647694597553
30 0 0 0.010150987717426174 10.058214036315555
35 0 0 0.00036187838460000066 10.033715070157205
40 0 0 0.013474739563344107 10.026378635617624
45 0 0 0.014616963826398877 10.0217045011441
50 0 0 0.011765062094714285 10.016649087633915
55 0 0 0.015339195552450224 10.00946738781695
60 0 0 0.010808562581581693 10.00645702975377
65 0 0 0.012998960825159944 10.003043214154909
70 0 0 0.01120148053411385 10.00261658176192
75 0 0 0.013361704288266996 9.995067882169117
80 0 0 0.013292862779480386 9.992478005839985
85 0 0 0.012645927499660203 9.991894365799808
90 0 0 0.014327379023754805 9.994311318233931
95 0 0 0.011811725820693564 9.994230994404314
100 0 0 0.014548855230097635 9.989365943523337
105 0 0 0.012877612811093675 9.988975419865662
110 0 0 0.012536527089942018 9.988897290932437
115 0 0 0.012228777343707087 9.986467929860481
120 0 0 0.015964904723857476 9.99817999435614
125 0 0 0.012613287084275893 9.983111867616138
130 0 0 0.011758208807797654 9.989110741562369
135 0 0 0.011342160305430893 9.985129852136371
140 0 0 0.012248265197381425 9.984862677332686
145 0 0 0.01294701959465061 9.984428712088919
150 0 0 0.016358978061520313 9.982717276010693
155 0 0 0.013881153021198411 9.981561780175115
160 0 0 0.013140577570092571 9.980491533711497
165 0 0 0.013432233933065474 9.98143321795933
170 0 0 0.012425401827439009 9.984626313908931
175 0 0 0.008884483449426828 9.981882532779323
180 0 0 0.012683198018783148 9.982740881429503
185 0 0 0.012955450480895303 9.980358359961496
190 0 0 0.011144831594478877 9.97933867293218
195 0 0 0.01712946130442594 9.979410701860557
200 0 0 0.013365341287909782 9.977222305975594
205 0 0 0.014827354587264585 9.97942530095852
210 0 0 0.010863390022414876 9.981180081365315
215 0 0 0.015340175264649814 9.979090278709307
220 0 0 0.014687575776920703 9.978381486339297
225 0 0 0.012614242511700624 9.980486603598427
230 0 0 0.01488055748982453 9.978327145993857
235 0 0 0.011348555184625742 9.97770954684693
240 0 0 0.010207818904985011 9.979935778474841
245 0 0 0.013667724083771926 9.976760849854411
250 0 0 0.012557698311914667 9.977748330985369
255 0 0 0.01242941637718542 9.978880403371937
260 0 0 0.014566336578932582 9.978407399839066
265 0 0 0.011624187106549 9.978385647769827
270 0 0 0.012544557933419798 9.976932353530481
275 0 0 0.008601815836323468 9.976644132147579
280 0 0 0.008507242733096554 9.975502767332104
285 0 0 0.014099765793535557 9.978390672378191
290 0 0 0.014062643979417588 9.977014533902471
295 0 0 0.013206866812014662 9.976655759469416
300 0 0 0.015626859052571662 9.978138552097889
305 0 0 0.011435828330674358 9.977043184708213
310 0 0 0.01286051085605755 9.975454820581
315 0 0 0.010545346855046045 9.97689124542474
320 0 0 0.014846866815524828 9.975637076091802
325 0 0 0.012685627804911892 9.973828481583034
330 0 0 0.012839509871446664 9.977586127600802
335 0 0 0.012598567985780296 9.976090340924321
340 0 0 0.01464594308485645 9.975828398604282
345 0 0 0.016690924164677767 9.975635354704512
350 0 0 0.011133229464512784 9.974004960348818
355 0 0 0.006903199413483385 9.973641365193279
360 0 0 0.010769032588393568 9.974223454557706
365 0 0 0.011391639718843383 9.976562861493607
370 0 0 0.012161089192595176 9.974125302325273
375 0 0 0.010664150304714015 9.972501701395096
380 0 0 0.010478539736828996 9.973805070260592
385 0 0 0.01148295818062417 9.973734921035964
390 0 0 0.011572922454741619 9.972798270271658
395 0 0 0.015175729620295453 9.975236920405663
400 0 0 0.015049616993366044 9.971982834775577
405 0 0 0.011994199438030817 9.973095141339888
410 0 0 0.006797499107257021 9.97116427416154
415 0 0 0.014123392580149163 9.97252815314651
420 0 0 0.01394874260025114 9.973500418201343
425 0 0 0.01582458044861257 9.971481793944614
430 0 0 0.012908091877646743 9.971695981210667
435 0 0 0.012070780242733115 9.970746112887953
440 0 0 0.009196056379642714 9.971521315621585
445 0 0 0.013700738292016457 9.970586065330592
450 0 0 0.015822570200021424 9.971127666716777
455 0 0 0.015063304941001832 9.970183890257912
460 0 0 0.0108980725003609 9.971859674711183
465 0 0 0.01820000168932534 9.971396186321785
470 0 0 0.012705092310309585 9.97047117460182
475 0 0 0.010572029341555211 9.970575559601938
480 0 0 0.010577601192702346 9.969868312290874
485 0 0 0.010970197511503077 9.970940614004377
490 0 0 0.0072007707760546324 9.969559900948134
495 0 0 0.010418689274624304 9.970488566851188
500 0 0 0.013852210018031608 9.96982656743402
505 0 0 0.0064186951430524886 9.968548317512695
510 0 0 0.019218307647240973 9.968825236915674
515 0 0 0.01612648039818021 9.968572836876273
520 0 0 0.011227339155160276 9.968978891348398
525 0 0 0.010389306282564181 9.968624336268565
530 0 0 0.004395724155093372 9.966428222988494
535 0 0 0.01347266435859229 9.966637346863335
540 0 0 0.01000292010442072 9.967566239183448
545 0 0 0.012177999324182398 9.966266262770224
550 0 0 0.008047774766241078 9.965127678437476
555 0 0 0.014884511048215199 9.96584832842684
560 0 0 0.01083654496181774 9.96493081313739
565 0 0 0.012253489182249888 9.964424120926749
570 0 0 0.017157691957868648 9.962859030643013
575 0 0 0.009887801504987692 9.963689430298526
580 0 0 0.012911333555848836 9.962539061983097
585 0 0 0.011874627510319868 9.962678697579568
590 0 0 0.011868695839892363 9.963445610787584
595 0 0 0.011702231016504028 9.961924314329764
600 0 0 0.009730551640225515 9.961565453803463
605 0 0 0.00909798731752165 9.960054401538082
610 0 0 0.016410087970890164 9.961098585093472
615 0 0 0.004781986940176619 9.96028543640959
620 0 0 0.005986590755834964 9.959016654798482
625 0 0 0.0062856300220544 9.958780925188355
630 0 0 0.011531677879791591 9.958298865764451
635 0 0 0.014493602449767273 9.958719830636717
640 0 0 0.009094824879610552 9.957729088818791
645 0 0 0.014572361489135321 9.95742534796517
650 0 0 0.025202644839714905 9.955868471182551
655 0 0 0.012414186761431356 9.955771438300992
660 0 0 0.00745667042330167 9.954501471807262
665 0 0 0.004348466270919671 9.95432940524778
670 0 0 0.020622680194942955 9.954014301837292
675 0 0 0.008884781444957524 9.951691862812206
680 0 0 0.005758013072576729 9.951521431916062
685 0 0 0.01861950457133288 9.950805702903454
690 0 0 0.006236340749040448 9.950063128551793
695 0 0 0.003479722585035594 9.949472852177994
700 0 0 0.010183182260477874 9.948060975290288
705 0 0 0.017717625925497194 9.946652669084115
710 0 0 0.01302787128357008 9.945606093032074
715 0 0 0.013460583656482505 9.944900479734171
720 0 0 0.007510989725430406 9.94618794200563
725 0 0 0.009153910120308861 9.943717896283633
730 0 0 0.014323157115530005 9.942212707624574
735 0 0 0.015596357460232246 9.941119954178456
740 0 0 0.0053277359052938955 9.940001538352414
745 0 0 0.015490087110058948 9.940465460370067
750 0 0 0.0040164101804347485 9.936805111526748
755 0 0 0.014565359102421516 9.936063601804669
760 0 0 0.002731221635724257 9.934540163523055
765 0 0 0.005702160594825534 9.93368241846335
770 0 0 0.012516919368959156 9.932518689879826
775 0 0 0.008008355342706164 9.931168365580243
780 0 0 0.0023373602073615274 9.929783892962003
785 0 0 0.008805732161489832 9.92893277638919
790 0 0 0.007374713642072539 9.92623199458156
795 0 0 0.009993949583028794 9.92564613805689
800 0 0 0.005020425174110388 9.923396373800283
805 0 0 0.004086269266856846 9.921423858137032
810 0 0 0.0034895675355592903 9.919697201466324
815 0 0 0.014543904820526254 9.920076107759126
820 0 0 0.008238645912397535 9.917677274327522
825 0 0 0.007072223992427018 9.915537499834855
830 0 0 0.010959790237549338 9.913173572921886
835 0 0 0.005969947091525762 9.91181118848249
840 0 0 0.010206329620927157 9.911238029857635
845 0 0 0.021763128773200524 9.908289522334064
850 0 0 0.041219284651667465 9.904937023625799
855 0 0 0.0363081201083546 9.903554575509988
860 0 0 0.0162499894436956 9.899109041935322
865 0 0 0.02326068667736436 9.899273904073718
870 0 0 0.0035778145848344156 9.896298208790114
875 0 0 0.010063087068304277 9.895480877310579
880 0 0 0.023548146806364523 9.893388362443678
885 0 0 0.0009982185284529432 9.891137181309853
890 0 0 0.04683190010510119 9.888359901810647
895 0 0 0.023796977189344704 9.883533564188925
900 0 0 0.03767537678265054 9.883789466529418
905 0 0 0.02514688626493422 9.881290552131738
910 0 0 0.006834725045059997 9.878684732970465
915 0 0 0.007636207381659155 9.87461642782967
920 0 0 0.008727180735639495 9.874760868223948
925 0 0 0.014658512961739145 9.870891000326267
930 0 0 0.02855544631008522 9.8686503589339
935 0 0 0.02373298162410986 9.865230112841928
940 0 0 0.002289973001997625 9.862413385284588
945 0 0 0.046770189110179716 9.858406703993051
950 0 0 0.027025661568851778 9.856835902015353
955 0 0 0.05889003528928538 9.85353755965399
960 0 0 0.03804201900019599 9.849816806929848
965 0 0 0.033288283716764955 9.847052809860775
970 0 0 0.023949152900742288 9.844599294299588
975 0 0 0.021222415964706753 9.841942380891505
980 0 0 0.017762789453714456 9.840654179941735
985 0 0 0.03384241107004771 9.836961594386583
990 0 0 0.0608904353718831 9.833572621355659
995 0 0 0.05565939053416846 9.82994797549719
1000 0 0 0.024364097833956766 9.827100020493189
