0 0 0 0.30975382875795465 0
5 0 0 0.0025739173863952303 10.267508580656715
10 0 0 0.0009872319229968785 10.229363615779876
15 0 0 0.003188865841886379 10.222899176261416
20 0 0 0.005428540220472122 10.14193370559343
25 0 0 0.005538697632933243 10.100773128728186
30 0 0 0.011990869123447379 10.057852496374094
35 0 0 0.011619393070698925 10.03966687233424
40 0 0 0.012539791234488451 10.028646693715924
45 0 0 0.003737939531365919 10.022783678762577
50 0 0 0.013497982207279824 10.019222453076154
55 0 0 0.009915831332615754 10.013364822321853
60 0 0 0.011482975965112718 10.010445663095057
65 0 0 0.015564494114520766 10.00246728322843
70 0 0 0.012261229735899493 10.002423851969546
75 0 0 0.010499569992761248 10.008643575132423
80 0 0 0.012558574906330167 10.002918049075117
85 0 0 0.011770008876647031 9.999061756155664
90 0 0 0.014408720620283866 9.999079044854497
95 0 0 0.013363804876127094 9.99808479805368
100 0 0 0.002053750675453214 9.99631213552623
105 0 0 0.0004726642103480838 9.993796012473664
110 0 0 0.009708373348839894 9.993500387297912
115 0 0 0.010521629251551534 9.991250231780793
120 0 0 0.014969909908566725 9.992577138462718
125 0 0 0.01346866642452027 9.988741216636235
130 0 0 0.012672255121733311 9.987393077663706
135 0 0 0.01435692650367093 9.98456348157393
140 0 0 0.00690487226584402 9.988561461176745
145 0 0 0.012919636165167558 9.985337645359875
150 0 0 0.012365202715431511 9.984881870313883
155 0 0 0.008162855420138504 9.984499968962592
160 0 0 0.013926949692313118 9.984293688901804
165 0 0 0.014528931578825066 9.98715817717942
170 0 0 0.011485171270996908 9.982758812849049
175 0 0 0.013631094535709654 9.980815244535274
180 0 0 0.014910656031446035 9.979568850420156
185 0 0 0.011323615578394008 9.981741018368389
190 0 0 0.01568612753990295 9.98080634179047
195 0 0 0.015276634200303452 9.98009060889503
200 0 0 0.014809704168730953 9.979379648363677
205 0 0 0.015507633940805565 9.980520625229097
210 0 0 0.014438921395649729 9.979172920206036
215 0 0 0.01385897268129277 9.980346720481299
220 0 0 0.015505847951503782 9.977852842375448
225 0 0 0.013297296887978094 9.977546986040805
230 0 0 0.014960888332843814 9.978759530678087
235 0 0 0.015374329517255703 9.979035428879323
240 0 0 0.014466707463659079 9.9781345368058
245 0 0 0.011430572479467216 9.976099383831047
250 0 0 0.014243738241532355 9.976917116137601
255 0 0 0.0133722809299881 9.97730088010326
260 0 0 0.013188552627136696 9.978461508111039
265 0 0 0.010941229516931328 9.97559859042833
270 0 0 0.012742814139078629 9.978859144925206
275 0 0 0.012273238129862696 9.976829502140484
280 0 0 0.013905549220776692 9.976803733590518
285 0 0 0.01223281312348945 9.975979431407465
290 0 0 0.012102950877456609 9.975870674955285
295 0 0 0.01287833951381101 9.974744607063519
300 0 0 0.013671626181616992 9.976341961877916
305 0 0 0.013187941853818108 9.97305673550413
310 0 0 0.013380997592808974 9.976288878884555
315 0 0 0.00839035831317303 9.976265647969866
320 0 0 0.015850015751215363 9.973784312153475
325 0 0 0.008585817943253193 9.973862515840466
330 0 0 0.010297180783100712 9.973203341745553
335 0 0 0.013921401390037058 9.975933185193865
340 0 0 0.0145168562814324 9.973193416484477
345 0 0 0.013999469900630057 9.973870985150695
350 0 0 0.016111626025956616 9.973195306752235
355 0 0 0.01545525881386789 9.973409261046319
360 0 0 0.012561003513410718 9.973320094758526
365 0 0 0.014541842650365178 9.972610413651262
370 0 0 0.01423789713505852 9.973197241109773
375 0 0 0.009012050610943012 9.972989409201547
380 0 0 0.01221069355459603 9.972570841327435
385 0 0 0.013777199569600551 9.971261616183627
390 0 0 0.009840162606917113 9.972469973996587
395 0 0 0.01523266638173948 9.97189292876357
400 0 0 0.013043306163334822 9.97188195027721
405 0 0 0.0090918822057251 9.97169420297755
410 0 0 0.009842379109958 9.974024678082419
415 0 0 0.015108896781548697 9.972089318136238
420 0 0 0.012040977614881765 9.971927061677839
425 0 0 0.009933151984256039 9.970235971450462
430 0 0 0.011318762100967827 9.970556510741792
435 0 0 0.012097226543532402 9.970487571175502
440 0 0 0.01633840920378038 9.971728648357274
445 0 0 0.014235022133538333 9.970579367016272
450 0 0 0.009442089341363813 9.970516816065802
455 0 0 0.010581655525593536 9.969794817172042
460 0 0 0.007916479402734433 9.96881394081228
465 0 0 0.01217999319034968 9.97028989053367
470 0 0 0.009671028281386329 9.968874439143516
475 0 0 0.009024481635971693 9.969034691561511
480 0 0 0.007567993704790554 9.969644810893804
485 0 0 0.011363818308103069 9.969204386342879
490 0 0 0.013787523127472001 9.969123651230957
495 0 0 0.011222455181890911 9.967592864444812
500 0 0 0.016423652737814987 9.967505195413878
505 0 0 0.013326662073564588 9.968530218772854
510 0 0 0.009879695586699988 9.969121881332876
515 0 0 0.013589837899782742 9.967641649855024
520 0 0 0.013068359369464266 9.966691441514241
525 0 0 0.007743983746219429 9.968194069013068
530 0 0 0.01498568540975831 9.967343335142363
535 0 0 0.015033757257254532 9.96718691138048
540 0 0 0.015241305821449114 9.966705548317673
545 0 0 0.013890802713213635 9.96571022145421
550 0 0 0.010335266077238225 9.965526857444795
555 0 0 0.012072764096204391 9.96424177583966
560 0 0 0.014785156981855119 9.964865640907863
565 0 0 0.014724674868024534 9.964457890116297
570 0 0 0.010461535015890533 9.963676444030813
575 0 0 0.012467048436523465 9.963339514962382
580 0 0 0.009702296707419178 9.962517908887857
585 0 0 0.003450352547135882 9.963374577641204
590 0 0 0.00969077614229752 9.962020044599914
595 0 0 0.00898698246605023 9.96176514996287
600 0 0 0.008408788589844951 9.961075653671962
605 0 0 0.014514651326379857 9.960705307596946
610 0 0 0.009754192110075888 9.959407313866073
615 0 0 0.008648338788537213 9.959369313390411
620 0 0 0.00978843699896581 9.959248567529002
625 0 0 0.0031164758713060348 9.958841243974595
630 0 0 0.0006407544664808196 9.957241594959244
635 0 0 0.00442733264918993 9.955977924420408
640 0 0 0.008777091800049375 9.956479284198267
645 0 0 0.0104983980369453 9.95473164586489
650 0 0 0.0061655463215573025 9.954258823332365
655 0 0 0.011527065556595328 9.952843018888881
660 0 0 0.000247713947979733 9.953056217645956
665 0 0 0.009578694492721196 9.952240447215518
670 0 0 0.006713223357337261 9.951251849131587
675 0 0 0.0077441490849028405 9.950414854009033
680 0 0 0.007100067459638204 9.950296791214958
685 0 0 0.00480536875252513 9.948118062661404
690 0 0 0.013158011082942345 9.946707557491356
695 0 0 0.01036849838877485 9.945941668601915
700 0 0 0.022398989117662582 9.944325671562668
705 0 0 0.011592873228029266 9.944522632495557
710 0 0 0.002680670788766104 9.942122900192562
715 0 0 0.009508771086868428 9.94209097332931
720 0 0 0.001993728791922944 9.941573879513166
725 0 0 0.010092374918431402 9.937685065713186
730 0 0 0.0025398396112683574 9.93800754652259
735 0 0 0.014423403059539819 9.935200669867326
740 0 0 0.01347944581145244 9.933051866616555
745 0 0 0.0063912906872518604 9.934057446385717
750 0 0 0.008404620098005022 9.930389228814397
755 0 0 0.0016041530897743517 9.931053347176091
760 0 0 0.023480724749852078 9.927930109783762
765 0 0 0.0071767949321288604 9.926953485263404
770 0 0 0.009740276193145103 9.923942331227387
775 0 0 0.019756009668217223 9.921449843584304
780 0 0 0.005355354729549511 9.919821575995384
785 0 0 0.005499323899180286 9.918131121598622
790 0 0 0.007510013935153603 9.91688631838688
795 0 0 0.008032528885271173 9.914786350849864
800 0 0 0.00624043670011698 9.911755181152152
805 0 0 0.01586605837649646 9.909095589642973
810 0 0 0.009601370696295408 9.90675336756896
815 0 0 0.021479334508526238 9.902426036802652
820 0 0 0.011423897047735387 9.901474578417973
825 0 0 0.01595948192007257 9.899823828916773
830 0 0 0.005705273670342459 9.895630543777902
835 0 0 0.009154834148932478 9.894139060999956
840 0 0 0.007898285911279945 9.889518156037571
845 0 0 0.009562081942286138 9.887707512338748
850 0 0 0.02098708607831279 9.885292320006892
855 0 0 0.010655567049209447 9.880871235274757
860 0 0 0.004060153074539885 9.87804015377709
865 0 0 0.0013736295604616089 9.875450580629458
870 0 0 0.008917683699256385 9.874239870496545
875 0 0 0.01641194269134849 9.87085077073351
880 0 0 0.02101605626331926 9.86672522510174
885 0 0 0.038543886321678045 9.86609304817399
890 0 0 0.03856147876528526 9.86005679125712
895 0 0 0.015453408568317561 9.857875915443406
900 0 0 0.06117343405883391 9.853888032551168
905 0 0 0.04721311161944319 9.851789974175345
910 0 0 0.023451928322190785 9.848514161137818
915 0 0 0.048327259535856815 9.844824921243545
920 0 0 0.05230650456847674 9.841931778636312
925 0 0 0.021539087378915855 9.839723101325623
930 0 0 0.02425094456540977 9.835631632236076
935 0 0 0.043716664223875545 9.832663739854443
940 0 0 0.07000485641630094 9.829787372718423
945 0 0 0.02833025241726883 9.826541609385282
950 0 0 0.05472149207847021 9.822896147106356
955 0 0 0.05717596452248852 9.817731759106255
960 0 0 0.07361589822129821 9.816406504393543
965 0 0 0.08352578248002063 9.814211636686013
970 0 0 0.07938700418424505 9.807793297978854
975 0 0 0.09459288192220772 9.805371307423913
980 0 0 0.05329979325068179 9.803332450681161
985 0 0 0.06968242532742308 9.798985612718345
990 0 0 0.035485375559854315 9.794543962137089
995 0 0 0.09725551094560769 9.794430773389292
1000 0 0 0.05774215171692787 9.790308685168277
