0 0 0 0.22210998946564686 0
5 0 0 0.01871439844709788 15.690073463979187
10 0 0 0.021330128336645604 15.64112175524535
15 0 0 0.019742366757399266 15.60407774871125
20 0 0 0.020413645169771844 15.601288602341858
25 0 0 0.021791204708903056 15.553877762725175
30 0 0 0.01935829707492176 15.482475504069193
35 0 0 0.024657975756790407 15.435445729777028
40 0 0 0.023308749741227208 15.421645039556674
45 0 0 0.02225612854794079 15.412103457162166
50 0 0 0.029066389756108313 15.404399471970004
55 0 0 0.02569037777782368 15.37854428761402
60 0 0 0.026320872906272053 15.382529233133354
65 0 0 0.025054353537516283 15.370895481174687
70 0 0 0.027237055325697757 15.366554628217555
75 0 0 0.028554981794629786 15.356148130967478
80 0 0 0.027130377156063368 15.353423906249299
85 0 0 0.028311280002574435 15.347939293935546
90 0 0 0.025613424098217985 15.343389285302592
95 0 0 0.027708424164745837 15.338914884173365
