0 0 0 0.33370755042612343 0
5 0 0 0.000496863303393047 8.089841806020914
10 0 0 0.005235638100609785 8.070860101946488
15 0 0 0.009611769737641218 7.983258475352354
20 0 0 0.002508869888589782 7.940348107879682
25 0 0 0.009972001470086367 7.90977477039298
30 0 0 0.009198712527796804 7.892271627399802
35 0 0 0.008058947185872078 7.884765297682045
40 0 0 0.013055033520965376 7.877949186758781
45 0 0 0.012827252772479536 7.876254771095319
50 0 0 0.012252022413736352 7.876725574074329
55 0 0 0.011911834955599554 7.875497934060209
60 0 0 0.00419304310295332 7.869922556507439
65 0 0 0.012385925719244684 7.867291696434339
70 0 0 0.011806728041336756 7.867810345160067
75 0 0 0.010029431088761864 7.864844293052252
80 0 0 0.014993134010028886 7.868537796482249
85 0 0 0.005688225200064068 7.866858796690722
90 0 0 0.013848162663651964 7.864685801877483
95 0 0 0.016994821254171955 7.86472025563412
100 0 0 0.013464007849979476 7.86223136410467
105 0 0 0.01394222108867682 7.860508629635494
110 0 0 0.01195233640281268 7.861479657865322
115 0 0 0.011706460449758094 7.860985910782246
120 0 0 0.01092542300509547 7.858287376228109
125 0 0 0.01566892334675951 7.8576988348011545
130 0 0 0.014947055688635302 7.859079677176765
135 0 0 0.010757201671914851 7.857813063216821
140 0 0 0.012014024012712898 7.857832879328617
145 0 0 0.016495925150675328 7.8575985968643325
150 0 0 0.009671327227538384 7.856461809089163
155 0 0 0.01040551942997836 7.8570965112981535
160 0 0 0.014394789588820345 7.8544108244731445
165 0 0 0.010789835253239177 7.855931731800293
170 0 0 0.013924826268727708 7.853517881782989
175 0 0 0.01449259260687441 7.855717173911976
180 0 0 0.012397239594417853 7.854448296267986
185 0 0 0.014808094108305081 7.85375822205125
190 0 0 0.012717930999637916 7.853620242772862
195 0 0 0.013895167374856188 7.8530054042995285
200 0 0 0.012705475621124451 7.852846896985839
205 0 0 0.0150671442349255 7.853290202302247
210 0 0 0.011847757902561762 7.853030127802895
215 0 0 0.011487897695072746 7.8524893179427195
220 0 0 0.01515769544892942 7.852592225950465
225 0 0 0.017182548473191117 7.851717678013143
230 0 0 0.011541930404999956 7.853763006983582
235 0 0 0.009039036943198964 7.853179822046217
240 0 0 0.0125219642082246 7.85259409536086
245 0 0 0.010508979684161535 7.852083173347048
250 0 0 0.012989078614395577 7.851990866855704
255 0 0 0.01723185070472444 7.85269722615884
260 0 0 0.01639723149780803 7.852345984927584
265 0 0 0.010412500331300256 7.851423273632411
270 0 0 0.014871787055800167 7.850742359864852
275 0 0 0.011859132287449059 7.8511730722846815
280 0 0 0.013480207135562194 7.8517616946002935
285 0 0 0.013327031922531152 7.851088201936322
290 0 0 0.007561704022163829 7.85045329438242
295 0 0 0.008473494698275186 7.85109184167728
300 0 0 0.009732902764660434 7.851486403330061
305 0 0 0.01227812364157721 7.850274751848391
310 0 0 0.017091203386565113 7.851266831367226
315 0 0 0.013235786926240944 7.850662494599622
320 0 0 0.006881964644607663 7.84948210812212
325 0 0 0.014358433074493915 7.850077890530702
330 0 0 0.014827830772691675 7.850514202534365
335 0 0 0.008773903678535255 7.849430593878761
340 0 0 0.014670392750576466 7.849688659475914
345 0 0 0.009288403911951626 7.849252442849141
350 0 0 0.012440231070472763 7.850186967213319
355 0 0 0.012206033367872848 7.849379071200186
360 0 0 0.013589153021940303 7.848996071243346
365 0 0 0.010679251091979536 7.848816483146684
370 0 0 0.011278434376451596 7.8477602788180425
375 0 0 0.007479396485907008 7.849049869044511
380 0 0 0.008195841734186304 7.849317156258207
385 0 0 0.011386339374477528 7.84964648458152
390 0 0 0.008912269978920584 7.849485543988634
395 0 0 0.012923761291085079 7.8490259017145965
400 0 0 0.011691521514084702 7.849632476512686
405 0 0 0.0055562840134737446 7.850498435591112
410 0 0 0.011156581032533808 7.847713394990581
415 0 0 0.007577790747657964 7.848463016196332
420 0 0 0.009091562581340806 7.848394691572061
425 0 0 0.013478012011427287 7.847387185003487
430 0 0 0.007861849777154983 7.848218506469801
435 0 0 0.010759970005092434 7.848248345892038
440 0 0 0.013339023612640055 7.847713521787409
445 0 0 0.016623930580393687 7.84840197690028
450 0 0 0.012757901900734225 7.84755984016287
455 0 0 0.014703921172356749 7.847633912354367
460 0 0 0.008454072217324304 7.847817779643818
465 0 0 0.009994984836701803 7.847050074581116
470 0 0 0.016902751688635975 7.846846861371642
475 0 0 0.014462846325838496 7.8462171779259675
480 0 0 0.014966789005163239 7.8472749451476105
485 0 0 0.006827500681684029 7.847194873569305
490 0 0 0.007736206596602679 7.846727703409788
495 0 0 0.011435606667453246 7.845927313083634
500 0 0 0.0007096575506220226 7.8464261185202915
505 0 0 0.0076598565849212985 7.845959556400077
510 0 0 0.007071120008157905 7.84616398880829
515 0 0 0.008218772986636536 7.845623558262921
520 0 0 0.01398447315723228 7.846113922888289
525 0 0 0.026145711009888162 7.845423273124954
530 0 0 0.011039509873957076 7.845063153352538
535 0 0 0.015511091218278983 7.844273713942536
540 0 0 0.008257398453304976 7.845025258275112
545 0 0 0.004948157591151414 7.845349595549106
550 0 0 0.0054689531764777755 7.843867296719269
555 0 0 0.0006903594649501077 7.843984646418502
560 0 0 0.007341609643209734 7.843934063248449
565 0 0 0.01553309507554057 7.84427375695833
570 0 0 0.00599844681233197 7.842257885285521
575 0 0 0.010701892815479397 7.8430001482745855
580 0 0 0.005152315948553143 7.844255950937012
585 0 0 0.005438039782024173 7.842308064884479
590 0 0 0.014095262180706891 7.842271051294279
595 0 0 0.010752131010414168 7.841529350770758
600 0 0 0.01587606399534991 7.84187307882922
605 0 0 0.005876920684543485 7.841593649227807
610 0 0 0.000366058453605822 7.839692956166586
615 0 0 0.011251183066628201 7.839168613257825
620 0 0 0.006924546157687894 7.840406292571167
625 0 0 0.015108616862038904 7.839816396940131
630 0 0 0.013871761845755115 7.839219355704123
635 0 0 0.005893615717260436 7.838800993682978
640 0 0 0.0054046321358312 7.837902629247858
645 0 0 0.003117905422388434 7.837610565641682
650 0 0 0.0024507055729077187 7.8372270671643
655 0 0 0.011330389199229352 7.836507048308404
660 0 0 0.012468112099807138 7.835416381196808
665 0 0 0.008225929662367681 7.835214533038975
670 0 0 0.006630647605139428 7.835071077386747
675 0 0 0.013167522613062088 7.834220614480779
680 0 0 0.0176968160493578 7.833286345133518
685 0 0 0.0019219673093158196 7.831744322116127
690 0 0 0.012942847988326678 7.831739767742449
695 0 0 0.004114555275645193 7.82959014877382
700 0 0 0.0015413228900620357 7.829895865652178
705 0 0 0.003561103941326804 7.828331972738015
710 0 0 0.0030445936343330704 7.828059434205426
715 0 0 0.001997206792210715 7.826856333680175
720 0 0 0.008786871749862035 7.825244924365051
725 0 0 0.006225225148321689 7.824842375512101
730 0 0 0.012797343257606064 7.823602337892472
735 0 0 0.006380047641005859 7.822855228596557
740 0 0 0.023005765162101843 7.82178133368797
745 0 0 0.008066839792941094 7.819670973656173
750 0 0 0.018926606631431975 7.819828955553966
755 0 0 0.0014861415325440053 7.818752647233209
760 0 0 0.008149859026723938 7.816969374067132
765 0 0 0.009159011387789295 7.816458065519529
770 0 0 0.012191313338807408 7.814945092524841
775 0 0 0.021723666758338922 7.814016522971384
780 0 0 0.009707845454964836 7.81319928078915
785 0 0 0.021414202571280683 7.8115787396454195
790 0 0 0.011411724315584237 7.811514027970502
795 0 0 0.008487021303510422 7.810880921333757
800 0 0 0.0014319747473356959 7.809359710648262
805 0 0 0.018498377981202907 7.807542239307115
810 0 0 0.004901427700417571 7.806335142123169
815 0 0 0.006011241121916866 7.803986108246266
820 0 0 0.009723445608376347 7.804450529248584
825 0 0 0.0017885692054582236 7.803738195920722
830 0 0 0.003236906514274107 7.802699452435281
835 0 0 0.005354678892020015 7.801708951567957
840 0 0 0.006926650637996801 7.7999258944541205
845 0 0 0.02604453386540162 7.798613423803513
850 0 0 0.01648215176254797 7.798331040151693
855 0 0 0.02071984127628501 7.795808774673144
860 0 0 0.03943425327509287 7.795311081463684
865 0 0 0.002959804120016729 7.793887190051387
870 0 0 0.002716538784670819 7.792610008778143
875 0 0 0.0217320337634479 7.791898000214972
880 0 0 0.0011564669683465922 7.790220003442317
885 0 0 0.014911311580005915 7.7886346552888925
890 0 0 0.0332937522011334 7.787906538644563
895 0 0 0.03565012976406634 7.78735339122317
900 0 0 0.03099832619046028 7.7866091267098385
905 0 0 0.021631026312523005 7.7846113472078295
910 0 0 0.06322937562730258 7.783886751064471
915 0 0 0.04487787905535101 7.784173671445147
920 0 0 0.027048199984763155 7.781890571125902
925 0 0 0.002014021903753882 7.780274598344148
930 0 0 0.04392963731251576 7.780440871108262
935 0 0 0.029407925364933307 7.7789456578645515
940 0 0 0.05144403924905894 7.779376005457358
945 0 0 0.0026040458266733957 7.7764166305312585
950 0 0 0.04398642861939539 7.776500450025579
955 0 0 0.01033469521649888 7.775347052498038
960 0 0 0.0155145226121709 7.774466255755588
965 0 0 0.007033035043281677 7.773033957871937
970 0 0 0.004193768060791525 7.7731768823744085
975 0 0 0.01556470134627097 7.771253286890075
980 0 0 0.012202024852290272 7.771499085641392
985 0 0 0.071799989772793 7.769715453001383
990 0 0 0.00984909190426464 7.768961610426443
995 0 0 0.05537971458668656 7.768859860987508
1000 0 0 0.020656435097961445 7.767652248986305
