0 0 0 0.28099019499430145 0
5 0 0 0.003979852789511185 8.08507017148845
10 0 0 0.0007142675039606416 8.070540463116629
15 0 0 0.0012335466422830343 8.065516389103902
20 0 0 0.002763553150634923 7.9741909470482835
25 0 0 0.0006619330281276703 7.927443486689473
30 0 0 0.008421864795853162 7.903159618290702
35 0 0 0.012248994934047408 7.8889324719911
40 0 0 0.009796187720557903 7.88011630205413
45 0 0 0.014399545972447747 7.877138399815982
50 0 0 0.01220882558087344 7.878492543445345
55 0 0 0.014089075750356894 7.872209024819017
60 0 0 0.010438305237984169 7.8723187015443
65 0 0 0.012457822277035735 7.871793069019929
70 0 0 0.013703696589760783 7.871981327445257
75 0 0 0.016693581090133636 7.870423717850176
80 0 0 0.015033867194377715 7.866521863736978
85 0 0 0.009984195123225348 7.868212909743894
90 0 0 0.012641902114801873 7.86431722204976
95 0 0 0.011196749405790296 7.867613493541024
100 0 0 0.014511149556745595 7.863023546686551
105 0 0 0.011997062757763688 7.8603357883451395
110 0 0 0.01209239786351457 7.8597875034075
115 0 0 0.014864811794604638 7.857470895472996
120 0 0 0.011016002943782244 7.860352428174127
125 0 0 0.013129551370621328 7.856369349337485
130 0 0 0.010843648431442698 7.857058804487433
135 0 0 0.010952392948182732 7.857557006816185
140 0 0 0.009921529973280885 7.857033677923493
145 0 0 0.011947614269579354 7.855747352480865
150 0 0 0.012561844597944738 7.854794205695444
155 0 0 0.013687182702169398 7.855160761874768
160 0 0 0.006163361870811457 7.856151099755511
165 0 0 0.013291741330948126 7.854992423591482
170 0 0 0.013976567086854796 7.8558016773783494
175 0 0 0.014380441404465039 7.854461609631576
180 0 0 0.014070525504197073 7.852509297564353
185 0 0 0.01170325727664423 7.853781034005558
190 0 0 0.011913318903270964 7.853999634214706
195 0 0 0.012135508243926285 7.852683069320655
200 0 0 0.011536793073291474 7.8542611995633695
205 0 0 0.014903288974660533 7.8536292268606305
210 0 0 0.017107936242569677 7.853770490934046
215 0 0 0.011573026658477925 7.851688593022211
220 0 0 0.012919212634766142 7.852857658121609
225 0 0 0.016797229290098414 7.854279828022918
230 0 0 0.013393569924536664 7.852694347445683
235 0 0 0.010705710316088357 7.852842476850799
240 0 0 0.011810259107467136 7.851629961305163
245 0 0 0.014873527102445605 7.851495090895391
250 0 0 0.010507334651748801 7.852364699797382
255 0 0 0.01432919380673181 7.8524597062499435
260 0 0 0.0138387257505721 7.852397401389162
265 0 0 0.010147022787052817 7.852966201441618
270 0 0 0.007977840132604275 7.851328468084492
275 0 0 0.012826043081193506 7.8519953580453725
280 0 0 0.00913065070538388 7.85160815415826
285 0 0 0.013835348818366677 7.851339362491382
290 0 0 0.007637584738442227 7.851386103804812
295 0 0 0.011358873275065129 7.852132337585976
300 0 0 0.011599518675204035 7.850623772093996
305 0 0 0.00870102684455043 7.8519499149368075
310 0 0 0.011773584089185274 7.8510826442451185
315 0 0 0.008775081585581379 7.8497988580120985
320 0 0 0.010312861810298113 7.850354608982034
325 0 0 0.012519119015611535 7.850282113244451
330 0 0 0.009563141582834778 7.850510890722331
335 0 0 0.011331526490681254 7.850842232029209
340 0 0 0.013779735181402852 7.849815016306626
345 0 0 0.008838116199706647 7.849456019155314
350 0 0 0.010265417481203798 7.850597774386601
355 0 0 0.010445837298874494 7.848211789735943
360 0 0 0.010966706525839864 7.8488939365704855
365 0 0 0.010271611971410133 7.848936936868853
370 0 0 0.01713000679076071 7.848688010636222
375 0 0 0.008505371181024568 7.848513759295604
380 0 0 0.00854202570905116 7.848246072003661
385 0 0 0.010190032768429225 7.848205626971409
390 0 0 0.010820809224759698 7.848373812050648
395 0 0 0.009795865578373197 7.848261182913468
400 0 0 0.0006905155192995505 7.847629197337479
405 0 0 0.01031290424838005 7.84702471572524
410 0 0 0.008377471619343657 7.846628496552096
415 0 0 0.011558862218942867 7.847699999666158
420 0 0 0.013514789318259224 7.848202078061327
425 0 0 0.013179221123418072 7.846657059753596
430 0 0 0.012920168671399113 7.846544457716584
435 0 0 0.009810333653326175 7.845790048445585
440 0 0 0.0031925127254055496 7.84579018657616
445 0 0 0.0069495466494953195 7.845978054783717
450 0 0 0.016898976040620406 7.845783823387449
455 0 0 0.006839297852689219 7.84491012250862
460 0 0 0.01156938304257693 7.845313685046103
465 0 0 0.019599493779745014 7.844899279433731
470 0 0 0.019726442162362634 7.845300958537729
475 0 0 0.015025714688396974 7.843747529985995
480 0 0 0.00846163274124967 7.844083555604127
485 0 0 0.00915005017813808 7.843899206620802
490 0 0 0.016334065407172638 7.844595425053144
495 0 0 0.008346638725230893 7.843110160083424
500 0 0 0.010999768373944452 7.843710139194273
505 0 0 0.013570450631896769 7.843019120136959
510 0 0 0.010501269595943663 7.84154608923023
515 0 0 0.010999394049169942 7.84104552946982
520 0 0 0.006558102126729581 7.841524920298473
525 0 0 0.013234072600213587 7.840503930741869
530 0 0 0.012906546287913878 7.84188237900394
535 0 0 0.00879827361134522 7.840549577729759
540 0 0 0.0017495141583920848 7.8405362103147604
545 0 0 0.005280484238900263 7.840129647869496
550 0 0 0.0025224469930400506 7.839633779112585
555 0 0 0.018899419771481574 7.838747558206401
560 0 0 0.014060328199218874 7.837006919354341
565 0 0 0.006602488651288541 7.838962100661968
570 0 0 0.0024523052433915726 7.837517337876519
575 0 0 0.007004961617908867 7.836121920178488
580 0 0 0.016839162570952748 7.83630203418884
585 0 0 0.006276409759824686 7.835829756785156
590 0 0 0.006427526677437179 7.835443272058911
595 0 0 0.003323146687716605 7.834326735836661
600 0 0 0.020682343083822108 7.8340923140781085
605 0 0 0.004240811118451759 7.833934347291872
610 0 0 0.011412229512293148 7.832648423620639
615 0 0 0.0023897368142964392 7.832234658299317
620 0 0 0.0052410800732638485 7.831353841532011
625 0 0 0.004317451772756886 7.831414503337902
630 0 0 0.015055724782390811 7.830556392800426
635 0 0 0.002938000711275368 7.828766350859464
640 0 0 0.00958153693500119 7.82917507648406
645 0 0 0.005872605491020311 7.827313511247682
650 0 0 0.018090943294994055 7.82722512699576
655 0 0 0.00956259016213501 7.826187861265943
660 0 0 0.0060587135221785715 7.826212532906944
665 0 0 0.006801839052373637 7.824798362244701
670 0 0 0.019021930785484642 7.823943838383882
675 0 0 0.012597401010665976 7.824161410642811
680 0 0 0.040411971085263065 7.821575073242741
685 0 0 0.03319934564934113 7.8214773769513375
690 0 0 0.004443782900692472 7.819642568370682
695 0 0 0.0010181567479214948 7.818908852789939
700 0 0 0.007260047625004207 7.819094655145878
705 0 0 0.013800847848348008 7.817870447218684
710 0 0 0.01545037573368746 7.816910944234777
715 0 0 0.024525312916756414 7.8159323723725125
720 0 0 0.012719094464893832 7.814650108643334
725 0 0 0.010039314083216011 7.8131560926202885
730 0 0 0.013101448554319717 7.812830426629258
735 0 0 0.003207025500550964 7.810646434329267
740 0 0 0.02658997339388769 7.81116279106916
745 0 0 0.017983687863158293 7.808587722390274
750 0 0 0.024726221010153093 7.808335423984937
755 0 0 0.004848966639454444 7.806227266413453
760 0 0 0.02757484185651049 7.806004278490475
765 0 0 0.003006959448876856 7.804785774232559
770 0 0 0.0021998202223108 7.803990816525325
775 0 0 0.004791258937882681 7.8035307560761495
780 0 0 0.026882759417177438 7.80207754579862
785 0 0 0.041392642405186475 7.800078252263081
790 0 0 0.010122697648448309 7.800323158737375
795 0 0 0.022463691730646218 7.798209122955601
800 0 0 0.01088143540488229 7.796327840420236
805 0 0 0.019684981351854258 7.796266354428639
810 0 0 0.0175269428024889 7.794892456945527
815 0 0 0.0142748165718658 7.794491347422143
820 0 0 0.036291309149543594 7.792602434612029
825 0 0 0.002589217657210874 7.792494859141236
830 0 0 0.008868299551698433 7.791367491447191
835 0 0 0.05432883286649637 7.79020552712639
840 0 0 0.028190024946668668 7.7900168867069155
845 0 0 0.003948439010060145 7.788454622166355
850 0 0 0.013564434748075005 7.7877403338252
855 0 0 0.03594701205366313 7.786398100983807
860 0 0 0.024456282235511884 7.785391400323311
865 0 0 0.009552524299827336 7.784175276764598
870 0 0 0.04762265287854195 7.783548386756916
875 0 0 0.0003662550891136984 7.7831496187559095
880 0 0 0.037881492186984334 7.782736203108124
885 0 0 0.03369630508876709 7.780428697024901
890 0 0 0.006143970259677944 7.780858166291179
895 0 0 0.008723136958554978 7.778949331341972
900 0 0 0.05122102199358425 7.778573182919925
905 0 0 0.020897519745953108 7.777750310462052
910 0 0 0.0204006314259233 7.776476352240079
915 0 0 0.024718291543791127 7.774956507938955
920 0 0 0.03107349481444377 7.774848265611305
925 0 0 0.03321040229118388 7.774699843097311
930 0 0 0.04793770355039206 7.773130410833855
935 0 0 0.01588743016268679 7.773144464062839
940 0 0 0.01207415783359811 7.771241037519122
945 0 0 0.012191870415019457 7.770474382192984
950 0 0 0.03305762597430184 7.7702786852126495
955 0 0 0.04424495570626341 7.769983371919673
960 0 0 0.04867897131568921 7.768001963618851
965 0 0 0.05396017834139566 7.767713300757102
970 0 0 0.00537034025748806 7.765370300401035
975 0 0 0.004541468198387522 7.766036280718711
980 0 0 0.022690383959166782 7.765140079725208
985 0 0 0.027954818690136385 7.764974585124229
990 0 0 0.038238931841661605 7.763035817865204
995 0 0 0.02912396835408737 7.762681788266547
1000 0 0 0.04069790900587145 7.7624409574906315
