0 0.3546436453820469 2.3992447897814246 0.3273772318191328 0
5 0.9323758631299208 0.15303332460758945 0.029580179932861883 4.8496163917715
10 0.950649606701712 0.14827124894929788 0.015829987898329012 4.7796434657877285
15 0.9865028566789007 0.04404920421605496 0.0018292515201894233 4.727527892471497
20 0.9914073654268499 0.022960950627690657 0.0022375720155474177 4.712910608470454
25 0.9912501891217738 0.02621390119105449 0.005075293771637179 4.705203822267414
30 0.9973725615773747 0.006907971646291422 0.004760900079868957 4.704169458903964
35 0.9941908244414255 0.01900458500428215 0.0031711084884873397 4.701509160228067
40 0.9972506242067654 0.006761475663565442 0.0029818498151310546 4.700739719093709
45 0.9961411601687228 0.013660233683814305 0.004428172694181942 4.699631773219377
50 0.9977717544157063 0.007030323878320921 0.0033857715226395246 4.698962958536124
55 0.9988536370216498 0.0033767174936807365 0.0021106868431977066 4.697667247023353
60 0.9987952862753544 0.003538767820558064 0.0011396573582049818 4.6977101776282675
65 0.9988553485376983 0.0033162829048309916 0.004595871445105537 4.69644007044259
70 0.9988480541417327 0.0038791753243874183 0.0029308675440220533 4.696713311057468
75 0.9968365416788181 0.012644727593016825 0.0015174332652998501 4.69401130393497
80 0.9979522127798792 0.006612898012928525 0.004375017932393588 4.693341204803994
85 0.9969849462838892 0.008943179404437451 6.906357256530882e-06 4.694327335499784
90 0.9989893200611875 0.0030161954346556996 0.004033249351301338 4.693734006347754
95 0.9971980471791261 0.009379644155488087 0.0020170600612865464 4.693015749544057
100 0.9986679849144555 0.004415859393192889 0.00418072369130007 4.693433374812748
105 0.998617020674922 0.004517335353977359 0.004147939723856187 4.69263925863873
110 0.9985660539927201 0.0053792625438005 0.0010682738199374597 4.691721595706751
115 0.9991760975181956 0.0023500231851256714 0.0003103064222282903 4.691960013507436
120 0.9912104918177154 0.03215080404548676 0.0112995743602895 4.690404183022829
125 0.9967565129742648 0.012008698397594664 0.004817498964917677 4.692562782567062
130 0.9945256985876324 0.0207874995824886 0.0033203621202095857 4.690593925535947
135 0.9968446206870479 0.012182720887080833 0.0004925353381062259 4.690629679021758
140 0.9990411610396205 0.003111504952467925 0.0005684371919640885 4.69034342879929
145 0.9982788473212447 0.006357020314744055 0.0009585932169506872 4.691103135579925
150 0.997801461898731 0.0075040479818033745 0.005534163778994294 4.691522677261151
155 0.9984077820120694 0.005919701369768049 0.0028193022002325208 4.689994601741112
160 0.9986171351737785 0.005024438542109877 0.0017111436102112965 4.689898187905798
165 0.9991491540775104 0.0025736327879606336 0.0013750771270681916 4.690862285964756
170 0.9989957333240536 0.0032268137623461257 0.0020396254112442502 4.689716195527399
175 0.9974071084023926 0.010105399519804159 0.0009727944555462109 4.690236764537185
180 0.9987081827621109 0.004568399105297161 0.0021163184100987387 4.69047762239407
185 0.9975394859452402 0.009706288619094394 0.0015169763123714652 4.68942094993493
190 0.9985561784515489 0.0046753843972755504 0.0010959424357317449 4.689723840954932
195 0.9984300369397232 0.00578072834279908 0.003858788900826138 4.68978962992112
200 0.9980774025749356 0.007037195596252488 0.0006450159398498911 4.689914449551069
205 0.9988243562449715 0.004349529695564236 0.004594053751723726 4.688837994833668
210 0.9982186626252689 0.006919297914175004 0.004774603865679294 4.689158215660286
215 0.998978976191206 0.003661036907685933 0.0015084749987159807 4.688234851242638
220 0.9973015165426402 0.010195495451747583 0.0053251250378620885 4.6888616877183225
225 0.9989712837731455 0.003509725328460611 0.005078052109309672 4.688655558422173
230 0.9985199278446325 0.005455144243546428 0.0006328844708138881 4.688728572624026
235 0.9991436920565187 0.0028855176032358543 0.0019559517182907715 4.689327341755661
240 0.9953744507578643 0.01827115881574759 0.002904441194845564 4.688857022618262
245 0.9983777048548959 0.005914724074540523 0.00024233855124711212 4.689149504864597
250 0.9964671703806021 0.013509937350830725 0.0009861597875231443 4.688314763479219
255 0.9984852442189098 0.0054835284750271995 0.002464488900231654 4.688045812171114
260 0.9976121420315558 0.00867249120739011 0.00032494989466202995 4.686705634907054
265 0.9969231714008869 0.0080975351635173 0.007609585202535518 4.6876440420909
270 0.9956417918217486 0.014288824923676557 0.0006666789103051407 4.68749319108638
275 0.9972760319517582 0.007664305785933578 0.001421823844277359 4.687626922238382
280 0.9962190512540322 0.0130909743899279 0.004664170370741516 4.6877132168501365
285 0.9982657870946761 0.005292639996856252 4.629871025718657e-05 4.688048326448224
290 0.9792897494453443 0.04338053107170836 0.006071769177115716 4.6879108581703655
295 0.9716515133245222 0.05982456443614925 0.002087907580685222 4.687530252519503
300 0.9929343456525694 0.01612238897322893 0.004191034999331711 4.687156286735382
305 0.9908589197659714 0.02087106466105304 0.0036206697505669627 4.687239986059531
310 0.9900331617051443 0.02148315328448991 0.009165731981392922 4.686893018311348
315 0.9575258537717297 0.09303094225921704 0.003770041033264837 4.686563814639684
320 0.9319333505122933 0.14790281363291413 0.0032546503381178926 4.687185261917429
325 0.9939043707455844 0.014594418346484339 0.002218984441951566 4.687590529635272
330 0.9794906187733314 0.043448349356912 0.003637194890352635 4.686660835525083
335 0.9870912503396989 0.027688635887307633 0.0024630883912721835 4.686474490801514
340 0.9328930933629521 0.14637360499763474 0.0017473284104672082 4.686951010086406
345 0.9590687720668625 0.08572727956083082 0.005857034969185992 4.686900415179056
350 0.947118314649301 0.11277627885953745 0.0035386645249366744 4.686992325408318
355 0.936519731112595 0.1342233666454975 0.003694620694042694 4.686488578464131
360 0.9403368922352048 0.12702542540661277 0.002962958457856324 4.685337608487716
365 0.9747153817065504 0.054285965261103186 0.0006187435792852636 4.686676668037103
370 0.959021267411144 0.08552192113055312 0.0031489466678025213 4.686107269766458
375 0.9223225182510588 0.16480182451619374 0.000987204143527265 4.686337169843888
380 0.9318271579949193 0.14812951303445487 0.0014689276959205522 4.685676559412503
385 0.9431954982465776 0.11919086475908447 0.002496419808990069 4.685877965322655
390 0.9185437999402037 0.17459886412546943 0.001229365873207211 4.6851483859721625
395 0.9105859325034227 0.19162749299850557 0.0024719029508923906 4.686146694928124
400 0.9498542944773587 0.10560515206774745 0.008839739275370961 4.685574733629521
405 0.9390164628802453 0.12895829766183198 0.0031190033719401544 4.685586783998406
410 0.9093811288188767 0.19441352588192906 0.006592007463448457 4.685313012917216
415 0.8975220533069033 0.22110754572969338 0.0011037410643566226 4.685137781441003
420 0.9014717785173209 0.2120189433194568 0.005017461597403905 4.685352832086103
425 0.9090971939790131 0.195211104221519 0.010043791357232212 4.685091479002004
430 0.8766037998400306 0.27069308972807615 0.002485437755356701 4.685711628553082
435 0.9181839534293026 0.1761445747880641 0.00573415159999402 4.685045609977346
440 0.8203748541028644 0.40457738175101987 0.008629385252608701 4.684820386953686
445 0.8674908944112459 0.29128574512735117 0.005405012709207568 4.685093552802108
450 0.8480934139269283 0.3368171227592365 0.0010301647632489086 4.6856169761808895
455 0.8666370115045726 0.29571317802243424 0.0012602983414242708 4.684655177452818
460 0.8908058352588222 0.23709718799864365 0.0027272284348192066 4.684280109020403
465 0.8640014041078279 0.2986872632437052 0.002930220341276435 4.6846181049562725
470 0.9085499649523194 0.19586802680715376 0.004323539286096745 4.684411242400899
475 0.8277669709242689 0.38555747136523877 0.0005489393516431296 4.684441702382367
480 0.8792475276057345 0.26430008502779057 0.003146789400530814 4.684281922898278
485 0.8698170637837699 0.28383167589066005 0.005092085249250644 4.685062274882274
490 0.8363394796320218 0.3651604321385564 0.0005496808079421545 4.684512872900672
495 0.8626323661912692 0.3019159620031262 0.008985231240572045 4.68446685374594
500 0.8540626889188347 0.3233084050576114 0.007735592355907928 4.68422257857657
505 0.8489799903436619 0.3358592101350153 0.011116760796151981 4.684362807679578
510 0.8650099260610669 0.2948592899807263 0.004815950404294167 4.68448310231056
515 0.8540507813717461 0.3213773695228799 0.0008186049702270104 4.684247991626512
520 0.8172317043694102 0.4105000846264222 0.008013959586104624 4.6842834000062314
525 0.8628428870594592 0.2988041164330575 7.627098480034178e-05 4.684122040287539
530 0.8215080247435422 0.40139128465184815 0.0042247714794683144 4.684441933744812
535 0.8117893798566309 0.4255119032573793 0.008222561199501266 4.68356794628566
540 0.8237729159040007 0.39483094085272175 0.004738130225495851 4.684267170177469
545 0.8179502176638996 0.40736729936609084 0.0011941826554884294 4.683823890517869
550 0.8467568923882423 0.33921662174659506 0.0002774247000214558 4.683638607879362
555 0.8222381454196641 0.3988875054649732 0.002607183882299413 4.683930633487945
560 0.8176611124746197 0.4098244807651401 0.010610121762050895 4.683821991934568
565 0.8282252020304873 0.3842197873840556 0.007217868897302804 4.68368174015174
570 0.8282882528577025 0.3845499084800439 0.0031744552382892977 4.6843413652645305
575 0.8302475388320587 0.3777785681315464 0.00402526720860874 4.6842097937288
580 0.8147117791193141 0.41771685164670647 0.0069374914108473185 4.684057298657545
585 0.836742131861458 0.3647333514693951 0.0028428597174259274 4.683377786456766
590 0.8106690102115386 0.4290909151178752 0.008534704558322392 4.683448535626884
595 0.8137709656746683 0.4168797040433381 0.010124060724299389 4.684112051457915
600 0.8253994843801759 0.3898409804792067 0.003967749364031992 4.683895666956554
605 0.8106780554589305 0.4260250318095409 0.0013966922096306789 4.683822899188045
610 0.8181599451615487 0.4140285839015281 0.0012117645392926146 4.683680790535203
615 0.8202236741284787 0.404979963241729 0.01401523083016265 4.683045597543345
620 0.8105813642102071 0.42473754331865177 0.0007495560284427327 4.683665082026854
625 0.80965029348641 0.4278276968683814 0.0027607496848509605 4.683137814646081
630 0.8226847137658191 0.39507195061366485 0.0036952246885202378 4.683223789694955
635 0.8154830831507114 0.4161371947733983 0.011119281316809948 4.683575000231944
640 0.8100810967263529 0.42802155596174174 0.003705982691284193 4.683445162514989
645 0.8160718860247683 0.41167348212621313 0.003927412248415196 4.682856097779392
650 0.8285853854736493 0.38747487350128385 0.011483771684506872 4.683129167698583
655 0.8163501140840945 0.41150846753092374 0.001872303880264603 4.683072903835126
660 0.8283854891046466 0.38475936080611906 0.0036367993971266888 4.683153697020839
665 0.8204656751062355 0.4007240581661602 0.0010443843854435197 4.683804199105849
670 0.8179003930752927 0.41309238668247694 0.0033452197006098583 4.683320034590439
675 0.8113381021040487 0.42241399062272134 0.005651476697734692 4.683510827904907
680 0.8199352988992068 0.40412912350572583 0.007636843104981583 4.683490417557307
685 0.8123019039596168 0.4204306294753932 0.002145285908048633 4.683061934885192
690 0.8085172561987946 0.43194791068133753 0.009979599846831722 4.682719618971417
695 0.8066524205973904 0.43466969176930714 0.002599907287683667 4.683092269278065
700 0.8083491894156403 0.43207759713454585 0.0028295510095646126 4.683372584590266
705 0.8072890264643561 0.43379474829048803 0.002530903158337594 4.683178067257983
710 0.8141194153051796 0.4164369035087816 0.0051515066625758 4.683178097779947
715 0.7988031313061685 0.4546374407254925 0.0010232542133370437 4.682891727771538
720 0.8113367250225485 0.4238439069298465 0.002243838193523473 4.683141703011418
725 0.8072361906435057 0.4336064070540502 0.0011375272058076202 4.682436318197486
730 0.8198494359455651 0.4067183372426806 0.00901808400497428 4.6827190151581535
735 0.8116253057531373 0.42512911448168555 0.0011315993817306857 4.6829043179901335
740 0.8129151569845534 0.42114355707369455 0.0005108059267679987 4.682901668013176
745 0.8050066653377475 0.4404373336514613 0.007134283646306638 4.6832158964986546
750 0.8076903194872826 0.4342538945898413 0.009412806132990337 4.682190551100783
755 0.8041820585985999 0.4405306280093253 0.009681632135280172 4.682868394507146
760 0.8118416623484535 0.4267397214830808 0.0017324692322819857 4.682791531293648
765 0.8030867827751088 0.4444185867116488 5.653910518255145e-05 4.683220982256555
770 0.8011770744545506 0.45200260399796477 0.0010083305231349815 4.682966597982239
775 0.8030131400984025 0.44533661114463374 0.0005384686966365404 4.6825881864165595
780 0.8103531317045076 0.4281264833312859 0.006595875960161424 4.682412650386134
785 0.812600301859946 0.4245104170392153 0.0032887698431312007 4.682478855847152
790 0.8064247360922383 0.4351831550339611 0.010291270427446264 4.682386997133785
795 0.799047545573651 0.4567802965313881 0.005590910306179087 4.682195654963034
800 0.8037955554034816 0.44152815888210917 0.0014804959830945208 4.682383483632188
805 0.803186883436068 0.442661182662178 0.00673723255040426 4.681862496348591
810 0.8051010671282951 0.4381055798278819 0.00807001322308909 4.682733314032162
815 0.8017595590129372 0.44814611831691753 0.002084952218605496 4.68183131191463
820 0.8078479627967268 0.43238604677950665 0.004262898538363924 4.682991269260574
825 0.7985847771185336 0.45584710041504906 0.0016134183293619042 4.6823640578301875
830 0.803919790648151 0.44085422620648007 0.010019226489841548 4.6826766026575095
835 0.8082421033274143 0.4307836566692327 0.009806127300127976 4.682686338759475
840 0.8030091760155099 0.4428991499332273 0.0025423619221101035 4.682409465992707
845 0.8089517130851457 0.4290115764039131 0.012233232131730443 4.682382002537923
850 0.7988397280601716 0.45584855042953265 0.0066393237893920265 4.682544691382077
855 0.8018367996487106 0.4460099493771841 0.006431818015677715 4.68255294233483
860 0.8088387245144749 0.4289020719305947 0.002004893545800801 4.682148693451261
865 0.8032785075187612 0.44423680077065963 0.006797735978155917 4.68230820413804
870 0.8054769322038364 0.4382220080097108 0.0003430089943523562 4.68239392188191
875 0.8023930854246271 0.44623975659015436 0.006738390394151139 4.681975830112974
880 0.8012461723909818 0.44730961748715625 0.011674281295444233 4.682444722573979
885 0.8060373751479963 0.43656458345977267 0.001508054541819126 4.68202287057289
890 0.7998419792729041 0.45143506510813314 0.011478504568463332 4.682734420463601
895 0.7958357124367315 0.4624311545010711 0.0011071091886754036 4.682406926982054
900 0.8063521519139323 0.43486213771588655 0.007539894961017701 4.6823307017621945
905 0.8009888684155206 0.447958112883204 0.014172474247987843 4.682526567547983
910 0.8041003929997101 0.44075667653968864 0.005639055688663186 4.6823008051877295
915 0.8042584894134601 0.43996509809265305 0.004104861817029404 4.6817718222849845
920 0.8027326802584297 0.4446997647601201 0.00042359879677311696 4.681852697550126
925 0.8042503782718282 0.44082503990495514 0.00738507654663878 4.682527252121817
930 0.801571931371192 0.4466786593418792 0.008510264603111661 4.682410761129397
935 0.808955641639432 0.42891878101323666 0.004308567580409761 4.681961481880645
940 0.8041025035126694 0.4419564504048088 0.009174014729899094 4.682307590199767
945 0.8099320001235313 0.42699616270017504 0.009563648532789681 4.68186993741853
950 0.8066900423624775 0.4340409695203542 0.004865586061815419 4.682300963818824
955 0.7972548411007615 0.4578146613772418 0.0071096844599722875 4.682411148528339
960 0.8037070049041954 0.4415142623668089 0.00534824463111927 4.682108117381362
965 0.8047155681864908 0.4385135914628142 0.013022351179212244 4.682549453464176
970 0.7984868624539818 0.4549496088308329 0.012383897788037945 4.6822312162955315
975 0.8014774105084934 0.44660514089235814 0.002996907788689551 4.682306402211022
980 0.8045330396890464 0.43876179953763295 0.00843846709904672 4.6821619587857946
985 0.8235723876844538 0.3940102554830842 0.004498248537482485 4.682012139677223
990 0.8033506337315026 0.4415791359531589 0.004106234439727574 4.681775251588969
995 0.8027660720964571 0.4441283971914993 0.005571408763558328 4.682032044896672
1000 0.8023717702294797 0.44522438355944605 0.008992053728062999 4.6819092570302585
