0 0.384242658251697 2.191716563490804 0.35283969138648796 0
5 0.9151545939972359 0.20728613292475906 0.030946301304709323 4.8470987305680895
10 0.9803529945267806 0.054427556602896665 0.007057145952837907 4.755207557580879
15 0.9826929524126283 0.04551793242326685 0.003080362028989647 4.728980827091289
20 0.9944832403032694 0.014617848124537147 0.00015219861225590492 4.71364605008662
25 0.9917937363345946 0.028907029535013784 0.001125670234876086 4.707250615830916
30 0.9732574548389301 0.09795842104503194 0.0065100475806754154 4.702345835324531
35 0.9969403188143324 0.010813777170805672 0.00729660349330552 4.702958170077002
40 0.98833868194024 0.047292475145697566 0.009009879830431 4.7003477275144405
45 0.9883232079129971 0.03824888955064232 0.002646897554560157 4.701948871089332
50 0.9879521117567345 0.04469266435963082 0.010322425677498304 4.69936657603489
55 0.996952534773736 0.010799370757163196 0.0026306092646535273 4.700744555867608
60 0.9973159629673185 0.009027432110625178 0.0009894626150013242 4.699648581447649
65 0.9976662739694308 0.008461969054929241 0.0015247381404521754 4.698440391509819
70 0.9965538048357311 0.011301263470547163 0.0002480086242655499 4.69748304772162
75 0.9987766742425215 0.0031932398967677855 0.0057365094452435095 4.696425326109968
80 0.9951542407035546 0.017261546601124778 0.0006236296108341755 4.69656081425951
85 0.9946689427798565 0.021031367559409375 0.00016662864059702187 4.699220480203349
90 0.9980627291700449 0.0059566541887559055 0.0007126306736100485 4.6951311725115845
95 0.9985713556683923 0.004395062930421467 0.003229909169221834 4.695309821061864
100 0.9982406935057865 0.005874077289607094 0.002555432636766497 4.696358945194823
105 0.9963282232316072 0.014084623416518838 0.0016529784802288283 4.695661514977181
110 0.9989495222776026 0.003127757518248231 0.005342573473205103 4.694491933649531
115 0.9986164856282554 0.004709457540490014 0.0002007615938710572 4.694983776140991
120 0.9979399965988193 0.007410054581100667 0.001733321498381013 4.694388085198458
125 0.9945585370630465 0.015905916639423978 0.0007727784958551087 4.69431122177997
130 0.9956429938856747 0.016666114850543146 0.0019698075562530892 4.6925391658072915
135 0.9882097573039781 0.04903168638129074 0.006707665567273535 4.69216026230639
140 0.9982898440109418 0.005516567007503248 0.0030831086414402353 4.692452622185143
145 0.9980136291514305 0.0060195753548075714 0.001222219391313839 4.692171049736267
150 0.9984487867269562 0.005334485652795706 0.004087587193131181 4.692682799066083
155 0.9933469724285439 0.024451093863159024 0.007596198093877238 4.691180622255709
160 0.9970860040581386 0.01090913746370692 0.0003656243924605729 4.691772734534112
165 0.9909528812907171 0.03416347148914767 0.0037993323841158944 4.691506545667678
170 0.9986957812212168 0.004138566294938251 0.0016088815895716202 4.691635930183326
175 0.9956600683548272 0.018369794291334784 0.003297418703894106 4.691487519443076
180 0.9990933220260059 0.0031391127138418184 0.004932607622884166 4.690626389709994
185 0.9972271020836018 0.010650913126793782 0.0010741211154243757 4.689778616458253
190 0.9958915376440317 0.015334552506033106 0.00020885901026512776 4.690488597385042
195 0.9992748439233055 0.0023439071705686487 0.00214640356967033 4.689134269655577
200 0.9980827284912095 0.0069599210786952526 5.05804882073857e-05 4.690384437122924
205 0.9989554995402821 0.0037798854608661614 0.00298646266860092 4.689592685869979
210 0.9976487921218135 0.009509896907632154 0.005838028094934611 4.6911603460089335
215 0.9978414611832284 0.008388746769955269 0.0003129329913584833 4.690542485442446
220 0.9985971497965551 0.005390762668680438 0.002618504996009463 4.689045850463402
225 0.9992525995382455 0.002750407089377127 0.0021821730576505605 4.689487371770188
230 0.9977326841476721 0.008419010691295803 2.3547837696868967e-05 4.690630109053302
235 0.998720754005644 0.004936761077677154 0.0031983117137965866 4.689652064789674
240 0.9987577428919581 0.004587451516658625 0.002763152673612712 4.689113628168791
245 0.9992871945418804 0.00254976362131476 0.003930274794832211 4.689406571724897
250 0.9977424106641398 0.006469560979271982 0.0031608489542593876 4.6883625645482905
255 0.9979089670004447 0.0064895046379627175 0.0015062739115287993 4.688537215004875
260 0.9968273573535477 0.00924593987233635 0.00042684043999030585 4.688281690565147
265 0.9902230686824278 0.021657284143961952 0.0022894128168740036 4.68854501728091
270 0.997051627509534 0.0072675160260731175 0.003822791517597235 4.687882411204683
275 0.9954373244617329 0.010322277044995332 0.005515987581711235 4.6878422979873235
280 0.9972687172999959 0.007730223369105005 0.0003928631136957961 4.68857369820405
285 0.997754771160217 0.0061858960289473686 0.001560711012174254 4.687958016182876
290 0.9451070907146129 0.11641023196037548 0.004549674326861153 4.6874335972118475
295 0.9913036464929157 0.018922063795435484 0.001795789917121482 4.688326870592507
300 0.9803506635802762 0.04212625890797206 0.0007431050895303493 4.687979318473565
305 0.9972329880575076 0.007954075810948424 0.0018046141756415945 4.687724353669409
310 0.9921216235611896 0.017429130986567287 0.001806251363381417 4.687112003682897
315 0.985811895975094 0.03343714533910891 0.006603478097640281 4.6877731741914666
320 0.9950440001967875 0.011111553985524658 0.0005523439414512055 4.687704198851398
325 0.9847636111960152 0.03299684503233902 0.00750089532207765 4.6867417234178905
330 0.9721236266119352 0.06101959323187156 0.006470022512152562 4.687251267858997
335 0.9880067701404165 0.026214145867013094 0.0008100439257219261 4.687253322268726
340 0.9865384643628512 0.02845271859114984 0.0006199103000481543 4.687156284759065
345 0.9674271859801306 0.0702136810862255 0.0019056431168817944 4.6875373214816705
350 0.9746310609244591 0.05356894572714399 0.0022564133001652387 4.687753407498693
355 0.987689777917917 0.027767341338185147 0.007098301828623255 4.686640814361044
360 0.927214813063451 0.15741678199392606 0.00775941447466777 4.686933982809712
365 0.9704566018029108 0.06322434373326491 0.004041183267103898 4.686879787212695
370 0.9744212529092529 0.05443912297316711 0.003339706366891626 4.6865184346812665
375 0.9553854844243683 0.09519892342793312 0.004622388294901025 4.686798505930064
380 0.9515605514367501 0.1056856849990977 0.0038685326861149782 4.686909384648659
385 0.950925634799782 0.10453465631086534 0.008166533224033046 4.686389665584716
390 0.9392714854810176 0.13122804640862817 0.0006384166355806187 4.6867926039926555
395 0.9585761605687207 0.08960222265054707 0.0028106828300058506 4.6870304993979195
400 0.9614659603602127 0.08570841609539759 0.004053636080377343 4.686405906203039
405 0.909152860416454 0.1983414402089272 0.004780106450386956 4.686313456771219
410 0.9486457389291668 0.11487225256174227 0.006206325902504473 4.686644382901192
415 0.9121527731702151 0.19059774549370267 0.00553976166866077 4.686391516859279
420 0.9286520083557082 0.1572235485997373 0.0027144242162622234 4.685342818518443
425 0.9047350803332498 0.20830113055374255 0.002243267056528442 4.68601070116817
430 0.9113104619057786 0.19505255852876147 0.0003354699624931179 4.685660485841627
435 0.9269169037207761 0.16758797374096623 0.0025000971673452277 4.685860985070814
440 0.9092107733470153 0.20059953361449523 0.001073106242442723 4.6859734118095
445 0.8968506220261889 0.22869964374030705 0.005007256902224366 4.684777155620945
450 0.9074005827123626 0.209736502401479 0.0007688539801107286 4.685447060462593
455 0.9232601139368664 0.172461402470641 0.00704631383406773 4.685752028678865
460 0.8891833006764412 0.24894246350054328 0.003379530474721504 4.685983156865637
465 0.8893739546862741 0.24538670123136708 0.004757718708478631 4.6858516831583685
470 0.9062274648433816 0.21161267448609866 0.0001160668712727464 4.685538389315926
475 0.8840996323897101 0.25610402260170684 0.0054241405057458 4.68541258291963
480 0.8702890539960898 0.29017145765125285 0.010255724532609145 4.68494655459905
485 0.8828353659043295 0.26576137000290156 0.002842599412878899 4.685392041349074
490 0.8913362537210643 0.2460725317045851 0.001335764135760753 4.685334360666115
495 0.8841115571116964 0.260717376084342 0.0026986295567072993 4.685298580773541
500 0.8607179742388675 0.31240142868540133 0.0009620157802339158 4.68537111623932
505 0.8664923830302311 0.30062350265410664 0.0036851295419364494 4.685474275887639
510 0.8643366689601788 0.30461923925426415 0.001803028016953423 4.685230064228134
515 0.8698928844431969 0.30204914652343184 0.012095593889316802 4.685547462302307
520 0.8378042945113041 0.3644813428184692 0.010067679327596446 4.684610582383586
525 0.8698391563411447 0.30015808618776507 0.004571021062575786 4.6850123837135955
530 0.8665595195918947 0.32045216377459607 0.004814610920416129 4.685522686934892
535 0.843162199655396 0.35704306039804923 0.0049105367569375336 4.684720791968406
540 0.866460096064931 0.3139277077149458 0.019681796034518584 4.684174870706454
545 0.847680139666492 0.3505395256758499 0.0002846122917323779 4.684011405549892
550 0.8326114167695012 0.3890527146306644 0.012916664641655196 4.6846564079392445
555 0.8545564695761029 0.34241876478645406 0.005593179551163008 4.684753049253758
560 0.8291038422329786 0.3934762343160907 0.002226501409523518 4.684281275180176
565 0.832718869830048 0.38891336850963665 0.007191313593807314 4.684772888942022
570 0.8416824169793756 0.3704822891534807 0.0012390820783783063 4.68437941251384
575 0.8394459821195432 0.3741423289777037 0.0005133363554334913 4.684680346770665
580 0.8282633609308633 0.4070491821428952 0.005122863729606575 4.68465882936729
585 0.816986334021387 0.4179712315024151 0.00166801204422784 4.684126898324701
590 0.841258536325309 0.3701189895435455 0.000420681964334646 4.684997598481122
595 0.8333666029578046 0.38438092582853667 0.002843129516922227 4.683909652651682
600 0.8452310401639984 0.3780830997640221 0.004032911845967657 4.684481477385379
605 0.830314405086745 0.391909725380466 0.00026865509892393113 4.685273365745537
610 0.8429080648671601 0.36438651687286683 0.004863669940329718 4.683755704803897
615 0.8281853994526263 0.39830986749628927 0.006077552863452018 4.683979531710228
620 0.8089030761686755 0.44406757197169 3.4646593324527686e-05 4.684220490144355
625 0.8154198679741245 0.4177809087958382 0.008830360281750327 4.684493301717307
630 0.8228730809654003 0.4120642457855057 0.014080786734162798 4.684064883929449
635 0.8233236462619933 0.4019892424898366 0.0030495850645593237 4.683788200696726
640 0.8337825961903849 0.3860930800364244 0.008768457384736417 4.684226953592012
645 0.8194556231337342 0.4212802769674804 0.006163159491819226 4.683861510726324
650 0.8330545368715543 0.38769962868661256 0.0006929647434898989 4.684207715174017
655 0.8340975067866232 0.38910211331741884 0.007405853120838968 4.684333026007249
660 0.8212508229166818 0.40947400087730124 0.005230805457058896 4.6839021929345455
665 0.8236691463992789 0.4083467021943852 0.006021303813162904 4.68367127152183
670 0.8234948405903777 0.4061600723093788 0.005149068912022825 4.683000377162052
675 0.8292501524783804 0.39604236611683064 0.008024781529426095 4.683379777320892
680 0.7971341226247275 0.46266429137422893 0.006383749641136305 4.683404408789084
685 0.8235342151195852 0.4083823015705006 0.0008975723133790581 4.683515688022688
690 0.8164107734268281 0.428172421627103 0.008611056021607943 4.683446795485568
695 0.8106755276549369 0.4340106833232982 0.016739533076209234 4.683536481100433
700 0.8165832714418529 0.4217999829894339 0.0029415745316261344 4.68355085434283
705 0.8073395364767079 0.43805122797003726 0.0006130130739099293 4.682890845948937
710 0.8082650712693025 0.43649504898197566 0.00793840863582429 4.683922843122868
715 0.7942097660465193 0.4766195334418626 3.721725859939795e-06 4.683624400528305
720 0.7963043312125772 0.4680926652277302 0.008826875691151592 4.683046868791246
725 0.8136181477349196 0.4261893499305831 0.008767527712553402 4.683794747233365
730 0.8153409490776509 0.4202576316788429 0.0016816643118038321 4.684110900644445
735 0.8116832060372462 0.42958504352098803 0.002971589315138301 4.683673941050099
740 0.7951720601592693 0.46936960952048423 0.0017473325545473983 4.683739632768459
745 0.8238268479730577 0.40560450625061417 0.006049075179728192 4.683580136873961
750 0.7954001643383739 0.4681361438231688 0.002616948843472411 4.683988708132795
755 0.8037197483336423 0.4538034868787246 0.00029270477170739717 4.683449998730671
760 0.8044401792079178 0.46093665159193 0.00930692060778382 4.683459849963803
765 0.7980884424534122 0.4671208156469273 0.002949979266429814 4.682961149546548
770 0.80114292879799 0.45552582889568694 0.0021154981115718563 4.683837841616099
775 0.802280374162923 0.45686747538923456 0.006758722412154139 4.683034792259872
780 0.7975909371208949 0.4677304823154689 0.002484385068775241 4.683289853999259
785 0.8029415966320661 0.4514104847693634 0.009266959530643382 4.6832732898050695
790 0.802212379555401 0.45794859214553885 0.007156127028935755 4.683340097713206
795 0.7986721932141453 0.46258426994361646 0.00423103993028584 4.6832388336438875
800 0.7931568408692576 0.47247702466081254 0.010954707698766164 4.683358127591896
805 0.8069884855787146 0.4441559620805604 0.009129908275683496 4.683138780684396
810 0.7955046732704054 0.47341100517335377 0.012661256116994535 4.683211010925576
815 0.7963183043585043 0.4686787030672299 0.015334152434374193 4.68342425206184
820 0.7985715940193066 0.46290387378744846 0.0008403941102748114 4.683061522730903
825 0.7928962165099649 0.47626164493216905 0.0023341529995095645 4.68346111955241
830 0.7886121487836022 0.4922696763687462 0.0005588347111051828 4.683287178799761
835 0.798970305215176 0.47612020263650745 0.01163862585014952 4.683058138262317
840 0.7992293313264229 0.4627505306948274 0.0051324742028147075 4.6834582707652626
845 0.7927165351435619 0.47912234302839973 0.008785275137673354 4.68258115431985
850 0.7977920685273747 0.47767469974195276 0.008310855453844468 4.682567373827111
855 0.7986288998244272 0.46466550090518055 0.003083057002144063 4.683124511681092
860 0.7858604116228525 0.4966537167182139 0.0002946998266126766 4.683022883284694
865 0.7962004248001002 0.4700034320749076 0.013750412572768544 4.6830836891192
870 0.7907462891790558 0.47830497384937143 0.003222351291207959 4.682853935041991
875 0.7967468174383259 0.4675039490762156 0.004748897797792528 4.683010979394449
880 0.7977462741302975 0.471206841677664 0.004925183984953341 4.682307819971836
885 0.7976853621319324 0.4641537323630853 0.00466016287821569 4.682686123036866
890 0.801133573972987 0.45384627750564466 0.0030410886163658724 4.683468116164766
895 0.8084904550933474 0.4399747688592992 0.0030179187334473667 4.682767097846242
900 0.7993563290739282 0.46489518610564406 0.0010450871618996604 4.682661149272143
905 0.7962955263577416 0.46586199856561006 0.0008840450379259401 4.683170009018376
910 0.8003301550504447 0.46095445664167656 0.0019797906432199586 4.682303460929472
915 0.7875271966751207 0.49303158681023085 0.010167732878423319 4.682559568397278
920 0.7971242233099586 0.4681091260914494 0.0013041489588541122 4.68273386080998
925 0.8029886055948912 0.45595234084019776 0.008933227081469708 4.6824528471428275
930 0.7916029459961695 0.4848953696584335 0.0005950791278483969 4.682630217010248
935 0.7935558133667524 0.47489871077877766 0.003212595102520144 4.682230991449638
940 0.8033555050687287 0.4517111807888945 0.001259342570001154 4.682491835034873
945 0.7965401067369003 0.4700640447807167 0.009877282266254728 4.682417814839835
950 0.8041540091377419 0.44465902271810087 0.0065072212866648105 4.6828448012972625
955 0.7946448574628047 0.4713848655352386 0.006964385485839442 4.682927180391566
960 0.7960825730404596 0.4690777645624884 0.003595784491176257 4.68297782032794
965 0.7967949395563665 0.4704880029184446 0.00890108285921043 4.682121041322348
970 0.8064164768619502 0.44190579295412924 0.0052711955209441275 4.683179265362216
975 0.7947307098259413 0.4783536657090375 0.008470874828289565 4.682394826721596
980 0.7996617639569708 0.46246930302148304 0.0005931844808018116 4.682883867184896
985 0.7949574190543878 0.4739513983440382 0.004163112020018289 4.682145609894993
990 0.790104855645313 0.48404900387401195 0.008375450566168174 4.682271051241639
995 0.7976522614923183 0.46047857145709514 0.003350141989556743 4.682635226937284
1000 0.8026828879372824 0.4496355962367806 0.003620586365628453 4.682622084016654
