0 0 0 0.21528492765965646 0
5 0 0 0.036467875767028035 11.867345994717798
10 0 0 0.010021808380476838 10.94155337568362
15 0 0 0.005691096872696644 10.537561522276748
20 0 0 0.0102847822410852 10.345894863398385
25 0 0 0.000764131674180657 10.23735317107821
30 0 0 0.004160945993163079 10.210140020311206
35 0 0 0.002272785448556469 10.164153996509965
40 0 0 0.004291117233148567 10.150905983725236
45 0 0 0.017475363899502216 10.130611761666804
50 0 0 0.01015377599221301 10.13575584827595
55 0 0 0.012294268169388722 10.11975422756626
60 0 0 0.011711954180379403 10.103496088815346
65 0 0 0.01545085067469354 10.096730034614797
70 0 0 0.009067770226675709 10.094859734899261
75 0 0 0.014801953753219577 10.086382470992861
80 0 0 0.007850609426828692 10.075974034938723
85 0 0 0.013915788827103093 10.07819843640588
90 0 0 0.013632623065181093 10.073546648930622
95 0 0 0.007145253845135535 10.074653561654602
100 0 0 0.007916478272258054 10.40161085568507
105 0 0 0.0029594512036030807 10.209288244940318
110 0 0 0.010706375850161987 10.189826411590477
115 0 0 0.003145743710895932 10.180509730014117
120 0 0 0.0042859935315766595 10.17239887787916
125 0 0 0.007032826020407779 10.166241588452271
130 0 0 0.006175305053794933 10.16074498406971
135 0 0 0.002738138202247109 10.155948241692151
140 0 0 0.006409175474170636 10.149820653156207
145 0 0 0.002003269307130795 10.144051691984465
150 0 0 0.004247127118840677 10.13868455231042
155 0 0 0.0006225482394113246 10.134557711761639
160 0 0 0.00097435433217119 10.128944507156234
165 0 0 0.0014466192515685261 10.122711887132043
170 0 0 0.0022702399632010817 10.114912363102372
175 0 0 0.006480845854051287 10.10860413333861
180 0 0 0.005548214523872996 10.099084305407661
185 0 0 0.012219428816198974 10.086797986619866
190 0 0 0.006718669938638788 10.074666743790523
195 0 0 0.006932038164480847 10.065471132847321
200 0 0 0.008587039803814811 10.05757155174644
205 0 0 0.007841432170299978 10.050852191340176
210 0 0 0.009477152594994376 10.044875047745577
215 0 0 0.006455485177260467 10.040547298972006
220 0 0 0.011035674903912218 10.033684326966162
225 0 0 0.006746672817890431 10.02783984836756
230 0 0 0.010712853799920818 10.02195081261129
235 0 0 0.013117416534276005 10.019082907881847
240 0 0 0.009685343171989658 10.02046031980981
245 0 0 0.009835601942705718 10.01561684096165
250 0 0 0.009741824673826116 10.011271097342552
255 0 0 0.00929230293927219 10.01453544384029
260 0 0 0.014542722961493837 10.005757283031878
265 0 0 0.0114863743502569 10.000473998962411
270 0 0 0.014720104953720003 10.001487081557194
275 0 0 0.008328850029000634 9.998634178514305
280 0 0 0.0142131531386116 9.995157847041488
285 0 0 0.01620939747440442 9.9961886684959
290 0 0 0.010787127394500384 9.99637965303888
295 0 0 0.008705712634613061 9.994305235736954
300 0 0 0.015050128118024642 9.998458694435786
305 0 0 0.014787909433903845 9.990553326699642
310 0 0 0.015046331662256884 9.988095357883275
315 0 0 0.012691415623163671 9.98501216198001
320 0 0 0.016059367203185015 9.991593609741372
325 0 0 0.010097769366146592 9.98527165148057
330 0 0 0.009990317697594175 9.985747565944315
335 0 0 0.013580798471119815 9.987154995993391
340 0 0 0.014115934624761461 9.986405692689102
345 0 0 0.01389140992023874 9.982820281476902
350 0 0 0.013773464146596304 9.984691846499208
355 0 0 0.018104429970124736 9.983767786630692
360 0 0 0.00987843224224072 9.983184555755825
365 0 0 0.014085394033852783 9.982853206705215
370 0 0 0.01204642302979364 9.981649333881975
375 0 0 0.012739036942726933 9.979750061759512
380 0 0 0.0143728427132781 9.979938593420849
385 0 0 0.011958938949597542 9.982796338526352
390 0 0 0.011966033593986847 9.979065850476175
395 0 0 0.013520977204226403 9.978237105898915
400 0 0 0.01236638669685064 9.979935780855245
405 0 0 0.01123057642721359 9.977669109195004
410 0 0 0.011016424662117608 9.98308218726237
415 0 0 0.013607568125446168 9.977715170784213
420 0 0 0.013253410847350988 9.977723221202773
425 0 0 0.01034878028623809 9.977527265852327
430 0 0 0.011040084821718699 9.97948736406388
435 0 0 0.012692831024163187 9.977647824583
440 0 0 0.012524843328663327 9.980246465664365
445 0 0 0.012391161654277782 9.975810547302844
450 0 0 0.013243942594867608 9.975872919098686
455 0 0 0.012525769535533415 10.00023455921679
460 0 0 0.01419292679082651 9.975918845133371
465 0 0 0.009627277300317205 9.97787918350668
470 0 0 0.014929331359047282 9.975946982068887
475 0 0 0.014665931178317937 9.978170471762112
480 0 0 0.014616202354213792 9.976544354517923
485 0 0 0.012247396138775901 9.98079080805386
490 0 0 0.014699542369871699 9.975457776418027
495 0 0 0.010979037749741627 9.975572167075791
500 0 0 0.012082448817188007 9.974434182385478
505 0 0 0.013802925714190728 9.975915514284527
510 0 0 0.014001023312261385 9.9741167667924
515 0 0 0.011347550620794955 9.976064859392816
520 0 0 0.013134030955654241 9.975908006825655
525 0 0 0.011460712107809634 9.97513285752556
530 0 0 0.010988711623098224 9.974175945496922
535 0 0 0.012839024729075943 9.97343892702872
540 0 0 0.015001768307490337 9.975605152324702
545 0 0 0.016124414120983532 9.974519571427043
550 0 0 0.015204677529075283 9.973924259135083
555 0 0 0.014603079045270917 9.974566789254034
560 0 0 0.01183329794035215 9.974281717923802
565 0 0 0.012887323228095271 9.974054829029107
570 0 0 0.013952533643306175 9.97536424279857
575 0 0 0.009946782332785231 9.973779322301315
580 0 0 0.014559351068298643 9.974415859120521
585 0 0 0.012650083765735731 9.972858922997323
590 0 0 0.014363559887426991 9.973046074313913
595 0 0 0.014951138381418705 9.975010051444935
600 0 0 0.013604604545961907 9.97284546843813
605 0 0 0.014671495753925567 9.973658303403452
610 0 0 0.014345990514811113 9.973228262426073
615 0 0 0.013001481082293376 9.973721791217143
620 0 0 0.012716641833030451 9.973868968006716
625 0 0 0.012509428306739512 9.973296740693884
630 0 0 0.010889436005272257 9.973550554069986
635 0 0 0.011840663850518185 9.973441660366229
640 0 0 0.01539983558838065 9.97312753613765
645 0 0 0.014189887209442364 9.972951718715235
650 0 0 0.01478072036807676 9.973882733661865
655 0 0 0.0121441253801724 9.97244233424081
660 0 0 0.01385332730804878 9.971712166540684
665 0 0 0.01564310252439749 9.972423022260603
670 0 0 0.01418987932474125 9.972234508395474
675 0 0 0.012521962281481391 9.972272228799834
680 0 0 0.012673388816537123 9.972561307457642
685 0 0 0.010157891719059009 9.97230255868879
690 0 0 0.013035523603157406 9.972289290446383
695 0 0 0.01349064509912723 9.971781756984846
700 0 0 0.012246955214412436 9.97139860222958
705 0 0 0.013886877937880016 9.973310288296707
710 0 0 0.011575291106347363 9.973047444135437
715 0 0 0.014523810085931732 9.970784754872591
720 0 0 0.013485953223912883 9.971776415854235
725 0 0 0.014020961310033941 9.972277161167675
730 0 0 0.017235991289321184 9.971633512464386
735 0 0 0.014771731286691958 9.971755298267217
740 0 0 0.011834887456819043 9.971731283230406
745 0 0 0.013778571677771856 9.970770242656954
750 0 0 0.013135921696927122 9.971159270516276
755 0 0 0.01272769979968702 9.97132122214239
760 0 0 0.013818788939002236 9.970585204885511
765 0 0 0.014258322909516341 9.970814601760198
770 0 0 0.012831968110022185 9.970349549517588
775 0 0 0.014342036673138825 9.973025181353073
780 0 0 0.01543499526350156 9.97197699844789
785 0 0 0.014423856708852378 9.970829982982314
790 0 0 0.010556431368692776 9.970708598756215
795 0 0 0.012912355939817433 9.970400875480241
800 0 0 0.012943858516320628 9.97070401747298
805 0 0 0.016724812656071286 9.97032861071566
810 0 0 0.012681704497133905 9.969918883017131
815 0 0 0.014258379849016123 9.9716562766205
820 0 0 0.013438587587306872 9.971324409934615
825 0 0 0.014289575772935326 9.971317291952314
830 0 0 0.013576810660828498 9.970846678282493
835 0 0 0.014212485725977109 9.970931594978726
840 0 0 0.013291745068717775 9.970485436224036
845 0 0 0.01537791915149711 9.971048690752205
850 0 0 0.013881096374341428 9.970029030576299
855 0 0 0.010455907464208547 9.971905606013456
860 0 0 0.010192349055748284 9.970851967529267
865 0 0 0.014028974442171327 9.970653465351807
870 0 0 0.015084273325070674 9.970469664805215
875 0 0 0.0149343335315677 9.96989446099854
880 0 0 0.01284585989186704 9.969957793594524
885 0 0 0.012929934717493596 9.970463429565758
890 0 0 0.014453029780689963 9.970525474948579
895 0 0 0.012797300433371017 9.970461136194611
900 0 0 0.012094071929234396 9.970199386366483
905 0 0 0.014827489318593567 9.970496999987008
910 0 0 0.015922532760866748 9.969872728817542
915 0 0 0.014546464581602025 9.969981428349657
920 0 0 0.014203504314163284 9.968847450976886
925 0 0 0.014637425066370557 9.969465261516943
930 0 0 0.01271157856259042 9.968875080506514
935 0 0 0.015905247717264093 9.969957262102248
940 0 0 0.012663845620779934 9.968785101237174
945 0 0 0.012590950666757417 9.970145128858585
950 0 0 0.014274018620420659 9.970125330409468
955 0 0 0.014737139099119556 9.969207025173215
960 0 0 0.014059094601781341 9.970562689176196
965 0 0 0.016770964491182427 9.969006047703346
970 0 0 0.014477651694073002 9.970122806854121
975 0 0 0.013149944237818456 9.969362385899357
980 0 0 0.01487736474586776 9.969276847694534
985 0 0 0.014463518621253613 9.969411378437774
990 0 0 0.013327153640712908 9.969364888774146
995 0 0 0.01360513725547019 9.96943168850004
1000 0 0 0.01441521994354833 9.969912440882414
