0 0.6939696095196195 0.7306851052538987 0.5188912864537275 0
5 0.8371555066028618 0.3775947326690323 0.2585329872766603 1.0925546867223002
10 0.9044982046992762 0.23661412167686957 0.2573615391528563 0.9368685767527143
15 0.9354365837925929 0.16007450697391445 0.18457661286548388 0.8577977940210646
20 0.957434494970793 0.1012780767122401 0.13208916828583062 0.7979654889141873
25 0.9728659119251861 0.06048348908719903 0.041637585066607086 0.7559007295459303
30 0.9828540164819533 0.03708569533956141 0.024070421036192058 0.7313411879721978
35 0.9883055025110463 0.024304049382318338 0.08526103695027687 0.7180873233699653
40 0.9917289156732264 0.017451319682392774 0.0029587783232999376 0.7106459698260061
45 0.9936322494164056 0.012887278209491537 0.010830553411274924 0.7062061341112301
50 0.9950584786542725 0.01021115780576698 0.0021780101256153594 0.7034092980892894
55 0.9959770557054616 0.008296664073427218 0.0013665751778083601 0.7014183019406424
60 0.9966355717397923 0.00679990270798525 0.0011064709748310753 0.700086203409008
65 0.9971392756450782 0.005780905708680617 0.010042414995111937 0.6990198067957241
70 0.9975209450361255 0.005097870485413436 0.0038774457757608793 0.6982321208200323
75 0.9978291196437357 0.004375541726973409 0.0009992908384179877 0.6976364797777159
80 0.9980754623347339 0.003889648933693146 0.001265012977698543 0.6971045773226847
85 0.9982360584063174 0.003728244139568737 0.013812549183931488 0.6966927443311686
90 0.998441906419249 0.0031367109068023424 3.3707940346960896e-05 0.6963611609829522
95 0.9985801381981889 0.0028857112073932267 0.0003469434853620168 0.6961114730024823
100 0.9985542387277251 0.0030177282316546927 0.004400320007904357 0.693200190572158
105 0.9986199115356902 0.0029748358751660042 0.0012975619230239932 0.6932039606189545
110 0.9986773165687328 0.0026615747209552953 0.0001460892662275004 0.6932254939409761
115 0.9986764558358991 0.0026719888588666585 0.0007085705400715625 0.6933127666716774
120 0.9986647566059556 0.0026736501361666054 0.0002822278948805268 0.6932637100313025
125 0.9986693769646846 0.0027180267560653615 0.0010060227220182183 0.6932438851533176
130 0.9986705394491446 0.0027066756742830655 0.0005760351388386376 0.6932359964223277
135 0.9986730721592978 0.002670609050695827 0.000753273425510903 0.6932978449301676
140 0.9986475062753056 0.0027149582297718577 0.0005256479545834303 0.6931907285046016
145 0.9986699998484503 0.0026692398933874095 0.00040849449596525034 0.6932869547065935
150 0.9986598408797223 0.002758188326666522 0.0008499553731468046 0.6932554864239988
155 0.9986592061766834 0.0027586784974376055 0.0007858230063009231 0.6932336483730128
160 0.9986560842792545 0.0027729078092699755 0.0001483721935102711 0.69328393300025
165 0.9986617026218936 0.002680187337583906 3.8378162106278424e-05 0.6932630359237318
170 0.9986656898146065 0.0026780754720028277 0.0003181561118714704 0.6932070911569732
175 0.9986110676665056 0.002985859539935465 0.0023948817649483978 0.6932255510963715
180 0.9986654759249991 0.002690858422604192 0.00033781051864889555 0.6932511798822975
185 0.9986220365152456 0.0029303479368665286 0.0011996343291694744 0.6932689204790301
190 0.9986637516974451 0.0026906479503167047 0.0001592107676313681 0.6932499758386982
195 0.9986307740406007 0.002753896986410709 3.293714690233429e-05 0.693268596841281
200 0.9986408431846582 0.002831321143804022 0.0006019357560268501 0.6932476310124289
205 0.9986531875966264 0.002761847306311793 0.0004933178935493387 0.6932594835433565
210 0.9986594082300184 0.0026925825662978964 0.000563124507172108 0.6932678524769633
215 0.9986458707497579 0.002711977637705809 0.0002092697296390833 0.6932824758569267
220 0.9986576929167998 0.0026960631682576564 0.00010756674578193959 0.6932329961170238
225 0.9986571513822534 0.00271677349657673 0.000624107781747707 0.6932691737965115
230 0.9986496346842257 0.0027041162929457574 9.718005398395846e-06 0.6931999803442709
235 0.9985524342274681 0.0032261758105800453 0.002046139551053594 0.6931577335481549
240 0.9986235851018997 0.0027676174065096593 0.0008243706389992056 0.6932405114785343
245 0.9986388205326664 0.002818011992255398 0.0012690621394879642 0.6932339391924124
250 0.9986490036865285 0.0027562406411263396 0.0004455003957150039 0.6932463685374692
255 0.998650478466899 0.0027413459457882317 0.0007616853041712002 0.6932987415429568
260 0.9986518001073985 0.002718342504424265 0.0010495284087137513 0.6932680586013952
265 0.9986329980302687 0.002739378527274239 0.00031859475223827705 0.6932559632382087
270 0.9986329373664693 0.002739136344687143 0.0002993404698912183 0.6932567401263525
275 0.998633207444194 0.0027380929145823796 0.0004186157997265738 0.693220448150175
280 0.9986462999564909 0.0027494933200873373 0.00039493087048414477 0.693276801784386
285 0.9986350393061694 0.0027333086966019327 2.2678571567347205e-06 0.6932553008646302
290 0.9986452220696271 0.002747489066189157 0.0020107451510593677 0.6932849032345436
295 0.9986429071654402 0.0027608708480875155 0.0015454026403693977 0.6932622537440922
300 0.9986020468110798 0.0028204061085010945 0.0007756294531199304 0.693243284500275
305 0.9986305524018594 0.002828520105235821 0.0015716122410531774 0.6932862180420897
310 0.9986395854463033 0.002771470510945173 8.241935382735655e-05 0.6932234393055667
315 0.998641301534031 0.002729117040012552 1.1808741322560934e-05 0.6932785332270105
320 0.9986144403075201 0.0029038247216153223 0.0001982584730028103 0.6930896898478863
325 0.9986403412510263 0.0027467554616520395 0.0010264025468310622 0.6932422916496005
330 0.9985719329963447 0.0029066852539012533 0.0030977160895939715 0.6932328194336239
335 0.9986352884812647 0.0027801128481964588 0.0011095679013490845 0.6932715404818224
340 0.9986377717193786 0.002751947037417657 0.00013826461996413464 0.6932529669302255
345 0.998636422932849 0.0027406534441893893 0.0007455850642504869 0.69321051960558
350 0.9986352969450194 0.0027417182780645755 1.2733420645449911e-05 0.6932780526584496
355 0.9985882841878144 0.0028515874892348636 0.0016215256402973832 0.693210463170427
360 0.9986240963143056 0.002831092258860801 0.0005243503535988792 0.6932600994488826
365 0.9986329565917111 0.0027668339283708487 0.002525240407113105 0.693264733023722
370 0.9986282207432989 0.0027989006919955095 0.0004486985297915691 0.6932778829431531
375 0.9986315836636939 0.0027645312888464613 0.00039655919995018607 0.6932877095373446
380 0.998572846566097 0.002893613635633119 0.0024597478968515496 0.6932283806979292
385 0.9986285648114913 0.0027824032492530515 0.0006037351584116113 0.6931851064564033
390 0.9986151276087898 0.0028624692421453934 0.0016380483518999567 0.6932156502854836
395 0.9986232627287621 0.00275837103763954 0.00012869769683354626 0.693307314622325
400 0.9986159155608985 0.002851995801492091 0.0018475305496743477 0.6932728803762268
405 0.9986264397400009 0.002772870343322742 0.0017373030460752226 0.6932385228932785
410 0.9986150161897422 0.0028509267105855107 0.0011413469755270356 0.6932149389722106
415 0.9986098335204103 0.0028765442145377573 0.0009331358691342384 0.6932549716187886
420 0.9986237323658347 0.0027706192925164297 0.0003799894226012013 0.6932641059141921
425 0.9985996415559866 0.0029241030576308003 0.0006411098768912549 0.6932667951909819
430 0.9986170255889788 0.0027709322081448384 6.415369409229488e-05 0.6932482020118863
435 0.9985755603013537 0.002875004290079919 0.00027221536495058984 0.6932063081023087
440 0.9986127168805339 0.0028443021941404467 0.0010394827712927324 0.6932319010071967
445 0.9986117469767639 0.0027800752585804833 3.644470643271447e-06 0.6932454671380198
450 0.9986182259363752 0.0027794332834436553 0.0005067029816856472 0.6932442768290137
455 0.9986163835235676 0.0027783801449176027 8.149240461663432e-05 0.6932322174729755
460 0.998587882943736 0.0029655008289717344 0.002514488818136096 0.6932102563690795
465 0.9986156670643493 0.002785195065571733 0.0007727649400157688 0.6932447346611806
470 0.9986109409837551 0.0028330751982645896 0.0011628430070544926 0.693243722405173
475 0.9985915804657635 0.0028241414268610487 0.0001935090011120355 0.6932107893274778
480 0.9985856559348103 0.0029661404247796064 0.003313683213240659 0.6932491759943918
485 0.9985258161089214 0.003244249411947231 0.0007782650657568446 0.6932370771499773
490 0.9985573741582587 0.0029192727174021105 0.0013031362262865276 0.6931975370467555
495 0.9986090790690121 0.002792715916654309 0.0002593235973131769 0.6932255244869477
500 0.9985896316194872 0.002826657279742184 0.00027453653623998875 0.6932929907047144
505 0.9986056000100932 0.002840070804851713 8.288982619308882e-05 0.6932502096989787
510 0.9986063376984099 0.002797671655346945 0.00041971091943382444 0.693220950773278
515 0.9985836463863211 0.002840458453299055 0.0007399288394890347 0.6932526918543107
520 0.9985851005187476 0.002948286584202986 0.005539492706855609 0.6932515618968905
525 0.9985986392469881 0.002870304656556022 0.001017596965682488 0.6932590296072175
530 0.9985798112184388 0.002848812696150449 0.0005863561111949522 0.6932188705280857
535 0.9985952732375997 0.002883604217146285 0.0004433196487856339 0.6932491855724685
540 0.9986023943938436 0.0028265595177559 0.0011961133315938621 0.6932562718100276
545 0.9985737794990261 0.00286299963995873 0.00010966617555085989 0.693247937445774
550 0.9985606098942545 0.0030547296532396073 0.002352279550665637 0.6931553518043677
555 0.9986000365565575 0.0028213667479755067 0.0007774535106639391 0.6932630786987418
560 0.9985936178936217 0.0028755538356382004 0.0024957176178052043 0.6932253363182643
565 0.9985885268891705 0.002902759766728824 0.0008550245642912069 0.693272128696666
570 0.9985850350439899 0.0028332360430767256 0.00016395742498387378 0.6932329717508654
575 0.998595480400632 0.0028223325206415684 9.165127273280671e-05 0.6932718551482722
580 0.9985664501500495 0.002878242373067774 0.0004293519093601095 0.6932093798582443
585 0.9985918051656801 0.0028245698697657584 0.0002075037649036382 0.6932650973609339
590 0.9985912150246038 0.002866198746368287 0.0021654927141737668 0.6932411736094827
595 0.9985888163215608 0.0028287825506452258 3.0504282815257966e-06 0.6932566085105047
600 0.9985896758513102 0.002867683004355026 0.0009028241225883527 0.6932443528783223
605 0.9985911541902004 0.0028430528507895625 0.0011352068546358618 0.6932600746303783
610 0.9985623052996844 0.0028855882272845745 0.00014914869637117079 0.6932307820855961
615 0.998585673025348 0.0028831544158093303 0.001153013506001832 0.6932731428913701
620 0.9985765743067665 0.0028501337568941354 0.0001663514418697165 0.6932488192888323
625 0.9985867989196127 0.0028412211303501245 0.0001309732464558344 0.6932588541118624
630 0.9985759621663366 0.002851360949193138 3.486653701256781e-05 0.6932131104263807
635 0.998584984352676 0.0028445849881606478 0.0003227953459183919 0.6932667727202322
640 0.998583481325221 0.002845247110243254 0.0006739071935936147 0.6932263071756936
645 0.9985814363391177 0.002885822696240714 0.0005757944350477384 0.6932202380918661
650 0.9984591547228843 0.0034743656349339735 0.002292061226798703 0.6931524970282215
655 0.9985610087316168 0.002884033382434481 0.0003483181243899569 0.693192644324771
660 0.9985746909616039 0.0029192652214868886 0.0010247810739043572 0.6932770533882702
665 0.9985801194817538 0.002871315654796147 0.0006209962660692625 0.6932340062733918
670 0.9985771904028184 0.0028934202892885175 0.00041674418933157487 0.6931538295394397
675 0.9985782986645542 0.002861324404048071 0.0005044348281151301 0.6932276545369932
680 0.9985683003434223 0.002943910553097062 0.0008571566103389161 0.6932656053676658
685 0.9985366470027347 0.0029460068633437864 0.00014163941644351752 0.6931465249539418
690 0.9985664149170326 0.0029482100432387526 0.0011363052072992375 0.6932439667861726
695 0.998538703880373 0.0030902003111336063 0.0026585911239842552 0.693247317347702
700 0.9985613344263896 0.0028806914449743815 3.324673405269429e-05 0.693270889008329
705 0.9985654692089572 0.0029430800385088496 0.001771959504995646 0.693280432348033
710 0.9985687632808415 0.002917631976060875 0.0014264964400780844 0.6932367347517392
715 0.998569631915354 0.0029058196655491475 0.0011177507917505825 0.6932830917283522
720 0.9983904893550377 0.0034066065378960397 0.0015466073236010125 0.693097604410828
725 0.998567298984772 0.0029139562986923995 7.701299112450322e-05 0.693208996029382
730 0.9985604339850274 0.002882990504082028 3.299292996783443e-05 0.6932363180263499
735 0.9985579578655686 0.002887565059772612 4.243887189725459e-05 0.6932820388470711
740 0.9985661115855697 0.002906221569914713 0.00015764578738464152 0.6932406490374102
745 0.9985658044584188 0.002886832721136212 0.0009584587669153599 0.6932421575010133
750 0.998543531098699 0.003037451357657206 0.00019948709098482897 0.6931883382856507
755 0.9985621750458705 0.002923856482203946 0.0011587508917915157 0.6932647603932395
760 0.9985512406864062 0.00298990551402345 0.0012697640432055568 0.6932381158398381
765 0.998557213259649 0.0029504139850685673 0.0015726188973230748 0.693216773757618
770 0.9985194350950026 0.0029816015475927493 0.00033472474554896436 0.6932427454551723
775 0.9984958573741122 0.0030506334930746615 0.0018295792684392964 0.6931941927069807
780 0.9985524462617087 0.002968604830186017 0.0017632757704012514 0.693247965463635
785 0.9985587091266996 0.0029141373790679825 0.0007181420119773962 0.6932317618070291
790 0.9985467798785449 0.0029098191146219587 1.7397195429591505e-05 0.6932233150933088
795 0.9985465824589199 0.002910288810877737 4.3143448325233535e-05 0.693182377446642
800 0.998556099307122 0.002917601546843507 4.234648633150151e-05 0.6932399730088855
805 0.9985386820031623 0.00303122096074393 0.0017609087602171725 0.6932807012278288
810 0.9985394781138034 0.0030237291734593885 0.002449823907434867 0.6932377332299308
815 0.9985525725026756 0.00291015438538178 0.0003646682732443285 0.6932116176548863
820 0.9985226551070899 0.003105957297740436 0.0029959591048490664 0.6932142452793719
825 0.9985384241675348 0.0030200681066872015 0.003130952073042148 0.6932491697831281
830 0.9985470714833495 0.0029631109991836713 9.283846570684595e-05 0.6932304285980218
835 0.9984997302637422 0.0030275771548475827 0.0013769777440839626 0.6932653146923247
840 0.9985466214716687 0.0029566110580676597 0.0003304060309945456 0.6931891875217157
845 0.9984476928485321 0.003186225846041335 0.002099643073793178 0.6931992768891273
850 0.9985425885495041 0.0029217187726184868 0.0002116134754237553 0.6932941027894257
855 0.9985432980928066 0.002922883082329575 7.220146712505482e-06 0.6932641636516671
860 0.9985170301929253 0.0029752855299562952 0.0009932956415192873 0.6932395861033187
865 0.9985370557193802 0.002930523364252813 0.00014995709097975762 0.6932355047270482
870 0.9985059401223696 0.0031628476072704803 0.002838223610666768 0.6932331836812199
875 0.998526911176641 0.003052256347711335 0.0032645370942259166 0.6932403278972968
880 0.9985364410308126 0.002933518692273096 0.00013589504053057588 0.6932594504516737
885 0.9985376272467132 0.0029341427983788915 0.0010577634262556312 0.6932625897432139
890 0.9985196869389277 0.003082113175670642 0.0060165067695132635 0.6932410814396133
895 0.9985385620972507 0.0029436392695465496 0.0002625139229834872 0.6932744642014171
900 0.9985377413220696 0.002956424126265511 0.0005286660927835696 0.6932179978625637
905 0.9985193528895695 0.0030751671895772326 0.0009999798220602374 0.6932482482028065
910 0.998531586432799 0.0029440088378582807 0.0005481848517934207 0.6932873146876929
915 0.9985338503102014 0.0029762986787005286 0.0012331105357725747 0.6932865563365185
920 0.9985341212682917 0.0029635721897740552 0.0011917511828105631 0.6932601612610686
925 0.9985321221070338 0.0029794701964009906 0.00039683794963929486 0.6932361073077731
930 0.9985295018560354 0.002950714218033168 0.0007027405679198573 0.6932578417104565
935 0.998378068676884 0.003716951865730289 0.002497132893014342 0.6931178075964637
940 0.9985304923743912 0.0029696093947086943 0.001446418749657452 0.6932968594576753
945 0.9985286978049747 0.0029842932268130395 0.000612789803638103 0.6932544625145342
950 0.9984886617108584 0.0030402081028486627 0.0010130678938257143 0.6932049153467987
955 0.9985277859806334 0.0029768896813799905 0.0005330181619855878 0.6932688779150226
960 0.9984518859923142 0.003376445615092205 0.00012401839419939886 0.6931250715955128
965 0.9985026379721641 0.0031291275398374063 0.00019828307207658824 0.6932316348050825
970 0.9984990167184389 0.0030098002345064767 9.36913983435872e-05 0.6932278716824716
975 0.9985115530801947 0.0029803513420285643 4.828683826119118e-05 0.6932593078747662
980 0.9985160916804589 0.002972671891428913 0.00011717254502341401 0.6932443779380689
985 0.9985157717399418 0.0030428854950084183 0.0020178222706901394 0.6932491476283984
990 0.9985202551319371 0.003005312471840771 0.00016731759167598614 0.6932690044436154
995 0.9985189019911742 0.0030110268502070436 7.651950388454232e-05 0.6932404685904767
1000 0.9985177048727392 0.0029765196797350013 0.0012213292300642387 0.6932985956601153
