0 0.711279333701627 0.6813933244036616 0.6099229787004045 0
5 0.8400932659917828 0.3721371973755856 0.3291111048529024 1.084976018183675
10 0.9039655786900103 0.2378835381199501 0.23192061121629481 0.9381219947212059
15 0.9354197354807883 0.158941599301631 0.13242538488219946 0.8570084387805443
20 0.9579695491767796 0.09809021128180706 0.11538426357429132 0.7950000060837429
25 0.9738804116122701 0.05779623852109983 0.10742211558482462 0.7531532264810467
30 0.9832590606926827 0.03547927493669922 0.03413335312616339 0.7297485356180262
35 0.988507732855094 0.023600593967634254 0.05997239573495605 0.7172952738799191
40 0.9917421093984586 0.016841176990253226 0.011092876976698585 0.7103564292758392
45 0.9937830091108063 0.012800570630256636 0.0022387670375949575 0.706094507980948
50 0.9950695457685397 0.010038556483805028 0.0006824135520412389 0.70335772634487
55 0.995973349456299 0.008156406021801565 0.011496011510404247 0.7014614229962117
60 0.9966396726170013 0.006871033132444859 0.012310087139875803 0.7000367776322111
65 0.9970989940093171 0.005813386403935694 0.0004207394169253309 0.6990392439013858
70 0.9975173576874036 0.005044725001628114 0.01240356060637171 0.6982996908594327
75 0.9978171359840615 0.004458677323172955 0.007776444661068527 0.697633614792109
80 0.9980647088132751 0.003902583065948817 0.002024877810171688 0.6971115577780072
85 0.9982531393732954 0.0036014837369711117 0.001827590730848705 0.6967411174581187
90 0.9984235340783219 0.00315716116846787 8.60017350641229e-05 0.696359568775716
95 0.9985616282246179 0.002880178009824874 8.475438387489653e-05 0.696112571656271
100 0.9986270877031703 0.0027737669452114755 0.00038014480048331745 0.693249214538862
105 0.9986687312215963 0.0026996958241594093 0.0005895794749355421 0.6931985908767241
110 0.998668748255974 0.002673244931173935 0.0005439703498728576 0.6932397830664692
115 0.998652266284053 0.002700699956793118 0.00030862533271713843 0.6932476094443902
120 0.9986380263520807 0.002860408665249503 0.0010891904749553705 0.6932555689638155
125 0.9986576657980546 0.002687732049921676 0.00010279939593860199 0.6932627698535353
130 0.9986551796927661 0.0026929471431164087 2.0149442607753087e-06 0.6932465766709522
135 0.9986158615519256 0.0028020173621077227 0.0001690807336234279 0.6932149842613959
140 0.9986517041879264 0.002700438859926324 0.00010723994103700729 0.693226690959133
145 0.9985788162401774 0.003124498176006796 0.0011871982953319815 0.6932074924737952
150 0.9986524436312822 0.0027727771373454724 0.00013482487825533518 0.693246991326705
155 0.998646216443486 0.002803625337269744 0.002043513497895444 0.6932989225271803
160 0.9986217249260416 0.0027801381992665908 0.0005554041550192013 0.6931982277273266
165 0.9986606435049507 0.002707946365682279 0.001535464022436983 0.6932456803586171
170 0.9986341891884545 0.0027428489844172343 0.0009661590179808055 0.6932027732343614
175 0.9986545959785849 0.0027457041319411957 0.0007197943464133383 0.6931840837764328
180 0.9986572827438499 0.002694074216654352 0.0005210674684927863 0.6932453396865665
185 0.9986498200815394 0.0027684853644316387 0.0028637961021005243 0.6932620990125977
190 0.9986554903903414 0.002697136231826658 0.00021868990308959724 0.6932126270432228
195 0.9986309545430634 0.002863009297946695 0.000199245568980988 0.6932389842950449
200 0.9986551401921187 0.002720363158982275 0.001963827247544625 0.693305887356556
205 0.9986321095939222 0.002744504588196639 0.0003632983476955509 0.6932472153127072
210 0.9985662596996443 0.002944934389452869 0.000903269027499709 0.6932173257736856
215 0.99864928922453 0.0027063841633108154 0.00042405080380636395 0.6931476838941694
220 0.9985745272611937 0.0031166901439023675 0.001398458166013472 0.6932168996049936
225 0.998590543090424 0.0030422075430021067 0.0033076381795429377 0.6932210863711962
230 0.9986507695993043 0.002726255117741383 0.00013971273172530552 0.6933065340089851
235 0.9986451955916775 0.0027138435916045367 0.00011554326007412463 0.693259603825675
240 0.9986453278134214 0.0027142816312581974 3.331871983758283e-05 0.6931382096208953
245 0.9986162394574334 0.0027835623263396947 0.0013534728716662059 0.6932333690973629
250 0.9986314989438188 0.0027419670665174145 0.0002932237814613492 0.6932525648920245
255 0.9986374950703366 0.0027995014701498455 0.0007692439311397514 0.693271597866886
260 0.9986057283264274 0.002957860152054126 0.00230952651442462 0.6932212152817777
265 0.9986452005703955 0.002740232712636459 4.578612694450257e-05 0.6932518230186662
270 0.9986259290537206 0.0028541613506019026 0.002532008571518918 0.6932407740642204
275 0.998631534136565 0.002740463477134858 0.0006055934551947306 0.6932396221157614
280 0.9986407065089967 0.0027633582520141253 0.0007919312738229323 0.6932383655813252
285 0.9986231974276143 0.0028611139261441876 0.0017579162103285029 0.693256036180315
290 0.9985965772528612 0.0028344921179757065 0.0012579627519425651 0.6932392114904286
295 0.9986410555474848 0.0027367044325834478 0.000812731198524097 0.6932686427603143
300 0.9986361403879356 0.0027798844324002925 0.0006098357388097941 0.6932348698415381
305 0.9986385082323059 0.002734191235771566 0.00038878675368070326 0.693238438175808
310 0.9986266711961909 0.0028300532482600227 0.002240359322230434 0.6932139863784574
315 0.9984956223285563 0.003156018796351856 0.0023339653030804985 0.6931167798531568
320 0.9986228647438005 0.002758237798929697 0.0002330078104495481 0.6932345021349922
325 0.9986168283164563 0.002874886323091963 0.0005933818944725555 0.6932231925444325
330 0.998601634440495 0.002813533449152139 0.00030275738076146474 0.6932480762577491
335 0.9986347163464031 0.0027469127467405485 0.0008632308620398765 0.6932430875190465
340 0.998598058253366 0.002822440961947059 3.9864909037845564e-05 0.693231445159569
345 0.998633022728453 0.0027624921313704753 4.173567619969454e-05 0.6932866617247174
350 0.9986183157403861 0.0028548788366808964 0.003027815256832378 0.6932336995997223
355 0.9986180310078538 0.0028538136338309705 0.0009071930484932933 0.6932640247530205
360 0.9986307408460049 0.002766173463471855 0.0014727409843440231 0.6932061015271671
365 0.9986174655507367 0.0027685652614498624 0.00026843375542284775 0.693239978094862
370 0.9986227225497926 0.002818570715204638 0.00047984644470910887 0.6932280700291811
375 0.9986285956317351 0.002761783892006653 0.00011538577185821186 0.6932792825925941
380 0.9986275673196947 0.0027735241539454947 0.0001411454667809009 0.6931733038272019
385 0.9986217169391081 0.0027609993062907012 0.0001245561517656535 0.6932416394994177
390 0.9985937124055309 0.002827812426524301 0.0010919855642614884 0.6932187743433658
395 0.9985989646016407 0.0029331423563285774 0.0015039837554996494 0.693205721668198
400 0.9986203596634962 0.002813534498509185 0.00044548699636648426 0.6932425110354165
405 0.9986238855769436 0.0027706317333460184 0.0013904719432915602 0.6932768092072901
410 0.998620396014674 0.002766447372900327 4.609477152639485e-06 0.6932742222680384
415 0.9986204513081627 0.002801132691891195 0.0010864424822927266 0.6932705920978868
420 0.9986203989702851 0.002796508860604785 0.0016605515036980378 0.6932512611226529
425 0.9986061390616383 0.002791709251226182 0.00040365873781667005 0.6932594036503263
430 0.9986200193085999 0.002778415145006319 0.0013915761675082905 0.6932299326844538
435 0.9985792705458522 0.0028629668088056004 4.6689682333678206e-05 0.6932222370832944
440 0.9985999750459553 0.0029070721386046383 0.0021394294882837173 0.6932036234866039
445 0.9986013950884527 0.0028017600060492587 0.00034541981681579514 0.6932624286319231
450 0.9986020389722754 0.00289122479434778 0.00019856688304020764 0.6932334745706775
455 0.9985567382256075 0.003110041764920135 0.001892826848676643 0.6932392513739998
460 0.9985730585628564 0.0028774523878292158 0.0007596826997905426 0.6932457795650356
465 0.9986122920890531 0.00278359924086935 5.988723875471891e-06 0.6932583363706459
470 0.9985888195731707 0.0028316495618208037 0.0007041438851856929 0.6932525949063258
475 0.9986080369139534 0.0028425699807493876 0.00018176019482640804 0.6932062716302559
480 0.9985969692615686 0.0028102238920224565 0.0003072352482245133 0.693262444061502
485 0.998586704493468 0.0028356563350014907 0.00037319666999535706 0.6932436854015507
490 0.9985894740201361 0.0029378912632636034 0.0006085594196089117 0.693251570880588
495 0.998602890549356 0.002861563000751577 0.0023003301162802803 0.6932488469673374
500 0.9985959397571527 0.0028116661388148945 4.2046125114825195e-05 0.6932241236513548
505 0.9986026426716417 0.0028564939914692555 0.00067804300194374 0.6932396444894858
510 0.9985927544988702 0.0029105421302806356 0.0035039971308648 0.6932526426367785
515 0.9985781337787021 0.0029832688457691603 0.001545361067811224 0.693212158560057
520 0.9986029111355933 0.002843189857560824 0.0006757733020827938 0.6932536527779098
525 0.9986026278476787 0.002841127713648195 0.0010489094547248001 0.6932423456867631
530 0.9986038424246808 0.0028072029080898897 0.0001335256890662162 0.6932360903631168
535 0.998603312517005 0.002810378023632376 0.0001078405480571254 0.6932473824862256
540 0.99859578949082 0.0028758907234136544 0.0025287157092106494 0.6931978066936532
545 0.9985867506794373 0.0029244769744510846 0.0005432229122150911 0.6932168907598542
550 0.9985925536337867 0.0028890225848938744 0.00019163007817668554 0.693254778645855
555 0.9985094444089776 0.0032873980582406315 0.0032999141769238793 0.6931138592443595
560 0.9985571321917797 0.0030658295815925163 0.0017277230905363705 0.6932070806356837
565 0.9985980995780257 0.0028387341108808695 0.00035841160371707925 0.6932703610289376
570 0.9985979744374696 0.0028312307958427985 0.0008408795798560131 0.6932567270859223
575 0.9985944545123431 0.0028189245545011676 0.00045027525782448397 0.6933014763240141
580 0.9985477472416147 0.002933292363356488 0.0024121081197884253 0.6932159134320492
585 0.9985937506083264 0.002822218521992381 0.0009663145804391648 0.6932516780878764
590 0.9985853089444903 0.002907620430283253 0.0034697198645833316 0.6932400829031893
595 0.9985940528824485 0.0028378418015149176 0.00013423196387629677 0.693244837649046
600 0.998469039559175 0.0031795544412199783 0.006984601069526919 0.6931146212954203
605 0.9985799281924759 0.002843529573176351 7.389479539909871e-05 0.6932489143474317
610 0.9985874673550464 0.0028812180475810134 0.0007227374980803836 0.6932501700461927
615 0.9985074297254593 0.003274319947403903 0.004075751537368277 0.693189365926166
620 0.9985848364308066 0.0028913447332815645 0.004088436674926754 0.6932760263325956
625 0.9985755004205823 0.00294326260748079 0.000561236479053262 0.6932595530002368
630 0.9985519614977417 0.0029133480160641323 3.71437999142632e-05 0.6932320067524177
635 0.9985836079113412 0.0028886555720042395 0.0011746193197410548 0.6932553889029084
640 0.9985811857561501 0.002901064875556969 0.0015610426425625157 0.6932652900307161
645 0.9985855563820231 0.0028628548293256895 0.0008576158071866846 0.6931108944182774
650 0.9985834132758546 0.002843355404355652 7.542233884239025e-05 0.6931870996652495
655 0.9985839076535411 0.002847633082082579 0.0004581745172420604 0.6932427837532963
660 0.9985745960218986 0.0029280703902572203 0.0001320161622047067 0.6932641223142949
665 0.998582722823979 0.002863292193499789 0.0008670573421540873 0.6932506729066121
670 0.9985545424104323 0.0029010672346283517 2.027038479401888e-05 0.6931976518607218
675 0.9985813033936817 0.002860379496961496 0.0005977674280444045 0.6932587069389203
680 0.9985300105469233 0.0031447047878543355 0.00017184098083622423 0.6932057280793432
685 0.9985796932698332 0.002867277808046964 0.00048180932743402405 0.693240529254259
690 0.9985753335346037 0.0028563843983313575 0.00011667144846061461 0.6932917969318809
695 0.9985376565223487 0.0029448893963821554 0.0012689221643822357 0.6932388325619732
700 0.9985764738677559 0.002861132405376332 0.0001257806442944709 0.6932494743741505
705 0.9985466359327964 0.0030534646427448076 0.0015779537040168101 0.6932022624651816
710 0.9985572502169455 0.0029966807283192676 0.00020000608203640802 0.6932354271959177
715 0.9984424408232258 0.003241342306179562 0.0006629797373395308 0.6931331742191719
720 0.9985596234066143 0.002978703018771567 0.00019890320433080255 0.6932508588435531
725 0.9985442258241144 0.002922509018974173 0.0014901018376678454 0.693261249919314
730 0.9985709518172607 0.0029001872956777586 0.000392489292554532 0.6933191547274304
735 0.9985483701642548 0.00303065534669944 0.0014800672564299067 0.6932001678682859
740 0.9985692655468492 0.0029047412471857603 0.00123156506721811 0.6932431011617871
745 0.9985607577122322 0.002881982839946007 3.067021392411107e-08 0.6931793748044237
750 0.9985675248476251 0.002875996004928938 0.00034977839046435033 0.693252835508734
755 0.9985638564409354 0.0028784007035447257 4.7813296764509516e-05 0.6932154388626927
760 0.9985625153749891 0.0028805739508723782 0.00011437701757099905 0.6932626633868395
765 0.9985033172139055 0.003235031849722958 0.005851559234152814 0.6932021906338559
770 0.9985393829748899 0.0029304607767676183 0.00025803312120942223 0.6932417966194039
775 0.9985576689265871 0.0028887215240325226 3.639761634943728e-05 0.6932482801224191
780 0.9985576093319457 0.0029548218315516017 0.00042483826028072436 0.6932433010774252
785 0.9985566382978748 0.0029575163802008086 0.0013546025865647238 0.693198360097209
790 0.9985481694776093 0.0029073539872819243 0.00041276002084811303 0.6933019544886454
795 0.9985620402054965 0.002901882233191655 0.00047248979302283445 0.6932996356988036
800 0.998558434404474 0.0028919386746513176 0.00020936254067838167 0.6932138707859398
805 0.998557585984805 0.0029361656974147277 0.0006883129998915827 0.6932400824972997
810 0.9985596021326233 0.00290311424478773 0.0006423437848632751 0.6932608052711332
815 0.9985549810295842 0.0029466326386964337 0.00045124284505815293 0.6932201760107154
820 0.9985495592062696 0.0029780742369891477 0.00019279089367185698 0.6932687109479471
825 0.9985545616772695 0.0029000889536430208 7.062572427329883e-06 0.6932302774414683
830 0.9985552203325789 0.0029305436885279645 0.001862041239622858 0.693258233019928
835 0.9985529101663975 0.002944829159288953 0.0011927197316667915 0.6932601482163698
840 0.9985429752050778 0.0029174143309563805 2.3910041176300467e-05 0.6933011965710311
845 0.998553240209999 0.0029090569535256128 0.000573379317429179 0.693250297883383
850 0.9985389986448022 0.0030211262583150766 0.0009168500812579694 0.69324110634799
855 0.9985459022954015 0.00291299841910142 0.00020500874980289296 0.6932227301149697
860 0.9985447544660409 0.002915120077275679 4.5911788969510425e-05 0.6932962407775279
865 0.9985102924918859 0.0031602771197625223 0.004813984136148308 0.6931835321652768
870 0.9985470548636379 0.0029148379027931215 0.0003562189584500608 0.6932509259161374
875 0.998549058728945 0.002925048226354976 0.00043942878486280534 0.6932550240426865
880 0.9985424647628481 0.002920424994751647 0.0002703828798752417 0.6932320071519287
885 0.998545178070493 0.0029586288480367706 7.785313837072039e-05 0.6931776923548736
890 0.9985442048206518 0.00292156144100586 0.00033122550353414937 0.6932207095354844
895 0.9985122945212344 0.0029888198991558923 0.0010237013246974236 0.6932529061635891
900 0.9985438950326553 0.0029534652813716367 0.001190179809925862 0.6932301472745475
905 0.9985219004103543 0.002962525980794606 0.00044815315671808964 0.6932714862205687
910 0.9985432957264246 0.002935113741857731 0.0007767024052689475 0.6932349749447104
915 0.9985258559471775 0.0030572475667494103 0.002539869754780044 0.6932462812086334
920 0.9985346976023988 0.002935235075785858 6.49911701657846e-05 0.6932073048644213
925 0.9985292503310119 0.0029449105100485262 4.951772740735549e-07 0.6932332063653722
930 0.9985376004287173 0.0029347318417267676 0.00031253234743333635 0.6932384890550679
935 0.9985391372511956 0.0029416887516987567 0.0002574122401113321 0.6932641802892191
940 0.9985324545742416 0.002940422029235723 0.0001331797695456327 0.6931879491950403
945 0.9985344705794119 0.0029396965658371466 0.0008939724791801051 0.6932542208026132
950 0.9984825030044233 0.003066243308667893 0.00040183799331217074 0.6931626850432334
955 0.998535956828658 0.0029598389081679777 0.0008124617763820563 0.6932711749584272
960 0.9984623708281599 0.0031255045343426824 0.0016059189528485618 0.6932074851216732
965 0.9985267956927003 0.0030225332674712613 0.0024373413195418747 0.6932598199420957
970 0.9984664273395114 0.003323737490528056 0.0019957941009789426 0.6931801314058199
975 0.9985303918617489 0.00294945499835797 7.372744057509983e-05 0.6931403514724915
980 0.9985320597992997 0.0029652444668206712 0.0014994600691857762 0.693169476817879
985 0.9985150765995472 0.0029737513170877694 0.0002501760595265967 0.6932408628160057
990 0.9985011990694754 0.0030076257542719365 0.0008658799388788774 0.6932121891049668
995 0.9985141206960964 0.0030778044575121566 0.0025112074011343077 0.6932374333413728
1000 0.9985282751206639 0.0029615056875395007 0.0005024583101344016 0.693241515431519
