0 0.6939696095196195 0.7306851052538987 0.5188912864537275 0
5 0.9996780981327116 0.0006884343527362446 0.0014925324292702769 0.6951739296430313
10 0.9991739224695871 0.003033377524244152 0.008708882427860276 0.6948967615712935
15 0.9998375648971485 0.0004062075394966058 0.0019499289200919367 0.6949387274985791
20 0.9991121988561602 0.003380075433427998 0.0032051315114252077 0.6946399195719459
25 0.9998878004195704 0.0002669591501969215 0.001111011153960506 0.6948776507988764
30 0.9997465118017332 0.0008506973080570912 0.003016906405658548 0.6947096234605341
35 0.9998719040301189 0.0003545224286353177 0.0013823882047024894 0.694553258082585
40 0.9992926892565992 0.0026922445720857224 0.003167197850732051 0.6944168186232925
45 0.9997834368073075 0.000723711636795854 0.0021433185176631397 0.6941615767897157
50 0.9992413862933235 0.0029042765140108173 0.0031887995441719497 0.6947327732331041
55 0.9996771396213837 0.001154827545666981 0.0016892784316675513 0.6945359333715677
60 0.9999097022211871 0.000200787555400872 0.000560222614091499 0.6944943740484218
65 0.9997948679595562 0.0006507890035096775 0.00014026590568338992 0.6941657637293822
70 0.9999242145827083 0.00015534756453516874 0.0005679000259519729 0.6943218707724208
75 0.999820336926199 0.0005587665187805069 0.002649079524506215 0.6943622928422972
80 0.9998111118420783 0.0006262925803617314 0.0030108434457278843 0.6942964226706202
85 0.9998862763830118 0.00032361025038762925 0.002538200365565624 0.6945419059021701
90 0.9999051581266222 0.00024746687374144205 0.00011307556172446276 0.694153888979389
95 0.9998090924196904 0.000637521448257794 0.0005089280351879832 0.6942300092219679
100 0.9997653573500401 0.0007820236573248263 0.00643778396549477 0.6939653439307607
105 0.9996317992473721 0.0013536513435681297 0.001747266255125779 0.6944394438913907
110 0.999814592256238 0.0006183693769445942 0.0007630768468946947 0.694204000335802
115 0.9995942862132121 0.0015099211871265616 0.0013946665181996387 0.6944031072497754
120 0.9999229920512642 0.00017740976170899092 0.0014617666021181641 0.6942321287839394
125 0.999925153207855 0.0001761140259077809 0.0007524866200472324 0.6939724880417789
130 0.999883146525137 0.00033588474983625716 0.001003772826910665 0.6940772161144056
135 0.9999374185095791 0.00012822147682345353 0.00031985145417801064 0.6944295123732417
140 0.9997639527371613 0.0008062935896373524 0.0028559499326263893 0.6940812152366546
145 0.9997715547306854 0.000777130111962343 0.004363757329305273 0.6943288451955479
150 0.9997030528557007 0.001080951047121248 0.004319659617944782 0.6942118202053021
155 0.9999234183121354 0.00019171261599315592 0.0005632515575286767 0.6944050609687272
160 0.99983729292842 0.000542438036123527 0.00043156512575670547 0.6942068653259663
165 0.999928811829515 0.0001691029295525226 0.00045482603902757823 0.6942677076553037
170 0.9998520341055228 0.00046312278216309455 0.0003318895644250919 0.6938575986745272
175 0.9988065496663094 0.004688800729068521 0.00884550710260501 0.6939453319887064
180 0.9999088974012981 0.000245116322229344 0.0008190338724279878 0.6941147730407919
185 0.9998940136613773 0.00031703233898316974 0.0010151124256390087 0.6942775190458006
190 0.999939515880254 0.0001289583025997354 9.041514762342384e-05 0.6939522863667349
195 0.9989205468471596 0.0041639862623925605 0.003161601382529522 0.6939773196568558
200 0.9996644318012572 0.001248131112684625 0.000768616169304126 0.6939370124351817
205 0.9999453236575588 0.00011229111004706915 4.8721260748840756e-05 0.6941437652433412
210 0.9998641096868289 0.0004445343829968529 0.0038481374825043435 0.6941810792323015
215 0.999701148253124 0.0010697479852195269 0.006871665314503561 0.6940826069980491
220 0.9999142411169595 0.00024283064787422592 0.0001401400713445522 0.6939166097386422
225 0.9997773531564249 0.0007970793781830743 4.7941858281275174e-05 0.6939832073286456
230 0.9998920359154839 0.0003219227717010664 0.0026563837180845207 0.6940204409383591
235 0.9982433575299485 0.006964648053746414 0.000157651816705906 0.6935234283794308
240 0.9996685745387748 0.0012064475200131985 0.00574392954133196 0.6935290482457644
245 0.9995184431961519 0.00184243057947453 0.0018012947462608953 0.6939255198326947
250 0.9994200077724985 0.002237374318572516 0.004412430346342311 0.693918565263794
255 0.9996710415423857 0.0012281869775661036 0.0020926619661461032 0.6941349693431615
260 0.9998973124024908 0.00031760515834355907 0.0035708585180708186 0.6939989063272314
265 0.9998916094864301 0.0003280250232158277 0.0014581881253475926 0.6938505979872569
270 0.9985552066685097 0.0056418041983318235 0.011306835870884546 0.6938988575370767
275 0.9998742223209337 0.00041212913087596004 0.0032159727882860034 0.6941715756969039
280 0.999918131276089 0.00023526273390195307 0.0005301375332894542 0.6939226760741927
285 0.9999504687152272 0.00010097000817621549 1.334254633666987e-06 0.6939582800258952
290 0.9998445082904466 0.0005351313309918115 0.005224012788445087 0.6941486547080353
295 0.9999520562658166 9.747200760124031e-05 0.000163627291657642 0.6939840214023095
300 0.9999315054741882 0.0001766958041105049 0.0009154104744298897 0.693767156067058
305 0.9998136813091448 0.0006609090890359326 0.002607442193144127 0.6940101554631206
310 0.9999496450756373 0.0001108255997719354 1.775078104371275e-05 0.6937982582292779
315 0.9999478703587088 0.00011258350058118705 9.229364241591931e-05 0.6939144132379353
320 0.9987129385206694 0.005085654443009124 0.011034222812639882 0.6932991875423142
325 0.9998298721288397 0.0005975292308011415 0.003968837775512046 0.6939509238240524
330 0.9995839370767432 0.0015519594097147538 0.006800926569116905 0.694064443652707
335 0.9998507168890429 0.0005161527651155184 0.0016095323854934396 0.6940701531069223
340 0.9998613907013513 0.00047308698941961325 0.0012850212472814704 0.6939168900150243
345 0.9997225811404602 0.0010329516206479816 0.006036103926432501 0.6938431990682652
350 0.999922614122335 0.00022748530067484563 0.0005334095584659249 0.6939982707606055
355 0.9999318244588327 0.0001825833973795321 0.0019681282579919746 0.6938330665328151
360 0.9999539304336407 9.654623596944134e-05 7.752010727646308e-05 0.6939628251675789
365 0.999955882893128 9.047959195518374e-05 0.0004793265912135247 0.693821882172207
370 0.9998658808898165 0.00045641858715383954 0.0007200319007114597 0.6939433491289655
375 0.9999421541215312 0.00014767972892093528 0.0005051025869340364 0.6940890256150181
380 0.9999148686726747 0.00025054204458219154 0.0030030809065615394 0.6937897097858362
385 0.9997754909660104 0.000825053606542836 0.0023485771462390392 0.6936260133150829
390 0.9994399191171721 0.0021737047208918447 0.010878911622033027 0.6937066757085348
395 0.9999377473019373 0.00017037137997810703 0.0011581078212472562 0.6940693963997167
400 0.9991681573265169 0.0032647957295781627 0.004802423989805238 0.6938589178668978
405 0.9999449447253872 0.00014165313425440473 0.002262532427695696 0.6938483439046135
410 0.9996719141292374 0.0012420957487939699 0.002137043207111722 0.6938468073196212
415 0.9996060151409812 0.001507383125877948 0.004997921918974524 0.6939953213034679
420 0.9998901878707924 0.00036441024085931417 0.001150740006596318 0.6939940335459351
425 0.9996571126189022 0.001303224654833346 0.0007540495027100746 0.6937654749556583
430 0.999958245026713 8.78650156554972e-05 0.00020557805148213593 0.6938122803337159
435 0.9999557901337748 0.00010089088741005448 0.00037969891572120495 0.6938997659837324
440 0.9999562176823191 9.735592455295539e-05 0.0004849937205535504 0.69380614744537
445 0.9998886843497009 0.00036154218457817855 0.0002753398962982434 0.6938533472423505
450 0.999757404095824 0.0009041375441856125 0.0016531856210786344 0.6935958139690926
455 0.9999346476868173 0.00018226682906496983 0.00018311456126385295 0.6938276272679437
460 0.9999562394400954 0.0001000192868199079 0.0008278084601767155 0.6937957006707614
465 0.9999534071115709 0.00011270649613281947 0.0010627177365050144 0.6936216154093617
470 0.9999319488992859 0.00020108805347374137 0.0014049821661656914 0.6937383946408925
475 0.9999544745742416 0.0001054134108777749 0.00026355874919770095 0.6935951674991996
480 0.9998070023484908 0.0007049891221004856 0.00578286752563173 0.6938193782336337
485 0.9990208266109528 0.0038625249294235164 0.0031802531773462706 0.6937999461961709
490 0.9994341400244527 0.0021688012640495025 0.005936659725831461 0.6935382198065421
495 0.9999136010731836 0.0002673335897090956 0.0009593386603135023 0.6936854300478416
500 0.9996021865933725 0.0014926501646737034 0.0013944155112923795 0.6936972603825238
505 0.9995617355605464 0.0016492185445629026 0.0015408257714073503 0.6936183062415608
510 0.9998860774957583 0.0002453769336638878 0.0007622806258095194 0.6935015463841923
515 0.9995202166108639 0.00146211262161966 0.008008541665144864 0.6935434789431265
520 0.9989999704930546 0.0036513269957196837 0.022663356654399114 0.6935669511150738
525 0.9995657674624592 0.0010020238961709893 0.0011471560382667612 0.6935887166770017
530 0.9993582062097727 0.001291336368831164 0.0006193781103760454 0.6934395927866823
535 0.9991525861266202 0.0018087865276450454 0.0005922242968190439 0.6936068280985146
540 0.9988050930995107 0.0027174597344682416 0.0033254952487220546 0.6936436785327804
545 0.9980036750337182 0.0040378896447731405 0.0005163617405371523 0.6934433036566189
550 0.9979155322739559 0.004619981228943915 0.0038584771040668375 0.6934483351951068
555 0.99650365293408 0.007012811723904 0.0013176038852401595 0.693481131668556
560 0.995732784401935 0.008567676671666469 7.699977793218515e-05 0.6934238329099923
565 0.9954883463169372 0.009712129460579533 0.00254287739544945 0.6935670445248852
570 0.9929731302474238 0.014159385753843234 0.00019344393656428593 0.6934254821353596
575 0.9916782314642221 0.016907852480727348 0.00041206506435031987 0.6934925331081137
580 0.9881302946589399 0.023900673378578263 0.0006554014276316522 0.6933388558777105
585 0.9868299696128451 0.02668859231519005 7.026311014701747e-05 0.6934858023812219
590 0.987450685433479 0.02656284864230174 0.009535076982465696 0.6934116097096849
595 0.9816844290033744 0.03745972993772839 4.008538785882365e-05 0.693511014338867
600 0.9787796670617399 0.04356730665069819 0.0008032040266175988 0.6933772698897905
605 0.9733011227734361 0.05461907804494692 0.0008879055689547943 0.6934323939747662
610 0.9693753264678254 0.06285269621596812 0.00021027385191252357 0.693359582146418
615 0.96996569908687 0.06264491722134735 0.0020871382088356594 0.6934637672441016
620 0.9618735755143919 0.07897731821133558 0.0005301371536667876 0.6934126926879338
625 0.9583787969558195 0.08675434236112856 3.050778924951203e-05 0.6934055180372093
630 0.9553579124132952 0.09368210067442684 0.0003969690550169602 0.6933566749359901
635 0.9500371664219054 0.1050923828989535 0.00018095867103851138 0.6934094428131745
640 0.9480301320837425 0.11006853251575088 0.001700909111106652 0.6933031253868771
645 0.9430577016298393 0.12092319793738582 0.00037077784192685037 0.6933065458179019
650 0.9484157329832336 0.11203100313678516 0.0036953775137023026 0.6932203974404051
655 0.9350255467759083 0.13902934840575565 0.0006453599128117826 0.6932993187260549
660 0.935530524030787 0.139190832915143 0.0018967308852706477 0.693392095048242
665 0.9273695989497179 0.15647348325409316 0.00040620521951617583 0.6932911661087712
670 0.9284725691141709 0.15532267211013528 0.0006793139695139283 0.693147206715334
675 0.9198940444648505 0.17354690986219667 0.00018049959839150365 0.6933076753517373
680 0.9222762021847524 0.1697682895583037 0.0011771306309589225 0.693382403450835
685 0.9087120896998371 0.19841679841265814 0.00018168174791310943 0.6931647508940487
690 0.9160631473061345 0.18434977202140468 0.0012834593401931382 0.6933092869840639
695 0.9152799402343463 0.18692599757747486 0.003391183335741732 0.6933277587440512
700 0.9020687838653966 0.21479279662743056 2.0328013244030885e-05 0.693366973941607
705 0.9069149850155506 0.2056691258342056 0.002285229849444459 0.6933821667784201
710 0.9029803566213324 0.21459482532828233 0.001709066879177712 0.6933021521507627
715 0.8984685425910411 0.2247726781117787 0.0008673708533878388 0.6933784591940132
720 0.8809830371651428 0.26255245574280084 0.002484339001278979 0.6931290212875746
725 0.8927231693406055 0.23818587270458946 1.2171376776892728e-05 0.6932560744707414
730 0.8893687411796649 0.2458889732805074 7.264715723387383e-05 0.6933084456093214
735 0.8862838593759439 0.2530722139490664 0.00030302123271508385 0.6933433947933082
740 0.8892360370922743 0.24759371948277853 0.00019243986458039597 0.6933106214671997
745 0.8847978310808631 0.2576400297100404 0.0012877341913708484 0.6932857378999635
750 0.8872428942596968 0.25310448335682634 0.00019188454976104552 0.6932155955363126
755 0.8827579321977328 0.26318698258818585 0.0014662981727709967 0.6933086726815083
760 0.8821752276283689 0.2650387738733646 0.001462851841205537 0.6932534557646376
765 0.8789150458201382 0.27254327625034214 0.001842307695348433 0.6932530284246934
770 0.8676602672462926 0.29721195071905193 0.00045877800622218246 0.6932780553593635
775 0.8653119491082533 0.3028332705399994 0.001957267269780183 0.693224628164264
780 0.8725514048266341 0.2877489373996138 0.0017626891634756614 0.6932679534497014
785 0.8691833719246087 0.2953909487561154 0.0007506384752093975 0.6932380205318779
790 0.8638911612202211 0.3072490338764935 3.529181620276489e-05 0.6932430886510521
795 0.8620199412536722 0.3117300204430833 0.00016819875534301865 0.6931909976794044
800 0.8642186255234967 0.30735773597081417 5.4299682001657246e-05 0.6932745662697448
805 0.8658547383656607 0.3042354074524827 0.0019176426862841378 0.6933032055372196
810 0.8638785432632168 0.30883620702016734 0.0025995139476480134 0.6932411654400659
815 0.8592190898219636 0.3191556607217725 0.0005543584011453717 0.6932164275562285
820 0.8614991359673807 0.31461887068876515 0.002841192046364238 0.6932360158023022
825 0.858646734108957 0.32106012130830197 0.0029213944449412166 0.6932681133908092
830 0.8563744135469727 0.3262429182490436 9.684517955665939e-05 0.6932471348645577
835 0.8452832748077904 0.3508515400958627 0.002318594833844445 0.693273331078604
840 0.8534148008729889 0.3332363008102601 9.23099858596288e-05 0.6931995190479319
845 0.8430133517629779 0.35623639422081843 0.002016459126213732 0.6932121102034995
850 0.8475766795199071 0.3463781344225718 0.00014963708384896357 0.6933076947119173
855 0.8466201130936242 0.3486762102539327 3.8576172198823144e-06 0.693275806841822
860 0.8416077076542512 0.359911383637586 0.0014880161862289576 0.6932413687815306
865 0.8438674984620733 0.3550536583742754 0.00013995062633553879 0.693240018855777
870 0.8492919310990492 0.34341555181682226 0.0027410854414502417 0.6932446697801902
875 0.8464767683909991 0.3497098659477613 0.003186395744176229 0.6932357142583705
880 0.8408952707685017 0.36206873648529525 0.0002240947853099362 0.6932567889115702
885 0.8396173882388113 0.3650465791904194 0.0007314738073633809 0.6932566088434935
890 0.8429263820650493 0.35794317825986055 0.005801490273328103 0.6932420953912396
895 0.8384140780122389 0.3679632059234743 0.00023347849276400545 0.6932739285396881
900 0.8380642192037082 0.36886326224595267 0.0005049751528863888 0.6932268212220773
905 0.8403659324575298 0.3639350606455056 0.0010512823241910496 0.6932325889865539
910 0.8344929026297652 0.3769744009925624 0.0007119686219438925 0.6932855917703982
915 0.8355487467498239 0.3747185881348769 0.0011294589989525594 0.6932764699190582
920 0.8339328558299852 0.37836885607135207 0.000985849918256454 0.6932647417275352
925 0.8345347443300148 0.3770765186333367 0.0004231110923137438 0.6932308339817602
930 0.8318928122442841 0.3830165255715725 0.0010087435575638626 0.693249083966229
935 0.841527536676175 0.3619150483584803 0.002544325414416848 0.6931096120669338
940 0.8308630071693778 0.38543377359470465 0.0013221361489081929 0.6932771063565035
945 0.8305366714025721 0.3862406528791693 0.0005793677298012723 0.6932392696892512
950 0.8250197813595384 0.3986670586141119 0.0007615179837370256 0.6931898615239552
955 0.8285962612108149 0.39067963781884374 0.0004931742420091201 0.693252073266295
960 0.8329539285759369 0.3811065319524274 0.0001647865085004918 0.6931363308106614
965 0.82972471702213 0.38830624246073686 0.00019997498119150858 0.6932163656035277
970 0.8219563964431489 0.40579175219920005 8.94036047617286e-05 0.6932185850038389
975 0.8223109687409462 0.40502901619303056 4.45836107680897e-05 0.6932472315874301
980 0.8225634799283317 0.4045089541996221 0.0002890302874024586 0.6932336635335419
985 0.8251289620544849 0.39875503447841854 0.0018631059977467501 0.6932311883888745
990 0.8231847095116902 0.4031771481417765 0.00015814457662610693 0.6932462687253212
995 0.8224994230346554 0.4047560152451626 5.9055272624064514e-05 0.6932232312243918
1000 0.8189309742909985 0.41288544322401055 0.0003533139406983743 0.6932659779778549
