0 0.7049438947278961 0.6993287142208595 0.5005290754783204 0
5 0.8442291135572777 0.36294988383932325 0.29344742492329856 1.0760835911517679
10 0.9067350849388149 0.2330235630716313 0.1825173847065723 0.9325664644014624
15 0.9360233035901216 0.15991086509725605 0.14497432395220822 0.8574242516865154
20 0.9573766377523493 0.10141319356116807 0.10184867430760958 0.7981336684768001
25 0.9728993199455183 0.060451603823413524 0.07612454381052758 0.7558266373004032
30 0.9827114742295151 0.037062920688251566 0.008732212462436495 0.731371451819295
35 0.9882028115905541 0.024527080321842698 0.026329144042718244 0.7182859177937986
40 0.9915720061876485 0.017612000561394447 0.010215781887010889 0.7109410289225805
45 0.9935632544020065 0.013234767733093733 0.011154287066601709 0.7065616333876573
50 0.9948411507911774 0.010404528689743175 0.03126703407752818 0.7036885042288958
55 0.9958402855916288 0.008561714163605627 0.0010457841848765526 0.701714814688333
60 0.9965136326606385 0.00719952723203765 0.0004267799687969198 0.7003086971302089
65 0.9970216060129504 0.006011217294105364 8.860060244453294e-05 0.6992514571007266
70 0.9974223355368674 0.0052147554237903515 0.011477281528282313 0.6984773275557856
75 0.9977198119612338 0.004735202412702533 0.0007014316093447714 0.6978351363665282
80 0.9979374082329808 0.004139213503144723 1.7059008703856904e-05 0.6971874587296601
85 0.9981795078912621 0.0036456514109254323 2.6620540182653585e-05 0.6968434150897691
90 0.9983692213078605 0.0033099260794591245 8.893501143947269e-05 0.6965038251850234
95 0.9985155106041069 0.0030075292641813522 0.0012552304356174826 0.6962146903043834
100 0.9986341744634575 0.0027357402113130647 8.126068714253698e-05 0.6959698106225309
105 0.9987180163900534 0.0026992359740724003 0.008587163091326788 0.6957205280909151
110 0.9987655237909585 0.0025371009213325246 0.002780342920948198 0.6954377032669268
115 0.9988403439606761 0.0025743906837032426 0.003047938421017582 0.6953765887488044
120 0.9989860144414928 0.0020830555421761376 0.0003963470461871843 0.6952375658313683
125 0.9990495195746217 0.0019541014180315397 0.0009589815796526846 0.6951274912616676
130 0.9991064835289685 0.001837502435344751 0.0007382793254383513 0.6949700702599253
135 0.9991645828818438 0.001694093002202468 0.0011508693208197585 0.6949308754539301
140 0.9992000967914596 0.0016564004323574855 0.002257691125591599 0.6948079408129507
145 0.9992542769887897 0.0014992832439801873 0.00011040760459235521 0.6947326167141123
150 0.9992908179211866 0.0014348923198663766 0.00018338636784087647 0.6946912085973156
155 0.9993096618776559 0.0013951574221255925 0.0008830397933139444 0.6945948048901456
160 0.9993541447802878 0.0012940119978066544 6.557337902446392e-05 0.6945144332562618
165 0.9993738974122792 0.0013032701888463505 0.000380119314914662 0.6944971483180105
170 0.9993901803114946 0.0012457432714172434 4.898719291346332e-05 0.6943896129673669
175 0.999422720650541 0.001210238656364826 0.0009909527683245045 0.6943820591125569
180 0.9994598667270352 0.0010818580864121463 3.9467853412800125e-05 0.6943114739425507
185 0.9994768345251839 0.001073747666974656 0.0027984455187564095 0.6943361729541456
190 0.9994666930305407 0.001114395370721999 0.0007236719111090029 0.6942188115169049
195 0.9995137610153633 0.0010021915482452126 0.0006941723201432382 0.6942048633180653
200 0.9995356713974194 0.0009309172778095842 0.00010612321201630692 0.6941688350476466
205 0.9995521846768843 0.0008977107668117768 0.00016142871723001662 0.6941442400813824
210 0.9995696249663288 0.0008658560114629399 0.000544669814141141 0.6941654845423662
215 0.9995829935259308 0.0008354429844574796 1.0703162276026745e-05 0.6940573113231767
220 0.9995590146755629 0.0009814451960583614 0.0005960931409828563 0.6940278273008311
225 0.9996098519028309 0.0007851447433202541 0.0001556822743857822 0.694059306496888
230 0.9996002764070779 0.0008598092291967063 0.012186988451254321 0.694040324348328
235 0.9996094170827733 0.0008458430776505654 0.0026723840696565304 0.6940483641442695
240 0.9994930260383481 0.0013493084649560672 0.005911714590083661 0.6938940693899595
245 0.9996289840822362 0.0008084345846721686 0.0004526301949072664 0.6939213243829292
250 0.999662679556341 0.0006817313459459573 0.00018016410072918543 0.6939122557200357
255 0.9996460469638273 0.0007770403901568024 0.000523071257749752 0.6939022079139988
260 0.9996560841871729 0.0007535231720501301 0.0027589924285760237 0.6938498391137036
265 0.9996693821750469 0.0006911248926326774 0.0017667022431986368 0.693826172019018
270 0.9996940473990781 0.0006160331551353648 0.00019506843386396522 0.6938246834844704
275 0.9996138450647998 0.0009775372895917123 0.0015500759048507895 0.6938104802447785
280 0.9997117224169201 0.0005813147567830246 0.0004381491795780734 0.6937855436731197
285 0.9997167261386577 0.0005768986893713857 0.00034258776011841796 0.6937169676164661
290 0.9997138907147107 0.0006053467448010608 0.002094018787059726 0.6938569402364824
295 0.9997197040668739 0.0005784977975825667 0.0013365497079065314 0.6938230808788881
300 0.9996496343489938 0.0008973332769810494 0.0029634578863260153 0.6937318015018329
305 0.9997224290938558 0.0005887255871248609 0.0016551283456238686 0.6937161639807641
310 0.9997417708135057 0.0005271496847656376 0.0005939790155072844 0.6937488436166457
315 0.9997321448115734 0.0005716981124512799 0.0012471451365387853 0.6937497613166493
320 0.9997394197508531 0.0005535826176872316 0.000508497739289071 0.6936740988550076
325 0.9996533129739716 0.0008929673778856895 0.0026495776203196986 0.693593060683988
330 0.9997677776505025 0.00047171375188959086 0.0003792150929770033 0.6937617511454556
335 0.9997653336651369 0.0004935630524778301 0.0019616199688341496 0.6936830883897455
340 0.9997671883125558 0.0004955157836723512 0.0014402447416433928 0.6937936337640116
345 0.9997624891862029 0.0005244794144405596 0.0012917162299593832 0.6937509856781177
350 0.9997492366403566 0.0005879942158859564 0.000908672641755981 0.6937269066950889
355 0.9997730293457393 0.00048266776086802743 0.0008929745778081255 0.6935783845090354
360 0.9997942347562195 0.0004139842335280086 8.900376346998584e-05 0.6937021727077451
365 0.9997975670071226 0.0004062537092074381 7.934162938139089e-05 0.6936437342037304
370 0.999788452521937 0.0004567388268557071 0.0008454871245757722 0.6936203922990378
375 0.9997509134247431 0.000618816426905866 0.004131460481450189 0.6936031109988993
380 0.9998078588937671 0.00038801163590707066 5.775810572539175e-05 0.6937016361910424
385 0.9998104223344061 0.0003847761618869239 0.0005750831805029222 0.6936362171083423
390 0.9997793859906219 0.000503250433451119 0.0010567143581834415 0.6935581685793047
395 0.9998034287251287 0.0004288754501091674 0.00040069374929019297 0.6936900823616154
400 0.9998076062712258 0.00041769540931868576 0.009599899227899611 0.6936397789118794
405 0.9998121780038633 0.0004046876362961971 0.00036604776648341275 0.6936621416522865
410 0.9998115160482774 0.0004133945489304125 0.00016685896571178027 0.6936824186687263
415 0.9998200535111934 0.00038341130006047663 0.0006105179671749283 0.6936662453606063
420 0.9997378118482179 0.0007251947707265227 0.0046866452230189815 0.6935673461640929
425 0.9998278360940335 0.00035477175770814995 0.00022398810179535822 0.69363792592817
430 0.9998364131581001 0.0003284492929545024 2.913958754779955e-05 0.6936285395622082
435 0.9998197047318539 0.00040619182767032136 0.0007103390827475353 0.6936195082086559
440 0.9997768364171331 0.0005645952601063264 0.0014966955904381907 0.6934990515757885
445 0.9998123396666123 0.0004460078136134804 0.0005277219912832587 0.6936167939611886
450 0.9998332851886851 0.0003642363226601386 0.0015809590384601169 0.6935652240326605
455 0.9998276891323059 0.0003803641587427631 0.0005386839942254085 0.6936021839839976
460 0.9998466171595974 0.0003172875872822223 0.0002619696041044062 0.6936154298793697
465 0.9998342413234075 0.0003735143829780574 0.00033675752004036497 0.6934729659374831
470 0.9998516093236367 0.0003011321680076451 0.00042811949200771693 0.6935294945725241
475 0.9997600056788651 0.0006596018589950514 0.0023144014042315586 0.6935254038848281
480 0.9998383419251331 0.00036871118118875224 0.002745594468425372 0.6934885480403797
485 0.9998586665983692 0.0002873617386952576 0.00022934384154416065 0.6935266662833094
490 0.9998568336481213 0.0002995263486994526 0.0003002514168479742 0.6935343411315513
495 0.9998431359443574 0.0003601646188613472 0.002060491612615345 0.6935424514364393
500 0.9998626871253293 0.00027882304710979966 0.00048602062489999653 0.6935759520595803
505 0.9998080852734781 0.000509850980368598 0.0006963105580264362 0.6934933181120934
510 0.999861122962553 0.0002903323043704775 0.001323235070567863 0.693530498481843
515 0.999861279962142 0.00029901511701835304 0.0007618516369942707 0.6934870894172874
520 0.99983737719576 0.00038776974896626015 0.0010617887921702263 0.6934842462124855
525 0.9998432658472705 0.0003794630759911266 0.0024452582588151417 0.6935491147883706
530 0.9998425498485135 0.0003853924988970192 0.0008600385662370647 0.6935187379933189
535 0.9998132147132022 0.0005074243130543943 0.009507162421137805 0.6935297784008272
540 0.9998604669628381 0.00030953277045397964 0.0005901417337296211 0.6934054241477915
545 0.9998643552669858 0.00030487712967453007 0.0005195594311016016 0.693511041139556
550 0.9998562702551634 0.0003408340084851691 0.002494754315373493 0.6935472778238139
555 0.9998592548492422 0.00033135412665386 0.0017705076998333347 0.6935003563201951
560 0.9998758790660309 0.0002655890732841115 0.0022787741144409956 0.6935961253443824
565 0.9998261015695575 0.0004712896525385091 0.001966842274992997 0.6935823045289827
570 0.9998713801290289 0.0002895183720608152 0.0007304562355516797 0.6935743478003196
575 0.9998863233215921 0.00022860422312276363 1.1681100531291122e-11 0.6935465358389634
580 0.9998866250510317 0.00022908500791718467 4.382090180632403e-05 0.693507348875785
585 0.9998467825091222 0.00039713255404028036 0.0020704197098069255 0.6934910767395559
590 0.9998607816567836 0.00033261041351739795 0.002724709727524921 0.6934930990000397
595 0.9998836231794684 0.0002463235906049466 0.00044581286782796603 0.6933619099922804
600 0.9998695030970319 0.00031157343978849283 0.0003795879934824775 0.6935384477029828
605 0.9998813123906336 0.00025927824887261863 0.00022307863887149892 0.6934499703387677
610 0.9998203302829852 0.0004998889700013054 0.0016949246678854557 0.6934724123979096
615 0.999891042538053 0.00022593315205310383 0.0002986589487705693 0.693416167953622
620 0.9998573573359671 0.0003694403451524053 0.0005300131798362528 0.6935544491636432
625 0.9998973134358267 0.0002068677906037486 3.920192098616493e-05 0.6934600304554914
630 0.9998619872102896 0.0003546350302134904 0.00019711047559678452 0.6934721147949122
635 0.9998928134545774 0.00022640382320471275 0.0006782660480570968 0.6934220565222526
640 0.9998805722188477 0.00028291660133605845 0.001132508050698311 0.693476343770946
645 0.9998978424214249 0.00021373019421266903 9.797684953993802e-05 0.6934792228475534
650 0.9998908850767317 0.00024450053291991125 5.004229107297142e-05 0.6935347975295031
655 0.9999029401558468 0.00019558860986435 9.458853202981565e-05 0.6934888772872619
660 0.9998985049170273 0.00021305202930710365 0.0011698911062814066 0.6934944862677236
665 0.9999008411655763 0.00020887069982644668 0.00014062966612593542 0.6934862583276962
670 0.9998806567850054 0.00028552825515881786 0.0011715394784252986 0.6934674223056255
675 0.9998353524396846 0.00047837869993094806 0.0002956586029894126 0.6932967815963234
680 0.999899030397971 0.00022171423328232187 0.001758793531403402 0.6935133768340732
685 0.9999051043233097 0.00019557593512942173 0.0005203198565431055 0.6934583571176897
690 0.9999087789415612 0.00018390646515964448 7.516105271476725e-05 0.6934846277766379
695 0.9999093676972453 0.00018265179281817812 0.0001955862418692167 0.6934398058820154
700 0.9998408389765175 0.0004640407542979563 0.0026929829787298853 0.6934592587122111
705 0.9999110018593222 0.00017972129760812638 0.0001928672849674795 0.6934886129524463
710 0.999856458667009 0.0004039574997337647 0.0010915200488588184 0.6934606828146839
715 0.9999103951917063 0.00018588720933498948 8.236066943512199e-05 0.6934922195660235
720 0.9999122096464966 0.00017974837790379894 0.00013090836728113509 0.6935096975196576
725 0.9999123435071693 0.0001807943584303251 0.0004200931570053079 0.6934138331579542
730 0.9998965917289385 0.0002471003914050751 0.0016713678032477253 0.6934591742067602
735 0.9998922209042358 0.0002594739857892936 0.0020049529531273036 0.6934508658911908
740 0.9998899273563238 0.00027694610559958477 0.0004851792080227124 0.6934209549893963
745 0.9999037595360487 0.00022200060637056485 5.654576460822902e-05 0.6933930687166981
750 0.9998727451978426 0.00034911669377279964 0.00174580673002378 0.6935041167062015
755 0.9999054351938053 0.00021298006928560653 0.0005253207382368563 0.6933147318123966
760 0.9999081050733669 0.0002081972651046815 0.0004313366721733214 0.6935193661289353
765 0.9999192223553057 0.00016280211214803053 7.835206363604463e-06 0.6934487138811766
770 0.9999149790939594 0.00018251037875371967 0.0007815930655860059 0.6934391530527264
775 0.9999200301159794 0.00016252528058324778 0.00032695381656866473 0.6934522962692902
780 0.9999015030381279 0.0002400807797008353 0.0001750608912943763 0.6934281224242226
785 0.9998251978049197 0.0005491996141403499 0.0026502828141514723 0.69347316376275
790 0.9999192147147606 0.0001699500757248451 0.0011895854207595313 0.6934693515844657
795 0.9999208756444317 0.00016422661232229352 9.64964831999815e-05 0.6934943200928919
800 0.9999226810085827 0.0001577760186264321 0.0004992521051743193 0.6934586405229898
805 0.9998979534408245 0.00026023163124533344 0.00010978329700606082 0.6934603704005521
810 0.9999079084195714 0.00022093412716872596 0.0010244069009610612 0.6933718178137122
815 0.9999244577242383 0.00015387239872088898 0.00010250288258828455 0.6934962757753488
820 0.9998492558403747 0.00045994511150493356 0.0011902945878484728 0.6934629548443482
825 0.9999191639315883 0.00017823530894900408 0.0005003129050040744 0.6935118462771903
830 0.9999241369939915 0.000158753686622215 0.00010776850334259791 0.6934844922047405
835 0.9999228239514929 0.0001653134885633012 0.0006040286655444316 0.6934134694158841
840 0.9999275577465468 0.0001461455418060309 1.0739281260940814e-05 0.6934318983254525
845 0.9999132001178055 0.00020675190193841786 0.00038808441843174446 0.6934053063344485
850 0.9999222623911473 0.00017074050507492888 0.0011702123844926637 0.6934330037187658
855 0.9999286117227203 0.00014525756931482725 0.0002645647848084076 0.6934318756106941
860 0.9998246079947828 0.0005668943232837176 0.0033616951766302083 0.6934401422975642
865 0.9999203128739815 0.00017804818015454416 0.0008001284391528918 0.6934676778993044
870 0.9999006936534216 0.00025589908406531414 0.0001873679637550696 0.6932481576797468
875 0.9998809446018211 0.00033470452404338324 0.0013624919476413755 0.6933535069171926
880 0.9998925386085853 0.0002969663693004332 0.003038105427109361 0.693315820638039
885 0.999907014589555 0.0002393498421051632 0.00039309003667975517 0.6934140970401321
890 0.9999229101489527 0.00017223985570513634 0.00013039993856533982 0.6934726261171378
895 0.9999322363774019 0.0001379673097956502 0.0003040217547376489 0.6934760541075334
900 0.9999299437219495 0.00014662775582463539 1.0544838293879977e-05 0.6934232062421816
905 0.9996322634391827 0.0013466089340041787 0.0013809072158889046 0.6933538127917571
910 0.9998859399282849 0.0003210803875126622 0.0005827453353812739 0.693297028386874
915 0.9999273850013213 0.00016173649534900747 0.00034307695537938443 0.6934644655026817
920 0.9999280255016182 0.00015995832058846027 0.0005853041231369538 0.693440395822533
925 0.9999240506351914 0.00017340812767008273 0.0007608223398032354 0.6934453356185335
930 0.9998601156599457 0.000435853656942764 0.0018030076800916728 0.6933914372301672
935 0.9999243311215948 0.0001774768552500472 0.0003493787587740549 0.6934073934210057
940 0.9999221068153041 0.00018730262103172635 0.0012599703743441104 0.6934201159655209
945 0.9999188748494002 0.00020118881257624732 0.0013981429541900514 0.6934293462893248
950 0.9999224004107794 0.0001876470496503524 0.00038448548711289554 0.6933885654893048
955 0.9999361388627072 0.00013213314842352997 6.486814341188918e-05 0.6934451331963009
960 0.9999298765394753 0.00015582412164583115 0.0007285548691274846 0.6934129185589879
965 0.9999270763462297 0.000170899499858157 0.001123468936099048 0.6933964645703979
970 0.9999362537293797 0.000132499636042005 0.00022531837549422118 0.6933604882259905
975 0.9999116050680402 0.00022969928031735254 0.0007592327093184359 0.6933615537016081
980 0.9999387793143746 0.00012491866492647663 0.0001358644452704727 0.6934824134148536
985 0.999924345518856 0.00018484719485334367 0.001981279437612171 0.6934194030861055
990 0.9998900948144392 0.00032381560373972995 0.0026385456059585533 0.6933631378751285
995 0.9999378320849184 0.00013116930590173492 0.0001779920736241225 0.6933261527559587
1000 0.9999328940464365 0.00014939431806282322 0.0008682011860742245 0.6934291834147978
