0 0 0 0.3386716620420557 0
5 0 0 0.01624713495970842 21.436229588966253
10 0 0 0.01110373834638767 21.298939844667647
15 0 0 0.011122502074915941 21.23182091919061
20 0 0 0.00619820418697925 21.170665003291152
25 0 0 0.015308771118744957 21.122753491298237
30 0 0 0.02014534341051588 21.075442745410957
35 0 0 0.0170501114860937 21.04052738324049
40 0 0 0.020774243182690277 20.996475679417753
45 0 0 0.01945112193532772 20.97320769852549
50 0 0 0.02094541191921806 20.93049407124436
55 0 0 0.02147142730261553 20.917417354401366
60 0 0 0.02456791008453152 20.88985527276844
65 0 0 0.02045084746891135 20.866030762673873
70 0 0 0.023293465592687523 20.86072153742154
75 0 0 0.02397485599613569 20.86011827329053
80 0 0 0.023683255077431298 20.842263293774913
85 0 0 0.02311112147087968 20.83071808344804
90 0 0 0.022548714742014697 20.835499172517103
95 0 0 0.021224932282014386 20.82684169628927
100 0 0 0.023332536588557495 20.82158313913801
105 0 0 0.022090763190561358 20.820943352942415
110 0 0 0.018859630075391376 20.81472009573984
115 0 0 0.024047237144549705 20.813690310391674
120 0 0 0.021744934246257674 20.815775825415418
125 0 0 0.02314851613076363 20.810882042005865
130 0 0 0.024717707426189284 20.799667745895707
135 0 0 0.02457775324864464 20.80360680953983
140 0 0 0.021292882318783013 20.80212342046512
145 0 0 0.024259640258259996 20.797711491657264
150 0 0 0.02186592822594413 20.79118124020532
155 0 0 0.025273675862976575 20.792656201085233
160 0 0 0.023594707029645612 20.79241268579069
165 0 0 0.02537186395668023 20.79284021806132
170 0 0 0.021549346142457626 20.79170481729168
175 0 0 0.02479839756175295 20.786799346449865
180 0 0 0.025491020674268894 20.788118622945607
185 0 0 0.025378805890193368 20.78481925617583
190 0 0 0.023747184928373688 20.781284910394785
195 0 0 0.02439701196538202 20.78114304604982
200 0 0 0.023222612325304537 20.784623959735374
205 0 0 0.022771219379558616 20.781491971590825
210 0 0 0.02452827403953406 20.782921855552146
215 0 0 0.02216061349975318 20.785786793138186
220 0 0 0.02352377654435256 20.78128013773328
225 0 0 0.024792685569719808 20.776600853044798
230 0 0 0.02429991272364429 20.775820828029577
235 0 0 0.026245078542513234 20.775486313721316
240 0 0 0.023276964037024284 20.778098643052957
245 0 0 0.020434513937590104 20.777099851819127
250 0 0 0.02467373969814779 20.772499747847586
255 0 0 0.022131328412245743 20.77851687876755
260 0 0 0.021137951765825003 20.774333823630556
265 0 0 0.022604181458548256 20.77208813309106
270 0 0 0.025200350214838574 20.773345966396697
275 0 0 0.024576066644684813 20.773826396959322
280 0 0 0.024060691324193417 20.77114176614118
285 0 0 0.023934934288287302 20.771412071784997
290 0 0 0.02316959953343667 20.772807600540677
295 0 0 0.023861203319045288 20.770112971757257
300 0 0 0.021453021496402602 20.77295109969111
305 0 0 0.025588526156679503 20.771056670386685
310 0 0 0.02218605450726807 20.76359541119642
315 0 0 0.023271521691273778 20.768413528859707
320 0 0 0.023737192943785734 20.768774126740105
325 0 0 0.02319658241674949 20.768183083426234
330 0 0 0.024745256135168425 20.768972762559418
335 0 0 0.022613721309576063 20.766803214998735
340 0 0 0.022764627920801805 20.76946732713329
345 0 0 0.023410145587846154 20.766946628354873
350 0 0 0.022250024177301597 20.767482419589722
355 0 0 0.02581461192117973 20.76595874969992
360 0 0 0.021432050207694564 20.761020693098043
365 0 0 0.026051043392115503 20.766165994554058
370 0 0 0.024389610751873736 20.766193340295516
375 0 0 0.025466599763268594 20.763667735657155
380 0 0 0.0210567758031055 20.765079784228668
385 0 0 0.02391454304713525 20.764448898489878
390 0 0 0.023505747846825464 20.76641010113825
395 0 0 0.023197688378075787 20.76160649561325
400 0 0 0.022103083764298814 20.762595644375107
405 0 0 0.023345988094523484 20.764370470567304
410 0 0 0.023349173322761985 20.762440753178108
415 0 0 0.022240023712735812 20.76051163303284
420 0 0 0.022225200577422832 20.760179450285776
425 0 0 0.02488211475085156 20.762436777869976
430 0 0 0.021159985716436847 20.75965726627292
435 0 0 0.021191390368406005 20.763928771627
440 0 0 0.023976220724009956 20.761134886857402
445 0 0 0.02444451447648377 20.76343688969559
450 0 0 0.026755490238942414 20.76007878161444
455 0 0 0.023472493313337228 20.76155362941452
460 0 0 0.024218756305478095 20.759562460762233
465 0 0 0.025277399940596412 20.75991716713111
470 0 0 0.022894931082968917 20.759162103204485
475 0 0 0.022940507760477402 20.758497799073822
480 0 0 0.02399507938090184 20.756803955947447
485 0 0 0.026201825104465337 20.758711024060272
490 0 0 0.022153845262283367 20.758064115819153
495 0 0 0.024345945877363162 20.757630988968707
500 0 0 0.023839869865006857 20.75795998393895
505 0 0 0.026260102209407776 20.75621471472521
510 0 0 0.02316941212207624 20.756062942006384
515 0 0 0.022967548369044577 20.755301189963678
520 0 0 0.02504122068748149 20.75412408722052
525 0 0 0.025387455236932865 20.755241809632256
530 0 0 0.024191194633309765 20.75692511695819
535 0 0 0.02520251152144648 20.75521390119703
540 0 0 0.022297837840395296 20.751885525449676
545 0 0 0.025624433429383586 20.75451735634009
550 0 0 0.023474765661607444 20.7511235844718
555 0 0 0.026335735604050337 20.752405344646576
560 0 0 0.02479018378612574 20.750342568731156
565 0 0 0.023076224859170713 20.752463423645672
570 0 0 0.024224282103100236 20.750863904197303
575 0 0 0.024853642176941637 20.752941178636217
580 0 0 0.02274645130370412 20.751843264334628
585 0 0 0.02448083952961788 20.749023730428753
590 0 0 0.023544278698623966 20.747117537220447
595 0 0 0.02315762675800115 20.74860366101102
600 0 0 0.02409469384859153 20.749625684865467
605 0 0 0.023373050707562015 20.752539066633467
610 0 0 0.023774189576627913 20.747456633102807
615 0 0 0.025061678149586264 20.747772398469063
620 0 0 0.02476925307123734 20.747566233889923
625 0 0 0.023758715371636097 20.75001063539889
630 0 0 0.02557548411983568 20.744670254262715
635 0 0 0.02339858905207448 20.745627602435743
640 0 0 0.023270731124327426 20.747412337261018
645 0 0 0.024388097613786908 20.74361837402658
650 0 0 0.025554287317946622 20.746681626804545
655 0 0 0.02223228182018322 20.74323611449133
660 0 0 0.023178183735535596 20.743553403719016
665 0 0 0.02634123597324778 20.74330261268033
670 0 0 0.022861816029253745 20.742006573588483
675 0 0 0.024323841553702152 20.741387982579223
680 0 0 0.024096073904700033 20.743068869781744
685 0 0 0.023774185192173114 20.740854310777785
690 0 0 0.025504047674948183 20.74211489397231
695 0 0 0.025538880173821887 20.74136026701314
700 0 0 0.024940138684519608 20.738119083697953
705 0 0 0.02343073453264588 20.74266715144222
710 0 0 0.02488719239397641 20.737535333094346
715 0 0 0.02453926467228129 20.740076236848495
720 0 0 0.024006437405754255 20.7386211722307
725 0 0 0.02639229134388965 20.736094225755615
730 0 0 0.025639117122028487 20.735816241374117
735 0 0 0.024011540111772645 20.7367749838331
740 0 0 0.024089590807839123 20.73707053881917
745 0 0 0.0265678351810541 20.73804876767157
750 0 0 0.02623896830701522 20.73763508186787
755 0 0 0.023367514278367807 20.73229822946611
760 0 0 0.02464641573363613 20.73393253383474
765 0 0 0.02547528835982127 20.73566294366276
770 0 0 0.02539870718045112 20.734839397153845
775 0 0 0.023445970017271778 20.736058576503275
780 0 0 0.025603035372887994 20.733915929786495
785 0 0 0.024155775284756764 20.730937146541265
790 0 0 0.02294269689788253 20.732901696535155
795 0 0 0.02509201591247945 20.73425829262784
800 0 0 0.025239734802219083 20.729955548922845
805 0 0 0.025159589066664045 20.733445975013016
810 0 0 0.024174705534919738 20.729490562639597
815 0 0 0.024968568585725714 20.73146312550127
820 0 0 0.02594235551249824 20.732253999029222
825 0 0 0.025366010339233247 20.732280051774016
830 0 0 0.025847606620750252 20.72812754055537
835 0 0 0.0257942397918427 20.730822635948403
840 0 0 0.024830191550071934 20.732351495207137
845 0 0 0.02268265133254821 20.72971983410345
850 0 0 0.02495989853245395 20.729670538192202
855 0 0 0.02448288526833342 20.731437271744518
860 0 0 0.024427488225482463 20.728715089920964
865 0 0 0.02594944716567804 20.730855657574306
870 0 0 0.02349827133500426 20.729068324775724
875 0 0 0.025250581278929873 20.727804829905313
880 0 0 0.025529101766281093 20.73029101503862
885 0 0 0.025064809119583975 20.728415665450424
890 0 0 0.025336124786471403 20.72709539258358
895 0 0 0.02468728253742447 20.727407039640195
900 0 0 0.02456180381226214 20.73017234841469
905 0 0 0.023514673126353802 20.727404169781465
910 0 0 0.02541473655567028 20.72584814573042
915 0 0 0.024330281942559928 20.72573782486006
920 0 0 0.026161917508931154 20.727757521152107
925 0 0 0.024315833902757822 20.726937066134266
930 0 0 0.02586222542708505 20.727013367174457
935 0 0 0.025519457538640822 20.726815299054962
940 0 0 0.026177441547803548 20.726481368463894
945 0 0 0.02665142677798138 20.727808913287443
950 0 0 0.02418869629740561 20.72530814651592
955 0 0 0.024786261995230596 20.72619252311786
960 0 0 0.023331709077819562 20.72484905182137
965 0 0 0.02624114771481012 20.725454147278707
970 0 0 0.024768479974186963 20.72429901737972
975 0 0 0.025009917489410283 20.723129479972112
980 0 0 0.025102467498209435 20.724094137675788
985 0 0 0.024922233544449446 20.723090676084322
990 0 0 0.024782280826428638 20.72509364116487
995 0 0 0.025352397598083165 20.724963841277354
1000 0 0 0.024720607542513262 20.724355057311538
