0 0 0 0.386495460072924 0
5 0 0 0.0042436157469119 21.405866089136158
10 0 0 0.0104409083404986 21.255306861775146
15 0 0 0.010366611901547751 21.180843239551777
20 0 0 0.011757274798091633 21.13697643804734
25 0 0 0.013909293465836914 21.08844665657096
30 0 0 0.01673675532115193 21.048459511783452
35 0 0 0.015849884469805176 21.009507957256666
40 0 0 0.020234116369733934 20.97592012871149
45 0 0 0.01968057888799013 20.94510229087929
50 0 0 0.02000943415407974 20.92399163189613
55 0 0 0.02135218946983075 20.893954040749183
60 0 0 0.021821150395751943 20.877233833675195
65 0 0 0.020202725013549916 20.865212229852762
70 0 0 0.01865493441604471 20.847876374774838
75 0 0 0.022596554825797366 20.835611732698368
80 0 0 0.021011537247032752 20.8354828377189
85 0 0 0.010890593983035268 20.831729577936354
90 0 0 0.022109492051647583 20.824714099716957
95 0 0 0.017085640064475882 20.810587854544938
100 0 0 0.022374055349719146 20.80810518523268
105 0 0 0.02065649731050523 20.8187066506538
110 0 0 0.023528680560679582 20.80688291309176
115 0 0 0.02333705409364728 20.80627556946719
120 0 0 0.024078038753921005 20.80311329619003
125 0 0 0.01867012169727822 20.796136089557404
130 0 0 0.023968282730319812 20.798195616461502
135 0 0 0.025840252731772262 20.797945950314023
140 0 0 0.022047582490005713 20.791837331829726
145 0 0 0.021253720373362928 20.795154557042924
150 0 0 0.025998387676626544 20.782877336093904
155 0 0 0.023491150194964172 20.78923797922607
160 0 0 0.02064264507441549 20.78305712371423
165 0 0 0.021890946921314658 20.778491848358826
170 0 0 0.024042630883947647 20.785627672129593
175 0 0 0.02062506644778761 20.78249443314784
180 0 0 0.02466640318861346 20.78519522023154
185 0 0 0.023943652003420635 20.782258528612257
190 0 0 0.023407410610017942 20.77865455689783
195 0 0 0.02193466324949256 20.77863227479625
200 0 0 0.023115862383146002 20.780201435989476
205 0 0 0.023623291993439155 20.77521167858083
210 0 0 0.023651208918042732 20.774072970675906
215 0 0 0.02219999637185155 20.771991419086913
220 0 0 0.023589379850597947 20.777519439137482
225 0 0 0.02272665503670579 20.775719946863056
230 0 0 0.02352202144058957 20.772497896374617
235 0 0 0.022445648135406948 20.769778549548185
240 0 0 0.02324995783018946 20.771115713308117
245 0 0 0.023280287892256668 20.774143806025126
250 0 0 0.020029314910269047 20.77213769581061
255 0 0 0.023939212008946775 20.770494006155985
260 0 0 0.022996833986729248 20.768047315448474
265 0 0 0.022130469641087336 20.777110449380107
270 0 0 0.024066945246057347 20.772508521854803
275 0 0 0.024299090770205645 20.770730332201357
280 0 0 0.023719028514052498 20.774980855221102
285 0 0 0.02359207135147834 20.767344274169222
290 0 0 0.023640555460475277 20.768508332764803
295 0 0 0.025067343991040936 20.77116737732321
300 0 0 0.026160194465820963 20.770890062530224
305 0 0 0.022675704827524346 20.766815149799267
310 0 0 0.02278950788491052 20.7663958305581
315 0 0 0.024249276943737463 20.767586564314374
320 0 0 0.02182790249675559 20.769318321875353
325 0 0 0.024119911349652412 20.76765943079313
330 0 0 0.025142963193021117 20.7675700332123
335 0 0 0.025201048061820552 20.76663228157919
340 0 0 0.024259910135816964 20.767599113856946
345 0 0 0.023650331534984304 20.766025020182234
350 0 0 0.022125147736500317 20.766501543357847
355 0 0 0.024449732557884962 20.76251040965932
360 0 0 0.024996429887931715 20.76160525982791
365 0 0 0.02493979646125477 20.763930311595562
370 0 0 0.0235359081658304 20.768619181007967
375 0 0 0.02303123270264007 20.764056023562347
380 0 0 0.024920456654339063 20.763833509233837
385 0 0 0.023018418498354176 20.760464209350115
390 0 0 0.022986774918144715 20.764127222148023
395 0 0 0.020712951029708382 20.760313497038936
400 0 0 0.023884085159742163 20.76204833993403
405 0 0 0.023528197947721763 20.761422087237456
410 0 0 0.02305692441036067 20.76215623075741
415 0 0 0.023229630390565692 20.76265036148919
420 0 0 0.02293473558028114 20.76003120505391
425 0 0 0.02202207687101021 20.763118481080156
430 0 0 0.023965578688700973 20.75822741568579
435 0 0 0.02575546609814694 20.758833694344773
440 0 0 0.023746081736208513 20.76030502625778
445 0 0 0.021995248393472666 20.75885456408384
450 0 0 0.022610185587768283 20.758977563444795
455 0 0 0.02507005883720881 20.76088052446668
460 0 0 0.02451511811201934 20.75852058124709
465 0 0 0.025368470197707715 20.75761944448691
470 0 0 0.025269504988326474 20.757196480086037
475 0 0 0.026093940528087778 20.759234092366828
480 0 0 0.024697925324473458 20.753886718799933
485 0 0 0.025906301769295315 20.75700122656856
490 0 0 0.02038436464045268 20.752630499364727
495 0 0 0.022265166642164935 20.753366481773746
500 0 0 0.023299459964880587 20.75639593056652
505 0 0 0.021765093517709833 20.756662759235592
510 0 0 0.020888554508030177 20.75323094529217
515 0 0 0.02428278680934648 20.753409008658554
520 0 0 0.023314992170458293 20.751666475864813
525 0 0 0.024309240371784835 20.752501135147245
530 0 0 0.022605771353982007 20.751132385106118
535 0 0 0.02481004378282181 20.749536599761328
540 0 0 0.024110599352183737 20.74888133699362
545 0 0 0.024285931704025154 20.752014027964314
550 0 0 0.025461288461252174 20.74931864851086
555 0 0 0.023564943154288365 20.750821304204056
560 0 0 0.024131328967646137 20.7506812568923
565 0 0 0.023840399340556928 20.749305078914286
570 0 0 0.021950483122291642 20.7508529242475
575 0 0 0.023687364669962463 20.748677924799953
580 0 0 0.022126726629307036 20.747911054522277
585 0 0 0.02251257362160941 20.74750810247632
590 0 0 0.025380541150039626 20.747492496915175
595 0 0 0.024006643490579904 20.747426860769977
600 0 0 0.024115957491622986 20.744740478669154
605 0 0 0.024841553192952892 20.746575085170594
610 0 0 0.025502157947388193 20.748527848196787
615 0 0 0.0222949721658241 20.746925233668286
620 0 0 0.02351917294069672 20.746025614999937
625 0 0 0.0231036231391204 20.746025624074058
630 0 0 0.021885260800629913 20.74426842450832
635 0 0 0.022666565498038027 20.743933548701648
640 0 0 0.026569092927925198 20.742505379760267
645 0 0 0.02516492248095492 20.744996350532304
650 0 0 0.026448018133223394 20.7410132962735
655 0 0 0.024347533003573396 20.74490677020005
660 0 0 0.023809272177556462 20.741669591632917
665 0 0 0.02661364641267827 20.742084093058793
670 0 0 0.02388563986960346 20.74025238229675
675 0 0 0.025299588799451378 20.741019497856488
680 0 0 0.0266221596110765 20.74492882656331
685 0 0 0.02517765800621219 20.744099948564475
690 0 0 0.024193940462430286 20.740992221795178
695 0 0 0.025790652365788702 20.741527646259534
700 0 0 0.02473818759290447 20.737732337588263
705 0 0 0.02407467758990456 20.742629432050563
710 0 0 0.024926351383927736 20.739579678324954
715 0 0 0.025382898152896516 20.737472814140187
720 0 0 0.025779563655828897 20.734470568509114
725 0 0 0.02515411445078808 20.73789884414014
730 0 0 0.025107600255650286 20.73821821205039
735 0 0 0.024730008574724405 20.737136864128345
740 0 0 0.02488930518683885 20.73661033815262
745 0 0 0.023273519373448792 20.735422665882293
750 0 0 0.023250049922247662 20.73272885131321
755 0 0 0.023766871886450325 20.734687120184468
760 0 0 0.024596674089162107 20.734680229692348
765 0 0 0.023521869210112456 20.735083663217736
770 0 0 0.024087927940578124 20.734615688888663
775 0 0 0.02484304131894577 20.73386822976417
780 0 0 0.02195156477357285 20.734637083182324
785 0 0 0.02157279792576383 20.73325482432837
790 0 0 0.02383310535304739 20.732970909285697
795 0 0 0.021829026497507398 20.732293968505537
800 0 0 0.022991109955368794 20.735972044318146
805 0 0 0.023867347951458395 20.730817215736735
810 0 0 0.0253814854233545 20.732443240160954
815 0 0 0.0239736950134235 20.733021303084914
820 0 0 0.0242848953661019 20.73248814260934
825 0 0 0.024841713779157004 20.732483716780997
830 0 0 0.024095060913329247 20.732056278604396
835 0 0 0.024911579267953066 20.72978927927366
840 0 0 0.023741179746587182 20.730430699780865
845 0 0 0.022079011350305322 20.73463441063453
850 0 0 0.02405527663344209 20.73026845658946
855 0 0 0.025199488971840545 20.728209305649983
860 0 0 0.025060987140845814 20.729140802231765
865 0 0 0.02646756021715535 20.73082709703306
870 0 0 0.024083154614862323 20.73207643613854
875 0 0 0.025605034032499807 20.73075673789234
880 0 0 0.025304304362554042 20.728781684211288
885 0 0 0.024815404277205744 20.730732182619334
890 0 0 0.025189934008035486 20.726272578746908
895 0 0 0.023253926098343314 20.730626664767474
900 0 0 0.024872044743745603 20.727647570105354
905 0 0 0.024998067239312638 20.731275081827153
910 0 0 0.025577800458188804 20.730795609335228
915 0 0 0.02581511469057185 20.728206388110397
920 0 0 0.022481833207582236 20.729218595933393
925 0 0 0.025544989011629937 20.726927355606144
930 0 0 0.025385299306291076 20.729341477153916
935 0 0 0.025365816582209266 20.727445428402813
940 0 0 0.025813830116300007 20.72881002821465
945 0 0 0.024096946022035937 20.726641750975528
950 0 0 0.02634204218313818 20.72648040505551
955 0 0 0.02536755399077162 20.726036504919776
960 0 0 0.024048407575599118 20.728003737151493
965 0 0 0.024518390170106485 20.727875481196833
970 0 0 0.024280497533051948 20.727192498459235
975 0 0 0.026642430785851268 20.726545301242876
980 0 0 0.025845554260289783 20.725599425297837
985 0 0 0.02579104980368796 20.726747138959002
990 0 0 0.025197793745597608 20.724771163018737
995 0 0 0.025661164142004367 20.72466037733833
1000 0 0 0.024757003913779885 20.726178645151236
