0 0.3546436453820469 2.3992447897814246 0.3407468462138372 0
5 0.9141985399871854 0.3856840907399066 0.0077683726433956934 4.785235765112665
10 0.9097685658876582 0.40109261418479036 0.017592761129660905 4.774278567559656
15 0.912137001461043 0.40313815987102153 0.002636627144868786 4.764862975625352
20 0.917262543657657 0.3636966749663868 0.008261040577648426 4.764535320806621
25 0.9154255885879241 0.4075587401785725 0.01625551929149016 4.7346782385187005
30 0.9392564879756908 0.3065799218663967 0.00048019204053284525 4.720077217720076
35 0.9326263337309406 0.3430498980087746 0.011810326643080904 4.71008137809736
40 0.9414976800719628 0.30291481778287377 0.0036000420923054666 4.70794092046543
45 0.9392332568979476 0.3250960826845173 0.0029990660871088703 4.705938250254494
50 0.9398172099300006 0.3244769373029772 0.004146753793751623 4.704536899850569
55 0.9406964246257584 0.31237517898747935 0.0013279603143172558 4.702216697040916
60 0.9409973539967693 0.3096285387682647 0.006309773634535887 4.702261284054953
65 0.9438828487704016 0.2951919227641939 0.0037084193890601913 4.699613185830994
70 0.9413424467716397 0.30513220200226154 0.0011344206834233983 4.701531020891624
75 0.9362062127313464 0.34981741837117397 0.003670430836029581 4.698070981099117
80 0.9391584160539448 0.3286364564304387 0.0014964383313127438 4.69700908360604
85 0.9422346734696967 0.30108158111488237 0.0014851565352933527 4.699087176989322
90 0.940158151296927 0.3202965774511508 0.0021924534000099527 4.697899696898815
95 0.9399308184415709 0.3170890644921336 0.00415469325645379 4.697809171435773
100 0.9435261332026318 0.29952033933169897 3.598438212959465e-06 4.697347214670162
105 0.9412484076060375 0.3099496249124982 0.0009606017562373559 4.696666068844936
110 0.9378508472535169 0.3336719323979498 0.0030647531368366288 4.696401476649559
115 0.9459513204072276 0.28272044267940455 0.0013143103412338597 4.695783153306576
120 0.9389213308489449 0.3111296529773293 0.017367424332376036 4.6946115820683625
125 0.9416906316666376 0.3045772042260655 0.006795662058317387 4.6967959580600525
130 0.9327967107586913 0.35031644174000487 0.01362091446569691 4.6940976297396295
135 0.9378239020729409 0.3294281172936113 0.005824724162008854 4.69466954422929
140 0.9408526425854381 0.31529883812412507 0.001252943267885609 4.69436870515698
145 0.9410590599209352 0.3145845644235896 0.0007916535974132888 4.695571847054425
150 0.9426487064742012 0.3100559765528592 0.0007693022054231502 4.694765723773973
155 0.942771771182968 0.30562370012261564 0.003772177624779882 4.693439907181347
160 0.9427105740839528 0.30847086907493804 0.0024450899926562464 4.693204762206115
165 0.9431589257674977 0.2978494478247713 0.0008982517805473655 4.693841734494028
170 0.9446499590472237 0.2928244138635945 0.0034134094823363714 4.69305382440571
175 0.9360523431160068 0.346032098073386 0.004663103646868061 4.69374940483172
180 0.9402264138643318 0.318759781875384 0.0008807748277517291 4.692555045843285
185 0.9383390911578378 0.33251933131077394 0.005936902759194895 4.6932766446773755
190 0.938834858159993 0.32521740703020274 0.004063408596109541 4.692646464645207
195 0.942776458902121 0.3008444799359653 0.0023363804008833533 4.692737409229544
200 0.9437915132003092 0.2981773371560168 0.005236186884953309 4.692904927284765
205 0.9414444900125678 0.31472152741574444 0.005440140475740707 4.6919359185786815
210 0.9404618729090297 0.32125673567677904 0.0020320000473759148 4.691494814526794
215 0.9402716139037675 0.3138620477695353 0.008068665820454957 4.6911552118373105
220 0.9417172264465953 0.3073302698734164 0.005091879282652423 4.6914209406608105
225 0.9399060622083351 0.3194454143439156 0.011641829445731222 4.691187329151013
230 0.9462939899285288 0.28078841234775975 0.0013420611190213538 4.691470045900981
235 0.9437639221508105 0.2939036144263607 0.005721884440856861 4.691463894731288
240 0.9425641851654598 0.2998247702019503 0.0011701005364357364 4.690800797319785
245 0.9411572103287654 0.31213363385580006 0.0015750951514745815 4.6911532776101525
250 0.9946959094429826 0.01965188655616945 0.003169741248380875 4.7175639798778795
255 0.9978032496760872 0.007178539921972593 0.006038304151503304 4.688885269430719
260 0.9969282870322109 0.01135131498326647 0.00086474531920544 4.68777449642462
265 0.9984490060020385 0.005375977421958389 0.005775510073562806 4.688721198340879
270 0.9970527205524036 0.01075969161299728 0.0021431492065775437 4.687745501210694
275 0.9985274284623953 0.004994199518901787 0.0051012777170940105 4.688101484331051
280 0.9965618557875082 0.013281811433559554 0.005508982136351648 4.687853810549854
285 0.998517922294316 0.005194535349279938 0.0017250562547679316 4.688272945161
290 0.9915603469370691 0.029320419070615777 0.02081798135175794 4.68829525627098
295 0.9984672939142986 0.0047969728591708005 1.941640089331287e-05 4.68772217088236
300 0.9984763746067555 0.005721663559877577 0.006970923559222353 4.687219460835885
305 0.9982798771509473 0.00626593914323248 0.003025802405121958 4.687385521519855
310 0.9981342550882779 0.00678557744361985 0.00967465020915892 4.686950300281791
315 0.9974019894739382 0.009674255050984293 0.0007150497975474401 4.687331418501014
320 0.996856932276148 0.011465360451685669 0.00199393356536115 4.687668001229648
325 0.9981826531273122 0.006550220160861819 0.002545218848801767 4.6879247765291305
330 0.998793614922199 0.0044590961199419965 0.0021671234096984904 4.686875371010819
335 0.9990239612205277 0.00328997550992316 0.0023929555860204843 4.686778575355387
340 0.9974732216434952 0.009033051106904999 0.0016904987058969922 4.68740642535695
345 0.998683089450092 0.004541426447807417 0.007417550992274258 4.687394118508705
350 0.9978908434866933 0.0076887752540164556 0.004521657574561022 4.687014404294813
355 0.9981386183553232 0.0070070704048399435 0.004736817129191273 4.6868024114160765
360 0.9975330582534048 0.00927761949992778 0.001404641684983332 4.685983451754481
365 0.9984474887170207 0.005784175768583033 0.0009078074232844457 4.686950664522037
370 0.9986898098395631 0.004327600453196467 0.0028014975152468313 4.686429740276292
375 0.9985249887148495 0.005412514907641608 0.0027602323771485082 4.686905948939951
380 0.9980098628182157 0.007273900740464079 0.0038118410815695114 4.6863862349453385
385 0.9989318798529643 0.0036359011797548746 0.0005008001536388473 4.6862846228136235
390 0.9979596440930627 0.007171104973891396 0.0020324423676716386 4.685893574467743
395 0.9980261688604023 0.007747193341153036 0.00043813486710453375 4.686576024907862
400 0.9987267942109492 0.004499748009741289 0.0058338653407479235 4.686401784459954
405 0.9985619298241986 0.005346904237461203 0.0023813300551984717 4.686339454116584
410 0.9980563968999223 0.00714744727705785 0.0020113838584163712 4.686013188139643
415 0.9988519034414762 0.004205783528981932 0.001478159836585613 4.685922235476338
420 0.9985919124291994 0.0052017787538192195 0.005199104517358721 4.685845089139422
425 0.998786328533938 0.004456475051163089 0.0054563344773452815 4.685767209117907
430 0.9977398352295044 0.007929958465084042 0.000151350466209621 4.686361669122335
435 0.9958972046256731 0.01570823429316448 0.0043469836890488445 4.685947329873635
440 0.9965931541212989 0.013266912350752058 0.004776668198589018 4.6856891002355034
445 0.998521790093392 0.005517392736321014 0.0004516544360302355 4.685712338778935
450 0.9984914499998128 0.004900033379939828 0.005735967017021171 4.686289718192434
455 0.998259621202685 0.006117769524874639 0.002063215585736078 4.6855989660385315
460 0.996846104700642 0.01239250394159086 0.0010130979615987634 4.685185232790343
465 0.9981634239743894 0.006825208486488599 0.002912043858601665 4.685503955670802
470 0.9987885645064516 0.0044695576340272325 0.002347514861313904 4.685473224636647
475 0.9984515939159764 0.005751880107228935 0.0010433763816568575 4.685395219837531
480 0.997925137038695 0.008042881155208903 0.0025319245158024195 4.685288308350194
485 0.9981688432006977 0.0070070620898441405 0.007874983104838806 4.6860248322805464
490 0.9979095977926629 0.008171406233527634 0.006889438384054092 4.685032470135147
495 0.9986631985070674 0.004930392982362086 0.007640598618475325 4.68556704070614
500 0.9977402660600042 0.008861092332834275 0.0040785414298973865 4.684755949847525
505 0.9975501973331731 0.009683192511445782 0.010795509758095623 4.685399071567111
510 0.9986354305077172 0.004834353909515698 0.003960453138696085 4.685370914503898
515 0.9963450978438567 0.014439291972204948 0.0036959491766537234 4.6853017520725135
520 0.9987393367824211 0.004358759030203885 0.008226934341142522 4.684910344788961
525 0.998396027403452 0.005868000652847982 0.0017408600207087233 4.684883242991749
530 0.9982834520234306 0.006525154648730158 0.00273193707532271 4.6853010613778885
535 0.9984401217765826 0.005945334042375627 0.0013018579268926356 4.684607271560049
540 0.9980504889937103 0.007387299940918801 0.003029334502675507 4.685042527975151
545 0.9981223950240388 0.0073845244360954965 0.006215377525483179 4.684619989139135
550 0.99854975410378 0.0053896012352483424 2.7849369702792615e-05 4.6845940578637775
555 0.99798129300663 0.007758542689059844 0.0009800409373328378 4.6843136054244745
560 0.9976796541036266 0.008869210832146202 0.004665327322542989 4.684745657360842
565 0.9981921366039661 0.007024721710552129 0.0036965035787150935 4.684809581754673
570 0.998538760037704 0.005551442901946757 0.004194521508808391 4.684972176127935
575 0.9984309514844506 0.005986621624573196 0.002879556887585455 4.68507176859637
580 0.998155327614785 0.006916605482576443 0.012555384181085927 4.68512992603634
585 0.9985592812509272 0.005241805431665192 0.006535605029452718 4.6843130184532855
590 0.9974481575401355 0.009094679175214004 0.005352533930681247 4.684544494283101
595 0.9985427820923197 0.005573163875827625 0.00783071960605164 4.6848787089156465
600 0.9974461341370378 0.00931068144825975 0.0044864902541672524 4.684646638793261
605 0.9983291889926278 0.006400180666655153 0.0039931388376497345 4.684893642631243
610 0.996657642775512 0.013513941933312346 0.0012626289547943426 4.684611893965444
615 0.9979959266769054 0.008023095163065541 0.01151965060063076 4.68395187047688
620 0.9976461327514673 0.009193095355156444 0.0010016845282394549 4.6843786147647934
625 0.998620585876816 0.005200327514629954 0.0001432588163416959 4.6840084176695
630 0.9976099182557507 0.009410507851821848 0.0012868596653410336 4.684164271267139
635 0.9984576658196059 0.00572947557299841 0.01334686983966571 4.684561703537323
640 0.9983083115815905 0.006322178396528599 0.006551563027272778 4.684644607474258
645 0.9981710392212848 0.0070142070162582115 0.008774527271717236 4.683607138752885
650 0.9962969200738276 0.01472875165055676 0.010686062751519732 4.683668619399523
655 0.9984991265164166 0.0057265015796366114 0.0012724439960789535 4.683950943843569
660 0.9976162170692391 0.009629689992037171 0.0007346149387215117 4.6842250616755425
665 0.9984890640512876 0.00588918131853422 0.0002483104423833815 4.6847043365486165
670 0.9968304684901828 0.012469928996555524 0.0037789664830192304 4.684062598901683
675 0.9975146230370003 0.009640715054451299 0.005260824980221512 4.684333160999022
680 0.9982307964286539 0.007004176323942346 0.010318128113972813 4.684045458222013
685 0.9966303122149207 0.01361317638757864 0.00045666250847165024 4.6839475401477495
690 0.9979675779684677 0.007853178220400103 8.682702804141407e-05 4.6835156239810685
695 0.9971901906052334 0.01085249587881787 0.003281511184131336 4.684001467529063
700 0.9984435545971253 0.00588784383932861 0.0023315674337851533 4.683961890148317
705 0.9980977268526893 0.00725987650200377 0.004948893777463326 4.683926796223664
710 0.9981770121155198 0.00720756187220406 0.003483853261733838 4.684248782726445
715 0.9973256689224754 0.010421528625746745 0.00040198620924414286 4.683965100382836
720 0.9982905228168129 0.00655202667475141 0.0022529063760765577 4.6837257387588735
725 0.9981969728770592 0.006743350359537992 0.0019138486208747363 4.683188677718608
730 0.9979731560033567 0.007861219999293567 0.00817052947731911 4.683482223921775
735 0.9972221949431757 0.010987985410799261 0.005305733230108078 4.6837953410283255
740 0.9985652161252785 0.00529777048139124 0.0016048325928454954 4.683947510145437
745 0.9985176657795443 0.005519110885382261 0.010561538105294588 4.6842992297929245
750 0.9984779061141889 0.005616588344832252 0.002952641852624893 4.683000407191885
755 0.9975543671326901 0.00970130629847965 0.006809350313214724 4.683784028734014
760 0.997122684267501 0.011318254948669448 0.00373284341201896 4.68347435336402
765 0.9980598965093178 0.007545307367503362 0.005390323372364447 4.68424241545581
770 0.997166971651624 0.010996116326059457 0.00036632406696601727 4.68343575222184
775 0.9985633458702678 0.005360241816074307 0.0011270164591565823 4.683391353052673
780 0.9980020623072909 0.007807746813476513 0.006862921905721464 4.683189037967796
785 0.9973671686839201 0.010261066456762613 0.0029525105381471572 4.683634389568345
790 0.9983012803973266 0.006588829796744022 0.009703001622574536 4.683078826230058
795 0.9977189308710549 0.00865080234989346 0.011463211283360586 4.683012021142542
800 0.9979737820440708 0.008043810294059206 0.001107466874194163 4.683153776782104
805 0.9982338810221308 0.006787915919761467 0.007104665113385256 4.682882771645518
810 0.9983703891082751 0.006442067082537584 0.007668212202558644 4.6835976130284624
815 0.9980938010297605 0.007296617565908825 0.008519945737825996 4.682787727592558
820 0.9982622600271414 0.00675431815535088 0.0038103402664009245 4.683804109796852
825 0.9980674265754371 0.007506850161687062 0.008144972613313373 4.683356202196572
830 0.9978743460655319 0.008155071927020252 0.007682389589931171 4.6835983640928225
835 0.9984795108825592 0.005934707143432583 0.006971548961623553 4.683471072111659
840 0.998065204721299 0.007739929633376441 0.009708026585244056 4.683217970223767
845 0.9982427042054428 0.006737068031267945 0.007975235888299625 4.683304885177265
850 0.9981711020224078 0.007099580892067969 0.005140642700406373 4.68330380598993
855 0.9984121256248455 0.006087904243764264 0.0004839054750200855 4.6832787196089365
860 0.9979702516305667 0.008043636144682509 0.001850642540947245 4.68283221314554
865 0.997329369936755 0.010855392477276737 0.01034901018064227 4.683082220305852
870 0.9983025719593115 0.006466557021743036 0.0017498235789243921 4.683312215723683
875 0.9977411903881728 0.008583167767946875 0.006418594962861901 4.6828481784315
880 0.9984907465040772 0.0057455941897845975 0.008422496094452114 4.683282553235918
885 0.998243866810862 0.006810986520823015 0.007763680681828644 4.6829726346458
890 0.9981787147334928 0.007131399409143313 0.009451053655040287 4.683518432515983
895 0.9979032655631935 0.007954153896651661 0.00032563495989279545 4.683354977718343
900 0.9982306939624652 0.007080101730371879 0.005283424014165261 4.683178815736161
905 0.9981908801784418 0.006962736880950615 0.01178557239142175 4.683168990131068
910 0.9984780954518813 0.005873270712728917 0.004106666087196231 4.683392557787165
915 0.9979918989387283 0.007952702454610439 0.005891617256921666 4.682519552540594
920 0.9977228174444976 0.00909383528716834 0.0010348546820337923 4.683122306834626
925 0.9982452816040849 0.006762779992766532 0.006004766659069682 4.683309066279534
930 0.9983210534676641 0.006458348884674336 0.014484274480545345 4.683230007456488
935 0.9977022003788887 0.009072909075340085 0.009511639075840295 4.682866795961607
940 0.997988924847457 0.007709214763057304 0.007235018026744644 4.68287195375434
945 0.997389406021342 0.010351978625813274 0.01369675310952534 4.68292601170813
950 0.9980916609054281 0.0074313705608215486 0.008804570956256752 4.683294484760786
955 0.9979313440767006 0.008017857233488357 0.0028947762297408808 4.683505797833431
960 0.9976690653926585 0.009381398711482802 0.003597496584752058 4.683230617639598
965 0.9984518451512665 0.005965503033909414 0.009058000297644142 4.683159108759389
970 0.9974071139327045 0.010385726978654475 0.011997215188037647 4.682943069988027
975 0.9980835614277077 0.00744746777873484 0.00029549760951597115 4.6831087159844085
980 0.9979345392672548 0.008245385232967806 0.013437621594267757 4.682912764782367
985 0.9978340965386829 0.008407106895823802 0.0025444908908540675 4.682739495812364
990 0.9983413716642139 0.006456115189230616 0.001684135431652134 4.682910167906713
995 0.9977831519969734 0.008836465195962262 0.0019080604642975896 4.682758083338966
1000 0.9973734855012975 0.010585570942655664 0.0023503330284599944 4.682359361693866
