0 0 0 0.2770776860166779 0
5 0 0 0.011127330936550939 27.362943324026674
10 0 0 0.015915289617278727 27.181505908684134
15 0 0 0.015192578451589167 27.08247291149675
20 0 0 0.015057775070358659 27.01252671886613
25 0 0 0.01083134561598631 26.953555971109544
30 0 0 0.014762661557509604 26.87959718205133
35 0 0 0.016681291880222382 26.808899226928997
40 0 0 0.016977241937918164 26.7389838729027
45 0 0 0.014524679675959273 26.666115113706933
50 0 0 0.018585540226044195 26.617290825299488
55 0 0 0.01621467460947512 26.57474296931197
60 0 0 0.014716520732364957 26.548326660061786
65 0 0 0.015302499890015753 26.525822843691298
70 0 0 0.018317120612836524 26.506181495128054
75 0 0 0.014378992012912262 26.48751846896765
80 0 0 0.013616500877790205 26.469338303107243
85 0 0 0.017286546857238738 26.468987768060174
90 0 0 0.01551393211908958 26.460268012851806
95 0 0 0.015289889498297349 26.455054157859667
100 0 0 0.017190607033753524 26.44751428313854
105 0 0 0.014143120061373082 26.450527497987704
110 0 0 0.014853465887522788 26.433208641619153
115 0 0 0.018313837578562087 26.437473621038556
120 0 0 0.017119107948838863 26.44040223043266
125 0 0 0.014824550910923051 26.429030540753992
130 0 0 0.017649722132669687 26.434651893560925
135 0 0 0.015662822709676227 26.42791818834225
140 0 0 0.016437256812620538 26.431201785862303
145 0 0 0.0167180155790696 26.426129448583083
150 0 0 0.015099600467253005 26.42628024355404
155 0 0 0.01629904092819312 26.420035893115752
160 0 0 0.01840101224678037 26.421766102342986
165 0 0 0.015709912750745847 26.417962270300066
170 0 0 0.01682024844822294 26.420374559978363
175 0 0 0.016507697008158795 26.41237721204179
180 0 0 0.015174583977301426 26.428968670611972
185 0 0 0.018094564836949933 26.409368890850313
190 0 0 0.015076489158799111 26.42678422528097
195 0 0 0.014994388296596606 26.418193754601266
200 0 0 0.015217623362377086 26.410389557558165
205 0 0 0.015959536303036037 26.412935073640906
210 0 0 0.01679931033202986 26.402763357471226
215 0 0 0.014976256488576478 26.41159042926372
220 0 0 0.01670375834193827 26.404918285757017
225 0 0 0.018531850574535103 26.411633497640032
230 0 0 0.018267313197879442 26.399433759024813
235 0 0 0.01624489668317075 26.412135171648302
240 0 0 0.013370323275941232 26.39933344887361
245 0 0 0.015926147723800854 26.399258118113675
250 0 0 0.019814109974898964 26.16405968798495
255 0 0 0.018252145500129657 26.162853752268138
260 0 0 0.020152174943133483 26.15830801922211
265 0 0 0.01852040365101848 26.15768893046165
270 0 0 0.021917611476665266 26.153385635295194
275 0 0 0.02024144562713137 26.157190483688332
280 0 0 0.01852781463294395 26.154539517335266
285 0 0 0.018733194682090337 26.15222700426864
290 0 0 0.017745456805898785 26.15218100197818
295 0 0 0.01715158378314441 26.152535464624055
300 0 0 0.018123889853059794 26.146398885137746
305 0 0 0.021153258628614946 26.150177241786558
310 0 0 0.01998364258105889 26.14984894165234
315 0 0 0.020672440460243413 26.150639532471565
320 0 0 0.018845150316909365 26.15039404450082
325 0 0 0.02076174904599526 26.152089568518093
330 0 0 0.021322103308503815 26.140428307111502
335 0 0 0.018958587636187296 26.141098920883667
340 0 0 0.020692267632875128 26.146449709299326
345 0 0 0.019850824817191137 26.146876942399846
350 0 0 0.01981852407862994 26.141422398647418
355 0 0 0.018920116804525433 26.154357543358742
360 0 0 0.019871410055923855 26.14036071622088
365 0 0 0.018830459419338252 26.14705367586584
370 0 0 0.019229775279460126 26.141291667202253
375 0 0 0.020348194941198106 26.144247437875183
380 0 0 0.01896586830595859 26.143314193291452
385 0 0 0.018821151483296994 26.14118149080684
390 0 0 0.020118937746652188 26.136752263815083
395 0 0 0.019667769352703424 26.14113282400076
400 0 0 0.019341310982430304 26.13704759981545
405 0 0 0.01957642285707739 26.13951455168074
410 0 0 0.019439276713612452 26.13691502882403
415 0 0 0.01953685242411507 26.13644748209184
420 0 0 0.02046449445031695 26.134235547930697
425 0 0 0.01917818226259982 26.134854930107952
430 0 0 0.018809982546122095 26.135789232346916
435 0 0 0.02132312170882611 26.134842342205328
440 0 0 0.021280432664758653 26.137003689043855
445 0 0 0.018844130502283285 26.13081178667783
450 0 0 0.019711167094400794 26.136204004171873
455 0 0 0.019347374733250877 26.13053373759872
460 0 0 0.019432443797258614 26.128489374887867
465 0 0 0.0193217726458792 26.129491800660432
470 0 0 0.01859498748265276 26.128184419396852
475 0 0 0.01968882380668413 26.126185430927844
480 0 0 0.02010264966843378 26.130928165372715
485 0 0 0.018963328146641922 26.121727270528254
490 0 0 0.019503253533431186 26.128671561627602
495 0 0 0.021231330808137105 26.131234122076762
500 0 0 0.02008753531337404 26.124450000182595
505 0 0 0.019227432977813486 26.123278600534242
510 0 0 0.019424716238074513 26.121843659240835
515 0 0 0.01924396043415233 26.123205791764054
520 0 0 0.018535785085864065 26.123756597523506
525 0 0 0.019483650394888308 26.120068657715898
530 0 0 0.01871214549622846 26.12252868175827
535 0 0 0.018830096804618224 26.120579326862345
540 0 0 0.01793981374764808 26.117908178045017
545 0 0 0.01893139727758575 26.121458041708348
550 0 0 0.019725728856165636 26.120856780271364
555 0 0 0.01923066800455331 26.11822732699349
560 0 0 0.021002430565142616 26.116845723027513
565 0 0 0.018621171932157177 26.11343691890391
570 0 0 0.019109307865454506 26.114889847622013
575 0 0 0.019971649362140464 26.119194781489956
580 0 0 0.020565540456930487 26.11846182583624
585 0 0 0.017402626170975433 26.119744358400183
590 0 0 0.020452987226942554 26.11818817347916
595 0 0 0.01935086816124043 26.116474149640798
600 0 0 0.02024144481808099 26.11793761516438
605 0 0 0.02020405052735441 26.113377492827617
610 0 0 0.019091684608790294 26.11226975016108
615 0 0 0.01932488480546013 26.11619582850381
620 0 0 0.01952612015273969 26.111800967273965
625 0 0 0.018819997431483104 26.11643946877522
630 0 0 0.01998949535070116 26.109029386146734
635 0 0 0.020186221364791868 26.11636119585483
640 0 0 0.020319157080368244 26.113946717765813
645 0 0 0.02098664558181418 26.111490554356497
650 0 0 0.021597265521520415 26.112218191740165
655 0 0 0.020550972472006768 26.111139776139268
660 0 0 0.01962737769223133 26.109395519500964
665 0 0 0.01825528942132304 26.109061759264304
670 0 0 0.019890239359845685 26.108161529437893
675 0 0 0.019880856612956244 26.11456344988263
680 0 0 0.020723727383181068 26.109464323248343
685 0 0 0.01865864958532848 26.10731124671654
690 0 0 0.020951997517437038 26.108488100831735
695 0 0 0.02064112839698673 26.108411109703717
700 0 0 0.019554092422262803 26.10395993137786
705 0 0 0.019970518365098666 26.10927748860947
710 0 0 0.020158024373374328 26.10638056709398
715 0 0 0.019916715659829665 26.10928869297569
720 0 0 0.01993833595458594 26.106624776824816
725 0 0 0.021380914897719983 26.105475860313803
730 0 0 0.020308672941801387 26.105118143600812
735 0 0 0.019812069313377645 26.104896272398978
740 0 0 0.02078971661773399 26.10681685519366
745 0 0 0.019845982447864507 26.109580612406084
750 0 0 0.02091531450931039 26.104207670776074
755 0 0 0.020294021437871068 26.10345382918724
760 0 0 0.01974880242370891 26.10848840754707
765 0 0 0.020797461747608104 26.10492057352037
770 0 0 0.02136907579405789 26.106959732991857
775 0 0 0.020333324841833145 26.103530924124993
780 0 0 0.020587960903274194 26.103558828864358
785 0 0 0.022580522159385108 26.105817351154496
790 0 0 0.0195867740459561 26.102242470577927
795 0 0 0.020849824381493187 26.10347725118092
800 0 0 0.01965757773692367 26.102517217116947
805 0 0 0.021448577698527815 26.106368938045843
810 0 0 0.01956678758910102 26.105188234779117
815 0 0 0.01968932545641433 26.105676854139286
820 0 0 0.02038558953163938 26.10418389406574
825 0 0 0.019030772645938887 26.101239038898665
830 0 0 0.021824686865046017 26.103439491939277
835 0 0 0.02010733199848258 26.105952920085578
840 0 0 0.019865506164981728 26.104032294560675
845 0 0 0.019846912736400935 26.105924314906556
850 0 0 0.020543055944860278 26.10460183665162
855 0 0 0.019379053520901968 26.1021965520717
860 0 0 0.02031815548882343 26.099469053325052
865 0 0 0.020572499628501717 26.098591247914
870 0 0 0.02005767927881119 26.100781224069788
875 0 0 0.019791331608034257 26.102395112597083
880 0 0 0.02026391871389066 26.099727003972546
885 0 0 0.021003409194776612 26.101961344726263
890 0 0 0.020781393170900664 26.099901000317573
895 0 0 0.02050827290367252 26.100777069403048
900 0 0 0.021510517330576073 26.100067456360367
905 0 0 0.018984451286531367 26.099464442081217
910 0 0 0.02033183173691433 26.09818957811284
915 0 0 0.01956161774503351 26.099518804438457
920 0 0 0.020273853134240793 26.10232827333709
