0 0.37074015834872603 2.2767694700258243 0.3455577681984263 0
5 0.7924219921952145 0.5050945304759304 0.02966455284346803 5.349494030547264
10 0.9229954146750188 0.1819472525501924 0.014538587016692306 4.864269195741334
15 0.9282086285070577 0.1673520675585305 0.012618458091478768 4.854218132568689
20 0.9301463023067029 0.16128907972393947 0.011151443100498204 4.850400000072908
25 0.9313470889031159 0.15836612116973026 0.023953319687451735 4.845448077711109
30 0.9298939856605437 0.16104122702251011 0.020125662573396763 4.846038715304201
35 0.9294208156517763 0.16312011091769296 0.019863101050171972 4.8426468204985955
40 0.9312445497476818 0.1584589179016307 0.019247296197750785 4.843733161022587
45 0.9320988835293551 0.15502735501191456 0.01846342071660656 4.842668576364118
50 0.9330694926088601 0.15317847486031955 0.016649670785939596 4.842536204778683
55 0.9311268813020634 0.15736890549958993 0.024367220084317687 4.8418007372469765
60 0.9323048207468214 0.15431221604869894 0.005509607787735238 4.842455422931997
65 0.928819141495387 0.16392447493654227 0.018019556655762603 4.8420465505819585
70 0.9284724506333045 0.16606684272456107 0.02621131463163584 4.839371772179302
75 0.9319842265533701 0.1555468580749162 0.028071878696644292 4.839637720400052
80 0.9282213079611463 0.16679036048044527 0.005080136985358141 4.839769557899017
85 0.9277838713418343 0.16812259754833825 0.015714003513129127 4.840452781312495
90 0.9264722000623365 0.17344863276877387 0.016526693309974583 4.8402281803346705
95 0.9323764799464157 0.15476494113071393 0.02606471703939439 4.839122800845335
100 0.9221924322270643 0.16937301118483372 0.0002611629955935335 4.702974481425842
105 0.9204884266089992 0.16800448908597332 0.001549508088901419 4.695433285761519
110 0.9164147000795886 0.1785979871447667 0.007758674682863953 4.695778059792497
115 0.9197175856924156 0.16946900662834175 0.0063432785662098645 4.6955473481413685
120 0.9190583535405403 0.17193898602901658 0.0023543033384458845 4.695903626188639
125 0.9209983588457595 0.16670625013772433 0.0050097315754285 4.694850009801594
130 0.9201062117679941 0.16870184166678204 0.0009263781582053987 4.694336541798676
135 0.9179370040812445 0.1754323545280725 0.0004087038936460008 4.694844820553208
140 0.91970838535428 0.16985049387556206 0.0007214252588074732 4.694192792387537
145 0.9200838888605034 0.1685738467808493 0.0009130240407990708 4.694855473804867
150 0.9206021628745396 0.16748474168098415 0.001080652607440502 4.695377370097139
155 0.9201506738367129 0.16877077611148383 0.000712858658882709 4.6943087741866485
160 0.9203310480802438 0.16872234214379578 0.0007680290993250516 4.694344544237058
165 0.9204240821827328 0.16773067360832794 0.005113533507600465 4.694888449332163
170 0.9203080519579634 0.16806754921251432 0.003047545976771371 4.695025118860687
175 0.9202397261238708 0.16808426691628853 0.0013681039996200628 4.693878005754868
180 0.9196221652292671 0.16981178915777217 6.274073967627025e-05 4.694304219722458
185 0.9203503376540743 0.16819865955494429 0.0005356228763389037 4.69378971914226
190 0.9192701803244114 0.1711864165963375 0.0012279130912538072 4.694179137486956
195 0.9196575050251969 0.1694528006981173 0.002219854471607219 4.694330707745007
200 0.9204033632704713 0.1681606030719509 0.0038002145108466667 4.69456272358496
205 0.9199790587494198 0.16861879416397407 0.001647567766649427 4.694447441458965
210 0.9199427270126358 0.16867675453256048 0.00018700220126866007 4.694885859550209
215 0.9190908283360197 0.17184725047807614 0.003864781910304149 4.694252113460328
220 0.918844724766686 0.17203292503008782 3.04692835533249e-05 4.694597805181307
225 0.9203658165893387 0.16801379898114366 0.0024040565236798095 4.693991607036463
230 0.9198561967763685 0.16948287515013938 0.000909201339854615 4.694296164846472
235 0.9203552774978156 0.16881806767813412 0.0022640398760798153 4.693760121083482
240 0.9200556670511314 0.16927382946983638 0.0007518233339627312 4.693421167306299
245 0.9205097404954389 0.16762734540332058 0.00029284765231385457 4.693444832576421
250 0.9194251188674205 0.17048716247642126 0.004818585473323145 4.6941584401535685
255 0.9199459734869317 0.1687269239191993 0.002814321439302603 4.694065242878865
260 0.9208445527279172 0.16685033823223794 7.899028136693076e-05 4.694653253939539
265 0.9133387195373552 0.18869400167079942 0.003473291497543274 4.693819775712916
270 0.9208916259469049 0.16670370758975572 0.004762158920865955 4.6934276433892395
275 0.9131336531612027 0.18942660907769948 0.003146136317560888 4.693704058567229
280 0.9183515408120013 0.17339774829611088 0.0013681707852541969 4.692960850627651
285 0.9200679379000675 0.16886328588684574 0.0032858493599998706 4.694538892475972
290 0.9136756060807001 0.1858475862250888 0.0077569280984342015 4.693033059378757
295 0.9177896617374567 0.17510811793841352 0.00037502823841073507 4.693180898599809
300 0.9198377356246981 0.16877126764906158 0.0016967688794129465 4.6933780551613
305 0.9169070605651766 0.17841820256369 0.0028461916476267834 4.694183880640533
310 0.9191325706003223 0.17116275421121951 0.0010781389812890563 4.694155396470718
315 0.9178630891670322 0.17433394064119234 0.00027605638951899714 4.693573365491406
320 0.9207331775047073 0.16707202745926786 0.0009924106551939538 4.693456749265848
325 0.9198663754708878 0.16883489456195022 0.005681277926469441 4.693663141553583
330 0.9186982802199082 0.17235030662988482 0.0003737916508836925 4.693495971208634
335 0.9210075671501574 0.16640928155593393 0.0025735399796908975 4.6930926318151895
340 0.9169557098256238 0.17720865905657668 0.002033761498686726 4.694012035592248
345 0.9204938658017274 0.16737595094522373 0.001365745780700589 4.694244216349682
350 0.9188996944716935 0.17255637865951456 0.0027609739056964067 4.6931194348883585
355 0.9199224277115169 0.16954795089506902 0.0016123588315171133 4.693454083163196
360 0.9208626921446976 0.16664082920357082 0.0015609186353207072 4.692695999696577
365 0.9205479932578033 0.16783228091529612 0.002159411901677011 4.692963739621316
370 0.9207375603361283 0.1670278052761729 0.0038427192310062086 4.692839523968867
375 0.9205241443855496 0.1672845248134891 0.0013271468886006943 4.692474996208808
380 0.9205641821366887 0.16727940539300068 0.004097079224722133 4.693148941595767
385 0.9205820970156484 0.16729043076384453 0.00518348955683412 4.6933001220899655
390 0.9190123608306058 0.1712014844656906 0.0008300521116442194 4.69285272904654
395 0.91736087617636 0.17661720566595385 0.0015374281482885 4.694327300733705
400 0.9202075590553338 0.16792228077853988 0.00020550257602325317 4.692520869542559
405 0.9207702049678883 0.1667420934841477 0.002088644573176035 4.692661536470556
410 0.9206649566072859 0.16721518899905785 0.0009074207561801106 4.692988068969416
415 0.9203974248594382 0.16822152737032603 0.0008930497686299166 4.692253620878998
420 0.9203345036613491 0.1681326671548824 0.000518629069241161 4.6926299106832845
425 0.9207752643570529 0.16669683512100342 0.000388705476854323 4.692232096443577
430 0.9199777926593522 0.1692199512747239 0.002073880216338697 4.692999587781044
435 0.9205009681802913 0.16724387331175272 0.002636988422446196 4.692707106527335
440 0.9206245224885833 0.16725938432962106 0.0021356038938358246 4.69198503723304
445 0.9207022748317857 0.16681338411179691 0.0003138683464187775 4.691947360577841
450 0.9181381728697631 0.17390291723953144 0.001202880407684681 4.693195690492667
455 0.9213073276428186 0.16576325258743907 0.0010213476256075715 4.692854196131945
460 0.9214359390061599 0.16558932775297652 0.0018275635801852097 4.6926482117122585
465 0.9199605404312388 0.1690579092660096 0.0009765467343361145 4.692476348686689
470 0.9174372610908706 0.17739150688401395 0.0039132928728471406 4.691883317855137
475 0.920985312392202 0.1664879121375904 0.0034304194995655735 4.69327495739732
480 0.9207674329421729 0.1671450801280221 0.0016623258195072044 4.69227343382592
485 0.921343564361818 0.16567662917648462 0.007751917279679166 4.691943477562034
490 0.9208503753725958 0.16693743101251624 0.0015069159611376115 4.692540877903387
495 0.9101839541919996 0.19668234687746544 0.004724776767721206 4.692623449470337
500 0.9210284615360376 0.16643868229142456 0.001507271156379053 4.692887539754351
505 0.9216807863488325 0.16486182576075503 0.004681755956135181 4.69209309998157
510 0.9212989181088111 0.16610272457588682 0.0009833396698348817 4.692144189937822
515 0.9186145971749808 0.17279115407714496 0.0021825551277996347 4.69213392588851
520 0.9151805946966143 0.1835076933523485 0.0005566770678981925 4.692644539540397
525 0.9230540047666701 0.16228963084510184 0.0013786555693788838 4.691859468839931
530 0.9204309073816694 0.16809160944619617 0.001144211209671564 4.692709040947743
535 0.91721793048033 0.17717506695099594 0.0036722705287228763 4.691990590013612
540 0.9215766567577274 0.16647427413107696 0.003369703785478073 4.691987590369334
545 0.9196576884436334 0.17008980412942876 0.0011380875388571354 4.692573660236937
550 0.9212072099944126 0.16692433511074523 0.0013088940907866053 4.692844070350452
555 0.921234273724241 0.16562958941384043 0.0008394814126255756 4.692214139620391
560 0.9211016529363023 0.16640860123689905 0.0038300787946836667 4.692003048218055
565 0.9197322945747605 0.17019369850534094 0.004749271118530407 4.692255630044481
570 0.9223518080845092 0.1634799918558496 0.006392644521983515 4.6921247604214145
575 0.9193401569052184 0.17141203004997507 0.0028418383536767955 4.691622227855375
580 0.9215541270081344 0.16489859871348322 0.0029080409682920028 4.691902045972097
585 0.9219674606973582 0.16415860054737585 0.0010213162072023607 4.691470913531209
590 0.9222499647085911 0.16374710721291041 0.00027377008407403203 4.691449146604325
595 0.9216140328293341 0.16525188286526848 0.0011666737752817902 4.6918556144446315
600 0.9227852030351886 0.16280346971496762 0.005664940101382854 4.691648310239826
605 0.9217744583127592 0.16449440609146482 0.0009084962544982922 4.69195289450148
610 0.9218812556513449 0.16462367936849098 0.003751151442322298 4.692076439241934
615 0.9208573383804181 0.1670178139261118 0.00022801317620868566 4.69185047345973
620 0.9212840615101732 0.165932427383928 0.002454861111504947 4.691161756726865
625 0.9219065767276398 0.16434139885868948 0.0005055294420586165 4.691976375279665
630 0.9219035640876763 0.1642080192085107 0.001444853521074263 4.69158800187279
635 0.9176120406258607 0.17679195188605323 0.0015555571328211837 4.690622075787021
640 0.9225978230134885 0.16284536110046588 0.0008866264754854303 4.691028239953449
645 0.9226321801349469 0.16256213012310816 0.00038286385889851893 4.69110524233116
650 0.9218018910639048 0.16421612899091453 0.0014291157132455545 4.69134508957893
655 0.9232282841788894 0.16137155899978772 0.0004890156788019961 4.691651460235317
660 0.9223657373617449 0.16300037760373076 0.002237189910082593 4.691852544532187
665 0.9209887734808269 0.16659484653446377 0.0024179846722676146 4.690321818357018
670 0.9205717655259454 0.1687761396292906 0.0025041199605240205 4.691601379065415
675 0.9210155589640291 0.16744007311012332 0.0018429882880872661 4.690949869488826
680 0.9158427539965112 0.18253100332403616 0.00027692796620781834 4.691321987052631
685 0.9215447819719271 0.16505329967907034 0.003225969933878803 4.691823336003631
690 0.9232764251813985 0.16112479865600982 0.0023384420741003886 4.690947772462265
695 0.922773723263628 0.16247695751161295 0.0073836582808446405 4.691605636891854
700 0.9228168252128501 0.16206133929441435 0.00287201321904762 4.691692446650523
705 0.9225446114922754 0.1630364705647951 0.002817502370068059 4.691186705136144
710 0.9223804926608875 0.16358123423446802 0.0037647891799799105 4.691160758412436
715 0.923006133945413 0.16180116967213465 0.004588483405614019 4.691264175613386
720 0.9238705463886117 0.15984663303177715 0.0012837444882927151 4.690672116347582
725 0.9213463101824053 0.1665956224652403 0.005216426725106027 4.69087897350887
730 0.9173148853670885 0.1792873956115013 0.001027965545072007 4.690715016700417
735 0.9235736460718289 0.1604005025972146 0.000792032171417878 4.6911275636352885
740 0.9232733212699014 0.1610138477173102 0.0013158420097869605 4.690721393158992
745 0.9235918582335225 0.1603045080475658 0.0002779469319871275 4.690479712292999
750 0.9238671724768222 0.15992085243206233 0.0008417327616354608 4.6906757377435495
755 0.9241166773225284 0.1599488981990893 0.003388323468216159 4.690815959361415
760 0.9220739557039279 0.16539940320965218 0.0008250743517219661 4.690937473180702
765 0.9247739264390993 0.15784548298292211 0.0030366121511122834 4.690619847789153
770 0.9225889478267708 0.16261206803935213 3.4861718400502895e-05 4.690460771077505
775 0.9229802481329022 0.16231741713036119 0.005267735129967477 4.6903467753945
780 0.9242951986296423 0.15912438387806116 4.502230867986512e-05 4.690438534106112
785 0.9233845661976362 0.1609305553391307 0.002540072276810079 4.6903872317823065
790 0.9245723532759376 0.159017917806203 0.0034692285967679037 4.69017988906124
795 0.9243343676029607 0.1589808248088831 0.0004342923842970414 4.690254777825319
800 0.9252137288564448 0.15685955870413792 0.00341050897118933 4.690386103004034
805 0.9239465528164834 0.1596882976577927 0.0022575585111344054 4.690216334458117
810 0.925757175515305 0.1557959029792606 0.0011072617859300138 4.690212951512726
815 0.9259529536362109 0.1557706112126711 0.0013419515703754215 4.690377697910949
820 0.9252497115305279 0.15694750522578182 0.0028944044083187848 4.690308357580933
825 0.924256135681663 0.15926311298994555 0.0005925164737734523 4.690470931788463
830 0.9255819332843833 0.1558874372239627 1.9530776591336618e-05 4.6900470598749475
835 0.9231600709591852 0.16295741735832348 0.001571252889332575 4.690208659910158
840 0.9252506080691985 0.1570269913940452 0.0016180499019564643 4.68998048606554
845 0.9265376910644897 0.15410680783796948 0.0033940914244987574 4.689901382538215
850 0.9252887039680976 0.15676170658984745 0.0016848118679380075 4.690555307064782
855 0.9259156368408872 0.1550909275387955 0.004524023691438783 4.689872103176424
860 0.9258078437931117 0.15527909474137758 0.0036796982412670154 4.689838818144518
865 0.9269056283933416 0.15307822988155628 0.0012230847919472154 4.689691850807552
870 0.9237289832521495 0.16167316545653865 0.0017560763009798475 4.690067682810286
875 0.9267137632216329 0.1535653521414435 0.0024491199769323124 4.689406215364104
880 0.9215292315258312 0.16803099528565824 0.0007596989746407878 4.689830809935881
885 0.9215190579209658 0.1683992627272497 0.0020522925304717887 4.689760994822396
890 0.9265477510531326 0.15371559949929203 0.00276045865161878 4.689468145811784
895 0.925922641325013 0.1563826140183373 0.001180492067268224 4.689364762725041
900 0.9272663960343717 0.15223345207257655 0.0023825559762935544 4.689219848968263
905 0.9274706148593472 0.15206186524263376 0.0030946255167745296 4.689543750731091
910 0.9284952871525556 0.14961808401635857 0.001665318803216076 4.6892277442571295
915 0.9279523336268376 0.1506342022551843 0.0022141204702208483 4.689578506939255
920 0.9273746562420688 0.15248886222453262 0.0021976022655092464 4.689564881224406
925 0.9280117050519736 0.15056017768643137 0.00033578005931578225 4.689490907533639
930 0.9270959878144492 0.15331611311709725 0.002513765782972799 4.688864035060594
935 0.9262587134542812 0.15610786393595877 0.003258346670761636 4.689410322519731
940 0.9272941905667973 0.15227421199926905 8.673821089777434e-05 4.688723817621153
945 0.9282185329883834 0.15006154407519112 0.0004991428847060941 4.6891350152765945
950 0.9301782348199463 0.14632325393162748 0.007369501250371169 4.6888656415501195
955 0.9278435410325567 0.15110342139615351 0.0011836672927514336 4.689002568195717
960 0.9299517025139683 0.14644320099956598 0.001512949123646301 4.688974019263284
965 0.9293618424204035 0.14855527308785899 0.004182614589416822 4.688255663174669
970 0.9296343396861675 0.14703198856035016 0.003403358284012281 4.68907352224255
975 0.9269852150384864 0.15442879055726078 0.0027340453751576455 4.688396045158926
980 0.9306860054553241 0.14535872296251373 0.0007413993032054922 4.688314037109546
985 0.9312258958524721 0.14376927464861922 0.002343739093313202 4.688501494405503
990 0.9303004545173457 0.14606504260396402 0.005375748836912386 4.688891902367455
995 0.9294615047748499 0.14810689266014077 0.0004605855730206443 4.688453553645556
1000 0.9297203349039558 0.14861166200879872 0.001969279539283608 4.688489753347118
