0 0 0 0.21437670511158302 0
5 0 0 0.01596667819706843 21.77889909273164
10 0 0 0.013847389394169962 21.60852704797811
15 0 0 0.016060617652887466 21.514250967304342
20 0 0 0.017278170719045916 21.450243171428966
25 0 0 0.022159481979772133 21.388920065397006
30 0 0 0.01725083567551855 21.3202185165331
35 0 0 0.01618734093724772 21.27275981790654
40 0 0 0.017594870390451822 21.222929067740374
45 0 0 0.018770169181093976 21.1783707123994
50 0 0 0.023433289190301743 20.862673215492254
55 0 0 0.017924637716057124 20.835502308823024
60 0 0 0.023127841759770673 20.84674694799763
65 0 0 0.023011058400787876 20.82919417315125
70 0 0 0.02006210542539333 20.82804389805524
75 0 0 0.02403875179553361 20.832706148508183
80 0 0 0.020901302303233393 20.811255556716695
85 0 0 0.021965163816009214 20.82180078521987
90 0 0 0.02508441887714219 20.808210316235865
95 0 0 0.022978860762406406 20.80791526947369
100 0 0 0.023876281151256284 20.795410760875157
105 0 0 0.02288931292484664 20.80349185634784
110 0 0 0.022530303675078578 20.79667441795896
115 0 0 0.022206845552757093 20.791386240309276
120 0 0 0.022802448076584936 20.793551673929915
125 0 0 0.024800610042866378 20.786012504007786
130 0 0 0.024559244712744288 20.786326308172164
135 0 0 0.023449862223633433 20.78995512042262
140 0 0 0.022382938170127264 20.78405568635451
145 0 0 0.02223345902678897 20.78476772677742
150 0 0 0.021234194007720975 20.782893796704528
155 0 0 0.021287262636833892 20.782501075642035
160 0 0 0.021379152017906078 20.779056044712487
165 0 0 0.02437722458746161 20.776360357416777
170 0 0 0.023555700677698077 20.780861957231828
175 0 0 0.025166041638650993 20.775103342775715
180 0 0 0.023302511844747187 20.779369960730147
185 0 0 0.023487101727548865 20.775188859955648
190 0 0 0.023434112999513257 20.77629615800411
195 0 0 0.02345248477904227 20.77853111845104
200 0 0 0.02402888229675071 20.773511477520284
205 0 0 0.024880119810632095 20.773498728415078
210 0 0 0.024065578906429463 20.7747966352687
215 0 0 0.024178535398609924 20.775526997078426
220 0 0 0.02374685911923624 20.770254246005173
225 0 0 0.02312864570378448 20.771574449063447
230 0 0 0.021324033225688988 20.771376055674896
235 0 0 0.026140249679647676 20.771022260586406
240 0 0 0.021634613434898142 20.771572573659
245 0 0 0.023091995600006854 20.770673215782477
250 0 0 0.020676498569592416 20.775417785522762
255 0 0 0.021947358527551586 20.7683965154921
260 0 0 0.024545752735588566 20.77117487845854
265 0 0 0.02210584247271652 20.77114871911195
270 0 0 0.023666451079975337 20.769690713027547
275 0 0 0.024244429133409406 20.769120018924585
280 0 0 0.021891777746940067 20.765880550966234
285 0 0 0.023011068869517537 20.76580358184106
290 0 0 0.024078036527585445 20.767927120360355
295 0 0 0.022173693470264322 20.767318919972546
300 0 0 0.02304023649414555 20.772791034043536
305 0 0 0.023657280786087753 20.766999602884383
310 0 0 0.024589253240941744 20.766542496948986
315 0 0 0.023796618607147657 20.76333427860512
320 0 0 0.024754441409251093 20.762957469916515
325 0 0 0.02558386998797957 20.76252542230079
330 0 0 0.022770814235022696 20.76346543167113
335 0 0 0.020756615498533693 20.762109919513435
340 0 0 0.02456190115356005 20.76322603554545
345 0 0 0.024913006279252414 20.763364793334073
350 0 0 0.023089561477674492 20.76219991889251
355 0 0 0.0227631817470606 20.763337274869095
360 0 0 0.024330238945619254 20.761029407826403
365 0 0 0.0236348975300662 20.76274317133649
370 0 0 0.02323879381154126 20.759482915029665
375 0 0 0.02380072063188554 20.759901877178876
380 0 0 0.02398942792835368 20.758384619183786
385 0 0 0.021884137709728968 20.758744348250183
390 0 0 0.021845877778584377 20.75997362408363
395 0 0 0.023409827713023912 20.757933459561183
400 0 0 0.024898761702979666 20.75701555362025
405 0 0 0.02413468684476827 20.755763509432946
410 0 0 0.023551990840425363 20.75514246470669
415 0 0 0.026038599741301516 20.75769565756622
420 0 0 0.02407445332531566 20.752626232475205
425 0 0 0.02422334153862704 20.752783736271923
430 0 0 0.02338439575212581 20.752686622341436
435 0 0 0.022699452629650452 20.75308085445725
440 0 0 0.023684126106422676 20.752213150646817
445 0 0 0.022355080090695534 20.750295008944004
450 0 0 0.02342100427537197 20.748629606480467
455 0 0 0.02533250943116805 20.748185043684774
460 0 0 0.02255773876340661 20.746061324234446
465 0 0 0.026287191539852595 20.750102932943275
470 0 0 0.024753556399148557 20.751269374101444
475 0 0 0.022236767720496875 20.746915291838373
480 0 0 0.022946619445110228 20.746841017242495
485 0 0 0.02438767846676182 20.73918785310543
490 0 0 0.025757511765222008 20.744096397054808
495 0 0 0.024361733650358985 20.740854527544894
500 0 0 0.02496273577046626 20.743083908566877
505 0 0 0.02391833974874813 20.744597122453197
510 0 0 0.02423216365102787 20.73938976210866
515 0 0 0.025129918188354416 20.74114710940986
520 0 0 0.02447377420553898 20.741812447583776
525 0 0 0.023123103761587993 20.740607127634245
530 0 0 0.024394626537951325 20.742167056154575
535 0 0 0.02462669643910953 20.737503625963015
540 0 0 0.0262281949084191 20.736547361401204
545 0 0 0.025438812157100754 20.74067442067008
550 0 0 0.02379855895856431 20.738399224111564
555 0 0 0.025414702597118755 20.73532712169806
560 0 0 0.023799076888596282 20.73153791417914
565 0 0 0.02554829283906912 20.737932481213203
570 0 0 0.02594048262212989 20.738436613981694
575 0 0 0.02361856083290359 20.737064885287563
580 0 0 0.024631278682155422 20.735346142692073
585 0 0 0.024688087169251416 20.733894226921056
590 0 0 0.02423159925341678 20.7335564308235
595 0 0 0.026532658296853695 20.73161346741373
600 0 0 0.024850092696224957 20.73338891511723
605 0 0 0.025755012119749843 20.73463588574639
610 0 0 0.023713639295395827 20.732578937855997
615 0 0 0.025523196290269334 20.732328036740043
620 0 0 0.025881387910699827 20.730813593019207
625 0 0 0.02533858837225278 20.732830852442376
630 0 0 0.025395380834253523 20.73040552981079
635 0 0 0.02504375906992129 20.73147555616727
640 0 0 0.024123784886158406 20.730534455615445
645 0 0 0.024627019393872907 20.731044000931128
650 0 0 0.024192275406461405 20.731945684040685
655 0 0 0.023840740421902318 20.730765573772086
660 0 0 0.025254380942808963 20.729939963209766
665 0 0 0.02363404551815962 20.731388302472823
670 0 0 0.02576227135740039 20.72646439835371
675 0 0 0.02503128568078128 20.729649458430785
680 0 0 0.024825443727922503 20.727644676724886
685 0 0 0.024432890152162656 20.72728068814906
690 0 0 0.022971178613835797 20.72647703327953
695 0 0 0.024313684023710813 20.731258152026292
700 0 0 0.023615456211428354 20.726875483826934
705 0 0 0.026080560008237663 20.729003851872672
710 0 0 0.02522100634944957 20.727225859336812
715 0 0 0.024382491335763312 20.72742089283339
720 0 0 0.025070999956669393 20.728323274695104
725 0 0 0.024863162216865353 20.72728914419877
730 0 0 0.023603146499355354 20.727606555776934
735 0 0 0.025364316586077074 20.727159765366554
740 0 0 0.025020837465354218 20.724785370240234
745 0 0 0.02530420028116742 20.725724583273617
750 0 0 0.023718607387679613 20.728525552357496
755 0 0 0.02488326732200208 20.725434762607893
760 0 0 0.024623374151935273 20.72615527764645
765 0 0 0.02466758458584639 20.72423731868444
770 0 0 0.025187463249950248 20.722566183456085
775 0 0 0.023962308424526846 20.727862930695743
780 0 0 0.02677547216681786 20.72558386880739
785 0 0 0.024852493376464446 20.725704062236154
790 0 0 0.02436830073777041 20.726849604364382
795 0 0 0.024756412343774903 20.723620281663052
800 0 0 0.024049345564778335 20.723477632815012
805 0 0 0.02454119895589102 20.72246632754632
810 0 0 0.023290760719934633 20.726392367847303
815 0 0 0.024228052487967444 20.72321097092639
820 0 0 0.02525946632778897 20.724521450441486
825 0 0 0.025326107909441342 20.724307904615877
830 0 0 0.026491999261547106 20.72410456115585
835 0 0 0.02396723250150634 20.723506769912518
840 0 0 0.02623035560611453 20.722225012672375
845 0 0 0.023995654322298998 20.72342050759763
850 0 0 0.02575319448232416 20.725725546099785
855 0 0 0.02348204414663413 20.722989870619948
860 0 0 0.02492182729743342 20.722265399705325
865 0 0 0.02397259541800567 20.723124097500836
870 0 0 0.02592616702065209 20.721558224940487
875 0 0 0.025424693098501816 20.721864844536142
880 0 0 0.024863692881123445 20.721932054509917
885 0 0 0.025777357589170435 20.72016966554645
890 0 0 0.02514273064650885 20.719125322319066
895 0 0 0.026168153900761215 20.722267814232545
900 0 0 0.024885692269897453 20.720927378985852
905 0 0 0.026030587735103028 20.72005422600826
910 0 0 0.024211539302800178 20.719587514545264
915 0 0 0.02459427790768376 20.721475453897323
920 0 0 0.024731140766670823 20.717818810122946
925 0 0 0.024705184954404213 20.718913157119392
930 0 0 0.025517612957459246 20.72108079008072
935 0 0 0.02563782903541445 20.720066242591038
940 0 0 0.02643710947029021 20.720535698722237
945 0 0 0.02509259458522073 20.72045758432916
950 0 0 0.025590022880241925 20.720033937300464
955 0 0 0.02551935530204119 20.719452897323666
960 0 0 0.025309938621415284 20.720558290097493
965 0 0 0.025424991698050015 20.7195368438216
970 0 0 0.026266663270315904 20.718560360115063
975 0 0 0.026269480293649616 20.72048748546195
980 0 0 0.02563394339949454 20.717896374697794
985 0 0 0.02640914098631253 20.718729959221747
990 0 0 0.026263948982966134 20.721435637911053
995 0 0 0.025552175633620333 20.71901401860864
1000 0 0 0.024180479639274166 20.717854275438675
