0 0.5816404590672924 1.150045051071284 0.3532987445944413 0
5 0.7852268372655968 0.5451751131598925 0.14928123481196165 2.191683062825453
10 0.8922413271667546 0.2439521233205073 0.08542188695014108 1.9114677967112388
15 0.9583515668153452 0.0938451093209085 0.06903910849940043 1.7261377376522582
20 0.9648907366436155 0.08412201536585417 0.051439251136138564 1.713865128265451
25 0.9668083432623995 0.08206446430375536 0.03960755286332218 1.7111008567965427
30 0.9679967128080321 0.08046324631206936 0.022358127508276704 1.7097869898804294
35 0.9685360137134877 0.07954911827006383 0.04558805917173925 1.7089072798941112
40 0.9684957390723878 0.07967766833854983 0.011041124709021854 1.7079500788984259
45 0.9690275756106165 0.07849744792182345 0.033143069271172276 1.7071563716876985
50 0.9694800133655281 0.07716027595305852 0.04821012922771373 1.7064806242234911
55 0.9698832265703685 0.07613625062439966 0.03441324291044401 1.705392181659416
60 0.9701780727648215 0.07535894422365375 0.03522396537898764 1.7048714638351439
65 0.9703981590815351 0.0744660583089578 0.02567102201131921 1.7039109748264087
70 0.97065188175177 0.07382934668777708 0.041573373982395356 1.7032342688552264
75 0.9709349502769495 0.07289616122840425 0.04310659207913026 1.7024553582139874
80 0.9711783862177633 0.07215881194491858 0.05672796494179444 1.701661600822189
85 0.9715040485389828 0.07125809895887936 0.03452478509611856 1.700921978375726
90 0.9713313469657328 0.07187946817042024 0.035644174967841336 1.7000926505179064
95 0.9717251020413834 0.07064847954185716 0.03909549518834954 1.6993249630877392
100 0.9695452261148809 0.07103618583293914 0.02058847797374197 1.6481766859353444
105 0.9608005189904526 0.08285389226228923 0.008287241376145893 1.6359048242494665
110 0.9553316375337331 0.0926802999772518 0.000288949219771073 1.633309894959795
115 0.9524143146264755 0.09823803125001107 0.0004230442625257069 1.6326882931117417
120 0.9525903070165582 0.09817889029501425 0.004504187460362186 1.6325088059230186
125 0.951670634121202 0.09975529494315416 0.004058787340258663 1.6323647868346236
130 0.9512104373354441 0.10064272787411754 0.0006821977160287318 1.6323487125809717
135 0.9504039004261267 0.10216620339881577 0.0007664438811820773 1.632358942972425
140 0.9509461898642334 0.10126805538231776 0.0008421795506987628 1.6322340038653493
145 0.9502533302032956 0.1025238398215933 0.0019187136252967196 1.632252132739366
150 0.9497227825850669 0.10355558160594658 0.0011072529284859023 1.6321757261531096
155 0.9506179744176888 0.10199489755592195 0.0017981020192578967 1.6323202133346093
160 0.9510325439793978 0.10166538545867332 0.0036220594842366616 1.6321603454213138
165 0.9508454286815913 0.10184895765799373 0.00020634016316445347 1.6322848374096752
170 0.9505246015376964 0.10221274582608375 0.000577255581905245 1.6322022243315473
175 0.9505793868776812 0.1022095205245277 0.0037561943017749844 1.6321657716996694
180 0.9506461930637564 0.10213236550947302 0.0024097862530489955 1.6322674479765402
185 0.9508728434616874 0.10225533010494292 0.0009584323598970101 1.6321984865568897
190 0.9503378637339986 0.10265273178793177 0.003188607873500615 1.6323071885548266
195 0.9496706527086847 0.10379679255938168 0.0010837390469853325 1.6322377664169532
200 0.950310655077296 0.10278274746519678 0.0012673498746391676 1.6323683589816917
205 0.9499190102750981 0.103378535617767 0.0017878906592176946 1.6322767224198165
210 0.950311324801385 0.10277322124437682 0.002903858908152257 1.632188711072944
215 0.9498705663410284 0.10346663342509754 0.0015980414133238696 1.6322391611784013
220 0.9505332016960443 0.10264016658417452 0.00270010416397648 1.6321514712598384
225 0.9493680434821168 0.10439225867738844 0.0002941235163023137 1.6323211282651544
230 0.9496163996903215 0.1039288199071875 0.00039334588216410893 1.6323154642005884
235 0.9500064112240739 0.10328207319189286 0.001300922488443934 1.6322743171183642
240 0.9506019983455671 0.10272819466701955 0.00020538742143427768 1.6322249030301734
245 0.950082471699738 0.1031861254084685 0.0004271425267059481 1.6321312282975255
250 0.9497422825999617 0.10376475068594226 0.0011665574065196083 1.6322759893731371
255 0.9484893780184376 0.10619294483545683 0.0017156988555067088 1.6322591172388112
260 0.949896999196707 0.10351693306399579 0.001287574911364997 1.632202102732758
265 0.9491207885262696 0.10490901565645006 0.0008146694635937646 1.6321866966290153
270 0.9499337726778518 0.10346972888236561 0.0014628475282034703 1.6321920644078793
275 0.9484556358194673 0.10630832790182443 0.001175869265473084 1.632128264986554
280 0.9493197692320727 0.10455611895284034 0.00021261988596110726 1.6323516191155631
285 0.9493863294457159 0.1044315674674341 0.0007208087560186538 1.6323021653713168
290 0.9498429554298038 0.1036179045951604 0.0007722352158281431 1.6322283112821288
295 0.95029216119872 0.10304113463607445 0.0011028164216655423 1.6320037630324706
300 0.9496996252475332 0.10387908086330166 0.00019213520036109877 1.632185024601577
305 0.9490287719876475 0.10512675055843568 0.0004009245716052323 1.6323787323197008
310 0.9497025663226761 0.10390469577757822 0.0004037374246212977 1.6322655660380394
315 0.9487989568247827 0.10560425132650253 0.0003624919628268941 1.6323176613596742
320 0.9496904169539203 0.10393449294064361 0.0011183187181171839 1.6323207219848535
325 0.9491337360939907 0.10492879965370161 0.0018415882156384011 1.6322105271633156
330 0.947722197622163 0.1078410666194145 0.0011573657786858593 1.6321712918251026
335 0.9487398617438461 0.10573287613970339 0.0014409377491890751 1.6323257345427342
340 0.948684351197025 0.10581494696880789 0.0021601275674698606 1.632291673857178
345 0.9501357042289911 0.10329611620254386 0.00010387864752603448 1.6323635238852692
350 0.9494830412769013 0.1042879150273599 0.00034474380568028096 1.6322790418829172
355 0.9498748900018379 0.10364943388484282 0.0014168340017792769 1.6322916979758975
360 0.9491272738932154 0.10497512556482946 0.002010712671688175 1.632285487567338
365 0.9498516960194389 0.10370021947242414 0.0002319878818863863 1.6320770034499887
370 0.9486033551593837 0.10598178011273984 0.0001416855678049167 1.6322382093308179
375 0.9486742087942512 0.10587217821730222 0.0002972934676037653 1.6322287740639536
380 0.9495443961722168 0.10421389194548247 0.0004784529437720231 1.6322249652281817
385 0.9492613352297515 0.10470076979828202 0.0007962300706298997 1.6323468600764872
390 0.9499741449829466 0.10354163107089764 0.00016755259161804759 1.632328657656583
395 0.9487131039878742 0.1057556911660833 0.00044329758754235726 1.632338077113489
400 0.9497599664843379 0.10386791261188844 7.036984438979488e-05 1.6322942178539213
405 0.9495389697278624 0.10423122811574492 0.001433519352801671 1.6321753163333443
410 0.9487955049575447 0.10562136431794333 0.001219596328836836 1.632249991873142
415 0.9501822333641798 0.1033714130998622 0.0010131868988645376 1.632287173026442
420 0.9478444789774566 0.10758716524772383 0.00015263594778192058 1.63235829465501
425 0.9499556309634309 0.10358169941253048 0.00024425101134850635 1.632261638405817
430 0.949616672289664 0.1041034364764013 0.00021585657676892467 1.6322603670461782
435 0.9500899505199426 0.10340730590664537 0.0011632560663468183 1.6323003362705373
440 0.9498102598365696 0.10379270463604451 0.0010474751830362727 1.63221854581377
445 0.9496857220208099 0.10399553252818627 0.0007278885619017572 1.6322984531516158
450 0.9502752465591806 0.10331460183960628 0.0004023525912255632 1.6321946964399487
455 0.9490463859899896 0.10515082872117754 0.0011799967377359444 1.6323117836627887
460 0.9480831268868493 0.10707431739147677 0.0010700247867263535 1.632347713556189
465 0.9500146328800056 0.10351859111412587 0.0003937969476375258 1.632206420483907
470 0.9494798492535236 0.10435585779621626 0.0014931374417430643 1.6323052207778321
475 0.94903687685614 0.10515240394496628 0.0007309815018565757 1.6323535493515344
480 0.9490572549009966 0.10516096754517879 0.0017829442731809308 1.632256193285707
485 0.9494183369139674 0.10447348231790521 0.0007035579260059599 1.6322203065620442
490 0.9492301298268652 0.10480228812899473 0.0003806934672425655 1.6321665240486245
495 0.9500265957833878 0.10355935591216481 0.0007538381929967919 1.632337738735046
500 0.9487032266513611 0.10580077899568363 0.000389630781517436 1.632136162504834
505 0.949936063953542 0.1036784557930508 0.0015864077935823229 1.632213410052261
510 0.9492687709740999 0.10474002359178658 0.0005641446906230474 1.6321616916621335
515 0.9492156970965278 0.10484683270421535 0.00015774028180848276 1.6321767656018948
520 0.9497517341366986 0.10394602722515534 0.00040956145056947335 1.6323038134914594
525 0.9502707119418303 0.1037880139777223 0.002459195714794582 1.63212576502477
530 0.9485643830187733 0.10611640098103647 0.002166859555315259 1.6321879371738577
535 0.9498037769903943 0.10391389708661647 0.0006344440789316508 1.6322871580807545
540 0.9476266367486255 0.10803049677781429 0.0029927053350131683 1.632236697797143
545 0.9494383688159971 0.10446262387430116 0.00020055471261271052 1.6322934185429865
550 0.9494605045847695 0.10442506481858072 0.002473715754146344 1.6323119262
555 0.9482139085494522 0.10682231314709734 0.0005199641774893404 1.6322202475763528
560 0.9494736421091909 0.10442936582327356 0.0004600530088398891 1.6323063970723906
565 0.9496416755990855 0.10416595410106644 0.001477985977468732 1.632236320987904
570 0.9497950911434137 0.1039388266832475 0.002657060500650621 1.6321241807992264
575 0.9495104559949845 0.1043527984068997 0.0006068773155369911 1.6322535516611294
580 0.9495161344278056 0.10437929386272748 0.0013355757655504341 1.6322199349476207
585 0.9488896584486806 0.10547400718329114 0.0005716800573472014 1.6323067851225364
590 0.9500764177342289 0.10368377626431036 0.0008787465123971661 1.632071096387433
595 0.9494031342793069 0.1045535218524627 0.00014590266610370328 1.6322808093516847
600 0.9493034518894174 0.10473745097398668 0.0006278626477593807 1.6322247568534798
605 0.9477243603653216 0.10786045450955273 0.0005774596514773744 1.6321783552209002
610 0.9478387851488425 0.10761076547643711 0.0010377792951772324 1.6322855098796374
615 0.9501731868888625 0.10388690575382098 0.00040018132360364334 1.632221353535428
620 0.9495922169630879 0.10428354857495337 0.0008520314787461292 1.6323132549042756
625 0.9493258551513448 0.10472691809701562 1.4448689330093245e-05 1.632222698913675
630 0.9483130604921425 0.1066234213357855 0.0008378371007864427 1.6322871336388474
635 0.9493897174574469 0.10458389797572987 0.0010219066689669543 1.6322772465788744
640 0.9496446363014351 0.10421383352770475 0.001488577914003919 1.6322950755705514
645 0.9493693096047953 0.1046082022637238 0.0015391164210405428 1.6322036150560164
650 0.9498241989248251 0.10402743791872449 0.0031634469622017214 1.632307669961601
655 0.9496261488026728 0.10425992924369276 0.0014986566555739156 1.6322252907948398
660 0.9499558102066503 0.10395117180256142 0.0025103575095717368 1.6321272933393374
665 0.9481681478693248 0.10694833493883071 0.0012473518841835673 1.6322957214430283
670 0.9487954085630408 0.10565655092338577 0.0005481946602923227 1.6320987073558901
675 0.9497366608807978 0.10410584614852092 0.0008860865014777008 1.632192214073788
680 0.9498497132221514 0.10396624530707399 0.0004010502235942681 1.6323058074647483
685 0.9498931672893163 0.10396717960243684 0.003260449938067289 1.6322698994702398
690 0.9492555577984889 0.10485672925639888 0.0009760575728883225 1.6323443111513185
695 0.9483912177837943 0.10650026190301287 0.0008194599695183769 1.6322705218033613
700 0.9497090428867822 0.10415679388070487 0.00025737796316382955 1.632215900950699
705 0.9499776054599185 0.1040399188564447 0.0026099522816229737 1.6322862227364172
710 0.9498110867465762 0.10401934412771796 0.0011994785239186623 1.6322600233871594
715 0.9484630886171914 0.10633596454494265 0.00040836567275936986 1.6322868073954588
720 0.9494070054117838 0.10461612195921588 0.0010911692984763022 1.6321575758032965
725 0.9492625523288549 0.10485986926953395 0.0002811344163120566 1.6322865805769
730 0.948721122317345 0.1058451859491727 0.0011035398496197502 1.6322758768709986
735 0.9495123308846127 0.1044441172241628 0.0037659349189462787 1.6322168915837703
740 0.9496910654695403 0.10421616093174646 0.0009467686141344522 1.632135188866222
745 0.9498972015111677 0.10398954752216993 0.002311721980239323 1.632301828545394
750 0.9495834411539643 0.10438275544620912 0.0011553655340399427 1.6322245284243697
755 0.9499279410848804 0.1041226801012225 0.0027727014001264205 1.6322083842041002
760 0.9490098491533643 0.10531057334811211 0.0003078081361456153 1.6321256555628099
765 0.9484802053011103 0.10629387672760049 0.0009556614020964638 1.6322384025131955
770 0.9495677789097461 0.10440532496622512 0.001043177665556838 1.6322222800646684
775 0.9489416999357903 0.10544595930919476 0.0028494520099902054 1.6322521924951687
780 0.9494394183397294 0.1046132142390479 0.00010710460396423649 1.6322357443796596
785 0.9474073883717122 0.10852955957052601 0.00092303256002646 1.6321924254816722
790 0.9481046430225938 0.10707300265308439 0.0007609761872993115 1.6323187026121324
795 0.949232911944091 0.10493637849188331 0.0029768883558687342 1.632383285130978
800 0.9490415264597338 0.10529971927130588 0.0008144424270801753 1.63232896995442
805 0.949658709965395 0.10429008436381526 0.0005567225069555981 1.6322577040534338
810 0.9484799115337292 0.10633876598873271 0.00015372122182544246 1.6321991165030483
815 0.9498818501242126 0.10405666756217458 2.8419451695960163e-05 1.6322068368047495
820 0.9494931101156395 0.1045148765610362 0.0017847940221655811 1.632252080858129
825 0.9491912271411527 0.10502523561069332 0.0017656530198197906 1.6320785017916335
830 0.9484348936955791 0.10640630102508886 0.00041681645157609637 1.6323114803962542
835 0.9487777812257916 0.10576221408494635 0.00025280594139931445 1.6321964180116246
840 0.9495530227618697 0.10449103342682742 0.001162452375619294 1.6322952788089848
845 0.9493953693427768 0.10473068865209889 0.0009366222179583161 1.6321526904371957
850 0.9493873187442032 0.10470520442170406 0.0007710451656406381 1.6322759739565194
855 0.9489725614883523 0.10543306501315164 0.0006266197341640023 1.6321243050581957
860 0.9493527820407001 0.10475297780860626 0.0017070938906313948 1.6322910681301677
865 0.9496447105664936 0.10440558152725843 0.0004906972499609807 1.6322413939363756
870 0.9491667873047724 0.10507995025097516 0.0005935213882453105 1.6322835650163219
875 0.9479904917450994 0.10734490699332011 0.0035865378881583254 1.6322722634214124
880 0.9477595307281809 0.1077871736050442 0.0012439438116658152 1.6322924210789367
885 0.9490140470288662 0.10533980631867212 0.002417985540552392 1.6322563177652345
890 0.9492632869527592 0.10491346635453658 0.0017919412623490505 1.6322946546687165
895 0.9480587999826748 0.10720103376003176 0.0011207989353205772 1.6321078993853961
900 0.9498060966840585 0.10435920350781158 0.0007601878388192596 1.6321310574407066
905 0.94788958584935 0.10754465019051396 0.001142314682445189 1.632179418736665
910 0.9496770865731616 0.1044533573015809 0.004322994139506653 1.6322142255551944
915 0.9489450563593905 0.10548412939218954 0.0004277763755546893 1.6322567942761848
920 0.9492314475544437 0.10502210044670024 1.6482444955334685e-05 1.6322331854600796
925 0.9486109090475598 0.10612584458119856 0.0008258173202555508 1.6321810450803698
930 0.9482376454800747 0.10682320467368744 0.0025219626354981983 1.632036428433461
935 0.9492177741565183 0.10502717991891952 8.044558818354197e-05 1.6321962182271066
940 0.9484188856248885 0.10646529855153197 0.00040449305505596556 1.632214046830026
945 0.948928704953322 0.10552289184953212 0.0006982712336633945 1.632209813872565
950 0.9477256425870368 0.10789409366233382 0.002210780287217551 1.6322581433372236
955 0.9486277530862987 0.10607545346236225 0.0023711839311415517 1.6321526935417918
960 0.9492277471006065 0.10503491710590729 0.0002486163976205269 1.632174558704858
965 0.9486922808925029 0.10596450064679264 0.00041669935250010504 1.6321842402388915
970 0.9497156547526988 0.10441333336391079 0.0007444275694992175 1.6322173947132503
975 0.9488979166562832 0.10558720601971938 0.0022434414475613895 1.6323092618480106
980 0.9492803749291894 0.10494729057567365 0.0009045215668568307 1.6323179380947275
985 0.949238299264087 0.10499950704314842 0.0014617002371852816 1.6322050883030192
990 0.9467546264674174 0.10993073575469126 0.0012087222659524777 1.6321765131670423
995 0.9491182487507707 0.1052043656426358 0.00015603665953811685 1.6322844478430394
1000 0.9462840164439076 0.1109576664324079 0.003964171312309972 1.6320637443563422
