0 0.5058841619666004 1.4955062738517326 0.3608001145821701 0
5 0.9625195703015726 0.08840683053014153 0.022824760175652825 2.7161537740468096
10 0.9957536758368171 0.010090930466101877 0.0005980210504281658 2.6584959317121184
15 0.9953568622050899 0.012613963754033897 0.01195378957824178 2.6509546687547454
20 0.9971295070869547 0.008567912997223814 0.007821568911309695 2.6477797574823945
25 0.9946041069739257 0.020093140088619066 0.0033906083619439364 2.6479084560059265
30 0.9984397110116509 0.004488558774685902 0.002253408227512299 2.6461058298644553
35 0.9991192467000268 0.002522480553433848 0.007810159651046478 2.6450663985458043
40 0.9983751354035223 0.004280995437039969 0.000586843966272399 2.6438208817328412
45 0.9983581373307184 0.005697486354061088 0.003664501578292567 2.6443971887067814
50 0.9981214874456329 0.004889803573205231 0.0016894194734369261 2.6438712820732606
55 0.995876877635541 0.015345004797685302 0.013525527984428187 2.642601800305188
60 0.996476279611362 0.012710135300584291 0.0002490070303939884 2.643581539280618
65 0.9984823293345471 0.004624055324615295 0.0031431511476849305 2.643555016485678
70 0.9975151654404086 0.008300099197097843 0.0007176377605084827 2.643116855985801
75 0.9990502644505475 0.002685037600344664 0.0016185581757262035 2.642629251789755
80 0.9992971454534156 0.002044482088088273 0.002318052479246324 2.6421855841897766
85 0.997434707321512 0.009659056720626946 0.00037554380405002696 2.642576015739846
90 0.9942463805388478 0.02268267305071081 0.013502424641474997 2.641900083329588
95 0.9991091226540012 0.0028306770530730496 1.4146407091297775e-05 2.6422392138672053
100 0.9980855180280862 0.007227110242220558 0.005900602939225896 2.6411818865522987
105 0.9974675388186195 0.009374220393663535 0.002044815431158975 2.6416787152497325
110 0.9933830778594783 0.025800898889503987 0.0009596103927764776 2.641681967058791
115 0.9987785086123959 0.0036549788268596117 0.002742016520592694 2.6416784107372564
120 0.9988296790476914 0.004050536414669459 0.0006599322131695118 2.6404758222180815
125 0.998536754089987 0.0050427688269736315 0.0017252164201948528 2.641479238570022
130 0.997634525982333 0.009551787068006412 0.0005276839741199524 2.6410051877600926
135 0.9956688869271149 0.017395464921395654 0.0018369007755445477 2.6411780432984617
140 0.9985789911273923 0.005014047252592135 0.004683190219044953 2.6410961008440164
145 0.9994595511516736 0.0018492377961774054 0.0021026725095645293 2.6406545198446083
150 0.9992425712927558 0.002090206595972699 0.0003191840623160136 2.6404240679454376
155 0.9971728782598293 0.010131976496698503 0.01738403064397298 2.6411456126266484
160 0.9995975657038296 0.0010142159115194005 0.0024459479773890624 2.6410908864166474
165 0.9993695099760624 0.001672673333195096 0.0012395276153054358 2.6400053041529903
170 0.9993480702486348 0.0022336692301987426 0.0009095044114972861 2.6401987880467335
175 0.9989949102492968 0.0033173459441693254 0.0026963656821614723 2.6396418560584425
180 0.9987365068456344 0.004612222705539626 0.0003527463182579904 2.639994171217243
185 0.9993925058727462 0.0016496974529616182 0.00033383992625335424 2.640384627376433
190 0.9986288677621988 0.00504514661416966 0.0017420994532686418 2.6402186595633204
195 0.9988586294169954 0.003906962458594787 0.0023204093325752684 2.639778941427693
200 0.9991841368832597 0.002507982882938631 0.0017958642033562011 2.6402319285270193
205 0.9979739958483356 0.007506619145530191 0.000294339305547453 2.639699117054278
210 0.9986220887566525 0.004929746448294914 0.0032857276386404344 2.639836174489312
215 0.9985629883314444 0.0052702642615236606 0.0005144384460327167 2.639631152699989
220 0.9986569855625715 0.00482950086169609 0.003959330830210384 2.6398875598917524
225 0.9990595491917686 0.0028004995270780597 0.0022481591899461417 2.639617469799666
230 0.9964471025048252 0.013486014179895367 0.0026392952161355954 2.6400336069359245
235 0.9984567766743544 0.005857969610686187 0.00019011041682426288 2.6393505821058403
240 0.9990192965936864 0.0034691156729680372 0.0014313587862713195 2.639465358242828
245 0.9989180007896095 0.003766848542491097 0.0015001773894525172 2.6393654966059943
250 0.9991470943195293 0.0028164245290853707 0.004548492396876602 2.6397952580913606
255 0.9988038052274343 0.004115367111479085 0.0011784988232554916 2.639936238992367
260 0.9994621071273713 0.0016370282926101432 0.00010860142823787555 2.6397312677987683
265 0.9989218402921242 0.003724855785296466 0.003521153560252399 2.639458556560367
270 0.9994606108578825 0.0016926856654735367 0.001779472262592563 2.639346842059287
275 0.9987846561198804 0.004604491426677626 0.006349645858870323 2.6394928091555596
280 0.9995093231664709 0.001566005866675546 0.0027173268655340532 2.63934408069028
285 0.9984610209350502 0.005707120382745234 0.001538502694376831 2.639649030919397
290 0.9986354136711587 0.005310465440270473 0.003064183757809591 2.6393883492498698
295 0.9987865624964883 0.004691238809383602 0.004195083284810774 2.639218477694943
300 0.998345914719566 0.006460119960978172 0.004117105584488856 2.638858937188935
305 0.9995537006256715 0.0013249920858156017 0.001482007102764582 2.6390328599818593
310 0.9963890618539897 0.01441953489863268 1.0486217784988483e-05 2.6386203945465962
315 0.9996179480126952 0.0012850976759608557 0.004780846235980407 2.6389384222433097
320 0.9995070156915565 0.0015290526670019844 0.0009416180973851329 2.6392375854187105
325 0.9991422252284969 0.0031263879455294408 0.003135575386131073 2.6384606151705454
330 0.9991621390879315 0.0029427339253906837 0.00341474454796753 2.639163240769388
335 0.9981428291535901 0.006976236819949744 0.006511205031029199 2.638882759384253
340 0.9995090533268275 0.0016050744260605043 0.0033457124554443496 2.638740231482915
345 0.9995529932691211 0.0014838661019145327 0.0044365021272565475 2.6389085921983586
350 0.999583608601184 0.0014199357312656424 0.00429062517598755 2.6382882462061867
355 0.9996045667316864 0.0013041740819779157 0.0017495260688067393 2.638475366852637
360 0.9995312612502735 0.0015715063795167517 0.0014736142319025092 2.6388909051679263
365 0.999733544753883 0.000780914899811691 0.0014640888239820793 2.638796855254633
370 0.9994575842957567 0.0019773486629452997 0.0071690309983873934 2.6389964568715287
375 0.9996311280956056 0.0013190029589984498 0.0009368448502466986 2.6387730271713825
380 0.9996730075644079 0.001115506195734639 0.0008318640880216055 2.638695781461004
385 0.9993611137738045 0.0021903916612666663 0.0023821348999506498 2.6387364775129836
390 0.9996809117365445 0.0010601957690341557 0.0008525977820010855 2.6384485917793934
395 0.9995495361036226 0.0015475695518336607 0.00036954803422961646 2.638663900250249
400 0.9987214688590021 0.004872037032373822 0.0010359878841861292 2.6386243809411627
405 0.9994720939631717 0.0018592325267894338 0.0006734664671266266 2.6387285151037205
410 0.9997499119994321 0.0008253341169686124 0.0007407541887360924 2.638812813206184
415 0.9996929147096096 0.0010808522263858755 0.0035498207515352043 2.638495633674375
420 0.999701737471943 0.0010619126616004948 0.0012088838879569241 2.638602766672611
425 0.9994309247576249 0.0021083739299103677 0.00064838472957085 2.638616503337963
430 0.9996665026520515 0.0011116230583483322 0.0015214372298928414 2.6385554962521014
435 0.9996251619542194 0.0012585577400794357 0.0024124356424584104 2.638230318896876
440 0.9989683395344214 0.003868641221992153 0.0011995032410148099 2.6386484132246424
445 0.9996109541425654 0.0013688691918574136 0.0029722664438869284 2.638165774564158
450 0.9993369569326849 0.002433597920107111 7.699108005732036e-05 2.6387488024567722
455 0.999337612852738 0.0024052625498565128 0.003000889549968022 2.6382911712261996
460 0.9990266137085784 0.0035896865780320475 0.004898066910190346 2.6385442211685834
465 0.9995873858642017 0.0015328093198969661 0.000180175613275102 2.638360631486873
470 0.9993130958273155 0.002624029149985496 0.0013297461049035508 2.638658991329482
475 0.9995068278473295 0.0018368420105310257 0.005106540579295382 2.6380736899507498
480 0.9995540684758953 0.0015727233913596095 0.0029444827656699424 2.638149208627598
485 0.999810118167 0.0006728158903248627 0.0005474228512434287 2.6386259886587657
490 0.999416437668732 0.002057324992752463 0.0025709854542166344 2.6387191805057544
495 0.9994281244371997 0.0021788741029005187 0.0016069445937734184 2.638404550111584
500 0.9995183313218217 0.0018604149725174324 0.001617836518010174 2.6385182575181125
505 0.9994453337687974 0.001983513444308471 0.0007677880520291502 2.638521116498205
510 0.9997173370337241 0.0010156251623936186 0.003473112391027433 2.638313421620569
515 0.9991772628698921 0.003168416572167043 3.0799130333214464e-05 2.638570488638525
520 0.9991064287657403 0.003496938411187589 0.0013676064553858058 2.6384238151906367
525 0.9993085557600054 0.0026163966871268762 0.0015848410825762826 2.638432675514272
530 0.9995642198640917 0.0016329368389933485 0.0007480014805387736 2.638326092166332
535 0.9996188673234365 0.0013288489787779412 0.000705083661645789 2.638444023226885
540 0.9995602808547079 0.001671896244219262 0.0031358812262363145 2.6380542407879015
545 0.9997014531517883 0.0010780391067699568 0.0030778692576423072 2.6383943169587867
550 0.9991130870727878 0.0034322892550568973 0.004191786023476363 2.638098455162413
555 0.9993959083076792 0.0022312955875025686 0.0004297566682891496 2.638534649546401
560 0.9992405138411053 0.0029356433069671617 0.00133128769271873 2.63821055682925
565 0.9995759222380514 0.0016368234560486528 0.0026839338113455735 2.6383831679050895
570 0.9984772511730937 0.0057387159183623915 0.0003821108025210407 2.6384407686278166
575 0.999386501061209 0.0023596948532538242 0.0004241776355915494 2.6381744517450407
580 0.9995936212702614 0.0014988451781667855 0.0027975530672121884 2.638014948497105
585 0.9998016781816088 0.0007027218271371538 0.000255141948950266 2.637839473479039
590 0.9996563958194296 0.0011975541425521818 0.0018220316706984985 2.638115427300782
595 0.9998160623255834 0.0006396703053384023 0.00026371146341985785 2.63838999953109
600 0.9996480215308706 0.0013255021222873253 0.0033871992924512373 2.6380428340477753
605 0.999312691829223 0.0025979499666783923 0.0010445572928550195 2.637920376391707
610 0.9995557631933881 0.0017222210179963504 0.002911406150368556 2.6376266645024034
615 0.9998331928889863 0.0005478171264261533 0.00034905009527186337 2.6381713731769465
620 0.9978558110148037 0.008530834746802274 0.0008639670904113661 2.638438905590952
625 0.9995436925256337 0.0016950749463613413 0.0056116888215387295 2.638034720518909
630 0.9996862157854076 0.0011474163082110245 0.000422762605014837 2.6382997393693177
635 0.9996989273437706 0.0010716160261954322 0.002844347148136528 2.6380849332563083
640 0.9994720545433327 0.002017307350982378 0.001028537948102537 2.6379373297468556
645 0.9997382288861913 0.0009497358912522458 0.0024896548550044084 2.637899259450877
650 0.9996397595503852 0.0013474664804444814 0.004837174751479489 2.6382353456229497
655 0.9992735365790709 0.0028581639211453513 0.0005748661602662519 2.6380775461446166
660 0.9997213488666575 0.0010278640229555158 0.0024323012538189914 2.638240358606526
665 0.9996738837726249 0.001203544984167415 0.002328506385419482 2.637878924884646
670 0.9992240487048484 0.002953007014339537 0.008171291323023633 2.638211911873772
675 0.9989316042985884 0.004133955601119954 0.005272071120039357 2.637940579196229
680 0.9995644890695191 0.0016559375538118815 0.00021317604678117164 2.638147182065854
685 0.9995305676657925 0.0017943888581513079 0.002604903829960259 2.638088532262864
690 0.9996121964892298 0.0014070323732684464 0.00031844288661520004 2.6381493616910876
695 0.9996821260300773 0.0012418750617206875 0.0062445787050922075 2.6377459083257726
700 0.9995948672067586 0.0015132836605791233 0.004720297057452916 2.6382944937929445
705 0.9997033780570723 0.0011050519679458581 0.0008980386167218857 2.638559801622193
710 0.9993484164584946 0.002518416728652273 0.0011965417964863168 2.638299801375481
715 0.9994285151029652 0.0020501658843818937 0.0013083734875907194 2.6379260158844824
720 0.9996575303557318 0.001224444810406844 0.0025521841314082305 2.6381425510771623
725 0.9992534793802775 0.0028965113373895512 0.00028156358811703974 2.6378994154153848
730 0.9996669571842238 0.0011805346041056097 0.0036362785809649356 2.638451173572517
735 0.999652343153629 0.0013164335115023462 0.00482969816729617 2.6383091416634694
740 0.9993900541033953 0.002351420826257833 0.0019228178227990167 2.6380075301520325
745 0.9997570497464696 0.0008955072989902391 0.004611109022122362 2.63796815307371
750 0.9997780596035262 0.00076008512095882 0.001015558249060522 2.638005735370685
755 0.9996951123977571 0.0011118696469605283 0.0017939293467981177 2.6377071545190547
760 0.9997796826279041 0.0007700972107227422 0.0025989711081946254 2.638137876323491
765 0.9994318590901532 0.002223542981122595 0.0021946554003080543 2.6373763444270617
770 0.9997201312935845 0.0010242797211299504 0.0058017550179405575 2.637878951579688
775 0.9997214269498089 0.0010217787263635536 0.002450857745438073 2.638234982642834
780 0.9995077489222808 0.0018669619606068721 0.005488515596700827 2.637907298918404
785 0.9995925150107018 0.0015755372142929325 0.003605323129985294 2.6378449548379965
790 0.9988116970500119 0.0046694135345775045 0.0002935693170003084 2.6377343883211246
795 0.9995575900662957 0.001666156905198779 0.0010602403278678896 2.6379496902521695
800 0.9997494967574687 0.0008971470606415899 0.002819243008319816 2.6379394086216394
805 0.9992476368789848 0.002894237093005181 0.0030480505403989167 2.6379048178482822
810 0.999657495467531 0.0012318394117047937 0.003912059061292661 2.637594178769987
815 0.999124983464089 0.003335522738511454 0.004930934387550101 2.6377730754073054
820 0.9992875840593325 0.0027782965393901016 0.0016584196312741106 2.6379978234598394
825 0.999532642179411 0.00182310490281834 0.0009089165126752174 2.638124976937777
830 0.9995982724951366 0.0014874307184755686 0.0005407353908886137 2.637969027007448
835 0.9992966247768711 0.0028236778257482165 0.003363893316831623 2.6381432627412638
840 0.9993124389318788 0.0026832539027616953 0.002799902789038855 2.63774603328214
845 0.9997150371775769 0.001080210968730011 0.0010339304343611744 2.638058488182448
850 0.9998553962710874 0.000521309566697159 0.0019594447963668937 2.6381001859303734
855 0.9995106252861202 0.0018329290137582 0.001570129443204893 2.637651511428699
860 0.9986398838090603 0.005255141117658013 0.0018171595398561724 2.6375943425945967
865 0.9998114624996184 0.0006664852147619804 0.00010428069796852846 2.6380649872113042
870 0.997972211347382 0.008210578863576234 0.0017800065330286774 2.637984083991218
875 0.999716354125747 0.001063291290334334 0.00019236759223084654 2.6377835297897665
880 0.9997894414119263 0.0007551948403703435 0.0016286114075441116 2.638061458933684
885 0.9993367298705293 0.0025819859663762657 0.002359157466861772 2.6379414139585045
890 0.9997869251388887 0.0007830459593298755 0.0006832260096061304 2.6379133103363817
895 0.9997162591274527 0.001045257655618581 0.005211087897052602 2.6375334269363293
900 0.9997858218823387 0.0007861530240838022 0.000501018971468925 2.637933254833946
905 0.9996961052547906 0.0011506391380677883 0.0001382993163283608 2.6377829549453184
910 0.999534293254117 0.0016957998357471915 0.0034421537026423366 2.638138181390906
915 0.9997318903653502 0.000977769441555143 0.0008652645876001674 2.6381505630612345
920 0.999787535283783 0.0007552979111085101 0.001619691768964815 2.637782120236567
925 0.9994481130421264 0.0020686064208987887 0.0037133955479589087 2.6378440623018857
930 0.9997641513529719 0.0008819744201549184 0.0015745242523175218 2.6381056022441673
935 0.9990989887248223 0.003067310136033008 0.001785321527930206 2.637820596679677
940 0.9994414053540579 0.002153665964837348 0.0017734380824416807 2.637964302772235
945 0.9981752507730807 0.007257093755229871 0.013269538431546435 2.6375982777821565
950 0.99931214210251 0.0027125702960342224 0.0037459690861985084 2.6377396993549103
955 0.999697623921288 0.0011546571695038033 0.0014438465925910027 2.6380043601352594
960 0.9991700834373266 0.003154452472404312 0.0019921887028506724 2.6379571475964894
965 0.9996218011375855 0.0014697730941226617 0.003998129449132248 2.637566380668263
970 0.9996997739333331 0.0011165112115354425 0.0027859030857693146 2.6377974766373855
975 0.9993631392968778 0.0024840535682844056 0.0008282472120151319 2.6375327619490134
980 0.9995976581408228 0.0015500695454493396 0.0014827105872357027 2.638074735638785
985 0.998987246836216 0.0038976533095618215 0.0037734512592197955 2.6377345950777102
990 0.9996790477660095 0.0012212177203712038 0.002541957726876154 2.6380017569726757
995 0.9995447295341244 0.001735761243017997 0.000460926896935554 2.6377481148591153
1000 0.999789779694529 0.0007830734334706158 0.00021997865222167512 2.6380183568612896
