0 0 0 0.21437670511158302 0
5 0 0 0.01596667819706843 21.77889909273164
10 0 0 0.013847389394169962 21.60852704797811
15 0 0 0.016060617652887466 21.514250967304342
20 0 0 0.017278170719045916 21.450243171428966
25 0 0 0.022159481979772133 21.388920065397006
30 0 0 0.01725083567551855 21.3202185165331
35 0 0 0.01618734093724772 21.27275981790654
40 0 0 0.017594870390451822 21.222929067740374
45 0 0 0.018770169181093976 21.1783707123994
50 0 0 0.02043140403155541 21.154342513614115
55 0 0 0.016009063388202405 21.12496527531593
60 0 0 0.020531170607238636 21.115189735787613
65 0 0 0.017939809659159867 21.08711633931645
70 0 0 0.016790787307888966 21.07624357919935
75 0 0 0.02216485803779311 21.081925814151358
80 0 0 0.017682157702534784 21.056016964685046
85 0 0 0.019029404196000854 21.065080800529916
90 0 0 0.018770550911487938 21.04755727404664
95 0 0 0.018265856517617918 21.043774287554143
100 0 0 0.021161781472391006 21.03055699615855
105 0 0 0.022746224992414632 21.040600250068074
110 0 0 0.02036570687896533 21.03245706221308
115 0 0 0.019579658943734923 21.025501152439624
120 0 0 0.022475334221344845 21.02833397915041
125 0 0 0.01873429717130559 21.020933275614524
130 0 0 0.021172808042248414 21.019527789393972
135 0 0 0.018197804000541495 21.024151813906233
140 0 0 0.017941511158415357 21.015467978881745
145 0 0 0.018562213207798717 21.01722322861867
150 0 0 0.01811043992765682 21.015312196784834
155 0 0 0.019680481376976866 21.014371789390935
160 0 0 0.018524974260787364 21.01033651621274
165 0 0 0.021285591716820873 21.005581443344322
170 0 0 0.020255173577450103 21.012110509890373
175 0 0 0.016120240477562886 21.00402391720149
180 0 0 0.02061786126139431 21.008504079779996
185 0 0 0.01934082453203212 21.002926526708993
190 0 0 0.0220620906201483 21.00425168277447
195 0 0 0.018738002674421494 21.006371097999043
200 0 0 0.02304943190324593 20.99936978140612
205 0 0 0.020513003482501402 20.999717618884397
210 0 0 0.019469596475229167 21.000317557812604
215 0 0 0.021614073686227142 21.000527930221523
220 0 0 0.020606856888962133 20.99311122218539
225 0 0 0.01810611619635427 20.99291368349991
230 0 0 0.019132329134001758 20.991986510379174
235 0 0 0.022384208784665738 20.989396698363308
240 0 0 0.01858661631536651 20.990199502428464
245 0 0 0.020107714469912885 20.987280756435506
