0 0 0 0.4188926789374916 0
5 0 0 0.007667186776046275 10.059419905239709
10 0 0 0.012601425062831462 10.035355354306787
15 0 0 0.011067671318598427 10.029434394395317
20 0 0 0.013704100674478248 10.024438049878087
25 0 0 0.00981465881141208 10.019658119567438
30 0 0 0.013760258788449109 10.011856964801199
35 0 0 0.013920594445903767 10.00736210853737
40 0 0 0.010855673810484134 10.002348985301012
45 0 0 0.012004367074469169 10.00087173830914
50 0 0 0.014699599676899489 9.999078085079647
55 0 0 0.014381548640495678 9.996896591209113
60 0 0 0.010786803051792138 9.995512585939347
65 0 0 0.014072973099655828 9.991581496571662
70 0 0 0.014025577884330342 9.990387808507608
75 0 0 0.01231865134410226 9.992984491276676
80 0 0 0.011720806302326192 9.988260872428109
85 0 0 0.010772769556478101 9.98892287495874
90 0 0 0.014574815096927596 9.985692866818257
95 0 0 0.013483573543365157 9.98886243433177
100 0 0 0.010174504372497006 9.987294471342976
105 0 0 0.010245647064396346 9.986393768058814
110 0 0 0.010056521022124176 9.982887060878452
115 0 0 0.012845658542088856 9.985083915626776
120 0 0 0.015271138610993606 9.984017310377581
125 0 0 0.011663921920220144 9.983704685651286
130 0 0 0.00991639877643058 9.981528469072797
135 0 0 0.012859166066574446 9.981914849358924
140 0 0 0.010734477560612188 9.984408296182224
145 0 0 0.014180396178422594 9.982258917899701
150 0 0 0.011912947197416424 9.981570614343843
155 0 0 0.010837592396224505 9.980787877436672
160 0 0 0.01257224710953464 9.981376035701047
165 0 0 0.013861007683379833 9.982584194683525
170 0 0 0.00996473033256029 9.98190298910491
175 0 0 0.011889042845888653 9.980594308599501
180 0 0 0.014659174560441413 9.978010569619407
185 0 0 0.011102161614710226 9.979045888965736
190 0 0 0.0159915047764303 9.979076851631032
195 0 0 0.01567753816439743 9.978595654765774
200 0 0 0.013921495885409474 9.978448407919842
205 0 0 0.013608651803021399 9.97805495780268
210 0 0 0.014308851757679264 9.977607481881048
215 0 0 0.010268595651983903 9.978197879114047
220 0 0 0.01613425745685726 9.975530286315317
225 0 0 0.014150583342167788 9.976835779693948
230 0 0 0.014752167533262472 9.97701537693135
235 0 0 0.01499806252065583 9.978215627516231
240 0 0 0.011937291918447945 9.976090854177121
245 0 0 0.012128562498351148 9.974628566146256
250 0 0 0.012723576883907572 10.052579930257428
255 0 0 0.010890057360899208 9.99430074213475
260 0 0 0.012563120577673725 9.990277838756995
265 0 0 0.01342219740545203 9.984747681025269
270 0 0 0.012239091507244337 9.983801885352797
275 0 0 0.01142798259500788 9.98104783605682
280 0 0 0.010174378431795805 9.980716621943508
285 0 0 0.01250825454723814 9.979720125541347
290 0 0 0.013008576650439085 9.980463039237973
295 0 0 0.01323264609620911 9.979004583063745
300 0 0 0.015233412584138462 9.979428095994162
305 0 0 0.014234312945716532 9.979309445745118
310 0 0 0.015282271687236726 9.980225921747424
315 0 0 0.012264662518872038 9.980334544318227
320 0 0 0.016328756858746685 9.976548866431267
325 0 0 0.006156874820803626 9.97827013515522
330 0 0 0.012649481059222367 9.974917757159217
335 0 0 0.013918029911757834 9.978420949796513
340 0 0 0.01296014701710635 9.976049130908622
345 0 0 0.013943809974390264 9.976394368720133
350 0 0 0.01547108965666455 9.975471780514317
355 0 0 0.015599652486701032 9.97668952066836
360 0 0 0.01177432392228761 9.97743505995992
365 0 0 0.013107520712130505 9.974562497565444
370 0 0 0.012405618866210721 9.975510366447535
375 0 0 0.010796330113272523 9.975630967803488
380 0 0 0.01074390522019919 9.975096609794189
385 0 0 0.011343063088761207 9.974295851021926
390 0 0 0.010038887873500046 9.974677203860194
395 0 0 0.016598435694815006 9.97339646163518
400 0 0 0.013209566274614115 9.973858212113026
405 0 0 0.012139911178708163 9.973516736934535
410 0 0 0.012037372509362987 9.976216237309055
415 0 0 0.014471377788132234 9.974492247636155
420 0 0 0.012274805718085036 9.97469053566749
425 0 0 0.01190708210295588 9.972068567512643
430 0 0 0.012410276253244756 9.973207557112097
435 0 0 0.010839028693931274 9.971874213288954
440 0 0 0.015514895300182463 9.973791374486549
445 0 0 0.014320612723284665 9.971993282795657
450 0 0 0.009758911255722591 9.972176363236779
455 0 0 0.012864274044205981 9.971841678182148
460 0 0 0.01008003261761492 9.970229612456965
465 0 0 0.011972085442368385 9.972422855501629
470 0 0 0.008397106276859079 9.971641626859105
475 0 0 0.010013446164247375 9.971361357406671
480 0 0 0.009390405727061957 9.971690103363503
485 0 0 0.009882965994337578 9.972033853113233
490 0 0 0.011934598063583213 9.971348871668097
495 0 0 0.011307583894357709 9.97047629432725
500 0 0 0.014957015934272011 9.969190247686845
505 0 0 0.013802711698194692 9.970207216802804
510 0 0 0.00023195341656645496 9.970765790703734
515 0 0 0.009655667384054212 9.968507343264774
520 0 0 0.01663499345660191 9.969193245556719
525 0 0 0.010661362144162245 9.970313336092373
530 0 0 0.013744365462023511 9.97033236520697
535 0 0 0.01749695761662795 9.969144123477529
540 0 0 0.010945201470458965 9.968710908505125
545 0 0 0.003939881931132705 9.968555114681909
550 0 0 0.011518471282244258 9.968376107102799
555 0 0 0.012024270817962979 9.966781838499573
560 0 0 0.014763395932719803 9.967647623108697
565 0 0 0.012053390690726307 9.967880617712579
570 0 0 0.013055435221073441 9.967700718695516
575 0 0 0.010263544703490224 9.965550636268045
580 0 0 0.015256420549992988 9.965323804374078
585 0 0 0.012945928965794495 9.966103377604975
590 0 0 0.007829946932918164 9.964988424921042
595 0 0 0.0063804162935650055 9.96459243323815
600 0 0 0.00905035112989272 9.963851399953429
605 0 0 0.02129782791138224 9.963290278841427
610 0 0 0.013895341650092652 9.962859819326743
615 0 0 0.015661335917911634 9.963112848303819
620 0 0 0.012779365808658794 9.963824802738168
625 0 0 0.011952268425869494 9.960622183660877
630 0 0 0.005027067023471332 9.960430441571042
635 0 0 0.010452859765695655 9.961897515252804
640 0 0 0.010670885896924442 9.9599788698384
645 0 0 0.0214658708673241 9.958969583306489
650 0 0 0.005250380069832916 9.957950483325286
655 0 0 0.0021709745274871572 9.95817091940865
660 0 0 0.015857236428305388 9.957545608116234
665 0 0 0.006373727629126469 9.95574600366583
670 0 0 0.0016124407084845416 9.955524692525955
675 0 0 0.0055815738835240936 9.955219432699607
680 0 0 0.002902488892853494 9.954059153651876
685 0 0 0.0007394461534668828 9.952877051722925
690 0 0 0.021519064951689426 9.952162286563498
695 0 0 0.011487284773939344 9.950034232624324
700 0 0 0.015238333355545253 9.948619141652797
705 0 0 0.008004607289221477 9.948292135133283
710 0 0 0.0007619070419968565 9.94722494608441
715 0 0 0.006785194305171993 9.945733558006284
720 0 0 0.00200538974522968 9.94657501668441
725 0 0 0.012725160533464841 9.940958451865285
730 0 0 0.0023356754246708356 9.941888034527127
735 0 0 0.004108274618398022 9.9395846444621
740 0 0 0.013578717970372356 9.93881763869782
745 0 0 0.016747772570593566 9.93675382003463
750 0 0 0.0028005843100873395 9.935162064038307
755 0 0 0.000798418222453634 9.935157949802663
760 0 0 0.013850594060769605 9.932576411244133
765 0 0 0.007756759147259151 9.932124033957512
770 0 0 0.011185624179214537 9.927919054005146
775 0 0 0.003734943210981889 9.92800091532762
780 0 0 0.004897374719223135 9.925725368075083
785 0 0 0.0018586751983695748 9.922230026505414
790 0 0 0.014985891336294133 9.922711317444
795 0 0 0.017197388246923406 9.920255906960238
800 0 0 0.004257850384368211 9.916711742331035
805 0 0 0.002493516091058856 9.913065931398823
810 0 0 0.003080558265056599 9.910195555665728
815 0 0 0.006932421249505216 9.908574786288769
820 0 0 0.0010629239347617059 9.907180950978855
825 0 0 0.013553426922480183 9.904708879163847
830 0 0 0.00414981985756091 9.900829988218511
835 0 0 0.007311770512841598 9.899104805504155
840 0 0 0.004052849332511155 9.895668660696119
845 0 0 0.007707183826293207 9.891236723813657
850 0 0 0.026240605697162467 9.89083635660053
855 0 0 0.037770089139277596 9.88741186013323
860 0 0 0.062093537449950054 9.883917966726104
865 0 0 0.012173754503309375 9.880728560647293
870 0 0 0.028000064701411365 9.881210268039338
875 0 0 0.05481623068323471 9.877070409847652
880 0 0 0.04326560789076339 9.873440521652673
885 0 0 0.03489508392263496 9.87310004682583
890 0 0 0.01939658908045616 9.865806024228446
895 0 0 0.0013808020181622638 9.865589030098985
900 0 0 0.08558395633467986 9.862713669471983
905 0 0 0.02124249315540938 9.859363723601422
910 0 0 0.0009843344124287334 9.856383455902208
915 0 0 0.07551709703117604 9.853018244851675
920 0 0 0.014007550713828198 9.84938439112485
925 0 0 0.05360915188462689 9.847858983285096
930 0 0 0.05161241757446833 9.844175566871616
935 0 0 0.06211887633792057 9.840112713466691
940 0 0 0.011890697458472044 9.835765280518109
945 0 0 0.04341487668445043 9.835013942427544
950 0 0 0.10003812949132596 9.833127426464442
955 0 0 0.03815618702717316 9.829617948080989
960 0 0 0.0879744401321354 9.826595412192013
965 0 0 0.10135590745980783 9.824252538911855
970 0 0 0.06102302481771549 9.820961876024157
975 0 0 0.07567755159006118 9.817801923977544
980 0 0 0.07099679166918249 9.8134239400917
985 0 0 0.09296020710235631 9.811708958262425
990 0 0 0.020330192397135516 9.807754617695249
995 0 0 0.02996480166351101 9.804297244946328
1000 0 0 0.04269796305522533 9.800179148075962
