0 0 0 0.3077311752941613 0
5 0 0 0.01305932924821307 10.042279936352745
10 0 0 0.010925910454296028 10.029631625895728
15 0 0 0.007735833926056701 10.02373662446887
20 0 0 0.009883822262257258 10.014894062272937
25 0 0 0.012092618391934762 10.013751184369298
30 0 0 0.007912003651891597 10.013634177696574
35 0 0 0.010951207785532935 10.004903097649246
40 0 0 0.012926382440065609 10.001758276853435
45 0 0 0.008039417234238844 9.997536528635013
50 0 0 0.009134286566271133 9.999793652773644
55 0 0 0.013158264208203097 9.9964171361959
60 0 0 0.009423428523161359 9.994974915844272
65 0 0 0.01527358608285967 9.987758131912871
70 0 0 0.013506761684178858 9.992589504878167
75 0 0 0.01488724473161418 9.990375196728177
80 0 0 0.009915660196156306 9.989269228847679
85 0 0 0.011519816728388532 9.986104687738397
90 0 0 0.01163872446418357 9.983366536546127
95 0 0 0.012792577303301522 9.984228661066
100 0 0 0.01336128903700029 9.984529073868309
105 0 0 0.013323570094488257 9.985043587463155
110 0 0 0.015166858919695603 9.984301511833424
115 0 0 0.014113917775342655 9.983182593609921
120 0 0 0.01147280314467003 9.983582775691339
125 0 0 0.014330686999479036 9.981839499938525
130 0 0 0.01336032865583725 9.981088683914434
135 0 0 0.013879204326638694 9.982582555790415
140 0 0 0.014184711003767836 9.982545327286651
145 0 0 0.010193829152083111 9.979735248696741
150 0 0 0.013341570345020815 9.981910371240275
155 0 0 0.010476268731456795 9.98057656795842
160 0 0 0.012476516817638394 9.980937978298419
165 0 0 0.013999299321169945 9.979849229377372
170 0 0 0.010709724384741603 9.978264674985315
175 0 0 0.014487524314636069 9.978583561934403
180 0 0 0.01398855811584232 9.978448141422659
185 0 0 0.012278560363630842 9.979046497968074
190 0 0 0.015933799380242197 9.979362386796133
195 0 0 0.013268139763511488 9.979639719748317
200 0 0 0.015881009274419267 9.977152114840898
205 0 0 0.014657585051389477 9.978637431267542
210 0 0 0.009065356015245385 9.97673163193238
215 0 0 0.015037803073918443 9.97955870528832
220 0 0 0.015102915984184673 9.976703641793037
225 0 0 0.012544641546085256 9.977053309766209
230 0 0 0.01288177029001436 9.976473560416121
235 0 0 0.009676779094477173 9.977688267266295
240 0 0 0.010045927355678108 9.97589273292328
245 0 0 0.011333304510435571 9.976063418254627
250 0 0 0.00759806720739209 10.054280840005944
255 0 0 0.011667135945805374 9.996305487286849
260 0 0 0.015456326548604737 9.990753706025092
265 0 0 0.015651914226751718 9.984730941997377
270 0 0 0.017196303229997545 9.984387735272652
275 0 0 0.012106589494450759 9.983893852059921
280 0 0 0.013035169167492366 9.981811504056385
285 0 0 0.00985869729894051 9.981956631528355
290 0 0 0.008819192307092383 9.981284730059787
295 0 0 0.013647355481930745 9.981264298587503
300 0 0 0.012493661089014063 9.979353178754558
305 0 0 0.012161072302807607 9.981357243747704
310 0 0 0.013602653415693222 9.980200388833257
315 0 0 0.01348630647447524 9.978339958718106
320 0 0 0.013999495863302513 9.979636474883698
325 0 0 0.0138035191349406 9.978617341967125
330 0 0 0.015884401062557174 9.97935740957322
335 0 0 0.013744859342176952 9.979736812158388
340 0 0 0.014769691811991503 9.97711098061298
345 0 0 0.013186837529830298 9.976384839929684
350 0 0 0.01343733533064162 9.976296412777456
355 0 0 0.012594703231656457 9.976106438759345
360 0 0 0.015046509317985235 9.976683356980237
365 0 0 0.012647104939597309 9.975973733125116
370 0 0 0.014832242490234515 9.977965364985623
375 0 0 0.011927825171023532 9.974520024837888
380 0 0 0.019044346039005067 9.976569760490776
385 0 0 0.00977836127478482 9.976965185131387
390 0 0 0.015711368987938235 9.97438594012271
395 0 0 0.010574240382396738 9.9784401880838
400 0 0 0.013612073254913648 9.975703290805226
405 0 0 0.012079608290977983 9.974296674506114
410 0 0 0.013090447196815402 9.974730873539409
415 0 0 0.01656104826803384 9.9745222224629
420 0 0 0.010432970346980541 9.973731027043264
425 0 0 0.011986796777501807 9.973746922468967
430 0 0 0.01453775806249813 9.973479190853006
435 0 0 0.012794674237427639 9.974124270261907
440 0 0 0.010326551372988657 9.97306387430914
445 0 0 0.012430359358383214 9.974118228207209
450 0 0 0.013221603300758833 9.972258323017128
455 0 0 0.01309784174409967 9.973677092888101
460 0 0 0.010858768971508947 9.97156559919347
465 0 0 0.012139160641768898 9.972975246767719
470 0 0 0.011714560671978846 9.972492716712049
475 0 0 0.01667354324978687 9.97219403680205
480 0 0 0.008921551387085724 9.97205695248487
485 0 0 0.012155394172469913 9.972349945629578
490 0 0 0.014843773564506169 9.973723721366586
495 0 0 0.014366131186611453 9.97218011873346
500 0 0 0.011382468143252167 9.96995077617837
505 0 0 0.01053222365160833 9.970675701605263
510 0 0 0.015932764554168255 9.970226217344589
515 0 0 0.0159759114694058 9.97157067499693
520 0 0 0.008380619995334015 9.97024670752014
525 0 0 0.01410602300030761 9.96971465831039
530 0 0 0.010869899351804602 9.970777214806969
535 0 0 0.0146084602546106 9.969920864124932
540 0 0 0.010232927603109454 9.970665615571402
545 0 0 0.011511218607009654 9.969622840549377
550 0 0 0.008260389823114611 9.969145024509071
555 0 0 0.0074038274747172395 9.96876687251707
560 0 0 0.009948424558536395 9.968533340328534
565 0 0 0.008082418297557181 9.968769652651693
570 0 0 0.01159679528736901 9.968105347425679
575 0 0 0.009846833046557979 9.968402788927046
580 0 0 0.011007145643135319 9.96818424894919
585 0 0 0.015652872443504773 9.968438522675491
590 0 0 0.013588934041040668 9.966025108434314
595 0 0 0.01032671008132402 9.96729637498393
600 0 0 0.015097907147884948 9.96552050343036
605 0 0 0.010113041398231992 9.966795170073677
610 0 0 0.013029716694914928 9.9640349504044
615 0 0 0.01616596015087768 9.964893258668043
620 0 0 0.0177284482525617 9.964042206130904
625 0 0 0.014853024725334896 9.964398066849894
630 0 0 0.002681461678524455 9.963384313156778
635 0 0 0.010247869106498886 9.964189436859563
640 0 0 0.015094514640525691 9.963958197407289
645 0 0 0.008290045717353811 9.963318066391915
650 0 0 0.003401143675071605 9.962262485979133
655 0 0 0.004200269814303992 9.961490744708781
660 0 0 0.006659299635863647 9.960697943535326
665 0 0 0.008671273223562093 9.959909302576223
670 0 0 0.012880928158270688 9.959895418589326
675 0 0 0.006238052069295952 9.960620706862084
680 0 0 0.010180175206889519 9.958827201178918
685 0 0 0.0007431977669205558 9.957704045144318
690 0 0 0.0049453044416574166 9.957881109867545
695 0 0 0.00015739538084047489 9.95634604711613
700 0 0 0.015243659844996316 9.954359218096295
705 0 0 0.01364617172185878 9.95554992007058
710 0 0 0.009609221214315511 9.954422211293675
715 0 0 0.015543786110744584 9.954291540707256
720 0 0 0.0017220499934620381 9.952602480413347
725 0 0 0.009108839163741056 9.951381352047084
730 0 0 0.00951918251351791 9.950453881057141
735 0 0 0.010720253267393565 9.949054478847161
740 0 0 0.009087522956644944 9.947601881724523
745 0 0 0.014100326279825826 9.948220703298386
750 0 0 0.012532994529259156 9.946463462553531
755 0 0 0.0006846895783425566 9.944698694513551
760 0 0 0.004309264099386478 9.943199319815847
765 0 0 0.007006227537470933 9.94090679807369
770 0 0 0.013115179785529119 9.94132123352013
775 0 0 0.0025690136698415245 9.937510515683453
780 0 0 0.01757329845302591 9.936852851559586
785 0 0 0.003955339796851254 9.93531709400208
790 0 0 0.024972515644525073 9.934427290123418
795 0 0 0.028408530218328787 9.931663621730339
800 0 0 0.006280415573748366 9.928567778319634
805 0 0 0.006018204737338939 9.927014990698682
810 0 0 0.0028392347177044197 9.924968225647369
815 0 0 0.012428893175251421 9.922591559219084
820 0 0 0.011368104331073159 9.920177957631326
825 0 0 0.03433560220054299 9.919006106968641
830 0 0 0.02668722033703741 9.91702949926515
835 0 0 0.016715911546990148 9.915440005503868
840 0 0 0.03018401547008276 9.911913369504909
845 0 0 0.00464285544498666 9.908251284734058
850 0 0 0.009187425940361482 9.906434066917347
855 0 0 0.015176999014407944 9.905117910038335
860 0 0 0.017260364353952395 9.900668058673793
865 0 0 0.01562600743253606 9.89640600824514
870 0 0 0.02050314449205226 9.895854569654013
875 0 0 0.03822360720311546 9.892447496781388
880 0 0 0.03144133704597296 9.888546877538804
885 0 0 0.05016504228298624 9.883349468311993
890 0 0 0.01581704277535967 9.880890066265543
895 0 0 0.01414441127850985 9.878656158674989
900 0 0 0.04237078257041604 9.874452654003665
905 0 0 0.03444954082677931 9.872107690535419
910 0 0 0.03784100962383041 9.869027739104217
915 0 0 0.04668816461204495 9.866593999739274
920 0 0 0.035382328047149025 9.860071713509418
925 0 0 0.022481161524703808 9.857251024666828
930 0 0 0.052828921832445586 9.854659259516987
935 0 0 0.07909786312455269 9.85280273443974
940 0 0 0.040815924396547354 9.848208255835484
945 0 0 0.04227703937913274 9.84441076539262
950 0 0 0.002007462141115468 9.840770433223007
955 0 0 0.04563265832329111 9.838483422300389
960 0 0 0.07532941601508636 9.83320819381489
965 0 0 0.031959743448760625 9.831640728026992
970 0 0 0.05401182962182127 9.82783248038231
975 0 0 0.03414681203887282 9.822056981440127
980 0 0 0.05556407909892802 9.818939759538239
985 0 0 0.05340183497837048 9.81437532003101
990 0 0 0.09002945162341125 9.811522147704924
995 0 0 0.03962394736518804 9.811174184988499
1000 0 0 0.06094249166805277 9.804608329068218
