0 0 0 0.24677356674453244 0
5 0 0 0.01517837424244739 26.76615597162659
10 0 0 0.015612909911138173 26.67551365219716
15 0 0 0.015223066770259086 26.627299489244656
20 0 0 0.014180005373664484 26.608764047931036
25 0 0 0.012272485893903617 26.58332693511687
30 0 0 0.013728357050790896 26.538001238017742
35 0 0 0.01641886521935909 26.54070235984204
40 0 0 0.016028372407064007 26.508455629183132
45 0 0 0.016659047774692848 26.494470380376402
50 0 0 0.014247036553218795 26.22836493262345
55 0 0 0.017251532207659626 26.21160080293349
60 0 0 0.020104123601692336 26.201934999370387
65 0 0 0.01967662807137338 26.207963608554337
70 0 0 0.017817664366279073 26.20635310989115
75 0 0 0.019390457713780007 26.19123784647725
80 0 0 0.01558105230488871 26.18671702281842
85 0 0 0.018412385456913816 26.184485900539162
90 0 0 0.017894670279908764 26.183629940758923
95 0 0 0.020063113150634138 26.187371756964826
100 0 0 0.019959244171404267 26.183201947960978
105 0 0 0.020010916833527626 26.18216894590124
110 0 0 0.01914933101623517 26.173508084416227
115 0 0 0.01987265327943799 26.167826225332774
120 0 0 0.020252928126328396 26.166878672361378
125 0 0 0.018934906645951655 26.164145687480424
130 0 0 0.019149014227934913 26.166427500475415
135 0 0 0.019184408282297172 26.16365265317859
140 0 0 0.021020779787802812 26.15793681714006
145 0 0 0.02166524236680445 26.152736135186625
150 0 0 0.017492053636456895 26.158361790691366
155 0 0 0.020200328809224954 26.158123044594717
160 0 0 0.01923531636829079 26.15282043982787
165 0 0 0.01875718866044096 26.157937372859255
170 0 0 0.019735513100503033 26.151537704004095
175 0 0 0.019399674496452413 26.14377317304846
180 0 0 0.021197370340214405 26.14537887717641
185 0 0 0.01929716132368564 26.142736836124328
190 0 0 0.01900865804215046 26.1416024567803
195 0 0 0.01887780162062902 26.14517709473982
200 0 0 0.019641285895359628 26.14563929072378
205 0 0 0.01764920317998797 26.136726707599728
210 0 0 0.01687469487469584 26.13412919662031
215 0 0 0.020038186964520532 26.14613952269165
220 0 0 0.019693694117823624 26.13657809866253
225 0 0 0.017597041311025796 26.136864145966914
230 0 0 0.018416882787350097 26.142662027807145
235 0 0 0.019716079695569544 26.133567971485164
240 0 0 0.01959750108753533 26.13060103066762
245 0 0 0.019584438484537614 26.131386333838933
250 0 0 0.01676401272196615 26.125642979949316
255 0 0 0.019587792488761968 26.131567702718506
260 0 0 0.02061720946882284 26.12755336773863
265 0 0 0.020303702036933657 26.12761489683473
270 0 0 0.01959813140634359 26.12820407845886
275 0 0 0.01968599876318078 26.12715194947903
280 0 0 0.018820191518607476 26.128588093072338
285 0 0 0.018981285604087184 26.127783634536417
290 0 0 0.01879730517524192 26.121253484591698
295 0 0 0.01842012573813956 26.12226480286251
300 0 0 0.01685995848191535 26.11954709589337
305 0 0 0.019618624722343547 26.122223754106912
310 0 0 0.017168961499502533 26.12123838988188
315 0 0 0.01900422691633974 26.122938636130083
320 0 0 0.020457598590295056 26.120402462180778
325 0 0 0.018841782224308545 26.12397339695128
330 0 0 0.020258389863547555 26.12487658694077
335 0 0 0.02077378891759074 26.112820572922807
340 0 0 0.018244849738949354 26.120396180099295
345 0 0 0.019415851762077496 26.12053341626593
350 0 0 0.02082590099075654 26.120902216268437
355 0 0 0.020339290743687233 26.117750854035222
360 0 0 0.01838498229133556 26.111906455096108
365 0 0 0.02020108047662217 26.114634745281727
370 0 0 0.019613716828543293 26.11733072038934
375 0 0 0.017663769483394542 26.119660867076654
380 0 0 0.019257999915276214 26.111189452019268
385 0 0 0.016615793634442877 26.111006645969823
390 0 0 0.02013004816410624 26.1152266344779
395 0 0 0.01829174667190192 26.105566708999394
400 0 0 0.018714689227372183 26.104752086053292
405 0 0 0.02120159168643898 26.106512985624693
410 0 0 0.020488993245602494 26.10544930227691
415 0 0 0.01820992925037057 26.09954352903776
420 0 0 0.018358586844459346 26.10032428560737
425 0 0 0.017683032488619688 26.099020804623354
430 0 0 0.018703563881912633 26.100306889218178
435 0 0 0.020565274161276736 26.097599816888955
440 0 0 0.015483646586311739 26.09174502538691
445 0 0 0.017135744287478882 26.090367619962556
450 0 0 0.0161779628430061 26.09120386627993
455 0 0 0.017565582893165566 26.091018051779347
460 0 0 0.019106639191326158 26.09041930697294
465 0 0 0.017849767291945096 26.087353960757355
470 0 0 0.01584071897247452 26.084083882898717
475 0 0 0.01670091095814641 26.08272254368412
480 0 0 0.017232661209478195 26.080548644064123
485 0 0 0.01841732958838249 26.078143057397064
490 0 0 0.01938509808415856 26.076128104453023
495 0 0 0.01954749945496581 26.07220205250157
500 0 0 0.017432868832994775 26.071675144043024
505 0 0 0.023472733084482833 26.067443945950885
510 0 0 0.01295896089358517 26.067042325786232
515 0 0 0.019270792489228805 26.06282118711295
520 0 0 0.017041113449532297 26.058821894020735
525 0 0 0.0183408407426775 26.057551816037968
530 0 0 0.011261692438740978 26.05169670507918
535 0 0 0.017249815494884357 26.04920862041051
540 0 0 0.01572887525529909 26.043849560561267
545 0 0 0.013238795524200375 26.040731053753028
550 0 0 0.015096880201548535 26.03747004802257
555 0 0 0.020526154325642088 26.031349414039937
560 0 0 0.013999766856641838 26.02708985382467
565 0 0 0.01688193068412014 26.02039422178809
570 0 0 0.014754067611143729 26.016283486482827
575 0 0 0.0018266731557443627 26.011305997079326
580 0 0 0.01933473224471549 26.00638924217901
585 0 0 0.00033133738102697485 25.99847795674504
590 0 0 0.006921914939080898 25.99211744734025
595 0 0 0.007298356401482353 25.98310548300125
600 0 0 0.004264951732561695 25.977499798565614
605 0 0 0.0041455600069586485 25.97405301130052
610 0 0 0.008327496894904973 25.967283194082153
615 0 0 0.006677844214085793 25.956567840722435
620 0 0 0.017962208613383268 25.95078813057314
625 0 0 0.005582313495128943 25.94680696427399
630 0 0 0.005941617802154964 25.940537658296183
635 0 0 0.0014263893906198977 25.937498662109356
640 0 0 0.03168780370091828 25.928142572918855
645 0 0 0.001322175037678619 25.922950769690793
650 0 0 0.02752105806117 25.916094042953368
655 0 0 0.003347509311692587 25.904039563621726
660 0 0 0.00661644481148671 25.90202512487066
665 0 0 0.01941246050957468 25.892860401235236
670 0 0 0.018504135005267264 25.883904920969556
675 0 0 0.019282740966182432 25.87817695043663
680 0 0 0.012178271333949775 25.87473585964453
685 0 0 0.034127522765111884 25.864530366990813
690 0 0 0.04645482837967241 25.864243961218808
695 0 0 0.046785022855978076 25.853236297986
700 0 0 0.03238440908441298 25.844611952586185
705 0 0 0.04135228731105922 25.838131551218197
710 0 0 0.04702452551748637 25.829803404411223
715 0 0 0.039634387597834664 25.821486119369688
720 0 0 0.037641052256248475 25.817710494477268
725 0 0 0.06704961942021859 25.811526335017188
730 0 0 0.04018324464811318 25.802226191957192
735 0 0 0.022689656805429337 25.796759788761378
740 0 0 0.015309347368034132 25.78879801910328
745 0 0 0.021158973446800955 25.785132781391503
750 0 0 0.06872642763821069 25.77920475360178
755 0 0 0.04812003815481192 25.76843117495478
760 0 0 0.08197922930279833 25.769094653851152
765 0 0 0.03368195406750951 25.765163418220087
770 0 0 0.06940206796311266 25.753482739372814
775 0 0 0.053409994892016366 25.747455461973654
780 0 0 0.0509932783423479 25.74288160476156
785 0 0 0.08655736948081372 25.73569477488508
790 0 0 0.07504615467650466 25.727399457070007
795 0 0 0.06699479482498139 25.725416672104647
800 0 0 0.0687321353969641 25.72291185671335
805 0 0 0.09463016194654217 25.712358796780435
810 0 0 0.09700271505395519 25.701101003472967
815 0 0 0.1000913043679923 25.70070357843952
820 0 0 0.1014075110594077 25.686548220895666
825 0 0 0.07191638311439608 25.695417562935585
830 0 0 0.056125267912742416 25.686530880871054
835 0 0 0.06317449249346296 25.6837526734251
840 0 0 0.15124180968972056 25.664067243086105
845 0 0 0.12245965810242043 25.670510499001598
850 0 0 0.11235166815194253 25.66821922134932
855 0 0 0.057066100287106014 25.65559178263516
860 0 0 0.13107293744447146 25.647818727627804
865 0 0 0.05649342050426842 25.651701009550365
870 0 0 0.08984057454875916 25.645943691814374
875 0 0 0.1342312021577008 25.631784594425707
880 0 0 0.11287314496834644 25.63078214109211
885 0 0 0.0809233723798426 25.62475875971269
890 0 0 0.10746051740222673 25.61567523851064
895 0 0 0.12165302279266399 25.61763343399516
900 0 0 0.11766794785986212 25.60770435514998
905 0 0 0.09976799471617825 25.605024183348604
910 0 0 0.15715822442291194 25.610782535461443
915 0 0 0.11412807881731624 25.603317999478776
