0 0.6939696095196195 0.7306851052538987 0.004181637819034911 0
5 0.6975349360561616 0.7204382138390064 0.0006808769481334576 0.6931441953100859
10 0.6975984191550164 0.7202561922931743 0.0009946781293703744 0.6931442859740206
15 0.6975777063595989 0.7203155828727583 0.0008852606482681047 0.6931409442738088
20 0.6976263887975642 0.7201760046815815 2.8490243174639218e-05 0.6931400971103417
25 0.6975781323686352 0.7203143667515208 0.0005389953634791222 0.6931442408187363
30 0.697637527095279 0.7201440757893776 0.00043710515734274313 0.6931427811614651
35 0.6975453404496015 0.7204083964138621 0.0003285489936400987 0.693142603084925
40 0.6977004902336854 0.7199635686546169 4.2430705244900224e-05 0.6931381973941504
45 0.6975160856566173 0.7204922870923445 8.916548513981937e-05 0.693139240257541
50 0.6975848564352056 0.7202951003994515 0.0005066881470062734 0.6931433148593902
55 0.6976070296679094 0.7202315279411402 0.00040045489246809396 0.6931412746521312
60 0.6976000024900333 0.7202516787623867 0.0005306958077200274 0.6931443635099604
65 0.6975845480360527 0.7202959925387198 0.00011007775083127225 0.6931424419644907
70 0.6976263257488786 0.7201762117413928 0.0013240758875577852 0.6931411160325424
75 0.6975594848456701 0.720367860649475 0.0005850930875566096 0.6931416231074076
80 0.6975890924592383 0.7202829702488471 0.0006902825675449975 0.6931406155563917
85 0.6976501423751791 0.7201079357679754 0.0010928913095068493 0.6931402833421152
90 0.6976092401580332 0.7202252083683587 2.5338937057473032e-05 0.6931416709180545
95 0.6975993912865606 0.7202534493695518 0.00016172560270888425 0.6931418581485963
100 0.7314578150106215 0.6265995931388959 0.45873943534889106 1.3645505501629487
105 0.8566673845169901 0.3373082799463123 0.4329453868644795 1.0475104566508944
110 0.9120036783164188 0.21931990481508024 0.20935484965722884 0.9185949390496382
115 0.9402296022256806 0.14741310061186508 0.16125460181693585 0.8449445080299369
120 0.96069741220077 0.09181558564889258 0.05043068542818974 0.7883140227985177
125 0.9753262149029103 0.05479087488670353 0.07287599481837792 0.749926080288474
130 0.9841279461423489 0.03393822238482547 0.03627497814775371 0.7280969959450249
135 0.9891387785846395 0.02262684947222171 0.03688450599165449 0.7163449268238982
140 0.9920730022966633 0.01618500026864267 0.014371305079211583 0.7096277314923877
145 0.9939975795360165 0.012252464066825786 0.003320591064577938 0.7056335063279734
150 0.9952602423149561 0.009751085264378068 0.0013936704300434588 0.7029712594002457
155 0.9961215628996296 0.007985851992496684 0.009287201176085391 0.7011314816956716
160 0.99674657553259 0.006705042712461973 0.009904058351192235 0.6998612164234757
165 0.997215154000785 0.005606640745660307 0.00941611041194701 0.6988664806960818
170 0.9975898302772835 0.0048684705488368785 0.0009432852173942852 0.698068715437531
175 0.9978328891033355 0.004603769333633823 0.013050595193305647 0.6974869501089838
180 0.9981167402154828 0.0038174750132142776 0.0006359029652478476 0.6970315244957215
185 0.9982616891326592 0.0036993935395137623 0.011637124153592193 0.6966570134360045
190 0.9984706068053302 0.003095761288020804 0.00029794373929714624 0.6963147295330212
195 0.9985869457729397 0.0028322083917105 5.7235759836071765e-06 0.696059721784298
200 0.9986889428729671 0.002767498785172573 0.0006699667931546749 0.6958060542550417
205 0.9988053556106173 0.0024796989083819554 0.0005739243190154841 0.695617877708255
210 0.9989093300398975 0.00220128335443337 0.0009693744236801694 0.6954542739501005
215 0.9989808629908405 0.0020405557626583803 6.9411483591963474e-06 0.6953168262896928
220 0.9990522793862819 0.0019135290163072582 0.00019165243745900007 0.695132183441219
225 0.9991059581777499 0.0018287477494229876 0.009053404449590685 0.6950520203154862
230 0.9991646544076752 0.0016738928576384149 0.0002274428585635757 0.6948695959434963
235 0.9990453139129489 0.0023233534521607258 0.0024478189179770737 0.6947288745246729
240 0.9992376928402329 0.0015406695592496966 0.0007830666006352072 0.6947305020529257
245 0.9992550387056215 0.001610834540549555 0.0015480608879228086 0.6946509164315775
250 0.999309574496857 0.0014530651364125236 0.0005307407038911416 0.6945935226239667
255 0.9993481365387917 0.0013583996952526434 0.008875696656138299 0.694591609460335
260 0.9993881035783116 0.001248674388587001 0.011401073381289595 0.6944985906252071
265 0.999410930406868 0.001185965815794665 0.00038723054543310376 0.6944285213151291
270 0.9994328232560342 0.0011465521285867197 0.0005005905085283535 0.6943788892679909
275 0.9994661602129964 0.0010694552085634967 0.00012100492093281012 0.694308626851411
280 0.999474216117978 0.0011018898728001325 0.00046130045028069944 0.6943168528066677
285 0.9995076332441996 0.0009865710757810398 7.133068271603094e-07 0.694257337156178
290 0.9995100923520743 0.001034764532258703 0.002446995594230339 0.6942573540318903
295 0.9995282088486226 0.0009958681159254468 0.0018127126973472851 0.6941939883734836
300 0.9995406714527311 0.0009465754787688629 0.0007702455495561811 0.6941286463992644
305 0.9995365007131691 0.001030365041569059 0.0018191927079489467 0.6941657430473788
310 0.9995760577445514 0.0008928555163110197 8.710765560526745e-05 0.6940624034288624
315 0.999603212039033 0.0008023253536784125 1.4707368525046505e-05 0.6940996354745941
320 0.9995111370758929 0.0012190351252705511 0.0001398505612990597 0.6938265450984272
325 0.9996144487804551 0.0008131821827100927 0.0017048118313290894 0.6940121336674347
330 0.9995876814768367 0.0009089504766998102 0.003443899688348795 0.6939811899477338
335 0.9996279137974111 0.0008045041362307881 0.0013464817890465053 0.6940004511265009
340 0.9996549819173755 0.0007101143841127255 0.00013563095054536234 0.6939559374245077
345 0.9996613691082554 0.0007047071299191021 0.001378103135532882 0.6938843206569791
350 0.9996773629575523 0.0006547255296932564 1.621831958997788e-05 0.6939586948351149
355 0.9996509998982115 0.0007575054624915367 0.0019464449690260732 0.6938593074128104
360 0.9996606391092719 0.0007645510521121501 0.0005663736144770892 0.6939109122073875
365 0.9996962542195007 0.0006307346969878225 0.0023903846639221626 0.6938933581365185
370 0.9996822707879982 0.0007064967324448279 0.0005285197575917167 0.6938918825349978
375 0.9997110469412516 0.0005999423655178582 0.00040554133263293046 0.6938993427052489
380 0.9996793891720461 0.0007182971416064277 0.002936449810016395 0.6938077683876461
385 0.9996967012700861 0.0006893277769727257 0.0012808332742616502 0.693745750467393
390 0.999670622128444 0.0008093991109607845 0.002145397652626335 0.6937635807985503
395 0.9997435436331527 0.0005144468284816739 7.722701617174366e-05 0.6938788912584806
400 0.9996852531976256 0.0007730103977510172 0.0021924068107768147 0.6938140437343614
405 0.9997506260844847 0.0005123566094245025 0.0014279670931369726 0.6937670387364725
410 0.9997234220467162 0.0006381260230732266 0.001264946716261095 0.6937283048565692
415 0.9996943478266368 0.0007675878071751185 0.0011840014891164596 0.6937737806099107
420 0.9997569344260911 0.0005195080304327693 0.0006155230395027411 0.6937732478720539
425 0.9996856715397462 0.0008218889378459604 0.0003838266059359441 0.6937578266224722
430 0.9997776500566745 0.00045058945268905415 0.00024822530009116495 0.693731905036204
435 0.9997627918329246 0.0005087014105250587 0.00029573823970796553 0.6936895182184422
440 0.999753068823195 0.0005727180168346724 0.0012119747554393268 0.6936908658252883
445 0.9997912646941292 0.00041881573148661033 9.9517879526001e-06 0.6937134643806335
450 0.9997836226167192 0.00046256022691659737 0.0009115343882999394 0.6936815609333793
455 0.9997979980025646 0.00040888957785290003 6.875225245284167e-05 0.6936747220137766
460 0.9997386591990347 0.0006626282641657433 0.0026324553920717975 0.6936453200507435
465 0.9998042997120016 0.00039826049212254855 0.0005782794626438825 0.6936665102192592
470 0.9997891919887205 0.0004696044878749195 0.0011869201742211732 0.6936689061266069
475 0.9997969144644456 0.0004330317106502335 0.00035346834297689256 0.693601010112079
480 0.9997307635334343 0.0007211647308215108 0.003947480385982471 0.6936626246861778
485 0.9995804182127035 0.0013340903781658975 0.000790600724255186 0.6936376135308283
490 0.9997721958356007 0.0005455476478146704 0.002060506595098266 0.6935705943998485
495 0.9998226353654112 0.00036207289961942557 0.000283602472305966 0.6936132828764496
500 0.9998122879881648 0.0004017280945416424 0.0006504427936042667 0.6936897393348689
505 0.9997830618860795 0.0005374231959294207 0.00020453399964237562 0.6936327238297463
510 0.9998323967569074 0.00033813349248790203 0.00025443089852561496 0.6935847344051952
515 0.9998192465128171 0.0003897057887105593 0.0013991566485600515 0.6936297109058596
520 0.9997238410682419 0.0007926584795661107 0.008181304739159456 0.693621386459488
525 0.9998111885230557 0.00044300704959099324 0.001089098484737372 0.693641343358621
530 0.9998348331724333 0.0003436303870364421 0.00057904990511215 0.6935684090945486
535 0.9998083503782176 0.0004639870014285785 0.0005153091743350657 0.6936203986902649
540 0.9998159259904047 0.0004375434540953016 0.008709534573423827 0.6936290393385637
545 0.9998330670184847 0.0003624589967867742 0.0001544507345411228 0.6935770118970871
550 0.9997641375312651 0.0006562600944750585 0.002532680384204067 0.6935000678150074
555 0.9998524160486963 0.00029916218013747997 0.0003361970082318422 0.6935992836137043
560 0.9998380354397394 0.00036391002910463044 0.0021626476858237487 0.6935514423639367
565 0.9997799850198853 0.0006039064535245942 0.0012051093263758528 0.693625747377201
570 0.999856288753812 0.00029243292993164083 0.00039489630370970197 0.6935603660903342
575 0.9998569896558244 0.00029708677247897164 0.00023092379715106137 0.6936056509777119
580 0.9998439179458453 0.0003461329501344146 0.0007517056659640531 0.6935127405117656
585 0.9998638070989558 0.0002756212121044488 0.009799139078784935 0.6935930835199285
590 0.9998154709860864 0.0004780196640392642 0.003520758845318994 0.6935620618372486
595 0.9998645308766951 0.00028042675783745974 1.6464444796859823e-05 0.6935949094347662
600 0.9998540630058579 0.00032740035303646664 0.0008680980261884796 0.6935510257593296
605 0.999868220802716 0.00027189203217981017 0.0006243688100638911 0.693579498563404
610 0.999860765472726 0.00029975571065932183 0.00021907802960452472 0.6935370384927411
615 0.9998374437500206 0.00040471386250562347 0.001572893183559021 0.6935880033024111
620 0.9998738448660611 0.00025565921960069016 0.0003515762192920491 0.6935633268997735
625 0.9998742514340713 0.0002595717762484684 0.00011810954197066792 0.69356410148753
630 0.999877335535896 0.00024947885190040875 0.00014195702014485612 0.6935084216496348
635 0.9998791220613287 0.0002448638142797943 0.00015974414403441273 0.6935781098007638
640 0.9998761028870877 0.00026086778908029906 0.0009390245985418932 0.6935005582732018
645 0.9998693400200908 0.0002916471797069775 0.0004895035096594835 0.6934945798342934
650 0.9995536737133202 0.0015658304091339392 0.0034184113286404028 0.6934036584551321
655 0.9998845527003235 0.0002333842253396945 0.00018052725174255713 0.6934727831251741
660 0.9998345002364619 0.0004410169830367794 0.0014690285809633163 0.6935729423145096
665 0.9998773160536867 0.00026926787114756046 0.0006163700529064897 0.693499161141985
670 0.9998444079989559 0.00040569997560180315 0.0005860816132599034 0.6933636043183286
675 0.9998874928007877 0.00023191054334192884 0.00036887623981807227 0.6934823343103509
680 0.9998401062164093 0.0004277043883533782 0.0010260577625004208 0.6935578665488442
685 0.9998671876073351 0.000312078365285684 0.00017852885623614867 0.693380514752871
690 0.9998153098871955 0.0005322148847415331 0.0013401318174595112 0.6934997482163408
695 0.9997650360189285 0.0007368031390653229 0.003380747865498135 0.6935210973484813
700 0.9998840223245811 0.00025273425203586886 3.90553759315182e-05 0.6935509992709303
705 0.9998455325164582 0.00041640410851151444 0.002261136650330675 0.6935636362687647
710 0.9998598974231612 0.0003603023597141819 0.0019336231769999657 0.6935031731872734
715 0.999884421000111 0.0002626010889492658 0.0010385812199433797 0.6935732929429126
720 0.9997043253408455 0.0009694682547527478 0.0023070598302086243 0.6933339566653407
725 0.9998961542723899 0.0002182889949560174 1.8697736076767058e-05 0.6934639546277215
730 0.9999007764919234 0.0001998789972277315 8.547231566635727e-05 0.6934998613672028
735 0.9999013482778885 0.00019921180100557212 0.00019375972590363055 0.6935517443063646
740 0.9998663818483473 0.00034541278333244385 0.00019699068621792382 0.6935048488321268
745 0.9998899560664506 0.0002514461691788261 0.0015966394144484308 0.6935027860660072
750 0.9998284764427184 0.0005019679166681223 0.00018696820534913616 0.6934052345440491
755 0.9998807694235722 0.00029236578520697165 0.0013459896639060887 0.6935300227012055
760 0.999840002717707 0.0004588422605492637 0.0016017461073993822 0.6934705672823399
765 0.999877128054595 0.00031048950979872814 0.0017207090178630313 0.6934599135089117
770 0.9998727190511552 0.0003217969615078031 0.0008428254424831527 0.6934914699177412
775 0.999873622806879 0.00031980476107218436 0.002139734529113202 0.693450631144873
780 0.9998730548575644 0.0003317227593462313 0.001947175506326726 0.6935012459000549
785 0.9998972291032059 0.00023516397276568402 0.0007955411179351168 0.693446284413517
790 0.9999077997975367 0.00019089617382617163 0.00010214496852589683 0.6934613336669077
795 0.9999105562671846 0.00018183648487712922 0.00021221172765262253 0.6934025545039559
800 0.9999028791326547 0.00021665378541813052 4.232982384677619e-05 0.6934590761669104
805 0.9998219577412415 0.0005451125237341259 0.0023653318952563396 0.6935378662066752
810 0.9998524844262064 0.00042354965104252074 0.0029622077457802654 0.6934582722150016
815 0.9998940954301316 0.00025675471602659705 0.0006162381029433117 0.6934393072609485
820 0.9998298181387164 0.0005175514720312524 0.00336240023883283 0.6934490515248766
825 0.9998622655703959 0.00038815658726454316 0.0035776307557100484 0.6934917602559569
830 0.999892468825923 0.0002674255100223455 0.0001022298865673843 0.6934611034917979
835 0.9998300890631484 0.0005088229528218413 0.0034441801428422014 0.6934969490774933
840 0.9998976524951468 0.00024901488941686534 8.6144763680851e-05 0.6933948505747419
845 0.9998088564957168 0.0005955119051659352 0.0030706523825293486 0.6934177841550297
850 0.9999191403714911 0.00016300785166845078 3.3710985404278304e-05 0.6935490507286456
855 0.9999196167838382 0.00016252731299182255 1.0330455773033265e-06 0.6934810571183747
860 0.9999016106439516 0.0002327831073458686 0.00172029432627685 0.6934707749229575
865 0.9999204616154609 0.00016171560456845757 0.0003334520406439445 0.6934535757286407
870 0.99973216282977 0.000922104834597981 0.003911213633114086 0.6934421507187044
875 0.9998727016207869 0.0003582653688015691 0.0034434878078462017 0.6934850210757824
880 0.9999225528144513 0.00015655163042560538 7.632576970340033e-05 0.6934762957023827
885 0.9999226869163556 0.00015653720030417428 0.0004887461600947551 0.6934766909433228
890 0.9998494771172408 0.0004551080546728592 0.007228743613906463 0.6934586164368346
895 0.9999236032933094 0.00015593101714184154 0.00010630690450819102 0.6935262574285354
900 0.9998944307418496 0.0002760341601115712 0.0008300939028668131 0.6934008268780945
905 0.9998486587200013 0.0004615586536452776 0.0011914613042220967 0.6934682419975742
910 0.9999258389675603 0.00014979107434742733 0.00019044959616021373 0.6934916141051992
915 0.9998903714232428 0.0002955376598861026 0.0018825671911297803 0.693539911343858
920 0.9999240442995694 0.0001597856850898971 0.0006312641320243007 0.6934527252547474
925 0.9998950575561527 0.00027862343910278753 0.0005222658585077866 0.693434731479396
930 0.9999278546715227 0.00014570933195034996 0.00016796216840142542 0.6934702658337774
935 0.9995155486792016 0.0018040780805412826 0.0029546139173488584 0.6933060197444177
940 0.9998981671929066 0.0002689463373155565 0.0024327018221471652 0.693549426327469
945 0.9999149582368159 0.00020192793204487636 0.0006026148864445302 0.6934498573667376
950 0.9999084689025789 0.00022436975007888993 0.0016921597870347416 0.6934088899907174
955 0.9999248704810015 0.00016342947949077313 0.0003905738954823601 0.6934858582739506
960 0.9997518304563892 0.000860911157727573 0.0007985151794467349 0.6932607010791334
965 0.9998379596374509 0.0005159143488295825 0.0001710913972243766 0.6934436306734407
970 0.9999224505748858 0.00017303004068591754 0.00013002745711043762 0.6934360020930306
975 0.9999281931567043 0.00015152060126011335 0.00021984457715062966 0.6934739847636118
980 0.999929031241596 0.00014908887701814422 0.0004979645330625004 0.6934490728861721
985 0.9998898747703313 0.00031043944883379915 0.0024414144470297217 0.6934741519376297
990 0.9999023298291907 0.0002610358866368401 0.00019223343863783438 0.6934911901464672
995 0.9999088032733866 0.00023570911145354145 0.00010414151003113048 0.6934278451163592
1000 0.9999316834972152 0.000143483488191265 0.0012426367214413148 0.6935184088795734
