0 0.5058841619666004 1.4955062738517326 0.3608001145821701 0
5 0.9625195703015726 0.08840683053014153 0.022824760175652825 2.7161537740468096
10 0.9957536758368171 0.010090930466101877 0.0005980210504281658 2.6584959317121184
15 0.9953568622050899 0.012613963754033897 0.01195378957824178 2.6509546687547454
20 0.9971295070869547 0.008567912997223814 0.007821568911309695 2.6477797574823945
25 0.9946041069739257 0.020093140088619066 0.0033906083619439364 2.6479084560059265
30 0.9984397110116509 0.004488558774685902 0.002253408227512299 2.6461058298644553
35 0.9991192467000268 0.002522480553433848 0.007810159651046478 2.6450663985458043
40 0.9983751354035223 0.004280995437039969 0.000586843966272399 2.6438208817328412
45 0.9983581373307184 0.005697486354061088 0.003664501578292567 2.6443971887067814
50 0.9900699751356326 0.020732818734301883 0.0024149348598452303 2.6422394694172886
55 0.9643040119436547 0.07522711057724063 0.004053224134779931 2.6404388744162373
60 0.9480130340902486 0.10957394224400563 0.000456666599011335 2.6413108344621503
65 0.9613622083790738 0.08105895025501741 0.0013458810810482724 2.6410129988983657
70 0.9473507496361206 0.11022289371717653 0.000714919115856194 2.6406502133058196
75 0.9424668258630927 0.11872866787063918 4.354353424718127e-05 2.6404957698267197
80 0.9522408400864543 0.09866727771525063 0.0007699093382800282 2.640087598200054
85 0.9513399186278089 0.10331759398742202 0.0030869389465391084 2.6400584124178037
90 0.9437641461852732 0.11851000041072357 0.004690005876687442 2.6397567102832427
95 0.9430021549315069 0.11790555670602743 7.303946377157366e-05 2.6399793905965487
100 0.9456336598277815 0.11262340058910913 0.0006194132506476269 2.639461620132492
105 0.9403791210582753 0.12635821632885103 0.0012528243230074398 2.6396064745686947
110 0.9335248503242187 0.14408475107078944 0.001005918744653611 2.6395656679511323
115 0.938917543055924 0.12638133803910945 0.002088702394575259 2.639625238422196
120 0.9401040195292772 0.1249855436570817 0.000115955984970606 2.63877043313839
125 0.9412092930024617 0.12221490650380096 0.0006888815818986149 2.6394466941811676
130 0.9474053794961086 0.11069033829297004 0.0004959791827143789 2.6391730969764278
135 0.9481933087186976 0.11136415746575024 0.002428482182676772 2.6391108133871573
140 0.9397296050441926 0.12549472862433664 0.002851512663857747 2.639293771019956
145 0.9456266074615038 0.11305936507048164 0.002509408103757327 2.6388419569346047
150 0.9327979268299733 0.13934338188027162 0.00023101656091850664 2.6389005432616948
155 0.931847947734485 0.14437681549441628 0.014669010836290353 2.639403574674043
160 0.9432856269135944 0.11746194041219082 0.0013914268219659132 2.639483004803182
165 0.9383125078560561 0.12784350610853723 0.0029915310294008624 2.6386136660963224
170 0.9468409728041904 0.11107929297254104 0.0017123533139595803 2.638739302045997
175 0.9371935563061149 0.1307381752639123 0.001130782428268473 2.638249775506558
180 0.9366435391743826 0.1318283930551356 0.0027053313888958375 2.638570862680751
185 0.9359415892058365 0.13298981067811688 0.00043388520983511647 2.638972380291105
190 0.9358847864697584 0.13398595262442026 0.002246051366356472 2.638740550914936
195 0.9322331394856154 0.1407734233145428 0.0005040005958287797 2.638518491475315
200 0.9360345071452925 0.13270118780400297 0.0027553840860428114 2.6389090882291315
205 0.9373574030538496 0.13182411287459317 0.003303260947506992 2.6384371772462227
210 0.9352335220743094 0.1348316202381321 0.0016504423342074137 2.6384905620978065
215 0.9343349205505519 0.13688851938418 0.002218300258635786 2.638550215588251
220 0.9368941042375194 0.13205755647796602 0.0017951156714532956 2.638599216005452
225 0.936817296598466 0.1311327903291155 0.004708692870047715 2.638581213824437
230 0.9330696793860492 0.14130538296915907 0.000577302503282473 2.6387828546099428
235 0.940672615301607 0.12445890190581688 0.0015502145858938832 2.638452461207429
240 0.9338507103954913 0.13811643346426372 0.0002921987382078495 2.638363012825896
245 0.9339347676403633 0.13757848383124216 0.0023888274079810756 2.6384807437241697
250 0.9345168254852124 0.13581574483138104 0.005621974866384383 2.638790147346746
255 0.9361063843804054 0.1327413306879368 0.0026094245847951836 2.638881170360577
260 0.936792229818317 0.13113480297361768 0.0017859338182659723 2.638716636274663
265 0.9332469313035885 0.13878456660567107 0.0025309375475233153 2.6385424498562577
270 0.9351842498764098 0.13504212011428507 0.0012758459078814344 2.63819918790247
275 0.9321874161479482 0.14193894617342018 0.0026949271746756764 2.6385726434340624
280 0.9366171168332684 0.13170176509819642 0.0018170819466800658 2.6382361429710186
285 0.9341876843608738 0.1379496805990721 0.0025720335650791792 2.638781577523233
290 0.9402417583356615 0.12516927695364766 0.0009095712514790577 2.638641987890803
295 0.9385254834713428 0.12954433928983144 0.005207062395113482 2.6382761951368576
300 0.938722083918236 0.12915510135811337 0.001776657914989821 2.638018283284314
305 0.9376754194469743 0.12946254407712265 0.0009418079644427646 2.638173286849403
310 0.9338106604916587 0.14237774414865667 7.830415232601418e-05 2.6378378964641604
315 0.9356007479537886 0.13374020212780824 0.004974706890848779 2.6381725799250484
320 0.9319963640635404 0.1411096806312777 0.0010637237733455152 2.63851197631608
325 0.9366488441556465 0.13288852984769228 0.002773317412962495 2.6378131452129385
330 0.928554508014342 0.14861692982743646 0.0034435716104528336 2.6383694122385286
335 0.9282783139032411 0.1505551053503309 0.004327198454487924 2.638140546372918
340 0.934573951207444 0.13603277135855318 0.006645478864979681 2.6380657325721137
345 0.9317101420013589 0.1419186632946139 0.004926222936608271 2.6382136681239676
350 0.9365512949658827 0.1322320523601661 0.00342237650003252 2.637532262980349
355 0.9345222384950572 0.1362224151555007 0.004041740447916942 2.6379416554466513
360 0.9347312989271093 0.13559833020568224 0.0024677132183477113 2.638268739889128
365 0.9358213151810145 0.13338680878509113 0.00030004983874021285 2.6383549143858636
370 0.9359434767072972 0.13347304917604497 0.0010070252864953222 2.6383052978688744
375 0.9390732266943442 0.1268745427894591 0.0005609241386566044 2.6380302231659942
380 0.9333189487208273 0.13836273717864156 0.0011904521479308983 2.638093891581302
385 0.9334191132697824 0.1388359140996851 0.005425269636158747 2.6381128114790346
390 0.9366552236924895 0.13197063647608864 0.0008747637995212276 2.6378373840031877
395 0.9326738397621157 0.14012700516616183 0.0005287454597675545 2.638106165111994
400 0.935191669557146 0.13503019669536975 0.00015064722664814845 2.6379556275581826
405 0.9323313173104939 0.14117296515012434 0.007116842233255705 2.638138839180688
410 0.9358963899954167 0.13312602783963756 0.0006512366404003433 2.63819359114738
415 0.932024900028448 0.1412051270017458 0.0016227992158908133 2.638003730985361
420 0.9367901502995857 0.13191197542485478 0.0013859974593801727 2.6379628352737434
425 0.9322715063616502 0.1411130334826951 0.0003463832391272792 2.6381439719247033
430 0.9339262317528931 0.13748508010154348 3.185622732293503e-05 2.6382160924600413
435 0.9325738257897201 0.14026095717831177 0.0027398195993291186 2.637857038133315
440 0.9312513330901058 0.14339908834414183 0.0011407698767971208 2.637994425855405
445 0.9308933028867539 0.14375867836342637 0.003479023070704468 2.6376436159330354
450 0.9314181141622423 0.1425752540424452 0.0005494596184532075 2.6380950226878848
455 0.9355742964176458 0.1345826343049037 0.0004525532850847558 2.6380925556997887
460 0.9291847649787801 0.14839281784411984 0.0030198230424896 2.6378526849953046
465 0.9351398134877522 0.1350968697730801 0.0010198524007454246 2.637949182682728
470 0.9326112136596096 0.14046830252829867 0.0006958421562157646 2.638116622394883
475 0.9343125138421013 0.13668649288136603 0.004212316661851512 2.637874455569094
480 0.9327778847508689 0.13962316186321067 0.002033812909778998 2.637506469419262
485 0.9363938063476229 0.13269753921723249 0.00151662903722527 2.6379801680185606
490 0.9308443753731603 0.14387560478164474 0.002172593669934386 2.638111882202612
495 0.933520788672982 0.13871421119994531 0.0015762161651466933 2.6379155629564766
500 0.9341897346315695 0.13698408265337747 0.0007058853083468097 2.637982561457986
505 0.9298061483328209 0.14628555460847714 0.000285211612449654 2.638186031716081
510 0.9321245070588668 0.14130410272175276 0.002368669210351948 2.6378163214518655
515 0.9315590054839772 0.1434270842796117 6.057554314398139e-05 2.6381745083477934
520 0.9272230381202342 0.15156476546083786 0.0009506065270461495 2.6381274118985796
525 0.9329478859044491 0.14076258047251322 0.001429861209790273 2.6377423426365785
530 0.9324867518440296 0.1406833652563484 0.0010449915230692497 2.638037421863477
535 0.9315783097769736 0.14252874937739834 0.0006748297404801651 2.6381108060818392
540 0.9350011701485512 0.1355132183241774 0.0027394203188260136 2.6376645654356485
545 0.9341727008679273 0.1371881258147032 0.0012190614286933243 2.637941611821077
550 0.9296677253897316 0.14796990003423183 0.004631876355390974 2.6377528663676784
555 0.9315030165141289 0.14306693253847813 0.0015908758508498266 2.638073482568875
560 0.9341888577851113 0.13749973682879046 0.0016162037337463797 2.637684873605389
565 0.9371308569369565 0.13165147126155174 0.00148743100150317 2.6378590608403227
570 0.9255623983864946 0.15558191260203813 0.0018204724054811106 2.637958494350919
575 0.9335744388662164 0.13845942331590333 2.625447409254633e-06 2.637717822919223
580 0.9314794701738197 0.1426159002691061 8.94086597464927e-05 2.6376134855169666
585 0.9328269458967052 0.13974894875255206 0.00032936711938957863 2.637646196211717
590 0.929626591773809 0.1463302739474579 0.003716753983012522 2.6378216418554206
595 0.9338910124408274 0.13748874613544482 0.0014902883630878438 2.637837002198304
600 0.933408593764917 0.13866994767118923 0.0007494982218843038 2.6375360195155633
605 0.9271378172695268 0.1521138904466901 0.002308965411235153 2.637399928654554
610 0.9307959878280092 0.144739997500976 0.0049107827725378694 2.6370797988875774
615 0.9326334822707243 0.1401517571952975 0.0015531660286063342 2.637761167853611
620 0.9318353321871888 0.14299984209752203 0.002637488325534676 2.6380929702502622
625 0.9300993464819386 0.14581888356925976 0.005795423161567337 2.6375724459825642
630 0.9329233926151441 0.13967029312595525 0.0020445264523929474 2.6377041061952258
635 0.9307502664948737 0.14399483552299008 0.002225082357413699 2.637715723303282
640 0.9290079364006056 0.14792173166788913 0.0012633094242222587 2.637350703279048
645 0.9308068105844198 0.1439903665955371 0.0013536339361059913 2.637632388739872
650 0.9315319920633915 0.14248781189559123 0.0024610469661208167 2.6377419496989956
655 0.9316771156169582 0.14264482736350947 9.789821057148984e-06 2.6378926068219317
660 0.9288550774651012 0.148176293756491 0.0025756949349344804 2.637631064726556
665 0.9302853589770501 0.14504299114642416 0.0024037831949386135 2.6375121436169473
670 0.9309688218996673 0.14454918538191874 0.0070446668075025975 2.6379687122492843
675 0.9290812149777734 0.1485256787484115 0.001781493588570049 2.6378119447959607
680 0.9279055983319096 0.15040295901143264 0.0017221676340575254 2.637778480315855
685 0.9294296247238012 0.14730593643279866 0.004704592044559641 2.6377840362042337
690 0.9309530479644887 0.14389869972130764 0.0012303242525777414 2.6375979717543228
695 0.9351748539876499 0.13549895890562746 0.004960120790603151 2.6374208522251372
700 0.9284014947110639 0.14907701351922453 0.003104011724140543 2.6377909182833856
705 0.9296500033653083 0.14639020286132398 0.0006336673637370449 2.638105976902213
710 0.9310845393332725 0.14491287800936803 0.0007128682942598719 2.6379086348782113
715 0.9271602711775271 0.15191228834596515 0.000777014168994894 2.6374809583444314
720 0.9302893510559578 0.14507101823862145 0.0010611015575276994 2.63774032202617
725 0.927901217622968 0.15004526138259555 0.00020933073163242888 2.6374512943995727
730 0.9286919325553942 0.1485347825579968 0.0003484065925696278 2.638087843769638
735 0.9309447832257218 0.14381212465102466 0.0035260594935493383 2.6378775237146415
740 0.9288648555330794 0.14899836780887776 0.0025537100703050264 2.637429820435319
745 0.9311866966677834 0.14321233443112025 0.005704353598869671 2.637580791575413
750 0.9325963018668182 0.14043891147585486 0.0007928764981299796 2.637580901982146
755 0.9301182287626086 0.14544928363564624 0.00039771502076013654 2.6373505935497668
760 0.930146233103605 0.14552737685822414 0.0012190403683070006 2.6379082434696164
765 0.9334068386242352 0.1398418226755549 0.0021934700108900973 2.637153521576029
770 0.9320546085961431 0.14173421079838544 0.006705344436806593 2.6376171077655837
775 0.9295881089686852 0.1467004089609878 0.001780319001156716 2.637711139891518
780 0.9290559689683839 0.14827653862777135 0.006107656217508195 2.6376654970807647
785 0.930846503346997 0.14500104684642023 0.0034117787370642194 2.6377340216536544
790 0.929724106701573 0.1468758645986563 0.0010015859158443163 2.6373306464242527
795 0.9282606349376807 0.14966262871074765 0.0010425705680936481 2.6377062075091335
800 0.9300837812595145 0.14597546667828976 0.0018093855725302976 2.637645142843454
805 0.9272930279280752 0.15292622762600505 0.002183972960677627 2.6375927205596965
810 0.9289973009063754 0.14822234732091566 0.0046942686024589175 2.637418805593356
815 0.9256056134003561 0.15543874842348115 0.004818204886439137 2.6373681076738595
820 0.9288692185710716 0.14946928583411356 0.0030293459533947686 2.637579759837235
825 0.9316643831211455 0.1429769851181102 0.0019398334131639494 2.6379648281709054
830 0.9259318624593046 0.15431475904796255 0.0005251841108038224 2.637681182960654
835 0.9327192745925097 0.14059659130562085 0.0016580331035935814 2.637847406550047
840 0.9294325871226916 0.1478528529039278 0.003185581446285779 2.6376229053910603
845 0.9307943775132768 0.1447605618744734 0.0004812558401965372 2.6377002041410225
850 0.9306720899202923 0.14462383511772403 0.001307240539271337 2.637581493606725
855 0.9267703899594362 0.15274745188207017 0.0012679944569866652 2.637184210557036
860 0.9249171970435115 0.1571219990684365 0.0006971099850656692 2.637418444454738
865 0.9278711867767543 0.1501837825007324 0.0009688511941083888 2.6376435052895824
870 0.9304014492284268 0.147382095028191 0.002160483105113409 2.6376213121939043
875 0.9275924047501565 0.15086435107959906 0.0014096799081102507 2.6372650366260086
880 0.9305542281650432 0.1449306933901786 0.002630436438684436 2.637727145878729
885 0.9288515014640332 0.14911426828366148 2.8881333238972573e-05 2.637806657046824
890 0.9287258660034606 0.14876484993476957 0.0003698628670865123 2.6377387772431735
895 0.930845600894511 0.14439664045295064 0.004845730791610325 2.637231206977039
900 0.9294476393615578 0.14712806850094795 0.0005644930343760013 2.637471902849644
905 0.9292703465296169 0.147894939430103 0.00029945764662286933 2.6375104598398114
910 0.9275163514572188 0.15134331685300717 0.0027577259600104487 2.6376936595715934
915 0.9270752083871477 0.15194730409713308 0.00019462231609446157 2.63777160530157
920 0.9288201551712022 0.14833782091948722 0.0023473586211462116 2.6374704009429
925 0.9249265554797923 0.1568947868485595 0.0034097615618260413 2.637433690400236
930 0.9287748620195303 0.14850172057899025 0.0009463467379660084 2.6377344063665644
935 0.9254636312690784 0.15555838952555945 0.0006164745138608207 2.637617823661283
940 0.9259504092911426 0.15482479977632346 0.0001568786264654065 2.6375972409542965
945 0.9285298388815771 0.15145491992008653 0.00871018031568993 2.6372406294149022
950 0.9291064871515452 0.1488263423742362 0.00024551907938907824 2.637470557056892
955 0.9308640487819777 0.1446119607156775 0.0012234072991879064 2.6377641008693042
960 0.9264658387118668 0.1536776123163377 0.002358014165890321 2.6376579716470014
965 0.9261950198668525 0.1541876342016253 0.0037026707007941084 2.6372781233162907
970 0.927607432753274 0.15099755966101647 0.0005631750983841055 2.637549097106562
975 0.9291064502974116 0.14805502235577928 0.0013068918830840826 2.6374689409564294
980 0.9292621159563593 0.14851638546233215 0.003324487276395338 2.6377256753211817
985 0.9260035943958709 0.1552251565698346 0.0065178244769852345 2.6371294283864684
990 0.9268334025167789 0.15306399831918194 0.002326792407201017 2.6375966591604225
995 0.9255193747411159 0.15576412365472025 0.0018136643627368887 2.6373380949954095
1000 0.9290157608756364 0.14849020672971225 0.00019266577211252134 2.637665801982704
