0 0.5118185301759763 1.4593611876809596 0.31416110730756996 0
5 0.9644553787904182 0.0823418639428124 0.02680746046168303 2.735709424720326
10 0.9931314728970344 0.017264418534082004 0.006337954451977934 2.6599707815155837
15 0.9965564687396189 0.011297571480957558 0.009601901792364309 2.650306676932378
20 0.9973852165905802 0.007549223074240441 0.005805174493463072 2.64923045192747
25 0.9936925296533148 0.020349414093740137 0.01820776599573004 2.646943032760362
30 0.9986891438362683 0.0034352145690137448 0.001274644269771974 2.645183456328756
35 0.9967762096790195 0.008849402632026937 0.0029414423343998575 2.644833246981019
40 0.996842587001721 0.01049026523199137 0.0033584033514677536 2.644306571380111
45 0.9988365336173664 0.00319597814779371 0.0007467160279708285 2.6433074472946654
50 0.99772603143394 0.0051787907731171146 0.007157475803158286 2.6424561534325353
55 0.9637326492684646 0.074705792281756 0.004918003561387385 2.641240306037383
60 0.9683789543946275 0.0683500478739254 0.007215438738536806 2.6406306263601005
65 0.9598046725305583 0.08290998721476672 0.0032333066290657353 2.6397510692461266
70 0.9558747030754635 0.09069067559063981 0.0017588333250755372 2.6399532122891465
75 0.9454175041593214 0.11669681463066128 0.0020683150834017727 2.6406224737604482
80 0.9609584451361264 0.0809607140771691 0.004281350806107254 2.64046744480679
85 0.9543708891742968 0.0951717770106022 0.0011858322155735568 2.6401239135419057
90 0.9494986305402517 0.11218551764878892 0.0036237894529251857 2.639544520572686
95 0.9429524302746501 0.12141021117530171 0.0015865931232725838 2.639887574995929
100 0.9339268337437049 0.13949202817532624 0.00027295652664149905 2.640161371323126
105 0.9468197638174363 0.11144536866878685 0.0008614779046058896 2.6391142400591874
110 0.9450800107239363 0.11421319927096762 0.0023321861904912478 2.6388006099119075
115 0.944507638992806 0.11450986862235135 0.00012224321698761642 2.639525528611044
120 0.943145175982915 0.118359412729927 0.000190306995720535 2.6391915084606934
125 0.9465747983502311 0.11100150067636161 0.0023030153241483386 2.6396139293459693
130 0.9415550820080696 0.12107685561311987 0.0021126051553823633 2.6394874240746082
135 0.9392556401007944 0.12575359475453673 0.004086517496098896 2.639505725103394
140 0.9439088763566126 0.12061142026293359 0.006023109539590843 2.6389095685586215
145 0.9437753902539228 0.11706334433105026 0.001948958190703065 2.6385365169501735
150 0.9339647955232102 0.13989790102914812 0.0019560679017949223 2.6389340650285154
155 0.9363828922716675 0.1319342095931395 0.003104572315713483 2.6391642044617885
160 0.9430890145769611 0.12078021720645227 0.002954287968740754 2.6384366246081026
165 0.9405808959471463 0.12348246290181653 0.0013768848609900797 2.6392290299535457
170 0.935795970137403 0.13384883971020134 0.0004975663992732304 2.6387782588554827
175 0.9468691065460875 0.11290365047310358 0.0014396334798185695 2.6383681568716417
180 0.9422866500692366 0.12063732247892656 0.0068130845915377325 2.639356568283104
185 0.9361299264319882 0.13287384703609373 0.0027046068095939457 2.6386465337322007
190 0.9423629550543431 0.12140202595537763 0.004889357177434883 2.638847346691242
195 0.9398440284913541 0.1248440628704639 0.003492779320290351 2.639042223112842
200 0.9402051039491055 0.12414142283675345 0.002048458621525251 2.638597464890815
205 0.9386406348337815 0.12714716969053041 0.0034300635309660876 2.6384040860443587
210 0.9412698685182533 0.1217374392263797 0.002810130634681496 2.639241645041589
215 0.939099697517397 0.12628000981627618 0.0014493342270620602 2.6390781293983165
220 0.9357187117097375 0.13448931655035867 0.0025318663387845497 2.639070522478509
225 0.937044866698808 0.1351541937422236 0.0022220520424116597 2.6384326680652594
230 0.9417116400453351 0.1211723705316925 0.008310015492661194 2.6386749737063546
235 0.934230632677514 0.13661972267330968 0.002283743481724221 2.6385067398052877
240 0.9358981520090741 0.133096987041454 0.00343218173230464 2.6380367177799964
245 0.9335571947018173 0.13922556488993187 0.001971665888880203 2.638235594074583
250 0.9375748747791639 0.12977102779281902 0.0026459621970240654 2.6383289742506366
255 0.931181236854092 0.14329701655586735 0.0006958973537620761 2.6383859963192213
260 0.9355521421004287 0.13525645644690876 0.005218030938896945 2.6382219254690598
265 0.9381234970990151 0.12853789172085328 0.0008488177428922494 2.638692093975551
270 0.9371454717925366 0.1306454039665237 0.00025142953248002975 2.6381780837102284
275 0.9360466074761393 0.1325574700887886 0.0017863804552828988 2.638430954677148
280 0.9279696751911103 0.15103729468301363 0.000328628704413525 2.6383221639305225
285 0.935307791433645 0.13518853157520638 0.0038718532071819745 2.638211828863295
290 0.9356878054440514 0.13333735042797246 0.0028164729481854334 2.6385731520217455
295 0.9376364304402749 0.12940414307997417 2.5724626860679223e-05 2.6384894617961003
300 0.9375530414435694 0.12995010643868898 0.005071007813466144 2.6382810562489625
305 0.9326943755752757 0.13982182402323362 0.004107279926296004 2.638514919981385
310 0.9328687313140615 0.14207881865208538 0.009346516790562864 2.637894071207675
315 0.9340043631341108 0.13744826905415009 0.00014223485528574997 2.6386294338687515
320 0.9344882897808988 0.13614289930688317 0.0007871884934904649 2.6379817402472407
325 0.9339005609429469 0.13732015563899802 0.0008150388568608502 2.63844369517085
330 0.9353131577519407 0.13410523385629647 0.004738579306696522 2.638040561067174
335 0.9329227384452834 0.13966089140512272 0.004048503980694562 2.63845071554404
340 0.9344957191999469 0.13731157144440242 0.005870837147927688 2.6381758457197435
345 0.9338009829553742 0.13727059998515667 0.0020984742262608602 2.6380518776717956
350 0.9344390366636671 0.13678753896300977 0.006239474158938885 2.6383085865858686
355 0.9337999601499445 0.13750167043521522 0.0040609799448021455 2.6385835297504214
360 0.9316428009395785 0.1449675145853102 0.004496879722780234 2.638252941839631
365 0.933416094627153 0.1381395876888769 0.0013119863173849389 2.638137918689133
370 0.9369452129681108 0.13121782521447178 0.0010044192543625652 2.6385329397793735
375 0.9322302459568437 0.141699782556719 0.0002963963182056606 2.6382706115854533
380 0.9337650525940474 0.13799990314140187 0.0010640739492187024 2.638829463993356
385 0.9316323171777181 0.14270338073309352 0.0036543641944015715 2.638018161518974
390 0.9335956383569087 0.13796565685334672 0.0002254447843508256 2.6382135077431257
395 0.929298277948782 0.14840771919722862 0.004317679970159416 2.6380986022580872
400 0.9330979768475531 0.13883936960717946 0.0038904177618144242 2.638080043928856
405 0.9339713550460178 0.13704129472955362 0.0016216665400305974 2.6379641188965026
410 0.9362317528988863 0.1329203343572556 0.0018489128151208956 2.637896941695163
415 0.9346251141894333 0.1363198207369618 0.0011216761721435375 2.6382787038987727
420 0.9392193242030701 0.12673119423969315 0.001958090265077539 2.6378562120536286
425 0.9336863218691911 0.13794905910245303 0.002115839620748572 2.6379440759936506
430 0.9351428274779008 0.13508387603041294 0.0034702527442604936 2.6379476205286867
435 0.9335505191305284 0.13824684678133936 0.0036446038782800283 2.6380625592766576
440 0.9331797784263495 0.13924190398685932 0.00150960213708351 2.638055217077987
445 0.9302075869237629 0.14500320492815577 0.000759460969431025 2.638273541508957
450 0.9337239002775517 0.13879339167811278 0.0016217998310057435 2.63790234985968
455 0.9331041412854615 0.13917526244359646 0.004005755561961921 2.6381766426762283
460 0.9357498377759386 0.13369075115345597 0.0015434006759504904 2.6378746347908937
465 0.9311389184369071 0.14326584488885175 0.0013413307415726106 2.6377954878190284
470 0.9300809900402345 0.14575252842487973 0.0011060003265375151 2.6378504950484496
475 0.9314825920172798 0.1430676900231611 0.003465547212446962 2.6381157441773513
480 0.9313623496556074 0.14271882603055097 0.0006759739567774314 2.637992166850605
485 0.9341983149485684 0.1368226473040952 0.0008197218224454961 2.6381928174469387
490 0.9358162154029144 0.1336746249137839 0.0009148810839767485 2.6377117506389136
495 0.9327202123023405 0.13978865895712156 0.0009404163312891622 2.6378342225951927
500 0.9326144516777604 0.1400884057745504 0.004750260089857905 2.637961328154233
505 0.9351740638873121 0.13596702630426138 0.001024255256216522 2.6378122938616304
510 0.9317265290096807 0.14185455267557456 0.0006830414648899552 2.6380122231674985
515 0.9317364792973103 0.1422594769170873 0.00681847740398922 2.638330793806337
520 0.932179513407503 0.1416526307467656 0.0005160475864325331 2.6380450616215763
525 0.9314502703897432 0.1426096626684945 0.0003804973154080127 2.6386558037330907
530 0.9326859402033605 0.13987874650637266 0.003809989390486823 2.638137963041297
535 0.9322049337695886 0.14144301873576115 0.005190735509954525 2.6379611049594267
540 0.9350189338798842 0.13533128839181296 0.0009844184804612688 2.637690410334815
545 0.9328734482019483 0.14035716686276078 0.0004980659414828281 2.6375736881570715
550 0.9305296016135605 0.14458612251382164 0.006569078530824557 2.6375593454437545
555 0.9316736336441909 0.14202900861936296 0.00028028561558213205 2.63825710770572
560 0.9300410264951823 0.14557936572214913 0.0010285076645988322 2.6377421078504337
565 0.9340241298422975 0.1375647240000597 0.0006126513011797119 2.6378486220516995
570 0.9290969370521555 0.14755569925282552 0.004417759450314307 2.6379126786361
575 0.9333516137418224 0.1388551499660413 0.002484753734918632 2.637756543464503
580 0.9265602156408779 0.1541883060394289 0.00013592028857156713 2.638065808409707
585 0.9322246477952645 0.14099341713317015 4.1923557296152936e-05 2.638098787927275
590 0.9335878799330228 0.13872463398329815 0.0031326850416257823 2.638019016870867
595 0.934980885015671 0.1355667142810022 0.0005798771996434748 2.637895309254795
600 0.9296850173205745 0.14686764587179102 0.0006767945389449803 2.638042460624987
605 0.931830371886117 0.14195430468265036 0.0012681346990268683 2.637879206194772
610 0.9329539491541987 0.14014384272149938 0.001166088657826636 2.6378877877247264
615 0.9279968390608002 0.15059939525015142 0.004506998573925669 2.6376801310896036
620 0.9328026102785705 0.14000041091112925 0.0005613828224488859 2.6378694518582932
625 0.9322077591999391 0.14123790639056066 0.0013726952739807619 2.6379710096353652
630 0.9289646579622511 0.1480096868910108 0.00015891363306175244 2.6377599095536897
635 0.9298732467556281 0.14610808291176758 0.0027489138660170553 2.637845022119884
640 0.9338793180841816 0.13774496117841606 0.00191314663207387 2.637804008833691
645 0.9292670683218847 0.14920084114077703 0.001159763292801319 2.637320664056128
650 0.9323546802581947 0.14091976560433706 0.003161963405004853 2.637460660215313
655 0.9287606976099289 0.14821741451015047 0.0002759623949211143 2.637571522816994
660 0.9331284054414518 0.13979047886314167 0.0002130270828519798 2.6375249747547747
665 0.9287291499814141 0.14987209249226563 0.002867273192422193 2.6379222827054405
670 0.9304844565171007 0.14494976062061848 0.002581511244891699 2.637396260701271
675 0.9286080187128369 0.14884973653118072 0.0028300152908076193 2.63797648722033
680 0.9273053750862523 0.15159220036448406 0.0006752908217013687 2.6377624859584694
685 0.9281651915337383 0.15161674181708706 0.006864278982093186 2.637072522285463
690 0.9286650679256894 0.1493997543636496 0.00025569193675401003 2.6376690114610715
695 0.9341701649281606 0.1376013666996685 0.0022833921978306915 2.637464311392085
700 0.924600876067119 0.15811687433761934 0.0024331869368221515 2.6377735198840675
705 0.9324710017578371 0.14104746496668286 0.00010581186581148927 2.6377692415643383
710 0.9285000646167634 0.148850379731003 0.0009739164485500496 2.6376275986681375
715 0.9280866385457983 0.15061821322589308 0.004681213917963056 2.6377267551356187
720 0.9307913166863708 0.14459324457133382 0.001167993026588432 2.6379172614276736
725 0.9307427109786599 0.1444054977303062 0.0012075893853165098 2.637455181925548
730 0.9307110461340448 0.14479186819672485 0.0030658394050455673 2.6375244633765993
735 0.9320658380236538 0.1419246948847399 0.0016589395715520538 2.637486058086121
740 0.9294166070740622 0.14734444192668583 0.007830009398371862 2.637659084119778
745 0.9262545553441441 0.15451578584489845 0.0029027933959087093 2.6376585997075717
750 0.9341176096082197 0.13820340940545295 0.000613670127922683 2.637625718181761
755 0.9272341431936916 0.1523531888035241 0.0019344312753657444 2.6375802163489084
760 0.9281662664287488 0.15247779301319353 0.002264714137974355 2.6375513519493694
765 0.9320673176742156 0.1417273026203758 0.00016393357167654443 2.6375976342072476
770 0.9289873369677708 0.1481251277020732 0.0005891592436748638 2.637891751668113
775 0.9246268078623061 0.15717610909478008 0.002637483322258438 2.637837899534757
780 0.9282567855318424 0.14958173322799606 0.0023082473500746215 2.637688161660731
785 0.9332725188836939 0.13963092575633151 0.0005692455173036404 2.6373784490036503
790 0.9311389429277024 0.14425407746722563 0.0026672629746071763 2.63766622574795
795 0.9304848964029312 0.14494365773640627 0.0014082566609183722 2.6377712992976172
800 0.9292289256074434 0.14883380254282175 0.0014125836427012484 2.6378571607022665
805 0.9314395748866703 0.14354677921268788 0.00810406195231983 2.6377186041735037
810 0.9313775561859332 0.14415562391411596 0.0005974457256316956 2.637600219876773
815 0.9273213760591752 0.1516135751586103 0.0016256780279657601 2.637559338149486
820 0.9306954973523289 0.1447643480155918 0.001983982882928892 2.637399770260381
825 0.9290124263518111 0.14814545899084042 0.001348183198766062 2.6374557505392175
830 0.9332005501207374 0.13990765721221976 0.002743605389904147 2.6377245489024483
835 0.9306461009581665 0.14480049863748734 0.0022502468408698295 2.637581114289751
840 0.9267137984256284 0.15308724999434498 0.00010590654140174571 2.6379205849715346
845 0.9255899925951341 0.15552565119285067 0.003580018197674173 2.6372642682508536
850 0.9273551993519029 0.1514712651861383 0.0019462680815769406 2.6378205383037656
855 0.9301629309892089 0.1461832361833988 0.0024117850259786078 2.6375294566834464
860 0.9279629166147274 0.15158001196131243 0.0003128090526292038 2.6371814280755075
865 0.9286795984463951 0.14888529426246633 0.001881365658520373 2.637637851493847
870 0.9243839351612992 0.15816728652199563 0.0027265991997820205 2.6376816348919863
875 0.925641649083977 0.15539441999741177 0.0006778986216571248 2.6378632809997113
880 0.927365608408272 0.1530736963460244 0.0035440650536517904 2.6374782318918544
885 0.9277636130757799 0.1511509660997885 0.0030976563083791042 2.637851632791582
890 0.9287330909953568 0.14926213340909955 0.0062589033721283105 2.637472478034362
895 0.9266795062989888 0.1535252944240293 0.0001812183076093099 2.6378379089815462
900 0.9306181964852648 0.1450873776741588 0.0012139132502209105 2.6375364292361976
905 0.9278387775255055 0.15193335132229668 0.0005610172179437711 2.637303985050674
910 0.9276997078096071 0.15105546898201805 0.00024177371234834766 2.637690569792191
915 0.924317109656769 0.15800003845439203 0.0030668365942589926 2.6374674765342685
920 0.9262143655352386 0.15396568060442029 0.001075245126126223 2.637362303491171
925 0.9295515351781196 0.14743084696795883 0.0050037421498922985 2.6374748177540397
930 0.9284224420243019 0.14961256408326307 0.0014971792503633008 2.6373770450483547
935 0.9265352446853345 0.15426922546592037 0.0019846179538518527 2.6376234191097665
940 0.9272065761536761 0.1519895002268079 1.4978203109583532e-05 2.637959709066595
945 0.9303305786417556 0.14590569162613232 0.00030685753622194945 2.637667735424102
950 0.9278723693257326 0.15059460073839492 0.002429732314625843 2.6377249928133013
955 0.926772048182114 0.1528799557999112 0.00012101384204288301 2.6375943238706254
960 0.924128065908534 0.15944152498885122 0.004929509311956126 2.6373987268934105
965 0.9276083215665394 0.1515044999313817 0.0036213736167090005 2.6376455693914944
970 0.9299746210490596 0.146485762390967 0.0013735294227661399 2.637616013851096
975 0.9277057331064658 0.15103629345536262 0.00013671840708084915 2.6376503109104186
980 0.9260236805483497 0.1545269050868563 0.0038376877732269055 2.6376148106210677
985 0.9290514019378697 0.14833587240615387 0.0011695525509891613 2.637708020132971
990 0.9272959559113156 0.15197400609218947 0.002863639036338128 2.637646939722572
995 0.9274715411850313 0.1520954068631779 0.0037667167205102103 2.6372890751536806
1000 0.9256143614969623 0.15550104371427453 0.0010597222802657402 2.637292656201837
