0 0 0 0.33370755042612343 0
5 0 0 0.009946778399080314 8.178572519445847
10 0 0 0.00851678796941635 8.125916675611327
15 0 0 0.002285845672272524 8.095507786071838
20 0 0 0.006280627890409729 8.086630140885418
25 0 0 0.009883880379083498 8.087846519563632
30 0 0 0.005923709086093076 8.077539271530114
35 0 0 0.003522598537334831 8.069469739842571
40 0 0 0.006370682146650708 8.070943218037193
45 0 0 0.006890037121004333 8.070242260171382
50 0 0 0.005433927741170574 8.066226255805331
55 0 0 0.005984882304098216 8.06609562998847
60 0 0 0.0013003872452637122 8.061907485330769
65 0 0 0.0035355485229324746 8.056713544905719
70 0 0 0.0032199347383243815 8.058811124492467
75 0 0 0.0009118454517165198 8.055298520285122
80 0 0 0.002340455562218846 8.055932379332198
85 0 0 0.00876231431041341 8.054717322512591
90 0 0 0.00046935603518316604 8.05534345082051
95 0 0 0.003070958975407434 8.053036465283927
100 0 0 0.0026228226026181467 8.054137709860896
105 0 0 0.007674022268795433 8.053095420097714
110 0 0 0.0018603227715028314 8.052288647866723
115 0 0 0.0020309894054231226 8.052839371728474
120 0 0 0.0021592261097438392 8.049330668807825
125 0 0 0.0027151658351707297 8.050551383608669
130 0 0 0.00649428776990435 8.050119267771018
135 0 0 0.00419297565464416 8.051231414179
140 0 0 0.000608405836895809 8.050797511842955
145 0 0 0.0016627575258856275 8.049247303779612
150 0 0 0.007002925143099414 8.04687553458527
155 0 0 0.00017228411384451192 8.049349129389356
160 0 0 0.003757848235558914 8.046546578660438
165 0 0 0.003487825260710453 8.046345991840562
170 0 0 0.002804262050500217 8.044634713421427
175 0 0 0.005268001430266844 8.046502792281336
180 0 0 0.006066313797335132 8.045347182003818
185 0 0 0.007473346617443921 8.044869527132116
190 0 0 0.0017285886236291237 8.044176420182183
195 0 0 0.0026395384908042274 8.04341389598559
200 0 0 0.005031948203385372 8.042705746468082
205 0 0 0.004636068084041156 8.042029988265286
210 0 0 0.000611449811666942 8.041645029191349
215 0 0 0.0013704207637681431 8.041291203667841
220 0 0 0.0021226608697140215 8.04122074033587
225 0 0 0.0004476965213795481 8.040298572301301
230 0 0 0.0004637380113785561 8.041692860304774
235 0 0 7.645571830972031e-06 8.040714508863353
240 0 0 0.00030905390261648513 8.038455953733878
245 0 0 0.009703784568414253 8.037339496574976
250 0 0 0.0015701692447389615 8.037170112225095
255 0 0 0.0007050959496874842 8.035190571946268
260 0 0 0.0013378277258992988 8.033111105027231
265 0 0 0.002680181940884818 8.027484699917322
270 0 0 0.004719520273675171 8.015827515833283
275 0 0 0.002429261910618319 7.9981590821346416
280 0 0 0.003151373567794158 7.979633073766752
285 0 0 0.007174765762488544 7.969938222997743
290 0 0 0.0020179878770933968 7.961228992480541
295 0 0 0.004604293007704818 7.959948338214877
300 0 0 0.005255534880606927 7.9542438572389935
305 0 0 0.0033953224109097846 7.945415826970881
310 0 0 0.006546496590839945 7.945074423695084
315 0 0 0.0017645901211984505 7.940668233235425
320 0 0 0.008993830746685916 7.932470611778027
325 0 0 0.000453621088961631 7.930709909347355
330 0 0 0.005338048191289246 7.9303816835194825
335 0 0 0.004737608911665969 7.916812225272073
340 0 0 0.009592688617800826 7.912865013707996
345 0 0 0.0066922084380103275 7.908562354146909
350 0 0 0.001243647361010236 7.90682277457334
355 0 0 0.003633623777456574 7.899858198641375
360 0 0 0.009660438562782758 7.896711928408499
365 0 0 0.008539418830701528 7.8911477709091695
370 0 0 0.01493896395932448 7.887542219418209
375 0 0 0.0034439100218641716 7.883347619931198
380 0 0 0.008068963898075765 7.882953662666415
385 0 0 0.005022956649295196 7.884611202390223
390 0 0 0.011131314871128062 7.881761516141712
395 0 0 0.014594013421385554 7.877227223177426
400 0 0 0.00421544464075696 7.880439087544273
405 0 0 0.011046953631427048 7.877651879354307
410 0 0 0.011565656605531327 7.87129132070746
415 0 0 0.012191867622570962 7.873563767419344
420 0 0 0.009878676161340083 7.868381669495245
425 0 0 0.004159772432066555 7.866060145656969
430 0 0 0.003869861801240271 7.86962198886954
435 0 0 0.012278383589247488 7.867077737167189
440 0 0 0.016806638456731582 7.865143136088377
445 0 0 0.014428935884595928 7.866091645593852
450 0 0 0.011481910068585455 7.864073156720899
455 0 0 0.013923660391937709 7.864298441151246
460 0 0 0.01290303866504905 7.8637472228742675
465 0 0 0.011524963819506517 7.86138775929768
470 0 0 0.014276472432929399 7.8619583034344025
475 0 0 0.012915441472704625 7.861418594905046
480 0 0 0.012298963493975412 7.861531534264816
485 0 0 0.01026873262348893 7.859807020655248
490 0 0 0.012381179475341009 7.858416076052358
495 0 0 0.014774742580474287 7.860241142836251
500 0 0 0.020021276644523134 8.229310804363214
505 0 0 0.012642653145364946 7.908651412590442
510 0 0 0.014647303605234585 7.892649408681583
515 0 0 0.012264760128677832 7.882178006871166
520 0 0 0.008482953541199212 7.888103652903932
525 0 0 0.015964567034796096 7.879358658783446
530 0 0 0.013389712145097876 7.879475041404115
535 0 0 0.01210857733164783 7.869438640562346
540 0 0 0.01576436887192112 7.870720847957987
545 0 0 0.016109032312837446 7.872797923329744
550 0 0 0.01326977021733633 7.866882976293341
555 0 0 0.012891897504057281 7.871034145390661
560 0 0 0.013799244089842011 7.872441995051868
565 0 0 0.013042293374008418 7.871088099676846
570 0 0 0.01705446300036728 7.8651913318478375
575 0 0 0.011390051756001496 7.869527006066708
580 0 0 0.013191243844962619 7.868750982657856
585 0 0 0.011996936803146063 7.863824516129835
590 0 0 0.013506387008281218 7.868940280157788
595 0 0 0.01018814174044591 7.864407126767864
600 0 0 0.012673290953693073 7.862882013742048
605 0 0 0.011368661186969664 7.865401917864658
610 0 0 0.007748584390069313 7.862098836840622
615 0 0 0.011760172043775219 7.862793117724996
620 0 0 0.01509133255093742 7.863432931547677
625 0 0 0.014666619811616766 7.864653930198378
630 0 0 0.016445609495349567 7.864528025677179
635 0 0 0.012786864424144229 7.864723692390706
640 0 0 0.010913104097560966 7.862890180484083
645 0 0 0.017400317599693738 7.860474157049339
650 0 0 0.012786688129764912 7.8650679778297
655 0 0 0.012324124314655238 7.861171541785441
660 0 0 0.01643387286996001 7.861479520552928
665 0 0 0.01662941818544672 7.859582278201416
670 0 0 0.010998673045611973 7.860470118555831
675 0 0 0.012532439136402784 7.86147268253697
680 0 0 0.012370827593117806 7.859683240918973
685 0 0 0.012375288607725299 7.860978000180727
690 0 0 0.011300583069429049 7.861117835643955
695 0 0 0.01143121411121184 7.857124657784138
700 0 0 0.013311945291424099 7.85866721596329
705 0 0 0.012393788663138228 7.858423563797821
710 0 0 0.015000421809752806 7.861239249171201
715 0 0 0.012868111953097117 7.857187536686163
720 0 0 0.013089205401374704 7.859605898582803
725 0 0 0.014315135460354123 7.8587742132366625
730 0 0 0.015561475577562822 7.859393312898256
735 0 0 0.011931741531730378 7.858432311891899
740 0 0 0.01567783224293806 7.8580687857538045
745 0 0 0.01639609699580058 7.8580180438847425
750 0 0 0.012894599316054967 7.855950211059634
755 0 0 0.015239446678933621 7.858948307676129
760 0 0 0.012895891012974614 7.857724010933973
765 0 0 0.011201280203449793 7.855378849336234
770 0 0 0.016114944545572163 7.857825060956859
775 0 0 0.01039033524128663 7.857355733722909
780 0 0 0.013952633135240866 7.857136056982862
785 0 0 0.01453821059805449 7.8567175454026925
790 0 0 0.01628227452920994 7.857574273479884
795 0 0 0.0069746109984447635 7.857143110354607
800 0 0 0.01366192608890393 7.856068520748186
805 0 0 0.011081283126674446 7.854799134374051
810 0 0 0.013909077689072014 7.8565729805475915
815 0 0 0.011890135369094557 7.855439793218117
820 0 0 0.011591402768431625 7.857098558499919
825 0 0 0.014727380846167204 7.855712233517653
830 0 0 0.015436510348766586 7.856278665443039
835 0 0 0.011140175258053775 7.855270508191618
840 0 0 0.013519825528415907 7.856245475060446
845 0 0 0.014743841776997835 7.855572814670149
850 0 0 0.013104929015743227 7.856760424718529
855 0 0 0.016520583440622794 7.8564226738523955
860 0 0 0.013642311152949782 7.857200811630683
865 0 0 0.01630864039240909 7.855370034990318
870 0 0 0.013192325589560738 7.852427194116497
875 0 0 0.013781693994691313 7.855300722238739
880 0 0 0.012386583240840077 7.854060269022593
885 0 0 0.015165394074402982 7.854271634419806
890 0 0 0.011010631695012263 7.855451286950807
895 0 0 0.014940677832079752 7.8554485047941505
900 0 0 0.01228260696515271 7.855183314118516
905 0 0 0.012269291925478543 7.855644661234837
910 0 0 0.010205130633748949 7.854790155989356
915 0 0 0.011441466673826506 7.852799312696941
920 0 0 0.009257511563088183 7.853296528398325
925 0 0 0.011416536916647235 7.855111642570132
930 0 0 0.012751602221928504 7.853895354950712
935 0 0 0.01627983899955976 7.853796468533685
940 0 0 0.011062566954844533 7.856047414500344
945 0 0 0.015244212118615597 7.853284653592325
950 0 0 0.01576608559699344 7.85418008828635
955 0 0 0.013077289519855873 7.85316665772296
960 0 0 0.013408558328452669 7.854862922485084
965 0 0 0.01813683847162606 7.853588135010459
970 0 0 0.01185488938911572 7.854390454851751
975 0 0 0.013199310772616268 7.85279894421345
980 0 0 0.006598680885387953 7.853290828152528
985 0 0 0.011157531696029288 7.853693316940414
990 0 0 0.011440703192816537 7.852796099786889
995 0 0 0.012084326820510194 7.853225194527784
1000 0 0 0.01376908681333533 7.852862899923296
