0 0 0 0.34541706350095713 0
5 0 0 0.0029731909103241083 10.224168077670685
10 0 0 0.010751102749603003 10.110304137518094
15 0 0 0.01069138707269035 10.077923507788338
20 0 0 0.003836346618315556 10.06076027943554
25 0 0 0.002830026722355772 10.042603550146248
30 0 0 0.0099832189807747 10.037843615001657
35 0 0 0.013350227387162406 10.031719707703601
40 0 0 0.007796852588969561 10.029979034458716
45 0 0 0.00706833192507883 10.026205994401984
50 0 0 0.010656987529059858 10.031740897362143
55 0 0 0.009539284502144696 10.028134312237304
60 0 0 0.01633285890857783 10.022434459280216
65 0 0 0.007346676252285578 10.022608652641615
70 0 0 0.006366478215105609 10.022203888647082
75 0 0 0.013197412019274157 10.018983761120277
80 0 0 0.00822902386048674 10.014300811405782
85 0 0 0.01198587156432529 10.01552614070536
90 0 0 0.013387396733241852 10.014420683586655
95 0 0 0.008968134858684307 10.015483717787204
100 0 0 0.012553009765444711 10.013983233933743
105 0 0 0.009063423345527344 10.01125169054152
110 0 0 0.015895248695907416 10.012675763019388
115 0 0 0.00825669131122142 10.014274752650167
120 0 0 0.013050861708621131 10.009964071863033
125 0 0 0.008033336800380209 10.009413565208988
130 0 0 0.009750625805240887 10.008250309530194
135 0 0 0.008090711922772664 10.010300394102579
140 0 0 0.013137604345170528 10.008655715907164
145 0 0 0.010823661295197295 10.003352006488749
150 0 0 0.011224466109039266 10.005419640304071
155 0 0 0.011952422227250015 10.006635440365587
160 0 0 0.013695994018527724 10.00682662117417
165 0 0 0.010717701455478679 10.003594028113994
170 0 0 0.011978688932574366 10.003242760496232
175 0 0 0.0115906475076617 10.00503661993986
180 0 0 0.01128981334024437 10.006090354320424
185 0 0 0.011443735604883543 10.002782673852389
190 0 0 0.010855679645183303 10.001112576732272
195 0 0 0.008469880363455529 10.001627714704203
200 0 0 0.011336843002506258 10.001929173525925
205 0 0 0.011934914957757892 10.000129966190215
210 0 0 0.008116831545630587 10.002626277364289
215 0 0 0.01077791306989595 10.003063444514792
220 0 0 0.013002741115157423 10.00117830786563
225 0 0 0.011489536197513806 10.001823770713775
230 0 0 0.015886658835503997 9.999175152238887
235 0 0 0.013075636247183109 10.000220111002115
240 0 0 0.016720569659598228 9.998543770878081
245 0 0 0.008596800643848823 10.00244954268127
250 0 0 0.004994609221792512 10.192877876974517
255 0 0 0.0012760011326049536 10.193461163588026
260 0 0 0.005530694621373566 10.194526698796999
265 0 0 0.006149952666178127 10.189609289947358
270 0 0 0.0016627229109977826 10.191149080797448
275 0 0 0.002617114586432212 10.189479422534712
280 0 0 0.0012937356248532428 10.187173422392762
285 0 0 0.005443609346002187 10.190051627677947
290 0 0 0.002680774672319197 10.18854873883579
295 0 0 0.005220519218983366 10.188323934303572
300 0 0 0.0047901596736790175 10.186478280792675
305 0 0 0.00424236234685238 10.189221419214848
310 0 0 0.002227301423188166 10.186491259012845
315 0 0 0.0014049583457291792 10.184880363829347
320 0 0 0.008365593789027459 10.18498624363352
325 0 0 3.5327088624859115e-05 10.185118506806175
330 0 0 0.004888367423355522 10.183706043121745
335 0 0 0.0071312182434768445 10.184619938508375
340 0 0 0.0024334930913181285 10.183805076989056
345 0 0 0.0038316514921314937 10.180915794944267
350 0 0 0.0023866632558782186 10.182084620862865
355 0 0 0.0029805413703556383 10.181204176522476
360 0 0 0.006403895163720197 10.180382136329252
365 0 0 0.00016357840555647485 10.176438619180256
370 0 0 0.002680518444360125 10.17390088538076
375 0 0 0.002763602568457868 10.171837789643357
380 0 0 0.0006433468152207134 10.169699141495023
385 0 0 0.0012481480269683765 10.170641274493263
390 0 0 0.008421858105840174 10.1661986187404
395 0 0 0.00510418416122338 10.161246834694136
400 0 0 0.002766529559255604 10.159376217252309
405 0 0 0.0016637024449626114 10.154527283221814
410 0 0 0.003149975502157343 10.148391805750673
415 0 0 0.004492108978433107 10.137653954801658
420 0 0 0.00217825560513063 10.123066384211688
425 0 0 0.005170785130021338 10.117990435719125
430 0 0 0.005380528409095309 10.111866302656678
435 0 0 0.010802225249376907 10.103381082116172
440 0 0 0.001060903164889604 10.095343332064685
445 0 0 0.0060947826694688345 10.089484258423527
450 0 0 0.013765645328388532 10.084237017701234
455 0 0 0.004631396508623764 10.084912525912985
460 0 0 0.009945666102417983 10.077031671342665
465 0 0 0.0025438576012617453 10.077314634161207
470 0 0 0.01243607608485009 10.068285647279563
475 0 0 0.007533697237489312 10.066898916411647
480 0 0 0.010338581969264515 10.06211660802223
485 0 0 0.006361384702650907 10.05821018388587
490 0 0 0.011083266559736904 10.050819871752433
495 0 0 0.003807181592854647 10.048967685731755
500 0 0 0.007076914082819963 10.046433729249925
505 0 0 0.004723579877773165 10.043234535576513
510 0 0 0.008444142673771804 10.035502748377041
515 0 0 0.009192675707000664 10.030428753820756
520 0 0 0.010468110812777764 10.027212650203182
525 0 0 0.011156915348156549 10.02710247275575
530 0 0 0.00551271363726924 10.021917503567538
535 0 0 0.008599949482334335 10.017635695048794
540 0 0 0.005284586123235346 10.021487330932983
545 0 0 0.012112341390472903 10.016313462139777
550 0 0 0.008491204087040627 10.009403406304864
555 0 0 0.009608667791721981 10.016089985248449
560 0 0 0.00705080431555638 10.007308309698665
565 0 0 0.008695974233932535 10.004262904896123
570 0 0 0.011934993922245951 10.011239730743597
575 0 0 0.009344628083350681 10.003934538527863
580 0 0 0.012496997140005517 9.999347398773073
585 0 0 0.008354769352946434 9.996081115781044
590 0 0 0.014577921962034335 10.003580121222154
595 0 0 0.009631253006959328 9.999426382924542
600 0 0 0.014162292828398648 9.99445901075552
605 0 0 0.01145898854223626 9.995047451715298
610 0 0 0.013679504200956538 9.994219582688535
615 0 0 0.013057624825937975 9.993601625212985
620 0 0 0.012277938484820172 9.993128887933246
625 0 0 0.012572160143062616 9.996245736188913
630 0 0 0.013513226480796003 9.990108665727513
635 0 0 0.0082230861557131 9.997824152500748
640 0 0 0.013629263216145437 9.987078041106109
645 0 0 0.013846517925331758 9.98832331416724
650 0 0 0.014816990495208904 9.987846079898382
655 0 0 0.011834284454639077 9.984991646350018
660 0 0 0.012851092139435583 9.983605257422294
665 0 0 0.015252459156807063 9.984353191850515
670 0 0 0.015118599906895902 9.98471936944762
675 0 0 0.013245273823740966 9.98211816372493
680 0 0 0.012762477098109404 9.983231037591466
685 0 0 0.007580995481042185 9.981313815653902
690 0 0 0.01015939765338425 9.98217352349417
695 0 0 0.01133667469078814 9.981230926216444
700 0 0 0.011954942748140684 9.979496104238098
705 0 0 0.013878090703389079 9.982804542281578
710 0 0 0.009233398216860422 9.982363807146637
715 0 0 0.013750235802567845 9.978634455715525
720 0 0 0.013459815687422827 9.979562979041473
725 0 0 0.012139981939854216 9.979466804278408
730 0 0 0.01450753868701904 9.979450218609777
735 0 0 0.012727662384253158 9.97866777464798
740 0 0 0.012307729943133783 9.979325687054972
745 0 0 0.013937972073950977 9.977259016393512
750 0 0 0.010886854173890459 9.978067700354611
755 0 0 0.012084099016342886 9.978205546941519
760 0 0 0.014124004294981507 9.976421914401577
765 0 0 0.016159461671061637 9.976445057571311
770 0 0 0.011241466761842345 9.976223450655544
775 0 0 0.014007841116015163 9.978566241639784
780 0 0 0.012531350740093927 9.97892813327427
785 0 0 0.013857509966441306 9.97643139339056
790 0 0 0.010075429636322797 9.976222260421059
795 0 0 0.015365077682023331 9.975732046972432
800 0 0 0.009420683116674766 9.976042390922755
805 0 0 0.015604124339486436 9.974912828686787
810 0 0 0.013557970214679083 9.974196652874397
815 0 0 0.01268034070631563 9.977312067015918
820 0 0 0.013224819260742482 9.976448253945325
825 0 0 0.012299584787372142 9.976453604200513
830 0 0 0.013903094644026837 9.9763117869911
835 0 0 0.01426293857444172 9.975824311246956
840 0 0 0.014748183028994388 9.974855030769127
845 0 0 0.01556027576480945 9.976061728077825
850 0 0 0.01430289610521518 9.974607962154789
855 0 0 0.01098908816689681 9.97682261265973
860 0 0 0.011671189375989988 9.975459880908817
865 0 0 0.012597362494440878 9.974802317066473
870 0 0 0.01611789315912926 9.974910374607743
875 0 0 0.014324261046188669 9.974013295271913
880 0 0 0.013375394582956668 9.974159373183356
885 0 0 0.013566311920087948 9.974251792035577
890 0 0 0.012295380628620345 9.975027373623295
895 0 0 0.012927117001413801 9.974233898153125
900 0 0 0.01362536387036517 9.973673329749909
905 0 0 0.013584840448064739 9.974523989710175
910 0 0 0.015747255440944352 9.973963133752378
915 0 0 0.013106847742128336 9.974042835470623
920 0 0 0.014135370554418047 9.972071013455025
925 0 0 0.015510183406695521 9.972885731919517
930 0 0 0.013947356007326439 9.972095062069632
935 0 0 0.015088877825369718 9.9735361182668
940 0 0 0.012970638221676323 9.972013863012387
945 0 0 0.014184301705633118 9.973929979375256
950 0 0 0.013749268768217915 9.973793396273225
955 0 0 0.013414447837732713 9.972286439236406
960 0 0 0.015307715378734654 9.974490888602741
965 0 0 0.016001869610132946 9.97215282920844
970 0 0 0.013207571219585379 9.973239917403754
975 0 0 0.014227242105961269 9.972545205581142
980 0 0 0.014253766093294873 9.972597234587658
985 0 0 0.013804093978829979 9.97256072285784
990 0 0 0.01400604070123146 9.972323006308416
995 0 0 0.012707063713067512 9.972425332736275
1000 0 0 0.014373245920107802 9.972622331325272
