0 0 0 0.3847095639254846 0
5 0 0 0.008464460673213603 10.221092223781877
10 0 0 0.008985313858855148 10.119525598749194
15 0 0 2.5790147604620728e-05 10.091096835223594
20 0 0 0.013122854019947505 10.059305772015948
25 0 0 0.012080395025181323 10.049473653838499
30 0 0 0.01292492177698068 10.056929628062818
35 0 0 0.006571810668023925 10.038564247312605
40 0 0 0.008486571499738638 10.039307623482957
45 0 0 0.012765516550270695 10.032644701918963
50 0 0 0.013945956599798137 10.03450191528214
55 0 0 0.009735147868644267 10.024661137507465
60 0 0 0.012033501459212337 10.025417232788838
65 0 0 0.010152306317507076 10.023253630667623
70 0 0 0.008377205366727036 10.023194119691272
75 0 0 0.013477882749530767 10.01952426588181
80 0 0 0.0068829119029469865 10.017175497078036
85 0 0 0.008380796468114626 10.011818784929321
90 0 0 0.008234987025614426 10.016221370478245
95 0 0 0.01066024514683006 10.014171783545354
100 0 0 0.007900491715209679 10.007831750046641
105 0 0 0.011604862145516925 10.01408181406039
110 0 0 0.011622617884800901 10.01214652559387
115 0 0 0.012261510635499295 10.009927130158857
120 0 0 0.009903091490906846 10.006826338296838
125 0 0 0.014782943797444492 10.006271699356564
130 0 0 0.010721923587814874 10.011902448138507
135 0 0 0.00538644387495113 10.005198307731163
140 0 0 0.010537711187725174 10.00720255620848
145 0 0 0.006876594543654857 10.00554109174936
150 0 0 0.009370102866502084 10.005020408486185
155 0 0 0.012355469772667993 10.001838903174537
160 0 0 0.012354969618548761 10.002642113910833
165 0 0 0.013782574712672968 10.002390004569147
170 0 0 0.013892952005553072 10.00294451885538
175 0 0 0.009262533970544995 10.002788857607964
180 0 0 0.010137863532647451 10.004159702156532
185 0 0 0.014410575837196626 10.001499904594976
190 0 0 0.008177960912995497 10.00077248196429
195 0 0 0.013421084526868743 10.001911138848078
200 0 0 0.014040762881524227 10.000763891088742
205 0 0 0.011452611626644238 10.001290267641712
210 0 0 0.015450749630636862 10.002674286955708
215 0 0 0.008653814457809883 10.000063712069286
220 0 0 0.008349042341418755 10.001204795738989
225 0 0 0.013208528811160747 10.002470689259395
230 0 0 0.014386617665812507 9.999690813598182
235 0 0 0.01157377479068944 10.00006996402292
240 0 0 0.01156114446869605 10.001447406778492
245 0 0 0.007007838420726609 9.99899412738422
250 0 0 0.0008962638844605131 10.19500062121665
255 0 0 0.00011618572776539438 10.196225740339749
260 0 0 0.005443054166540007 10.194556122839687
265 0 0 0.003629511539319452 10.192746808146204
270 0 0 0.00047018843597190774 10.19221733784239
275 0 0 0.0021470899503204244 10.19301461222181
280 0 0 0.000173932901927909 10.190564602584605
285 0 0 0.0015469894354811498 10.191860379030517
290 0 0 0.00803818181395699 10.192122300589709
295 0 0 0.004891777146284859 10.191524069303334
300 0 0 0.005325625305413695 10.190570201912957
305 0 0 0.007439411478460833 10.190659912301134
310 0 0 0.006494277264468495 10.188348641878477
315 0 0 0.004666101797485833 10.19058571132035
320 0 0 0.0029862775301556788 10.18771840840055
325 0 0 0.00021981209739418972 10.187632524791532
330 0 0 0.0034847541639622115 10.190334245137338
335 0 0 0.0026979198069028154 10.187228221207803
340 0 0 0.005666569010712497 10.188152495290064
345 0 0 0.002988898827411157 10.18601510151392
350 0 0 0.0031288477567437134 10.18569079395146
355 0 0 0.005356223959268602 10.185555984346188
360 0 0 0.0049836215768455094 10.18653316417783
365 0 0 0.004297306318974403 10.182716225090207
370 0 0 0.0021543881221335326 10.185579061043637
375 0 0 0.007775535075473572 10.18275626816848
380 0 0 0.00397377795894438 10.185130560940983
385 0 0 0.00011876467156013426 10.184440803010263
390 0 0 0.004869427917903346 10.184088277200305
395 0 0 0.006664607553945601 10.185233305442974
400 0 0 0.004856252267241734 10.181841160721032
405 0 0 0.008718399702150492 10.18162556625763
410 0 0 0.001130799526268822 10.178375730840003
415 0 0 0.00534872368656969 10.179347305352495
420 0 0 0.00022516141314343763 10.178872528073478
425 0 0 0.004458307195375211 10.176282559485738
430 0 0 0.005048698626983317 10.174087566359056
435 0 0 0.012996927983908169 10.168902957376133
440 0 0 2.4223650219035164e-05 10.166506774778515
445 0 0 0.006656978180439754 10.154953906924275
450 0 0 0.003145533941996126 10.141907458852383
455 0 0 0.006471189957811596 10.135951587277898
460 0 0 0.0015084706517327628 10.125918523321987
465 0 0 0.00222539755984541 10.114181143284336
470 0 0 0.0047488724019006945 10.108726012549745
475 0 0 0.006801259842265761 10.09966120305226
480 0 0 0.005467832009514062 10.095288943201908
485 0 0 0.0069723878907694825 10.094240042795926
490 0 0 0.004313854010647322 10.086411208833065
495 0 0 0.0018211899825408828 10.082744253357534
500 0 0 0.00800264110483484 10.076409808140347
505 0 0 0.00524206631487889 10.068784877061795
510 0 0 0.010660274714317186 10.06338560893281
515 0 0 0.012221031056699472 10.05669727270417
520 0 0 0.008286253477149286 10.04953561299532
525 0 0 0.011151717670934813 10.04916518072569
530 0 0 0.012138043239160456 10.035860130714221
535 0 0 0.007981275385936737 10.033222722398271
540 0 0 0.008366063341092245 10.032268793002572
545 0 0 0.006326877139427367 10.030754996339876
550 0 0 0.00883080912311951 10.026299640332503
555 0 0 0.011447314028246725 10.02110740213107
560 0 0 0.0008081476704950852 10.016730387375809
565 0 0 0.00922489277455707 10.011311752734569
570 0 0 0.013947697083729338 10.011882273018863
575 0 0 0.010382725623578004 10.011535083022677
580 0 0 0.010460659007024864 10.008419821482544
585 0 0 0.01294409262496421 10.002237068808613
590 0 0 0.012027698295658196 10.006311744813882
595 0 0 0.011921354498173997 10.00401361738277
600 0 0 0.011106084885806222 10.000832426303871
605 0 0 0.013670722178204642 9.995578568201363
610 0 0 0.014724657145667397 9.99648907569421
615 0 0 0.012552771863186596 9.994891861139521
620 0 0 0.00978365664441605 9.994808913144446
625 0 0 0.01728575623051376 10.003787273909909
630 0 0 0.015143905982855754 9.991189280051056
635 0 0 0.012502255182654798 9.995314601087307
640 0 0 0.01299204498409745 9.993480935268531
645 0 0 0.014597987348098362 9.990843647403613
650 0 0 0.01369646007274472 9.987404529012245
655 0 0 0.010180176328437707 9.99020137255681
660 0 0 0.016128065613371767 9.985916530865826
665 0 0 0.012711037311965212 9.98912721440348
670 0 0 0.013656224715228538 9.98399941039758
675 0 0 0.011237179092460803 9.983011136451452
680 0 0 0.01111056921288478 9.983421948412602
685 0 0 0.014888844758536468 9.982773976539061
690 0 0 0.012728075258223281 9.983835028721568
695 0 0 0.014317917222995247 9.985324366081992
700 0 0 0.010364400419847764 9.981679987671862
705 0 0 0.011099205096213094 9.978941189763045
710 0 0 0.012339051797293887 9.979998391230424
715 0 0 0.01504705688193786 9.981925898035811
720 0 0 0.010461826568952448 9.980260070778218
725 0 0 0.016411021241441892 9.980518058543339
730 0 0 0.015119420247429849 9.980970567341537
735 0 0 0.015300353464395622 9.980194057684832
740 0 0 0.014315460058783147 9.978536934559237
745 0 0 0.014977457920366533 9.979763661130791
750 0 0 0.005283362320879004 9.985764016370023
755 0 0 0.012587286471624548 9.980887974842222
760 0 0 0.01295267280172352 9.978492904446963
765 0 0 0.014572098950732304 9.995841949843177
770 0 0 0.013959854021244222 9.979585988276686
775 0 0 0.01331484527030602 9.975160158934631
780 0 0 0.014840885766829626 9.97976761921335
785 0 0 0.014408236250178286 9.978086265689466
790 0 0 0.013328765596162029 9.97647745921292
795 0 0 0.014791347508301467 9.977972353199657
800 0 0 0.013833612546434892 9.97591657566857
805 0 0 0.013237560915079882 9.976051738473588
810 0 0 0.012929647709201797 9.976152496225014
815 0 0 0.015909568883985648 9.977905007991598
820 0 0 0.014426060551869346 9.976073166311668
825 0 0 0.014714331605526265 9.975904981709553
830 0 0 0.014521509030760882 9.975328847663356
835 0 0 0.01359853838287961 9.975853055015824
840 0 0 0.01149136526022021 9.977127368783163
845 0 0 0.014458480396474016 10.000348024754869
850 0 0 0.013731104922516835 9.97678009251465
855 0 0 0.015491098668055425 9.97416233855636
860 0 0 0.014257703838353564 9.973787351685873
865 0 0 0.01636869078578096 9.974313764926524
870 0 0 0.012713064298324417 9.975195379917928
875 0 0 0.015648294783922934 9.974979820933743
880 0 0 0.012506130125420345 9.974100698037361
885 0 0 0.013313389794439079 9.975073353100745
890 0 0 0.014878325530771841 9.974296341829016
895 0 0 0.010761465662555869 9.974001734190692
900 0 0 0.015195909302284871 9.97606636002556
905 0 0 0.015163730097667472 9.975764958001571
910 0 0 0.013474575024294166 9.975347538853233
915 0 0 0.013120256913713657 9.975131532218736
920 0 0 0.011994146350723378 9.974653963395257
925 0 0 0.014334922632950775 9.974330568883577
930 0 0 0.012025232276694497 9.97457692445759
935 0 0 0.013708702784205329 9.973141202102278
940 0 0 0.014837791005417156 9.973953974215004
945 0 0 0.013389853577482569 9.974801223397558
950 0 0 0.012075001024235865 9.9725711884915
955 0 0 0.013480477031664773 9.973158389334134
960 0 0 0.014004037215064935 9.972892132836112
965 0 0 0.008936398527799039 9.972602507426263
970 0 0 0.010948064923063328 9.97222337671373
975 0 0 0.013252077279279018 9.973991350491065
980 0 0 0.013986260384140081 9.972945174437609
985 0 0 0.009578621503812279 9.974513942841371
990 0 0 0.01190940709455246 9.973141805136164
995 0 0 0.012733386303670269 9.972680028147273
1000 0 0 0.0121305957300053 9.972809063161892
