0 0 0 0.2770776860166779 0
5 0 0 0.011127330936550939 27.362943324026674
10 0 0 0.015915289617278727 27.181505908684134
15 0 0 0.015192578451589167 27.08247291149675
20 0 0 0.015057775070358659 27.01252671886613
25 0 0 0.01083134561598631 26.953555971109544
30 0 0 0.014762661557509604 26.87959718205133
35 0 0 0.016681291880222382 26.808899226928997
40 0 0 0.016977241937918164 26.7389838729027
45 0 0 0.014524679675959273 26.666115113706933
50 0 0 0.018585540226044195 26.617290825299488
55 0 0 0.01621467460947512 26.57474296931197
60 0 0 0.014716520732364957 26.548326660061786
65 0 0 0.015302499890015753 26.525822843691298
70 0 0 0.018317120612836524 26.506181495128054
75 0 0 0.014378992012912262 26.48751846896765
80 0 0 0.013616500877790205 26.469338303107243
85 0 0 0.017286546857238738 26.468987768060174
90 0 0 0.01551393211908958 26.460268012851806
95 0 0 0.015289889498297349 26.455054157859667
100 0 0 0.01885358661539671 26.186530252605632
105 0 0 0.01752059518030058 26.192172715865333
110 0 0 0.01788776409496684 26.17776382651362
115 0 0 0.018644518098327012 26.179545305762122
120 0 0 0.019333262187261724 26.187521608191087
125 0 0 0.018002746774833156 26.1790715790371
130 0 0 0.019856272608141934 26.18338908720846
135 0 0 0.0187825520477376 26.179097377032654
140 0 0 0.018565321683177816 26.181719847705235
145 0 0 0.017954773203451513 26.177906245248423
150 0 0 0.020882265947630207 26.1796267656208
155 0 0 0.019968341941840606 26.175424018992338
160 0 0 0.020655161834832736 26.176387010570966
165 0 0 0.01982551145597755 26.173131253997543
170 0 0 0.01863253071087212 26.175947509813742
175 0 0 0.020731348210468514 26.1704638228975
180 0 0 0.01991591168515794 26.183703642964957
185 0 0 0.01968708579202305 26.16831702397235
190 0 0 0.02042878100448986 26.18299966802529
195 0 0 0.01842542245185319 26.17510407460828
200 0 0 0.017608213800809125 26.170426204951244
205 0 0 0.017822676848586516 26.172445467776875
210 0 0 0.01958778295035435 26.167703852270606
215 0 0 0.0193363676061169 26.17159453209893
220 0 0 0.017867013454038627 26.168370857755306
225 0 0 0.020482236401547116 26.17277304409348
230 0 0 0.017089186294006797 26.167225936435205
235 0 0 0.01861277636121539 26.169672127649868
240 0 0 0.018173938660934752 26.16739256850711
245 0 0 0.016995873862618804 26.16889781128925
250 0 0 0.019164188470754295 26.166054222286085
255 0 0 0.01803466482117866 26.16961013388438
260 0 0 0.019648405502102673 26.167206749559043
265 0 0 0.01737781193031762 26.16553050567942
270 0 0 0.018977617370629307 26.163188846142365
275 0 0 0.019499319276041538 26.167088067302064
280 0 0 0.018426796822530678 26.165281518984514
285 0 0 0.0184144301106568 26.16327056413513
290 0 0 0.01791718623683658 26.16200229918065
295 0 0 0.018288621354769052 26.162644090674156
300 0 0 0.01853332655122486 26.15859188367699
305 0 0 0.01983908115745847 26.160838679758307
310 0 0 0.020336507752416688 26.160742680065226
315 0 0 0.02102034800967867 26.162295008989553
320 0 0 0.018323409186972395 26.16176921689779
325 0 0 0.01945763244823384 26.16337485718855
330 0 0 0.020140753886027873 26.15226677496565
335 0 0 0.018029854123241762 26.15333482750519
340 0 0 0.01965191578340142 26.158370879622744
345 0 0 0.019179703647861812 26.158609453812367
350 0 0 0.019736137014079835 26.15285894948037
355 0 0 0.019006228718552398 26.165661758972956
360 0 0 0.01921376732351998 26.15165713535825
365 0 0 0.01866974874309202 26.15926909268298
370 0 0 0.01895365855481046 26.1539129715737
375 0 0 0.02085551325846713 26.156404428262867
380 0 0 0.018298460470402622 26.155816628988585
385 0 0 0.018866058288573795 26.152917528915054
390 0 0 0.019937629196154605 26.148690228426904
395 0 0 0.019864645788739033 26.153119046981736
400 0 0 0.01915414372162405 26.148993732360726
405 0 0 0.020056509956414725 26.15165393489425
410 0 0 0.019082532867668922 26.149140742368168
415 0 0 0.018485440000070463 26.148455235500773
420 0 0 0.018628455763603613 26.146812440955458
425 0 0 0.018604976337803336 26.14729020597254
430 0 0 0.018425782452839323 26.148132294435435
435 0 0 0.02096757392061055 26.147183823035235
440 0 0 0.02042833418979062 26.150612345378406
445 0 0 0.017404831188364334 26.143785332282587
450 0 0 0.01903508818999433 26.149110660589013
455 0 0 0.0195208630089867 26.143629925114475
460 0 0 0.01866138913532489 26.143045629433363
465 0 0 0.019711016978696927 26.14281607260007
470 0 0 0.017967731771332485 26.142675602414805
475 0 0 0.019611138164170372 26.139961719662928
480 0 0 0.0208043704555827 26.143861350356786
485 0 0 0.018707066865136568 26.13750729430029
490 0 0 0.02038707786441396 26.14191092083411
495 0 0 0.020377189511637583 26.14537383219185
500 0 0 0.01952196738588441 26.137570379275072
505 0 0 0.01898557514747301 26.1376846998151
510 0 0 0.01744669308118696 26.136614647464057
515 0 0 0.01911843765575849 26.137770877924012
520 0 0 0.01773977606336019 26.137651054705003
525 0 0 0.018169763295466712 26.13305779981207
530 0 0 0.019311956168754696 26.13603334632477
535 0 0 0.01782194962844641 26.134259332586133
540 0 0 0.015992906299963305 26.13028488964458
545 0 0 0.017678792599167492 26.134398530887697
550 0 0 0.020027949380255095 26.13366076355969
555 0 0 0.019122237470084347 26.13004295283949
560 0 0 0.020249792415977907 26.12883839537226
565 0 0 0.018425748113086726 26.125338525238593
570 0 0 0.017419645564713093 26.12631799981594
575 0 0 0.01908763502306554 26.129770515021278
580 0 0 0.019958385396392497 26.129114260254966
585 0 0 0.017818534191326618 26.131493677891804
590 0 0 0.019840740258737055 26.128944226265553
595 0 0 0.018315398113484482 26.12721735971903
600 0 0 0.020651945631231072 26.128931418301704
605 0 0 0.02039256963805469 26.12369139251332
610 0 0 0.018512881424688432 26.12175922141146
615 0 0 0.019999932042884527 26.12583287515622
620 0 0 0.018979390994291467 26.121530230057207
625 0 0 0.017915294641927204 26.125672866360997
630 0 0 0.019575245659042784 26.11744157777614
635 0 0 0.020194892709525014 26.125290823942834
640 0 0 0.020017466535044548 26.12209442416049
645 0 0 0.020737058528419006 26.119689755131034
650 0 0 0.02109422648743209 26.119890278176936
655 0 0 0.020281989942795287 26.118619270759464
660 0 0 0.019079025475421618 26.116497903941053
665 0 0 0.017816038386053057 26.116112318548975
670 0 0 0.020082615351983968 26.114922320395934
675 0 0 0.02002749028988049 26.122161720652965
680 0 0 0.02046765959897079 26.115655835377748
685 0 0 0.018711508538001853 26.113167090393254
690 0 0 0.020043264931854488 26.114710413728368
695 0 0 0.0202629390174609 26.114418200897976
700 0 0 0.01933513830120881 26.108952016544826
705 0 0 0.020131910430360556 26.114965262961437
710 0 0 0.01992908268582272 26.111837487785614
715 0 0 0.019720235116257756 26.11486452387327
720 0 0 0.02011482796309849 26.111736780174947
725 0 0 0.021208172586241414 26.110791307248014
730 0 0 0.02016305422331488 26.109964648736455
735 0 0 0.019665203139926923 26.109221196711637
740 0 0 0.020947889900506445 26.111797774580708
745 0 0 0.019903879267505253 26.114957093704756
750 0 0 0.020438616141636334 26.108566350770356
755 0 0 0.020193835894799728 26.10746914776845
760 0 0 0.019619134988416498 26.11256520007867
765 0 0 0.020850857674743928 26.108805198650977
770 0 0 0.021115356796082896 26.11120397292845
775 0 0 0.02026642487561814 26.107303184866428
780 0 0 0.020223685324947782 26.107077119949363
785 0 0 0.022075319372525604 26.10938998449757
790 0 0 0.018679577230527267 26.10571004040279
795 0 0 0.020793030764563625 26.106883361434033
800 0 0 0.019527910815769323 26.10599307338643
805 0 0 0.021174464979361707 26.11007926200477
810 0 0 0.019749441987953364 26.108434984086603
815 0 0 0.01978307685053937 26.10925706501551
820 0 0 0.020419639757892405 26.107639097008576
825 0 0 0.018991440489030342 26.10435341493686
830 0 0 0.021822149806716373 26.10683232145489
835 0 0 0.019975183433451615 26.109611272435
840 0 0 0.020113269691302227 26.107550728353225
845 0 0 0.019959494851893744 26.109155180453577
850 0 0 0.020559966466092705 26.10774456699067
855 0 0 0.019556339920638655 26.105089060545815
860 0 0 0.02024366500858088 26.102205310185436
