0 0.5781145110409718 1.163459128837255 0.4182034766425433 0
5 0.7747757327586762 0.5753001513457057 0.15261674523512492 2.219093780125764
10 0.8597517487118459 0.32757049683019024 0.11561126437761304 1.9899243690645687
15 0.9560659241412952 0.09743309919871312 0.02785403765016481 1.7316863129442879
20 0.9649050374512713 0.08448861131309982 0.030142566156332373 1.7140464838941798
25 0.9671900905690809 0.08196200960613509 0.040477445672143286 1.7109340835818805
30 0.9681821160161388 0.08017109489532603 0.03238872603447662 1.70926156202972
35 0.968903482741531 0.07885162756435782 0.05140445416927175 1.7080312467297472
40 0.9694384155783793 0.0776243438873161 0.040613540594637954 1.7068536345503942
45 0.9696885818334109 0.07668332883903162 0.05150933132617208 1.7058425241520638
50 0.9671551381834698 0.07705697387296828 0.020427881976031514 1.6498199968765144
55 0.9564447684585053 0.09239782894347459 5.9193025677029e-05 1.6357803998485705
60 0.950788971687951 0.1026220284711803 0.0006015099574416816 1.6332276947292375
65 0.9485921938994117 0.10659810662171698 0.0006581575868584988 1.6326290281537346
70 0.9464366534354728 0.1115218002488203 0.00654573581158413 1.6324578727757966
75 0.9464246057092548 0.11096152585537178 0.002953097394924331 1.632475333822502
80 0.9463422676259083 0.11100776427188586 0.0008635736173387976 1.6324410419810096
85 0.9461704122998722 0.11136774493274504 0.0018885074817855951 1.6323192352883367
90 0.9460691299146857 0.11154533277550316 0.00026414723893930514 1.6323260089631848
95 0.9457885837393317 0.11215401705431827 0.0004936836747284623 1.6323587813929874
100 0.9459079524920646 0.11187158884458381 0.002479528560735078 1.6323015328976205
105 0.9456199191327577 0.11250102247627813 0.00239814902823432 1.6322611800209958
110 0.9457414050828323 0.1122105081094702 0.00146537359186949 1.632293969550804
115 0.9457202240958149 0.11225643857317036 0.0013660513632678395 1.6322772126865734
120 0.944319763581866 0.11547134882993082 0.003593326041972711 1.6321342287722187
125 0.9455656705923037 0.11258463907683702 0.0015474848253269613 1.6323744901474757
130 0.945199052629619 0.11337916707259188 0.0024077763370808913 1.632179328688643
135 0.9457100892287057 0.1123290444106384 0.0005837255981826495 1.632297518799784
140 0.9456819654179814 0.11245016685608422 0.0027171828077612314 1.6322201853844773
145 0.9448962365034134 0.1140275623793583 0.002172887804749335 1.632225762516816
150 0.9451207434835434 0.11353290204311817 8.352123379218312e-05 1.632270455836733
155 0.9450754438268172 0.1136382086575578 0.002062826664104511 1.6322221276631546
160 0.9453631233590939 0.11301930662819304 0.002118710684976488 1.6321006424891402
165 0.9453692897755075 0.11303862176067758 0.003310216796398091 1.6321352424391826
170 0.9454352281575057 0.11298908205699032 0.0024721641886125134 1.6322511138056124
175 0.9453294905010288 0.11311875113212055 0.0017068762385790137 1.6321887228063099
180 0.9452091986333702 0.11334370135105587 0.0013459457977600398 1.6322404811590911
185 0.9448693891922516 0.11404924734217814 0.00019284232794847256 1.6322575391055159
190 0.9448841151645297 0.11402622668583406 0.001046425502855497 1.6322408702595144
195 0.9448156641426693 0.11418237566416556 0.0005894509440449447 1.6322050311249245
200 0.9450330611760582 0.11373951364412971 0.001101607667319593 1.6322260014689893
205 0.9451481463223335 0.11349756397063415 0.0001576558725016053 1.6322032334788332
210 0.9451032843009407 0.11357843458873362 0.0003725286035423103 1.632238388399842
215 0.9453541993133676 0.11318047423519251 0.0019691558924348485 1.632241418698175
220 0.9452705694263093 0.11361953206817477 0.0021451457818590924 1.6322240716346155
225 0.9450425821781685 0.1137159493793134 0.001300718378157928 1.6322688598923878
230 0.9450365006170206 0.11372553326578227 0.0012953505775172847 1.6322011853131984
235 0.9450609993675655 0.11367572948079618 0.0015001896376700685 1.6320943525316227
240 0.9449693206564975 0.1138577013200961 0.0003931752051309356 1.6322052565151088
245 0.9452601914967276 0.11339672608489249 0.00057197919287999 1.6322724432971976
250 0.9453168975538707 0.11331296405635283 0.0014122541776491193 1.6320644704089935
255 0.9451370413545754 0.11355880513518235 0.0013549885686292562 1.6321336290468198
260 0.9452572938882102 0.11338071463776389 0.0001522438731131892 1.6321680327285586
265 0.9453109413700334 0.11334944584654827 0.0019877736246873834 1.6321429064046222
270 0.9452052560702118 0.11346200899648107 0.0006632209906776154 1.6322129044942786
275 0.944988494399778 0.11385062292624304 0.000605368664262862 1.632226915818367
280 0.9451772537765084 0.11355247064305174 0.0015906013462696489 1.6323119639901762
285 0.9451057307649859 0.1136295585391438 0.0008715942637949059 1.632303791209724
290 0.9451625747893051 0.11357498300024238 0.0007545760593834494 1.63216436295671
295 0.9452063295242178 0.11376750300444316 0.0026787806840187223 1.6321008610287262
300 0.9446509726498837 0.11453628569508423 0.0001961334007465343 1.6322145041216571
305 0.9448468574548807 0.11412832883636237 0.0012516928381431924 1.6321850587730578
310 0.9449878829818019 0.11385943203868121 0.0009791525052902372 1.6322305820546055
315 0.9450738560902955 0.11371047976492932 0.0005110643362866707 1.632212229953285
320 0.9452035979135659 0.1136213650655864 0.0004689991089934509 1.6322367036795862
325 0.9450554891478015 0.11379190683859486 0.0020198852345449936 1.6320959453431467
330 0.9451589112360261 0.11361482986444482 0.0014846777046477744 1.632250836733251
335 0.9449478795701908 0.11393852304892893 0.002029149675562447 1.6321765997854323
340 0.9448891871822014 0.11406715503519615 0.0023749297980661943 1.6322039289586017
345 0.9447620382615673 0.11429411863139838 0.0006397641486524108 1.6322575590411372
350 0.9450849024457628 0.11378301293185666 0.0016245744020904063 1.6322192757790202
355 0.944497109185898 0.11486037412721029 0.0007983356879746051 1.6321850140840697
360 0.9447559041585059 0.11432341294513693 0.0006283731644562973 1.6321798542815937
365 0.9451105854810442 0.11371611056366326 0.0012999258923451773 1.6321842767170203
370 0.9450386640190518 0.11384523856525863 0.0008033493237853406 1.6320093139806957
375 0.9451331456489522 0.11366623232534145 0.0027797130129252334 1.6322375554853534
380 0.9445457182575442 0.11476442795536546 0.0014064790122474413 1.6322617751330204
385 0.9449828254120426 0.11390497227149643 0.0002634409483768252 1.6321646525470297
390 0.9439235174042264 0.11613730906969755 0.0032453810308208375 1.6320825363840725
395 0.9451832703496708 0.11367966797265527 0.003182034504137121 1.6322472184418886
400 0.9449648471100354 0.11395182911555746 0.001073716364297983 1.632192609239138
405 0.9451851245012024 0.11373735547618535 0.0018736502420300116 1.6321908790924267
410 0.9447167228170017 0.11440352427843625 0.0003546858218146376 1.6321869391685029
415 0.9450702578870676 0.11383580156523787 0.00016937642492886873 1.6321288765930162
420 0.9450492609595531 0.11403620203501785 0.0017166069613026025 1.6321890742108778
425 0.9450093500034363 0.11395353393341634 0.0019729477375112214 1.6319936998064113
430 0.9447596188841705 0.11434802603837091 0.0026750287994929955 1.6322218790337542
435 0.9449866984205727 0.11394072639794306 0.003389640988245679 1.6322752077947316
440 0.9448723874763687 0.11413191725381999 0.0015863029470812862 1.6321834550082732
445 0.9444470860335037 0.11498105119061575 0.003139854040376644 1.6322582016685394
450 0.9449997171809427 0.11395765607425146 3.8290117927664014e-05 1.6322036521471626
455 0.944846945654954 0.11417617024495685 0.002422076625304914 1.6322747117340584
460 0.9446875505524541 0.11447427675992627 0.0001588971633963432 1.6322054278417955
465 0.9449547774056917 0.11402617768963674 0.0026340289958655116 1.6321680740085207
470 0.9449861564851472 0.11402000055318684 0.0008729602146930748 1.632106370756334
475 0.9449478235370481 0.11404282619569073 0.0013019610579227958 1.6321469405426112
480 0.9447970465669924 0.11427575161387771 0.0017946561099329017 1.6321534698835496
485 0.9447761952578216 0.11432300188625688 0.0003556377909652575 1.6321172734503742
490 0.9446573809529542 0.11454190820829857 0.0011166943532283646 1.6322436908138145
495 0.9445138797972832 0.11484566704686272 0.0005642406076780127 1.6322858334565955
500 0.9444483691050077 0.11497664870032565 4.7465645392374967e-05 1.6321438142318758
505 0.9447041011952857 0.11446465326845101 0.0018250310319511964 1.6321422529453913
510 0.9443591841470251 0.11518718742572487 0.0020855633461638323 1.6322777081522233
515 0.944612491648126 0.11463170709806958 0.0010717662412147444 1.632224470018104
520 0.9443272932513296 0.11523205849912932 0.000604026801105384 1.6321924060013353
525 0.9450295120631171 0.11404330902452986 0.000837714468763906 1.632208708554855
530 0.9444874921905728 0.11491666904952513 0.002543538450041627 1.6321982538903241
535 0.9447991032288218 0.11428957430923692 0.00044415568713640496 1.6322944079495196
540 0.9432763213189173 0.11760467099322947 0.00013242570967464395 1.6320916844248594
545 0.9449044859650664 0.11415643900309891 0.000272540861194992 1.632173149444258
550 0.9447104389178648 0.11444476701258544 0.0001950265755639169 1.6322481394048598
555 0.9448177591194797 0.11428741063228443 0.00017401041884745894 1.6322662762413993
560 0.9447815655216079 0.11432004715653754 0.00022675773631131158 1.632231870942307
565 0.9446699612101658 0.11452975921362452 7.427919181246523e-05 1.632119955476674
570 0.9448801462550458 0.1142209521660964 0.0007445336850997464 1.6322439782855533
575 0.9447470718148026 0.1143788043993641 0.0002691500310003647 1.6322508032442489
580 0.9449867247525541 0.11405511805939805 1.7213088196132986e-05 1.6321137274484432
585 0.94466471539376 0.11454513793702503 0.00031852123216391526 1.632301259073326
590 0.9450111494501993 0.1140226278217773 0.00016108556959237852 1.6320055051173035
595 0.944771559212696 0.11433843388554044 0.0005636678871563383 1.6322255611264764
600 0.9443983952671167 0.11507525799795215 0.0022030757025117698 1.6322355903917964
605 0.9449105235358687 0.11417251764425118 0.0022503629326409147 1.6321779580871094
610 0.9443280649679153 0.11524406570295098 0.0011217981435274194 1.63224099439029
615 0.9448780850267098 0.11436679650548998 0.00044530671133391486 1.6321962969938264
620 0.9447928628092755 0.11435555858129476 0.0025586467009306446 1.632203422518328
625 0.9448094711003554 0.11432186713018133 0.0012256507282362161 1.6321573996688779
630 0.9448175097974933 0.11445791774144132 0.0021073433807865527 1.6321729153363895
635 0.9448568932736838 0.11450319702983935 0.001230509985347128 1.6321224961137426
640 0.9448403989360703 0.1142689125474472 0.002048334717431377 1.632218623492785
645 0.9448247897030473 0.11429584239815971 0.0016810489075025359 1.6321533375401374
650 0.944554424015315 0.11477132183439465 0.00034394323371311764 1.632269531054503
655 0.9448630966701257 0.1142979427135482 0.00010873342661965602 1.6321669819282039
660 0.9447424397706606 0.11444357793174964 0.0009163676708801027 1.6322675249037335
665 0.944382148948034 0.1151388168408356 0.0003025383241386237 1.6322531053738496
670 0.9446334518074158 0.11462107635774488 0.001126786119506784 1.6319825310347733
675 0.9446957925411699 0.1145244630202924 0.0012871911316683082 1.632215191540047
680 0.9447437476744451 0.1144408573713307 0.0011700882604581686 1.632230014467312
685 0.9447551546106332 0.11441361029181607 0.0012848787064974054 1.6322664000144433
690 0.9446039986280845 0.11468627123969077 0.0015221047376785535 1.6322700380440878
695 0.9445581527457958 0.11477381688615185 0.0021992256286229583 1.632282242253157
700 0.944747012394354 0.11446463081738223 0.00023446856726594412 1.6322053237554508
705 0.9443063477927212 0.11529020828505288 0.001037865794186077 1.6321923441686252
710 0.9447495801205398 0.11471089273340551 0.0025128611711038307 1.6321807614437018
715 0.9448118052887211 0.11434581628781393 7.342105937446775e-05 1.6321294213651623
720 0.9443463408679824 0.11520405009466361 0.0011058326546660169 1.6321740067039412
725 0.9447755538121083 0.11439902451428496 0.0010456856851215335 1.6322364494646036
730 0.9443529053605915 0.11519210921855327 0.0013768412907322336 1.6322070921667386
735 0.944794072304693 0.1143794727263765 0.00011425937134990072 1.632248744462236
740 0.9447854966011429 0.11461543583272404 0.0022176500184216685 1.6321753003282868
745 0.9448529090716685 0.11438502995067767 0.00020021226390132263 1.632074726543324
750 0.944812028569635 0.11438489603010615 0.0003487900063245952 1.6322402006402728
755 0.9447934554801798 0.11442916783679946 0.0015494803730580209 1.6321404444788061
760 0.944619746511178 0.11466585126004425 0.001508169672501225 1.6321640171798157
765 0.9448167278151656 0.11437457978219134 0.0005006096550372874 1.6322635298854218
770 0.9447387292165972 0.11451561192266846 0.0019297869776389032 1.6322294021839119
775 0.9443264370256608 0.11524706115748251 0.000618677472801421 1.6322756957411206
780 0.9447841797446959 0.11452097192511435 6.439842115568695e-06 1.6321926379434157
785 0.9447097918908788 0.11465934254463983 0.0023960345446574216 1.6321534857030184
790 0.9447331865178862 0.1145495604031126 0.0004624140244455788 1.6322537624261733
795 0.9432005332435516 0.11775617140575445 0.0011756701747258624 1.6321129305104634
800 0.9441169619739194 0.11568263128362855 6.923172699480062e-05 1.6321091929015155
805 0.9447514067123245 0.11461588786224652 0.00039839239529682047 1.6321120539354599
810 0.9447781901704041 0.11498487001032354 0.0023222661030788405 1.631968491875019
815 0.9438742701399349 0.11624542599386345 0.0016965368597998687 1.6319625982013592
820 0.9445701813670698 0.11479272374376626 0.0006992525520874704 1.632259060073137
825 0.9445426018463249 0.11482612155690064 0.0013819096236629136 1.6321543083143613
830 0.9447633015341443 0.11444395180065148 5.569951362760506e-05 1.6321683046728344
835 0.9448438003130898 0.11448874859253877 0.0030076025061198663 1.6321025291769415
840 0.944656912552938 0.11464400240747552 0.0003659166629152999 1.632244127007413
845 0.9444812615214668 0.1149504513739894 0.00015547412100680447 1.6322287330191905
850 0.9446718105804381 0.11463638778171314 0.0004002894304342419 1.6321100041630492
855 0.9444263503765191 0.11505497362604089 0.001407986841960307 1.6321794739014366
860 0.9445573345348122 0.11481843723021945 0.00044156042200715895 1.6320799778348545
865 0.9445008627155822 0.1149236884581315 0.0010204513087239686 1.6322234375026552
870 0.9445808797997333 0.11476949043652618 0.0013454016832237237 1.6323129321011995
875 0.9440719361933996 0.11580954911456565 0.00038455567324868767 1.6322318919227363
880 0.9447637795104904 0.11462510761209366 0.0019209714005627987 1.632174050689938
885 0.9436664856334925 0.11667720197621079 0.001048206033561927 1.63208094202707
890 0.9442664797400637 0.11542108177685084 5.1743381011437606e-05 1.6320796852838737
895 0.9448155930630031 0.11451172336115945 0.0007372284343816204 1.6321391996278631
900 0.9446888656730508 0.11463803331284872 0.00044356930497468916 1.632279913283677
905 0.9446334595881712 0.11478113880684937 3.744978192554704e-05 1.632134713893567
910 0.9443138522233683 0.11528940258991427 0.0013849726355261716 1.6322529987255203
915 0.9442672718390367 0.11538900718480982 0.0007685483122361614 1.6322369323870054
920 0.9443835546482688 0.11517969265762207 0.0009520873250832285 1.6320985664387937
925 0.9446939201690849 0.11477094284181844 0.0024496884911926475 1.6322136658635982
930 0.9444286778139245 0.11506360614409172 0.0017316585615976265 1.632228270304786
935 0.944048108374799 0.1158781068784267 0.00102920157757036 1.6322118241770898
940 0.944694788964376 0.11495138056177279 0.0009738210943270875 1.6321654960608525
945 0.944574173353701 0.1148204259402783 0.00019635180597044055 1.6320746456671427
950 0.9445255236637098 0.11490722714311996 3.378400355735778e-05 1.6320894686675962
955 0.9444411226860797 0.11505028609954948 0.0012441952963331282 1.6320161109533062
960 0.9446942917910575 0.11491601007798558 6.52521344912671e-05 1.6321747532662387
965 0.9445237547503251 0.11564819972970208 0.0014713859374799743 1.6320408717621009
970 0.9439145523234244 0.11614958842693968 0.00104951200025738 1.6321603053111078
975 0.9437725666947314 0.11647766372139667 0.0006745778770960165 1.6319365464436304
980 0.9442877878013819 0.11534777751531466 0.0008500055148790153 1.6321573614407592
985 0.9446503832062159 0.11470921307324433 0.00019566409898241766 1.6321316209406604
990 0.9444276305889758 0.11508071119421803 0.0012947020348221816 1.632187186411785
995 0.9446630084565213 0.11471493272129685 0.0008943400056657946 1.6322329805219669
1000 0.9446228761638208 0.11475497526919742 0.0008831845075567557 1.6321652653809358
