0 0.8892806478954192 0.38879730272352475 0.2962932143358432 0
5 0.9994277320391187 0.002299719216880769 0.004493986555875296 1.6352302142823951
10 0.9988885894756792 0.004464249891276584 0.005530695659503593 1.6347848001409688
15 0.9982532738048031 0.00700965977357404 0.0051670887108237196 1.6350238293730128
20 0.9999623801635912 0.0001533343737525339 0.0010970095612088393 1.6340916758265436
25 0.9995231305405519 0.0019112396479530336 0.006988949157862079 1.6342220641240324
30 0.9995692941652357 0.0017210532378881815 0.0033622500334000716 1.634088911316232
35 0.999744392845193 0.0010246014864401243 0.0015183637450053578 1.6337972755729382
40 0.9987523325621088 0.005001929568316799 0.004140513360615383 1.6340615534748824
45 0.9997914294756108 0.0008398918850391901 0.0011438178343907701 1.6342352614062354
50 0.9999432053053898 0.0002293314905639221 0.0003523644316223429 1.6342801208354079
55 0.9987307682253562 0.005063163832148776 0.002439175242437086 1.63395241242808
60 0.9995338378564353 0.0018813954345575645 0.0053870975283614175 1.6340861431222757
65 0.9998716192805747 0.0005163143619775212 0.0006069531581407439 1.6335726442115357
70 0.9971915399764762 0.011315758832170175 0.00322925816004882 1.6339040811061865
75 0.9988180479437785 0.004737427697225627 0.003744869026162334 1.6337346407417042
80 0.9999655210498123 0.00014040593067443652 0.0018067639264476298 1.633447800044833
85 0.9996567925543638 0.0013710344861035395 0.00159896703334228 1.6336425235365317
90 0.999927642942865 0.0002918604698953775 0.0005032124088695245 1.633898039945737
95 0.9998627919435769 0.0005516734952821789 0.0002468013803647029 1.6334917193856313
100 0.9999097050555577 0.0003635551808354176 0.0012821824997799602 1.6335783590697193
105 0.9994612567276067 0.0021778349994960866 0.004221372203595752 1.633628395141588
110 0.9998708141633228 0.0005191865524261097 0.0010045827847466882 1.6334856435207856
115 0.9999558566777844 0.00017982242678371563 0.001068253065515945 1.633560599724256
120 0.9988986141208539 0.00442633653752833 0.004216121731086542 1.6334092825278648
125 0.9998239671013729 0.0007046097931115991 0.0006414626636137566 1.6340129259891243
130 0.9996835788072735 0.0012758939141470638 0.0009532221367365423 1.633486570444565
135 0.9995776483872405 0.001708485111239444 0.0018191106046967498 1.6334667026754008
140 0.9997459619000952 0.0010243928051003603 0.004097527314681715 1.6333379662608138
145 0.9994023832441925 0.002407396255494465 0.001138917146886742 1.6333351494816373
150 0.9995520303623366 0.0018016793031683243 0.002251780915266899 1.6333434292982956
155 0.9992294456044755 0.003120509582189346 0.005169109723629051 1.6334416964000849
160 0.9998178764811807 0.0007287612265793886 0.005259940874328128 1.6332829473325816
165 0.9998422093024273 0.0006313244634938986 0.003008409491557451 1.6329836412221814
170 0.9998916995780686 0.0004358945722238161 0.0009717747518143138 1.6334627621065811
175 0.9999374612395806 0.0002532916540476382 0.0020496261736377974 1.6333313698883452
180 0.9997683876250176 0.0009283639257100518 0.0021850799675138255 1.6331303834802902
185 0.9999312976416485 0.000277208834495557 0.0005660336416895007 1.6333763688990068
190 0.9994148475314705 0.0023646198108946415 0.0020018039756179995 1.6333253965515089
195 0.9996862862040544 0.0012670779839119017 0.000853924698729136 1.6333236100834647
200 0.9996919558190759 0.0012354882039748993 0.0007797347607518823 1.633259230839136
205 0.9999878465533236 5.13109848492288e-05 0.0005196556546918085 1.633302789793961
210 0.9991611772423862 0.0033426340709750146 0.0014957113205387174 1.6332445069418033
215 0.9997588375254367 0.0009721208120079261 0.004138798722542525 1.6330454309098303
220 0.9994235192551916 0.002324163669700674 0.006673653172808436 1.633101299538792
225 0.9999400214076041 0.00024250387868041123 0.000402646374357607 1.6333546562425232
230 0.9998973851453605 0.0004134563685715964 0.001759389686263546 1.6331924826115065
235 0.9998741595344879 0.000507217671255944 0.000991236093472736 1.6331674908597948
240 0.9998732602568015 0.0005085186119875296 0.0042132580446057055 1.6332393035872064
245 0.9998416954853467 0.0006357753590604531 0.0008055288825030704 1.6332372690522825
250 0.9996925054074877 0.001235304575543994 0.002438569427179793 1.6328003320662157
255 0.9999332728930463 0.0002705287577793314 0.0010892215724973564 1.6331192061130542
260 0.9996854095491028 0.0012706018863921642 0.0015728797969449815 1.6330586810571321
265 0.9998112884150634 0.0007601343861094456 0.0005701036538281468 1.6330740041322942
270 0.9997242520943077 0.0011109071613331079 0.004379227798077423 1.6331094790598666
275 0.9997802908504889 0.0008953874289880925 0.0028642744739397763 1.633012245586719
280 0.9994886666248801 0.0020477648927486047 0.004809984390459654 1.6333051460368844
285 0.9998601244193269 0.0005659984698358489 0.002701032721272867 1.6332446759628119
290 0.9998346994573657 0.0006651372239754316 0.00031975661162686464 1.6328990132720143
295 0.9992994596541747 0.0027919729268195415 0.0020048619167574167 1.6330501249328584
300 0.9996857232046505 0.001265340575132834 0.0004392566572626322 1.633080732241467
305 0.9999080775616995 0.00037526125583497993 0.000868242715905021 1.6330432045949397
310 0.9998965485883716 0.00042349646204864477 0.0005057132986188151 1.6330967050811045
315 0.9996991066956618 0.0012062731954296524 0.0015188357084117143 1.6330447257702216
320 0.99965999750977 0.0013592812592913006 7.247866120430047e-05 1.6332376272317197
325 0.9998461051001131 0.0006179275945701335 0.00237345999868932 1.632697954013414
330 0.9999306597873661 0.00028017285288073346 0.0011957183531587923 1.6332594619584817
335 0.9999056672189766 0.0003790844304072394 0.0026936559993750997 1.632876426658236
340 0.9999586604685318 0.00016883319046412382 0.002113663614441208 1.6331441503145476
345 0.9999602824658013 0.00016252563327734393 0.0005809945763759483 1.6332546932775835
350 0.9998970509776997 0.0004150582004234238 0.003220575713078544 1.6329075937358808
355 0.9997961735292049 0.0008232228132725172 0.002846783188228841 1.6329454176835256
360 0.9996447440437333 0.0014370977473756597 0.0035038603117398814 1.6328518941518952
365 0.9997096965833842 0.0011683909471860154 0.0016288323729403142 1.632964013699978
370 0.9994539802802155 0.002173494272647458 0.0016233328667840663 1.6324783683925563
375 0.9998013187393344 0.0008057841402535626 0.004003546657510126 1.6330810989961875
380 0.9996431555556289 0.0014422320903071384 0.004531357558041682 1.6331476750816727
385 0.9997633461428381 0.0009579233331142856 0.0012748998262672728 1.6330133648822767
390 0.9997847966655262 0.0008670066373206442 0.0036017418783620414 1.6329555899209252
395 0.9998078625303122 0.0007727153672281162 0.004313020729793227 1.6331603799628889
400 0.9998697258096348 0.0005252456252711202 0.007597308197678787 1.6329906385840363
405 0.9996231498354535 0.0015188505690391096 0.0028940620249719995 1.6327759560815167
410 0.9998914944654682 0.0004341068609547971 0.00017008973899645952 1.6330381786936263
415 0.9998707215701458 0.0005193973520869477 0.0014745536197795506 1.6329803341290503
420 0.9997419704084514 0.0010405210938435605 0.0019191145556560762 1.6330319015130323
425 0.9999281125843719 0.0002902505184785298 0.00016790958194179417 1.6327164923534894
430 0.9994312221144495 0.0022893464462383495 0.013787425440855872 1.6329387009137313
435 0.9998692009697742 0.0005275981449233136 0.0029982495572422607 1.6331635369693023
440 0.9997315239411779 0.0010865761003933105 0.0032989814621477986 1.6328327497913164
445 0.9998278935931206 0.0006948502771402243 0.0031057531714679953 1.6329704060681705
450 0.9997086666134061 0.0011680154485098626 0.0032078069445933277 1.6329545666160836
455 0.9998821536469877 0.0004738734463347605 0.003197928202112621 1.6332048222689173
460 0.9998826268888337 0.00047336852518764516 0.004952869273505023 1.6330114461054093
465 0.9997818658492419 0.0008722709466637557 0.0005911405312468698 1.6329382147972336
470 0.9998622417772387 0.0005555608084484298 0.0027537687414926904 1.6326978968793653
475 0.9998170844172161 0.0007376035681505577 0.0017901689019121925 1.6329337667320434
480 0.9998120977148375 0.0007577244127525695 0.004272593515092016 1.6327705878806185
485 0.999855319269783 0.0005816619164393799 0.0008637215084652539 1.6327048270482791
490 0.9997039542929945 0.0011962081103624733 0.0007974288320795608 1.63304220245427
495 0.9998157045275804 0.0007448456392338265 0.0012146443166489718 1.6329687792022112
500 0.9995919555370552 0.0016500120910851734 0.002021496344761786 1.6325652661886674
505 0.9998950175320847 0.0004239009397040139 0.0006258757970114548 1.6328149128291833
510 0.9994616057375786 0.0021827568538057562 0.01140373763734881 1.632925597210508
515 0.9999746950692326 0.00010403300674033389 0.0009951551297118222 1.632869147012603
520 0.999890836710242 0.0004352708208097411 0.0010925434992747896 1.6328854926077707
525 0.9997760898648969 0.0009021866713458948 0.0006122379966047031 1.6329323420374058
530 0.9998318220708657 0.0006807251730365227 0.006692001118981716 1.633018072846387
535 0.9998460727246425 0.0006197049572960189 0.0017508504215131282 1.6329916382150937
540 0.9986510545868292 0.0054375006017068905 0.0006852420637706302 1.6328023738943267
545 0.9998632350909031 0.0005522778572388809 0.0045366088871490184 1.6327710948951308
550 0.999880003881381 0.00048111003694462084 0.004168657007211918 1.632721722749626
555 0.9999571825560916 0.00017432401821038113 0.0008745731348565045 1.6329540606865072
560 0.9999244444069723 0.00030873068634007517 0.0002661105054906354 1.6331027217632348
565 0.9997101034354317 0.0011593133608616135 0.001945810832566952 1.6325686701245852
570 0.9997957223243039 0.0008155086129284506 0.002529001810657183 1.6329321234649612
575 0.9997199906004172 0.0011272913949396113 0.0020423986867013078 1.632983904342611
580 0.999778240997083 0.000894927110391297 0.0003412112209859597 1.632716795542115
585 0.9999523333745906 0.00019327635457577763 0.0007058508539306008 1.6331081115825699
590 0.9997631453405829 0.000954345521199107 0.0015521319904592268 1.6326294437488136
595 0.9999049954140746 0.0003824675190136073 0.0027236749392438586 1.6329946442422867
600 0.9999434823988074 0.00023135252742711998 0.0012207772866494881 1.6329769525208244
605 0.9999475745643285 0.00021299941285213286 0.003638831610767612 1.6327723733003074
610 0.9999191491491326 0.00032542113863431865 0.0024710942479893028 1.6329011203099069
615 0.999665425072491 0.0013393998269317642 0.0015442654854038729 1.632882817889209
620 0.9998633556939349 0.0005514979261613817 0.0004908677635369063 1.6329079140512743
625 0.9998692277982113 0.0005270006833675289 0.004611973540403991 1.6325956029032207
630 0.9996784735206603 0.0012934299295890295 0.000802808998546567 1.6329435513816493
635 0.999817662223758 0.0007306031157710002 0.0012156350313816677 1.6327949108991802
640 0.9995582615061669 0.0017635266927964466 0.00896734765695717 1.6330605484893048
645 0.9998961417459734 0.0004196880387736801 0.00010513583347826483 1.6329017641951216
650 0.999888799978563 0.00044636908007023024 0.005356147850254622 1.6329496126410732
655 0.9996297801363472 0.001484018489355421 0.0005722895480282375 1.6329202291868186
660 0.9998596500711833 0.0005655981821364175 0.00018273442245897442 1.6328885703758442
665 0.9999272423372614 0.0002943900908816133 1.563040941698901e-05 1.633131888790817
670 0.9999195715693814 0.0003234773511988642 0.0005053138352248965 1.6326351591267843
675 0.9997861964391058 0.0008626799691076048 0.0040017251197386194 1.632903431901781
680 0.9999464003588083 0.00021728568885559518 0.00037494346477506824 1.6329944409848767
685 0.9997476883282422 0.001016192796883253 0.0003436005269963349 1.6329352248537234
690 0.9999498723441338 0.00020288462663131668 0.0013631402721328012 1.6329172736804123
695 0.9999144087716767 0.0003466238945331046 0.007296855003908753 1.6329611038210101
700 0.9999066334197312 0.00037762059744661514 0.0009675950089331753 1.6327307237927535
705 0.9997842398855227 0.0008702032274707783 0.0016168176267339351 1.6328085361399547
710 0.9996605606904579 0.001363656657941803 8.091309360125365e-05 1.6327645631779881
715 0.9996904073487918 0.001239589999029178 0.0010365085732404467 1.6326704046398743
720 0.9999104037835498 0.0003596274244248576 0.003043564642472907 1.63283695447409
725 0.9999461529036804 0.00021871642072057718 0.001386551938253433 1.6328610498318425
730 0.9998202320586713 0.0007225108684263404 0.0011417644298534757 1.63284255369916
735 0.9997858634862733 0.0008612567619001865 0.00016777661121714083 1.6328850979154448
740 0.9994831767337372 0.002070118654134978 0.007571833168551256 1.632614650127941
745 0.9997822977740083 0.0008754041181866512 0.001787620562931913 1.6327592616659303
750 0.9998373171827452 0.0006569512596683591 0.0024997106186890328 1.6329271669996916
755 0.9998115328483146 0.0007603412182966007 0.00020433260542684906 1.6328607910317343
760 0.9999035141793475 0.0003892535244953699 0.0016551014677237408 1.6327983366996213
765 0.9997778407543758 0.0008871129659138166 0.0006735125921626395 1.6328297643826746
770 0.9999260020657227 0.00029856369393232995 0.0015408252464750305 1.632993707481876
775 0.9999266213157207 0.00029535511573763884 0.0003830563562419176 1.6329648361180267
780 0.9998059503599215 0.0007812218449065877 0.00030642845789063955 1.6328715930513895
785 0.9998816596541331 0.00047944729924398466 0.003210572396359357 1.6328201122300177
790 0.9997460329478334 0.0010234910396058616 0.0006612719014447155 1.6328016586410243
795 0.9994995331409335 0.002001904812247046 0.0032406712181127784 1.632668704034974
800 0.9999133899978219 0.00034908458662163966 0.0012529033802852751 1.6326491700355752
805 0.9997344210393933 0.0010635366567104398 0.0014885861822726554 1.6326872896239055
810 0.9993978400717787 0.0024202774080110956 0.0027803382427382672 1.632684622758363
815 0.9996182625181752 0.0015431085665322808 0.0032321297062458676 1.6326834204604168
820 0.999818851469942 0.000728021810840751 0.0030837035565920434 1.6330040247567152
825 0.9998385665036713 0.0006474546928985081 0.0024636541618825447 1.6327460469005315
830 0.9997078579944968 0.001180824259633173 0.0019180172010222485 1.632749399866027
835 0.9996991992066679 0.001204640244665267 0.006151350731317562 1.6325394282066106
840 0.9999788787453732 8.710618587359775e-05 0.0007648844194463322 1.6328724993755797
845 0.9997084646923752 0.0011692169804471408 0.00610224246777058 1.6327996236816018
850 0.9999146296618677 0.0003449256383609711 0.0011101611027510838 1.632748495453424
855 0.9998030360429686 0.000792154303060677 0.0005752025859164789 1.6328139740102623
860 0.9999666035997746 0.00013623817878682942 0.0007648258523595963 1.6327441819958077
865 0.9999812745704351 7.770870784629125e-05 0.0004916682876396905 1.6327884743925156
870 0.9998400561680083 0.0006420627870824536 0.0016998741251184057 1.6329439543883384
875 0.999757015446834 0.000978141313609182 0.0009412906097581164 1.6327930706776
880 0.9996985318808507 0.0012021459828412961 0.004531914696603412 1.6328689007931336
885 0.9998852455929941 0.0004618170035348701 0.0012256753764985362 1.6326963511045673
890 0.9997259789639459 0.0011096559708523301 0.003383227941986533 1.6324673198162187
895 0.9996996688703169 0.0012095112601764324 0.0016656610035008512 1.6326636983017602
900 0.9999340900743168 0.00026689257000978017 0.0015558588248252292 1.632884218156927
905 0.9999149851618945 0.00034227245469975465 0.0004950966233132625 1.6328328501869975
910 0.9998964349362276 0.00041640322583647027 0.0013184302354563027 1.6329893710020251
915 0.9997320044859763 0.001082476657368936 0.0014042818132360413 1.6328141292504401
920 0.9999020391451687 0.0003947824073737838 0.0003368733309576655 1.6325008062781012
925 0.9997259209541348 0.0011044039451142407 0.002748855858030197 1.6327408100214285
930 0.9998749472676924 0.0005044727201750643 0.0020240486088280996 1.6326723078349503
935 0.9997588449741412 0.0009732368226131882 0.0014697036446285061 1.6328458755029833
940 0.9993590140361283 0.002579941107689443 0.00298041873572652 1.6327010731239462
945 0.99991515568741 0.0003434452925632492 0.0009278693250491798 1.632618285585782
950 0.9999790699194799 8.68401183793388e-05 0.0003085850314159533 1.632749911865857
955 0.9999182737278649 0.00033330383012741827 0.0001379867314175165 1.6326143175985248
960 0.9993874030914063 0.0024506285712670994 0.0018573624918423182 1.6326479047924005
965 0.99878220549227 0.004895146270066819 0.003025032440298503 1.6326667853317787
970 0.9997959109621448 0.0008244758731039692 0.001964119267573672 1.6328562398450694
975 0.9998755740016296 0.0005019798219998428 0.00034351848482083724 1.6323850172732253
980 0.9998443958724947 0.0006277001864487541 0.00040366365910804447 1.6326706595520601
985 0.9998168552853319 0.0007338594048580394 0.0028936967447035222 1.6327479165629581
990 0.9999157093784916 0.00034390082597868243 0.0016252274655526033 1.6327718173221435
995 0.9997589815325308 0.0009686730692026746 0.0018172590016261037 1.6328278069901159
1000 0.9998200410050377 0.0007216916897752057 0.0005053859035792918 1.6327088544404589
