0 0.5816404590672924 1.150045051071284 0.2634805919838663 0
5 0.818078881069046 0.4953225168862634 0.09763950598668103 2.2569683936537164
10 0.9539138297489126 0.10678365437197246 0.007240817352639262 1.7622333453686978
15 0.968454201694976 0.08610418916789153 0.03213732471684949 1.6916996421121382
20 0.9706011418444518 0.08725354676520891 0.02292311849223827 1.6847045441144974
25 0.9711440554415266 0.0884496441997793 0.022677988657670678 1.6830919095488839
30 0.971862865354395 0.08772906695754168 0.01699753251827074 1.682092127930822
35 0.972128761797945 0.08728502101791946 0.023910735663421168 1.6814057973711969
40 0.9717412425277256 0.08827280976230245 0.0029887447203065243 1.680594029454364
45 0.9722289378283299 0.08712559398066544 0.02282414474689043 1.6799807345579054
50 0.9726895130245492 0.08561287057959222 0.02343530082249301 1.6794978735583135
55 0.9730835291129127 0.08455139522224742 0.02128386413297778 1.6785507483111939
60 0.9732900507248038 0.08401273186045932 0.023873521284984767 1.6782681854491213
65 0.9734743480102652 0.08309919022757883 0.009731800551882719 1.67749654670365
70 0.9735498709003438 0.08300196691528483 0.013905344768321282 1.677068619813315
75 0.9737823272286552 0.08207840058537896 0.02225629147935737 1.676554453694297
80 0.9739185347215509 0.0816064482335852 0.01857729169982303 1.6760407574781946
85 0.9741443969934717 0.08094171246601767 0.025785343805380112 1.6756184108702357
90 0.9739265286009766 0.08183709647597648 0.015139606471584743 1.6751060127200181
95 0.9742115845591041 0.08080830035308773 0.019305109698986245 1.674718461554197
100 0.9744029688640468 0.08017375871255927 0.019141400276018405 1.6742324914980211
105 0.9747605903199709 0.07900092489937949 0.015528692411889145 1.6736787547628935
110 0.9750193491755692 0.07820639895865589 0.013813570569523259 1.6732210557032245
115 0.9751245153669779 0.0777206499799028 0.01202218853148862 1.672698321897901
120 0.9752288956349204 0.07785974411021934 0.009360129348159774 1.6722929018543657
125 0.9756564599281252 0.07655476315567067 0.020511454620540492 1.6716010532197938
130 0.9758943039237052 0.07595763506310882 0.014906827461020677 1.6712089154506256
135 0.976129182319414 0.07488214276872829 0.010184803113054919 1.6706749593649597
140 0.9763015725868721 0.07460516103475445 0.008720515492661729 1.6700191936997206
145 0.9765563151346066 0.07355967487673043 0.012054432536608761 1.6696037647592221
150 0.9767138677384933 0.07275492876000511 0.01352881086846458 1.6690047877067866
155 0.9768443109321856 0.07275364276670993 0.01852598166152708 1.6685106202746411
160 0.9769829303672779 0.07301435098104103 0.02009981429690888 1.6678791583371038
165 0.977358588106011 0.07151525328618691 0.009628321616545588 1.6673163574104441
170 0.9778211867728224 0.07001045590362143 0.011771991628197975 1.666551001731979
175 0.9781292310426509 0.06900559528696504 0.006056373518988689 1.66601416784431
180 0.9783962464640725 0.06844119408208904 0.01398056318925045 1.6653346154752862
185 0.978314995604521 0.0693115463389633 0.014554676088590401 1.6646311609662294
190 0.9790988810951327 0.0661343007630526 0.02286555665169021 1.664026510157455
195 0.9793762401882065 0.06517209252280409 0.013597080676444495 1.6630667642250203
200 0.979675585830798 0.06447982662141394 0.02109851198313617 1.6624116533272986
205 0.9802570532037644 0.06273467815863754 0.008835095533405113 1.6614405015713496
210 0.9806224813871707 0.06194063096938862 0.00728175295906075 1.6604446047906347
215 0.9810842183184288 0.06059519260030788 0.01807172839305693 1.659622318664461
220 0.9814482314277022 0.059694119312559746 0.019509701790382028 1.658494549995316
225 0.9820705142656634 0.05728872986991229 0.012064344067240773 1.6577451415498907
230 0.9825936069032886 0.05594294763116703 0.0006840186699834661 1.6567067093929984
235 0.9830565732805975 0.0548183125760735 0.01344506733410622 1.6556752357161333
240 0.982455044053824 0.05799771602150594 0.011274090595578379 1.6544603968049347
245 0.9841495150465156 0.05162317429136487 0.011394050213147322 1.6533643530125854
250 0.9846625860901153 0.05018298294597989 0.008652972512517065 1.6522757278425475
255 0.9849145303820646 0.04901395343157189 0.012078532458071223 1.6511551419088577
260 0.9858175357602925 0.046932013916526794 0.014033159655217453 1.649973899134558
265 0.9860868765954736 0.04594235397805879 0.00528438120714414 1.648757852383075
270 0.9869667843716524 0.043663862476983395 0.01584686431326654 1.6478159640027905
275 0.9871260751074105 0.04284618281240338 0.010558041469516555 1.6466731674370791
280 0.9880395180318843 0.040245834559294646 0.003256082363261692 1.645997583090547
285 0.9885495796317766 0.03910108389811695 0.006208237591010857 1.6450377290303866
290 0.9885420835907446 0.03986642098231585 0.002623762552842024 1.6441189206772473
295 0.98837877473567 0.04104691388467763 0.010072811898693468 1.643005705612407
300 0.9898469304938371 0.035531187633154326 0.0037426747684972117 1.6424189546803694
305 0.9903176821120852 0.03370969923104572 0.004760548416459898 1.6421056355755224
310 0.9903389910362048 0.0345549652634467 0.007612351772543713 1.6413655968396101
315 0.9908740217163297 0.03254381085961899 0.0035835288649206376 1.6404768060070103
320 0.9912547532963858 0.031803616594995754 0.0029513328762087454 1.6400641398687352
325 0.9911860650686078 0.031776244032502676 0.006201176841715839 1.6394647721880948
330 0.989571505497347 0.037426853147571215 0.004294478871279317 1.6385455586927196
335 0.9919135775675462 0.029616720551427944 0.007201600717423595 1.6390230705669742
340 0.9925679213161493 0.027549207446294632 0.001905476354933766 1.6386991349506224
345 0.9923041216588417 0.029058435823441142 0.0022288472219593736 1.638381857066455
350 0.9929314481122608 0.026626244783983566 0.0027054256275613753 1.6376896620820605
355 0.9927020828094307 0.027630965622006398 0.005082291956605811 1.6378380891834146
360 0.9931655114702255 0.026068997620607215 0.003340178934309046 1.6375908014275895
365 0.993190221424337 0.02620933815106108 0.003176045900479263 1.6367141593216004
370 0.9933900328739029 0.025593358894323348 0.004389325914091247 1.636825708852409
375 0.9932082939330518 0.025993696112983855 0.005258948982703959 1.6367939696384455
380 0.9935818482116276 0.025024619763724498 0.0011066170651516938 1.636728787484891
385 0.9935466359095154 0.025327984451332552 0.0035588880118613275 1.6369022992458235
390 0.9936469018971226 0.025032014591898077 0.006805905230019338 1.636720070312046
395 0.9937686188942412 0.024348371122952406 0.002762545409921602 1.63676022927088
400 0.9939293010854057 0.024096010537611123 0.001146925390252962 1.6364007351088303
405 0.9938721565911599 0.024331927689184907 0.0010238526967669692 1.6356617380905263
410 0.9936489616928201 0.02530716861527793 0.0027491352489081855 1.6359251462090743
415 0.9921982240119482 0.03108885381063886 0.0031714520181171935 1.6362926122987593
420 0.993983115584141 0.024109297593068568 0.003423970772351348 1.6364233304575075
425 0.9943077570804828 0.02284693086383971 0.0017084203261408248 1.6357661011406892
430 0.9942012233993915 0.023424600704088583 0.00237274932692233 1.6358873923355721
435 0.9937745177186772 0.025315816308642658 0.001194358782638627 1.6359798909829402
440 0.9941576838873911 0.023895444663965204 0.004192933728530024 1.63561520846593
445 0.9944978621710234 0.022383995937938828 0.0020269474511220853 1.6360231923187023
450 0.9943558643286887 0.02309384079085408 0.0016158361620282058 1.6354985412587195
455 0.9944790652482198 0.02248387488952086 0.0017379619378816713 1.6355968304059434
460 0.994556611060776 0.02221320824708184 0.0011489428887556663 1.6359456573009146
465 0.993999163093243 0.024677712982751343 0.006344837827542804 1.6353169830704217
470 0.9941743351706127 0.0239252594885766 0.003853252554863573 1.6356076387983784
475 0.9935875991672415 0.02600233291919052 0.006735018836811157 1.635537497304314
480 0.9946236135614532 0.022111126925042468 0.0028715148547306946 1.6352572317908867
485 0.9945400700999075 0.022630028827136606 0.0038488585691391908 1.6352323871566188
490 0.994475103762019 0.02295345594194842 0.0018130179930564427 1.635046763076221
495 0.9941171798012352 0.02431911586135138 0.0015965205718710962 1.6354258531758865
500 0.9964478942193007 0.013096033435062493 0.0047294642237547535 1.6480593671020716
505 0.9978671419903331 0.0053858474144674595 0.0007872673633251281 1.6383576243332283
510 0.9981037496850291 0.004629739333716909 0.0018991113263668868 1.6370240684186956
515 0.9981579360734916 0.00422594454287184 0.00018678857775245028 1.6365492708405855
520 0.9970013938226843 0.009332500579162684 0.0012101385145784072 1.636654034985057
525 0.9971551287728808 0.008945154224411667 0.013027151382905 1.6360836951837248
530 0.9986386076373364 0.0029903400628352728 0.0066247554164906575 1.6362570723100194
535 0.9987248962570441 0.0029184136012487816 0.0002548626170537638 1.6361875414598395
540 0.998797070294632 0.0026394353135790194 0.0015803106440357428 1.6363485114107987
545 0.9981432849878289 0.005071087178628142 0.0005815847614294434 1.6357542822091184
550 0.9986109500357996 0.0034520367808734687 0.005708991284415932 1.635908769357489
555 0.9983640947378762 0.004390226766861849 0.0010157690464673852 1.6355952523674124
560 0.9990062652637703 0.0021975201937374234 0.006643440853841831 1.6357824897797415
565 0.9988165703489746 0.003120207575611156 0.0007979020600088482 1.6353418054990414
570 0.9985849221112821 0.004056632683119954 0.00784813561378317 1.6349726070387274
575 0.998124967114633 0.005883135417778851 0.005927910631139399 1.6354156351799782
580 0.9989565365645519 0.0026691666548548376 0.0068832470639392795 1.634971938804277
585 0.9990703528098225 0.002135668405597535 0.008824675467969056 1.6351935984454187
590 0.9991537424852275 0.0019654107278532784 0.0011682034912037231 1.635067227237085
595 0.9984145313365674 0.004914765126039722 0.004458095028040399 1.635052810290382
600 0.9990385376183202 0.002382868247944314 0.0011105889052043239 1.6355384861509612
605 0.997749244942229 0.007202310509380805 0.008947116897974672 1.6345916422450053
610 0.999239838408171 0.0016862834671582672 0.002294785425595247 1.635394777525268
615 0.9980842209152018 0.0063890013902114795 0.0018324538876524077 1.6349810838811294
620 0.9984789650993788 0.00479017097597545 1.6741711345247268e-05 1.6348296993204534
625 0.999205068564199 0.001896687320629642 0.002553741964201439 1.6351867587120226
630 0.9990691242546812 0.002423538634124034 0.0027180872860685934 1.634973411618927
635 0.9993557940573521 0.0014041263263551151 0.0020495481117399628 1.6351179100487345
640 0.9993460679928003 0.0014343137539740702 0.001239278330963156 1.6350668641524493
645 0.9992479062949081 0.001916119642898062 0.006133942812019733 1.6346619163281224
650 0.9992753868130295 0.0017853273236765332 0.004802781933049838 1.6351131019139336
655 0.9992378771292412 0.0019600623591236044 0.0016249561055721173 1.6345823133749695
660 0.9987521955411096 0.0038898769760666863 0.0067194593068098385 1.6344108722684154
665 0.9990592154148203 0.002597957596427891 0.0018151789076752411 1.635057725998196
670 0.9993982448268284 0.0013428015919254577 0.0009746847246150381 1.6342734541184865
675 0.9994133155224536 0.0013245857800585625 0.001915263737159334 1.6347353399251665
680 0.998976456345636 0.0031477183003596476 0.001709966720575995 1.6350124687190495
685 0.9982359685675375 0.006114232601128977 0.009928026979134419 1.6344822262868635
690 0.9994509352736929 0.0012323232091464575 0.0011114930428106629 1.6346621069199643
695 0.9974476130791118 0.008824560253959168 0.007870197853174776 1.6346135418332315
700 0.999427110132123 0.0013223363561074564 0.0015995158325756709 1.6345319718124696
705 0.999290326239964 0.0019500797034059936 0.002338164968994194 1.634647125583458
710 0.9990799240341293 0.002845934986742016 2.1216207188867742e-05 1.6350503540232921
715 0.9982944662987407 0.0056607280916518565 0.00022799560048425427 1.634599692305255
720 0.9994969842822812 0.0011210738002895848 0.0014257576013456674 1.6342664538466771
725 0.9994976873553387 0.0011114472660431751 0.0005731084439917211 1.6348849333456856
730 0.9992693873697073 0.0019647323275695516 0.0007307171366419674 1.6345115611073024
735 0.9981274087160165 0.006644867415144029 0.003851260910735066 1.6341790234725206
740 0.9995215260756343 0.0010541396610259657 0.0015827300811952494 1.6341058034508478
745 0.9993115981674574 0.0019481689236777733 0.0031997564492234343 1.634248361392032
750 0.999171745225139 0.0025060327731885046 0.0036334108276057098 1.6343688932022236
755 0.9982764949473205 0.00607771422004455 0.007426436650490809 1.6342930689822381
760 0.9994058336089569 0.0015030316761006635 0.0003326976017286043 1.6343501772266984
765 0.9989486533178551 0.003272482210359362 0.0035381313761777555 1.634374221238214
770 0.9995459705094281 0.0010293982581410788 0.0007696686910030337 1.6343784204309362
775 0.9994061149750951 0.001546523161771951 0.0009951659965974358 1.6342165100104935
780 0.9993347794658669 0.001904657158020795 0.00021891473419932694 1.634319904940751
785 0.9991635201477512 0.0024620299232507303 0.0007790750462479679 1.6342694537843454
790 0.9992400590008055 0.0021921112667651066 0.0032437255837780565 1.6344313700537878
795 0.9989632910074964 0.0032544198941681923 0.0013356953370975422 1.6344897456245753
800 0.9994867658435248 0.0012665484570408836 0.001973021998669555 1.6345670115339888
805 0.999438668800096 0.0015422950127110813 0.0011971196437023934 1.634503405804462
810 0.9990959719394702 0.0027846132074804686 0.000845102541632281 1.6339748727301784
815 0.9994455704063848 0.0015470201995979593 0.00024889715420073344 1.6343080054709163
820 0.9992698100508357 0.0021252854101272423 0.004060241590897684 1.6341139279278483
825 0.9995565894461003 0.0010852053788059646 0.0006908405108863036 1.6341130518719529
830 0.9994565585609327 0.0015051220517838804 0.0005944650663050055 1.6340771235295954
835 0.9996042896943771 0.0008884162927544903 0.0005915693155686963 1.6340360471188224
840 0.9991274579766741 0.0028338543988801757 0.004750261082280494 1.6342134399337107
845 0.9993298632984439 0.0020096915936700377 0.0021277757332978098 1.6339682406407308
850 0.9995060533252494 0.001344959636137677 0.00048774444783683535 1.6343623417291064
855 0.999405582163001 0.0016488144233299806 0.00013924468753945263 1.6339517464733744
860 0.9995895540754387 0.0009985513021810721 0.0020015949030509628 1.633701840285476
865 0.9993734957782894 0.0018802898709344706 0.0005022937373666547 1.634083216731302
870 0.9993752602059501 0.0018701320721050685 0.0033891653989570614 1.6342706488624228
875 0.9992184620225206 0.0023915157650529206 0.005835465098974479 1.6341848194311837
880 0.9986972179254914 0.004411435160229349 0.0028544217768382563 1.6341488339312145
885 0.9996330032611658 0.0008285214751286851 0.0025507612460025086 1.634312618690489
890 0.9994566586513612 0.001573227305113667 0.004754751641186994 1.6343176394408827
895 0.9988727581681145 0.0037335404552569784 0.004756831038046361 1.6336429769289273
900 0.9996250275260635 0.0008833630562716799 0.0018498338028003491 1.6338935330320254
905 0.9994849765829747 0.0013874046941673157 0.00017450539008501131 1.6337162546287374
910 0.9994362817143498 0.0016707978034617987 0.006237881211196061 1.634036524994338
915 0.9996524041417101 0.0007652262853756753 0.00027663721398485386 1.633992085979918
920 0.9995297902305563 0.0012588803748916355 0.0010058898155560492 1.6340237170773395
925 0.9992229465244116 0.002520259181518547 0.002213437203343105 1.6339171386302969
930 0.9996519465878039 0.0008030580374711604 0.00299784416582205 1.6336834646516385
935 0.9995893516818588 0.0010142839492714995 0.009679619723504507 1.6337881394063505
940 0.9995584256905243 0.00114592840699701 0.0008961907913471734 1.6338405929202167
945 0.9996258536644503 0.0009194579751272691 0.0007461267045201225 1.6335312828107071
950 0.9989500697442766 0.00349124497818476 0.00220557316121317 1.6338688435750928
955 0.9996149236051524 0.0009416726529474229 0.002220951121404857 1.6336666661468369
960 0.9996567350012522 0.0008094163004532806 0.00013834014761004987 1.6336719230800139
965 0.9995308531052863 0.001261735931724628 0.0018715587668722833 1.6337218304689614
970 0.9989045110904857 0.003837603618830343 0.0012415647491477166 1.633882073738016
975 0.9994757301580071 0.001500576473685511 0.0026031157278338934 1.6339599770469315
980 0.9995218242564949 0.0013776173885102772 0.0017963925759085786 1.6341715221407378
985 0.9996713802043491 0.000770766330313144 0.0017094105601391796 1.6337631054414568
990 0.9971277235465484 0.010645178149748524 0.005685527803252821 1.6336371031868677
995 0.9996667485899821 0.0007973770334208652 0.000600159824132751 1.6340099919321667
1000 0.999062200681992 0.0031086557824890892 0.004934741116257246 1.6337208009458883
