0 0.5781145110409718 1.163459128837255 0.27987887564899294 0
5 0.8044022349106638 0.5351963968880291 0.11512794307537066 2.3036931732112413
10 0.9388166891781258 0.14086378295683355 0.005668735111189704 1.828024176375822
15 0.9675693273236318 0.08960904596005026 0.00529861105398699 1.6927190916398691
20 0.9705621963831519 0.08808852260121336 0.014510489241739144 1.685348724594911
25 0.9715926138803296 0.08818678579886163 0.01904220598937756 1.6830750451785637
30 0.9719070434340575 0.0875531512281773 0.019487852718124143 1.6816254220467652
35 0.9724825283263336 0.08631564421174387 0.030685993570447545 1.680572566664333
40 0.9728061139500487 0.08559467809587962 0.01573782271500246 1.679584578439638
45 0.9728305219092817 0.0852149297295206 0.020058679772633647 1.6788125675814825
50 0.9733527568599059 0.08357942980410193 0.022155085158943155 1.6779906646278766
55 0.9735609545478272 0.0829086747648411 0.020432413672679228 1.6771772382084849
60 0.9735622450600333 0.08287305871280148 0.0213693265809467 1.676467998771055
65 0.974072720271746 0.08126804374142105 0.019760796416181226 1.6756395022783337
70 0.9727592033023027 0.08533556672216669 0.028291283835438108 1.6750164272434835
75 0.9743214535335744 0.0806679477592509 0.009968318237411733 1.6744720354659341
80 0.9748224778716887 0.0788859231874004 0.007738641050653694 1.6737472339851334
85 0.9750235307170364 0.07812777473931787 0.012508467092778641 1.6730533962426586
90 0.9752976097048227 0.07738972937664812 0.020489463799509444 1.6725392196426798
95 0.9755538267994078 0.07665704347318858 0.017083079058435757 1.6718922894812946
100 0.9758068936030737 0.07581060487947222 0.016630081528195895 1.671236063258688
105 0.9760260137227725 0.07522323350118754 0.02157884281630107 1.670549408003081
110 0.9763476430998088 0.074121221107327 0.014243809633423199 1.6698969053355628
115 0.9766422446623395 0.07325222415553378 0.015082609526378521 1.6692230688877308
120 0.9763752641374017 0.0738538809525704 0.013816745214842552 1.6683747225312422
125 0.9772079668425078 0.07153096918099378 0.014679097175994915 1.6679617802945947
130 0.9774819714426397 0.07065218955980912 0.021332627914332658 1.6669184186150576
135 0.977861446107492 0.06997353913505 0.013861387381143953 1.6662566313342304
140 0.9782598822917286 0.06856804204795863 0.025731182260141816 1.665333831837802
145 0.9783280356824942 0.06795713130122172 0.016246709520103098 1.6645056130239684
150 0.9789653578745549 0.06626183628427129 0.007816890414495292 1.6636387595411575
155 0.9792133722704672 0.06550449730671204 0.020008854561378575 1.6626356588186129
160 0.9799386735039751 0.06340394967801699 0.016592096444091986 1.6615875673312792
165 0.9804160681113558 0.06219868107591209 0.023861314299150393 1.660327780439297
170 0.9809153632585008 0.06077636536137043 0.003991728312995768 1.6595977389416856
175 0.9815320222084534 0.05884389531752898 0.01980467801350505 1.658360033373506
180 0.9821088172930214 0.05714014005926216 0.013250501658068625 1.6571916506702693
185 0.9826737419700503 0.0553527458737304 0.001590197601545551 1.6560911273287655
190 0.9829592924218028 0.05448485290172167 0.007662838841685282 1.6546332188667052
195 0.9838220518098797 0.05216114284697326 0.013121339213705951 1.6533356471590595
200 0.9844889157178329 0.05053218483664157 0.011790464820503388 1.6521622358314396
205 0.9852708905031686 0.04812461160903436 0.0022447879571574347 1.6507793660712076
210 0.9857537666910923 0.046868533727212114 0.011818012007435374 1.6495495637345605
215 0.9865394215402357 0.044796306618522186 0.002900143035104774 1.6483235864815118
220 0.9869044041377834 0.04411717954533301 0.012801219584259949 1.6471557474415988
225 0.9878847640072614 0.0406160997420304 0.0025465929697887635 1.645957535158592
230 0.9885616420585742 0.03866225926210598 0.00938795508948198 1.6447270729195993
235 0.9888721652771116 0.03829947241239062 0.005503370837626864 1.6435633196655741
240 0.9895952149149508 0.03591740394151244 0.0034492265480132733 1.6427496301065323
245 0.9900506391491475 0.034807014065298514 0.004145783755201693 1.6421157882887065
250 0.9902757069626348 0.03464475972102177 0.0011888803645609958 1.6410706959416579
255 0.9910061396905867 0.03189801771491929 0.003953973928543464 1.6403121672228322
260 0.991256484238729 0.03162759488510325 0.004791508912355358 1.6395729014972733
265 0.9916133554575371 0.030518569796294193 0.005151155783927219 1.6393688412423142
270 0.9915151889203075 0.03129970429843576 0.006119182924991584 1.6389563985496762
275 0.9920511226950501 0.02920829818085613 0.009785428688622755 1.6384270396573175
280 0.9919183614080027 0.030245289094866568 0.00031207867991578375 1.638078207917829
285 0.9926700851235722 0.02769689641342543 0.004417183008251557 1.6378268781644252
290 0.9929155528964121 0.026916677746349427 0.003886639531540226 1.63711774438866
295 0.9926785072862714 0.028004586132452047 0.002808665122011389 1.637275828458818
300 0.9931305706156329 0.026362901094250768 0.0034684046634634313 1.637003163764135
305 0.9934692409224466 0.025262100424762846 0.000503539190308322 1.6365549646482342
310 0.9935043026910702 0.025242566242412945 0.002459587253008655 1.6363138186242066
315 0.9936802788439658 0.024710770071637356 0.004818443272489148 1.636220442557081
320 0.9926770234759672 0.028780238813771453 0.0032568592973793997 1.6358936326013096
325 0.9938478039123944 0.024214352227761582 0.002031017767053278 1.6357509603895986
330 0.9937721319045949 0.024732796098384302 0.000928923157968109 1.6360964120318355
335 0.9936788554483571 0.025069953833509517 0.002088547003372465 1.6359236220020938
340 0.9942023454508087 0.02316381563348857 0.003117638682024193 1.6359461240122588
345 0.9942683589661865 0.023004727046203488 0.002643491909812834 1.6359244372526363
350 0.9943325731491097 0.022806727127936854 0.0022375593315175912 1.6353828382655606
355 0.9940174959868346 0.024089991783408315 0.0020430159067867937 1.6353444657298062
360 0.994480858873556 0.022288971075418385 0.002559557847778393 1.635278524327048
365 0.9930743037668746 0.02802659821677045 0.0065132673992840395 1.634933547501086
370 0.99442067505031 0.022677130250281063 0.0019506190027738235 1.6349643423060147
375 0.9929589349696266 0.028277472893456057 0.0028878859429279924 1.6352780003790004
380 0.9939359696753365 0.024678864143807377 0.0069402425690987535 1.635364082732987
385 0.9938184759427311 0.02514919099452184 0.0009714970677294765 1.6352133100855415
390 0.9944101511387857 0.022998793796838557 0.0005820475243010215 1.6351489179630638
395 0.9940220229439525 0.024529633727132794 0.0022602329777499097 1.6350787953653614
400 0.9946678330650691 0.022081218346124976 0.003410068602562877 1.6347750781034165
405 0.99438734028183 0.023227123579114828 0.007389716551786885 1.6349193862885705
410 0.9948411244467221 0.021350682553225697 0.0009853688078911294 1.634912491736502
415 0.9946596059233201 0.02217156719584934 0.0022794808980459713 1.634832546935782
420 0.9947148327051194 0.022058782487984097 0.000760089960837762 1.6350590439646806
425 0.9946805398855556 0.022204429009992754 0.0009098894282206782 1.634263127337811
430 0.9946348757284351 0.02251872177819525 0.004721852305650476 1.6347371711244887
435 0.9947514733026089 0.021968307087212535 0.005856093725742362 1.6351513261757338
440 0.9945534255075303 0.02260951303026726 0.0002244156231649974 1.6350992782168445
445 0.9946087521610896 0.022603822940945095 0.004112062209330913 1.6347958528754305
450 0.9949210298101056 0.02128252504069139 0.0017228336412378198 1.6342963036270926
455 0.9949804185338876 0.021057601261717407 0.0010038431075027887 1.6345800694729928
460 0.9949219398638309 0.02131034410107402 0.0009782415817700674 1.6347882199600443
465 0.9949459335818285 0.021294859862752258 0.0006248406028275255 1.6345950160985319
470 0.994800930026217 0.021907383881960563 0.003990400114033177 1.6344140338061715
475 0.994435961883898 0.02335002883166082 0.007232531118097185 1.6345728814169411
480 0.9947794549469324 0.022023601553083694 0.0010762684318958993 1.6342962949135218
485 0.9941115490315191 0.0243978585737743 0.004038033726194268 1.6344490332795183
490 0.9951497897620689 0.020452706455763137 0.002032144452682294 1.6343505488491448
495 0.9950152652405522 0.02106340595215417 0.0012750280582443096 1.6346605267262413
500 0.9962857226611668 0.013817250085851551 0.0021705259115820663 1.646734162507753
505 0.9982715347444987 0.00440863919664225 0.0030000832132834887 1.6368800796340193
510 0.9984425941024316 0.0037166010502129865 0.0078486234749362 1.6364489369864013
515 0.9987718923825462 0.0027641132059215145 0.0024773305929226552 1.635635221520906
520 0.9989219120187035 0.0024081139952711883 0.0004897294519938811 1.6353013503776537
525 0.9988846654787245 0.0026271678801836895 0.002186787398247292 1.6352503275092456
530 0.999027122329055 0.002301465870736763 0.0028832314045554863 1.6350287071176897
535 0.9990662017976251 0.002199214635979274 0.0020433514859916624 1.6350973207097064
540 0.9968746808674718 0.01040418359534323 0.0023696486346802548 1.634832107919628
545 0.9992115459432456 0.0017716718753710836 0.0003539582494831439 1.6347123375713253
550 0.9988254439388032 0.003209937946395902 0.00424888372561294 1.6350445743404196
555 0.9992666759036621 0.001613275333853803 0.001715699419607919 1.6349919264916224
560 0.9992616844724567 0.001688487701348551 0.0010417918605645227 1.634641746118558
565 0.9992985361460187 0.0015937195076325406 0.008660748938583263 1.6340397541927114
570 0.9990433818972007 0.0026393849635761857 0.0011414623247774092 1.6344275939957462
575 0.9992064829855227 0.001983956865117653 0.0023862165328631946 1.6343038402230488
580 0.9993439516045629 0.0015696349004974408 0.0001864937597761962 1.634337605124142
585 0.9993946612134779 0.0013595122465948073 0.0016749416201899958 1.6347467336917285
590 0.9982546705168636 0.00597526512484059 0.001526737590455074 1.6341293655151137
595 0.9991452432216621 0.002323406463167421 0.006722404259084325 1.63435729018751
600 0.9994265837125642 0.001290125105082307 0.000948111323565648 1.634846855152024
605 0.9994207938328483 0.0013250712581629465 0.0013528795508925828 1.6343330097537647
610 0.9993103870204065 0.0017478962133781195 0.0024361576284768205 1.6345683668455002
615 0.9991029177410826 0.002657103403773675 0.0012943105523544052 1.634243299753591
620 0.9994788377204316 0.001154974461068825 0.0006543151417968129 1.6342512248513037
625 0.9993846768186112 0.001582053184033816 0.0027674632496754725 1.634192743971121
630 0.9987979465186146 0.003935830326212919 0.004624666714230674 1.6342687963148403
635 0.999006524889918 0.0031182354337928597 0.0005150808378706628 1.634095820213902
640 0.9989255392041803 0.0034701036569935173 0.006968968305127721 1.6345407724944698
645 0.9994985271860033 0.0011920064374262296 0.0019258511059687677 1.634354225380562
650 0.9991862430683898 0.0023439754667879953 0.0022026467073865685 1.6345298808280058
655 0.9995097085219156 0.001152041351172306 0.00034388911661253907 1.6339373176706764
660 0.999403849712071 0.0015454873410016834 0.0011355314983714226 1.6346832150582464
665 0.9995542821476359 0.0010062216113611022 0.0010628963430800997 1.6343056632025041
670 0.9994059871542562 0.001568474837041478 0.001559488102337303 1.633759452281318
675 0.9994954699279547 0.001227737963739317 0.00023062771922788272 1.6342362147531566
680 0.9995518044396747 0.0010600748690754447 0.0006784716663510437 1.6341084102712262
685 0.9995234523553231 0.0011368648870260234 0.001245696860993739 1.6341760612973186
690 0.9994791019697529 0.001326412856013981 0.00020759681035720234 1.6342343410940452
695 0.999576337889257 0.0009697470225951133 0.0062168979299059846 1.6344667517097553
700 0.9995106817979729 0.0012555927600963468 0.001571298171360258 1.6340701869585537
705 0.999430526766662 0.0015708660781856842 0.00034868823692413287 1.6341959613207704
710 0.999190971334858 0.002551046559783998 0.006112070776508105 1.6344800132955455
715 0.9994140095625575 0.0016823276860784553 0.0009812856786486357 1.6339352222421453
720 0.9995217675800889 0.0012019646023679886 0.002582045431551494 1.6341274323812605
725 0.9993297902961293 0.0020445637232984204 0.005319067871198291 1.6341788066336307
730 0.9995583679897571 0.0010879634130107618 0.0020184936405611698 1.6341082649503513
735 0.9993530451515948 0.001955058960984024 0.0027373797732019867 1.6342365656602038
740 0.9989379911344678 0.003611381352415677 0.007895034151469194 1.6339539084328871
745 0.999506190162271 0.001305954588084468 0.0015067556230796697 1.6336993809475957
750 0.9992826106332519 0.0022658611357599945 0.0019038560785493708 1.6340355074139459
755 0.9993354873412736 0.0020620530661981107 0.0013079705843768163 1.6338169383253376
760 0.9996189225585879 0.0009017738980841017 0.001936259810924268 1.6340136578999387
765 0.9995905010543253 0.001004114875135187 0.0025577029009182795 1.6341467241758492
770 0.9991701764765628 0.0026159813897421724 0.007001009094370625 1.634101152184628
775 0.9990596124618855 0.003051409053284271 0.0030757547636690585 1.6342204550474293
780 0.9989323159471322 0.0036850135022210573 0.003884537839016433 1.6334698729492956
785 0.9995768380199812 0.001065393563756345 0.0002286329020602107 1.6338034484278157
790 0.9994211844829137 0.001762376365982199 0.00011633282189671412 1.6343177137761173
795 0.9990541442996154 0.003097129429460166 0.0015999040566048173 1.6337400666762654
800 0.9996365525964718 0.000861366851344636 0.0004412782168827789 1.633644846716162
805 0.9996695886792087 0.0007411614019914303 0.0005007520859017234 1.6338774148486774
810 0.9993040942839188 0.0022652097967919005 0.002837074839499465 1.6335543571478426
815 0.999122275608656 0.002863410337218486 0.004162790490900958 1.6336329051923937
820 0.9996190724916263 0.0009764312884013027 0.0021610357567389826 1.6340950229928446
825 0.999468737824046 0.001534710416923879 0.003010369032520277 1.633660537484066
830 0.999066780078985 0.0032203731845543704 0.0038894428812026316 1.63361603566563
835 0.9996284825620093 0.0009621994758592933 0.0029095371630467604 1.6337432790831234
840 0.9994644600450214 0.001608484151566003 0.0025047469016403756 1.6338753454681822
845 0.9994150865854046 0.0017423502490170328 0.007073053925684469 1.6341931906323337
850 0.9996514192294638 0.0008711236036718084 0.0005846427836524448 1.633522448032706
855 0.999407662881122 0.0017845639212792364 0.008134210200049008 1.6336916601647262
860 0.9997039362804484 0.0006562185517544616 0.00021579579603736576 1.6336495786518994
865 0.999377326633105 0.0019044771332210608 0.003507607412532643 1.6337743170553563
870 0.9996902882968648 0.0007232823023388679 0.0006557522284560413 1.6339974423998358
875 0.9986754224353961 0.004646930027692564 0.0007712473121461727 1.633642327726453
880 0.9984281167424884 0.005771237857552292 0.002421109987415404 1.6337742195876677
885 0.999569145677886 0.001176745287560399 0.0012422742491526861 1.6335152125101096
890 0.9986943046721704 0.004586167412121034 0.0007092360160154687 1.6334591411454569
895 0.9994941418742129 0.001555961195857325 0.0005141174300407059 1.6334009873432982
900 0.9995064780977903 0.0014927675664131446 0.006753083054148679 1.6338749250691165
905 0.9993713254635674 0.002025995345874332 0.00084198283158754 1.6337685620586995
910 0.9996385418283114 0.0009341704969281217 0.0015724412782089914 1.6338746741239012
915 0.9997053872800405 0.0006845526336469732 0.001514673411915357 1.6337268646381302
920 0.9993850637165885 0.001927879116832898 0.004548494579410756 1.6334127082570766
925 0.9994996334064088 0.001543484266273376 0.0026332342488093463 1.6334627642605681
930 0.9990499217628073 0.0032270062809407474 0.0020751957116411646 1.6336236227023226
935 0.9993571270432262 0.0020371048795453373 0.005207119310962183 1.6336734719844708
940 0.9982189360230143 0.0066702393124249415 0.005748012791165991 1.6335075897019493
945 0.9996628600853339 0.0008968762842465061 0.00032864324473536044 1.6334393381517305
950 0.9996786132866537 0.0008071325046907774 0.002478195377138004 1.6335839431266896
955 0.9994042476585683 0.0019403137492206568 0.0006132542335941515 1.6330055181616847
960 0.9996264943877623 0.0010508255845831371 0.0008428591899356519 1.6334566784446292
965 0.9981172051245712 0.007101019371816619 0.006261913951779663 1.6333309532498808
970 0.9992685876336681 0.0024025887285141767 0.0017609755464840227 1.633693539570405
975 0.9986282100249809 0.004911357902775304 0.009516619699004858 1.6330956085661614
980 0.9969717835298824 0.011384258948212267 0.008498539962367824 1.6334842802355671
985 0.9997110326209918 0.0007156624707125303 0.00046696549595148795 1.6335167257734704
990 0.9996865189053161 0.0007970932466521141 0.0013883610928226986 1.6336338911815707
995 0.9995019234148679 0.0015733617821691581 0.0024304245813264735 1.6338510491494367
1000 0.9994189517436786 0.0018991391112437306 0.002671195414476246 1.6335519409515813
