0 0 0 0.32891688297343014 0
5 0 0 0.006210173785838213 21.442894045728202
10 0 0 0.010793857306555577 21.287478845522777
15 0 0 0.016989790401579885 21.221612000230092
20 0 0 0.017296911777553214 21.163254433647797
25 0 0 0.015301748801058945 21.111582644074982
30 0 0 0.016463395551952642 21.067020790678967
35 0 0 0.01378770877789659 21.022465645255433
40 0 0 0.021259289004634363 20.985850275515574
45 0 0 0.014253926592310506 20.949601670881524
50 0 0 0.01695678823086655 20.92919270960956
55 0 0 0.017989793928790965 20.900083622400235
60 0 0 0.02235013433226407 20.889440084543946
65 0 0 0.023411932922598133 20.870522064508556
70 0 0 0.023093239353523254 20.856806921216297
75 0 0 0.02406737469699749 20.856905040191577
80 0 0 0.0248422917421538 20.84296686751082
85 0 0 0.023296487779991493 20.826474488909895
90 0 0 0.023433996656630818 20.814300865453433
95 0 0 0.023883883274172568 20.816397936555
100 0 0 0.02138354432792866 20.81194280089809
105 0 0 0.019243218544588547 20.803071028384853
110 0 0 0.02263451702871655 20.81829014873805
115 0 0 0.02110292140400838 20.811056497073466
120 0 0 0.02301874266463355 20.80029773752662
125 0 0 0.026090671213450767 20.79285244891867
130 0 0 0.02467369269958186 20.79150714431017
135 0 0 0.025457351112913473 20.79628469524593
140 0 0 0.02400782334806051 20.78634717503069
145 0 0 0.025732774837233352 20.795558345398117
150 0 0 0.02268035198649465 20.787885508416128
155 0 0 0.022958135973624394 20.78811392033573
160 0 0 0.021743448177633296 20.78396816068955
165 0 0 0.02450504165468459 20.78551913585754
170 0 0 0.02371041569985466 20.791301382548472
175 0 0 0.024142743131702504 20.78492860834428
180 0 0 0.024295393740285 20.781205554336726
185 0 0 0.020857864045983998 20.779950247127818
190 0 0 0.023896032565126735 20.779892867658283
195 0 0 0.021018416147307484 20.785615072359096
200 0 0 0.02398740292665802 20.774874229003895
205 0 0 0.022018447512340167 20.77647766380342
210 0 0 0.026409164539289876 20.7782379491302
215 0 0 0.024270393209807395 20.7733682807882
220 0 0 0.02485812251491959 20.778727716513487
225 0 0 0.023942470936352045 20.77527215451265
230 0 0 0.02020271247799399 20.777663632559282
235 0 0 0.025245348602780826 20.776482293262244
240 0 0 0.02281682011557251 20.773765256168666
245 0 0 0.02482642945058866 20.77622932479371
250 0 0 0.022554299291834612 21.019165763491145
255 0 0 0.01840929875526065 21.01381492112698
260 0 0 0.020303596661199963 21.005798163952303
265 0 0 0.020915195897425187 21.014782923952275
270 0 0 0.016063330942518883 21.011822950728405
275 0 0 0.021150040371064938 21.00572944361793
280 0 0 0.01868406510533749 21.007089805067544
285 0 0 0.019423843899318394 21.005036115556276
290 0 0 0.020809036998871377 21.00734566857661
295 0 0 0.018748465147647275 21.00231489459829
300 0 0 0.017707678111722913 21.00481510211369
305 0 0 0.02025222126257953 21.003603984432043
310 0 0 0.020335920659671602 21.003610160727966
315 0 0 0.020486983323522612 21.00798067727038
320 0 0 0.018389453942339484 20.999001009309982
325 0 0 0.01836464849742825 21.000005241192653
330 0 0 0.020628138289899622 21.002081168158224
335 0 0 0.02113530653046425 20.99647618026513
340 0 0 0.01930800623370832 21.00020736847169
345 0 0 0.017169141178273506 20.997327016388894
350 0 0 0.01971160615936718 20.99739595067826
355 0 0 0.01955431854445444 20.995835560889713
360 0 0 0.01789735645278867 20.9923301765608
365 0 0 0.02090593404004526 20.992767061909543
370 0 0 0.01811014598742755 20.99090775672497
375 0 0 0.019731553999397633 20.9906881915971
380 0 0 0.01959227492711557 20.988442029959284
385 0 0 0.018472588462984163 20.98845261170074
390 0 0 0.017775136561688498 20.985071766256304
395 0 0 0.01696934545712292 20.98174871654825
400 0 0 0.018746626624574603 20.982216838162834
405 0 0 0.019435691059287885 20.979171852461892
410 0 0 0.01963115597933407 20.977719537744434
415 0 0 0.021325174404690728 20.977046212883856
420 0 0 0.019515957212596247 20.974297979113036
425 0 0 0.022380449561478333 20.962641678485554
430 0 0 0.01914166024397801 20.96164765780945
435 0 0 0.022266600199453812 20.95620920849641
440 0 0 0.020760262248419536 20.94460451985323
445 0 0 0.01838970277106622 20.938615676342177
450 0 0 0.019862149256438144 20.921408817586375
455 0 0 0.020272579489547082 20.922145487945357
460 0 0 0.021209918634423897 20.90897838033487
465 0 0 0.01669516855535047 20.907603690073064
470 0 0 0.019445845391464767 20.89184358741146
475 0 0 0.02032501669341147 20.899375862981064
480 0 0 0.02180503001897849 20.880219726472713
485 0 0 0.018586923763508345 20.888090891991933
490 0 0 0.022303257804201948 20.87997913904867
495 0 0 0.021856159843757883 20.867409038107507
500 0 0 0.021906324556691725 20.86108011514564
505 0 0 0.02222988339252452 20.854469922670297
510 0 0 0.021077434300271314 20.85035567233811
515 0 0 0.021341226236156308 20.84018519654464
520 0 0 0.02036698537525794 20.843654748550016
525 0 0 0.02137350144119443 20.830505521657905
530 0 0 0.021988127557106774 20.83252714046229
535 0 0 0.023425872022302396 20.823852959553623
540 0 0 0.022237817023817996 20.823465081726734
545 0 0 0.02441355272653345 20.822566890910803
550 0 0 0.02106688352563335 20.8134899695819
555 0 0 0.022174436847870238 20.808693766978458
560 0 0 0.025332680684366338 20.81618562040687
565 0 0 0.023980515864263197 20.802208900581444
570 0 0 0.025740266072293405 20.791444965708656
575 0 0 0.020628278511266585 20.790338214639956
580 0 0 0.02456590658437996 20.791850558357865
585 0 0 0.023185486027892166 20.7774573236519
590 0 0 0.02545656740191493 20.78302192920729
595 0 0 0.023434202692732775 20.776918127010955
600 0 0 0.026349517934045386 20.776023326660148
605 0 0 0.021936466213579253 20.769874483295116
610 0 0 0.022112676552486388 20.767040149790954
615 0 0 0.02225057727595936 20.76975384560223
620 0 0 0.022997632229699194 20.767267125841435
625 0 0 0.02210424321532778 20.769564194506867
630 0 0 0.022361954353955715 20.76722502651301
635 0 0 0.022581301745606908 20.756003866995588
640 0 0 0.021928370132993757 20.75837242485295
645 0 0 0.022707168839771974 20.758819558843943
650 0 0 0.023209887961264997 20.76011509014544
655 0 0 0.023806784936994063 20.755234713585022
660 0 0 0.025330921935335926 20.75387306202841
665 0 0 0.022458841119673778 20.75060280344801
670 0 0 0.023647056793106636 20.750426604854557
675 0 0 0.024656296778307052 20.75529843971445
680 0 0 0.02451041984859792 20.742549372310915
685 0 0 0.024033926696390928 20.74484221822171
690 0 0 0.023624667107865926 20.752171909888908
695 0 0 0.024052383237891384 20.7469226609783
700 0 0 0.02471889617916201 20.743953901948288
705 0 0 0.026931152554548365 20.742609017152244
710 0 0 0.024649441422865292 20.737986825074344
715 0 0 0.02560026290277362 20.738642003791917
720 0 0 0.02320817469823666 20.745428068205502
725 0 0 0.02120738208241435 20.738525822454168
730 0 0 0.026433738655552208 20.738652459634796
735 0 0 0.025623628376044927 20.735325516490434
740 0 0 0.024420178172221085 20.738398462367744
745 0 0 0.023154433739438263 20.737461106261616
750 0 0 0.020289200262971985 20.730690763350548
755 0 0 0.024707620237550465 20.736581456646505
760 0 0 0.025756953784420666 20.73746594089671
765 0 0 0.023940861467000474 20.73437260363802
770 0 0 0.025300103454628742 20.73193098399986
775 0 0 0.02502886389227199 20.73574989425047
780 0 0 0.024620316340504766 20.743653158924747
785 0 0 0.025025644067687036 20.732162404210104
790 0 0 0.025878437031703783 20.72981533299587
795 0 0 0.025006942954424183 20.730390188594306
800 0 0 0.02420684481546198 20.734985534541703
805 0 0 0.02477955766588691 20.732116231716773
810 0 0 0.02462050952951511 20.734417293283876
815 0 0 0.02235676347712312 20.72635348997253
820 0 0 0.023649887640619704 20.730090368619532
825 0 0 0.025596398231386264 20.726984781652007
830 0 0 0.026256712055897635 20.72999784952578
835 0 0 0.024987836813273878 20.725403805595665
840 0 0 0.024914704757677875 20.724665688126642
845 0 0 0.022083455203631086 20.728526262148062
850 0 0 0.026174074281516857 20.725152544196213
855 0 0 0.024167510528642078 20.726200238307648
860 0 0 0.023721762312995942 20.724233901046397
865 0 0 0.02395853119078506 20.724991798395454
870 0 0 0.015362130876397151 20.72421712259932
875 0 0 0.023416199603561783 20.72631493931168
880 0 0 0.02530771012233135 20.73965783223098
885 0 0 0.0249457048262125 20.726023020025
890 0 0 0.024990098056811183 20.726546849268203
895 0 0 0.0259360329734597 20.722948182113736
900 0 0 0.024612416381525337 20.722300285915143
905 0 0 0.024316176479414198 20.721386640104598
910 0 0 0.023864904470290327 20.72475619693583
915 0 0 0.024544073263898625 20.724443041474004
920 0 0 0.025245107084690854 20.723778658157524
925 0 0 0.025647726005948224 20.722685271795058
930 0 0 0.025014788423564305 20.723099497397524
935 0 0 0.025923340846988552 20.72248416284028
940 0 0 0.02475586857942358 20.720474360128698
945 0 0 0.024407205356225647 20.734981762467008
950 0 0 0.024208083198276054 20.72138202556506
955 0 0 0.025411256389651804 20.721105007842812
960 0 0 0.0249821469828726 20.719793878542514
965 0 0 0.025729013593707162 20.72652534659746
970 0 0 0.022092916960662734 20.72137548525073
975 0 0 0.02513293812481332 20.72200264608283
980 0 0 0.026453990646738035 20.72091687327713
985 0 0 0.023738181264310265 20.718287635583646
990 0 0 0.025159932803055618 20.72273111060592
995 0 0 0.024122694013558377 20.717968174734228
1000 0 0 0.02549615062730104 20.719616796720807
