0 0 0 0.3335502214108087 0
5 0 0 0.011804293208274919 21.44397543517579
10 0 0 0.009976678972067887 21.285224177425118
15 0 0 0.013873468970642122 21.207729320744196
20 0 0 0.010442515619701886 21.153505856401402
25 0 0 0.012083239430351611 21.095449685604436
30 0 0 0.014304277950581756 21.044140686452394
35 0 0 0.01761285012708136 21.012449335240763
40 0 0 0.02241717115962616 20.97391966323844
45 0 0 0.01773571082521741 20.93451235212185
50 0 0 0.022011784100779863 20.91495390525725
55 0 0 0.018649487015587773 20.879891005956505
60 0 0 0.02228424017279984 20.880277527140006
65 0 0 0.022421106916684863 20.852024385748965
70 0 0 0.021280659147956182 20.845463942487378
75 0 0 0.023394361697862243 20.849726504235047
80 0 0 0.01948320184035257 20.826028371151427
85 0 0 0.021033624729982492 20.833718926904254
90 0 0 0.02510721042134101 20.81713268167814
95 0 0 0.022218391605392185 20.816367352823917
100 0 0 0.023937467639709276 20.801790881138572
105 0 0 0.02268615932422957 20.810779505553306
110 0 0 0.022163898944249194 20.802427084252646
115 0 0 0.0222443147425615 20.796303311880592
120 0 0 0.02267801137611869 20.79859164750681
125 0 0 0.02461055107324328 20.790021902493308
130 0 0 0.024393550667128894 20.789580780589336
135 0 0 0.023751311384698548 20.793473673674193
140 0 0 0.022390411742535532 20.787049283694245
145 0 0 0.02222654761036158 20.78773909548011
150 0 0 0.02131023392136444 20.785345051423647
155 0 0 0.021509435210127492 20.784903846411062
160 0 0 0.02069486391634845 20.781273561515814
165 0 0 0.02386574164366362 20.77814469198659
170 0 0 0.023327302219550372 20.782853287679096
175 0 0 0.024939330531805304 20.776783848733206
180 0 0 0.023430142776384333 20.78119993287636
185 0 0 0.02298850627566207 20.776703609144388
190 0 0 0.023388155560456036 20.77787845610511
195 0 0 0.02346763100174054 20.78011214402221
200 0 0 0.02345845037041938 20.77479057148893
205 0 0 0.025188400533858735 20.774890864925773
210 0 0 0.024081981979695577 20.776043165810755
215 0 0 0.024194940267944 20.776866494421792
220 0 0 0.024087370995308 20.771292928900994
225 0 0 0.023138577509165703 20.772569198310592
230 0 0 0.021298069859680302 20.772434795997643
235 0 0 0.02557019291995566 20.77197623566337
240 0 0 0.021508736617402713 20.77259528573761
245 0 0 0.023115779765755518 20.77169829609586
250 0 0 0.01752332156500902 21.015228699444865
255 0 0 0.019243523273309693 21.005503289891784
260 0 0 0.020084579343501607 21.00996670999125
265 0 0 0.019925609810417244 21.008489479748494
270 0 0 0.019154972620528232 21.00479564547119
275 0 0 0.020500228100477358 21.00281779878461
280 0 0 0.01725841603333511 20.99813559612745
285 0 0 0.019915602645334873 20.997162698312184
290 0 0 0.020267805068331146 21.001041735034374
295 0 0 0.020538629148025844 20.99848719617416
300 0 0 0.01903632197702354 21.006451929143427
305 0 0 0.018764695018181454 20.996811461922096
310 0 0 0.020166667095798285 20.993919337062017
315 0 0 0.019345679657273074 20.99011291909416
320 0 0 0.020549937265594842 20.98742855065273
325 0 0 0.01962702986279563 20.985322065521846
330 0 0 0.020905468190870913 20.984309785312977
335 0 0 0.02008270602323825 20.981295787362043
340 0 0 0.017511126094771123 20.980915505198045
345 0 0 0.019989073133447333 20.981838306093714
350 0 0 0.018750163230399464 20.9768981416469
355 0 0 0.017688679411139052 20.97636580967816
360 0 0 0.019950319593512678 20.97321638810053
365 0 0 0.020203726206980077 20.972167413305687
370 0 0 0.01813887143179249 20.96514765604168
375 0 0 0.01993812066763656 20.963302293359746
380 0 0 0.02244072568218569 20.95478170578782
385 0 0 0.01787768477029772 20.944373830958742
390 0 0 0.020043554589976198 20.940135779323484
395 0 0 0.01900569501763716 20.93322467205526
400 0 0 0.02102203026553373 20.936034953770537
405 0 0 0.021579861493213892 20.91254534344796
410 0 0 0.019216531241601276 20.91279195170825
415 0 0 0.020988369343118096 20.91202485245565
420 0 0 0.019311418022204485 20.89440387129197
425 0 0 0.022246636231804118 20.886374389041965
430 0 0 0.0204833099384103 20.882838454914463
435 0 0 0.023863766316552848 20.877655060757224
440 0 0 0.02294781992034034 20.869986456360554
445 0 0 0.017426075649387807 20.85861657899778
450 0 0 0.020937477949218852 20.847115392103415
455 0 0 0.021598513929850016 20.843116341897748
460 0 0 0.021359756675598307 20.837197901497674
465 0 0 0.02039805134017203 20.834139120458598
470 0 0 0.01973570189642082 20.84086516724301
475 0 0 0.02056640038053903 20.822487000853766
480 0 0 0.023466748149142624 20.817044935751753
485 0 0 0.02061296408630131 20.806274959760735
490 0 0 0.024034684294228725 20.811730459030738
495 0 0 0.023727397374633696 20.80020853423233
500 0 0 0.025380038581415576 20.80735687514095
505 0 0 0.022729366479404378 20.800298454333497
510 0 0 0.022301653041148617 20.78836322204955
515 0 0 0.02359267840490764 20.783692117784838
520 0 0 0.02236850487304043 20.780472526821942
525 0 0 0.020937577612450742 20.781380549909116
530 0 0 0.023298326539795022 20.78391202774323
535 0 0 0.02324078491142778 20.770100645142833
540 0 0 0.02554149215669077 20.766017294162033
545 0 0 0.023768498115225967 20.779464176211786
550 0 0 0.023359467156469194 20.763464884226256
555 0 0 0.02453658792501745 20.76364481987633
560 0 0 0.024288693905784253 20.756834075828024
565 0 0 0.02623762008606767 20.763774562311006
570 0 0 0.02542403922736658 20.764027983540842
575 0 0 0.02326469238466844 20.756599644551866
580 0 0 0.024776202547113213 20.753228240333755
585 0 0 0.02474791848883373 20.75536615796062
590 0 0 0.02389902353897755 20.75102981887237
595 0 0 0.02544780466726615 20.75284779249926
600 0 0 0.02637628808836201 20.74809176895472
605 0 0 0.024364554184216347 20.750465520765214
610 0 0 0.024104113982105435 20.75204270671444
615 0 0 0.02598090545775733 20.745575998745895
620 0 0 0.02607544462308775 20.742641467895083
625 0 0 0.024292581867779717 20.746118148058745
630 0 0 0.02435880938616175 20.74131811552767
635 0 0 0.02599441607824815 20.743314865191664
640 0 0 0.023592397295963075 20.742142515087547
645 0 0 0.024896087444990833 20.7434007022147
650 0 0 0.024858562645392546 20.74188575416653
655 0 0 0.02473770735708203 20.74018790311152
660 0 0 0.024221213243889483 20.73739813278611
665 0 0 0.02348288334421955 20.74200029366117
670 0 0 0.026032562816970417 20.734628959383805
675 0 0 0.025068062891604903 20.73645795126297
680 0 0 0.025104816627709026 20.733935037658597
685 0 0 0.0241679661216736 20.732260271655495
690 0 0 0.022275680535083886 20.734467154998814
695 0 0 0.024552380888378078 20.737529058732147
700 0 0 0.02500963446785809 20.735376872493347
705 0 0 0.026978845959442666 20.734955411790775
710 0 0 0.024844685696842284 20.730396389982015
715 0 0 0.025240940747126128 20.733788245095173
720 0 0 0.023525642807087133 20.7358716403303
725 0 0 0.023453528063643425 20.732303072724477
730 0 0 0.02302918168863677 20.733535426001268
735 0 0 0.024543294362644907 20.730767394852528
740 0 0 0.025869288183543837 20.728532243650523
745 0 0 0.02628856785257505 20.731496076052526
750 0 0 0.023836492832612022 20.729974362207095
755 0 0 0.024737327804194242 20.72728053059585
760 0 0 0.024021126947343374 20.727562453634103
765 0 0 0.02288969167210153 20.730343073400903
770 0 0 0.02632151598134036 20.724060940561685
775 0 0 0.02432514268015762 20.729925150633242
780 0 0 0.02559856177671538 20.730817918869885
785 0 0 0.024773505705619092 20.7324957504914
790 0 0 0.025033190840147768 20.729210864892217
795 0 0 0.02452440106566467 20.726974750805216
800 0 0 0.024643593744654746 20.725928046426116
805 0 0 0.024322878118266056 20.723937876328964
810 0 0 0.023981973601681084 20.72954203330026
815 0 0 0.024437611161538086 20.723797962480763
820 0 0 0.024367576315614814 20.725824776171866
825 0 0 0.024147205737362176 20.72603958380473
830 0 0 0.0258186932573381 20.72480718654616
835 0 0 0.023515118179273653 20.724943903221227
840 0 0 0.025095396643999512 20.72297333424444
845 0 0 0.023706716763713498 20.724361004898697
850 0 0 0.026107652180471064 20.727390809808814
855 0 0 0.023448564309897613 20.724788102684457
860 0 0 0.02655414115967769 20.723515001713377
865 0 0 0.024805573111738477 20.722726742805204
870 0 0 0.02600293783791452 20.723600904814404
875 0 0 0.025196206930198528 20.720890770603027
880 0 0 0.026668840907269065 20.724307747072125
885 0 0 0.02547400127796484 20.719852493927863
890 0 0 0.023920481186200604 20.722474675967337
895 0 0 0.025577624782379127 20.72143584145223
900 0 0 0.02538568167241273 20.720125866054822
905 0 0 0.02540432006445381 20.720002675041385
910 0 0 0.024184672023872977 20.718861213844413
915 0 0 0.025028101179817686 20.72031211226295
920 0 0 0.025223939911975357 20.718225428507903
925 0 0 0.024917565984951207 20.71868142934949
930 0 0 0.024545598710031813 20.722631420437857
935 0 0 0.026197655445592494 20.720485341140165
940 0 0 0.025770151486206094 20.720911699705535
945 0 0 0.02586756146975322 20.72012615943318
950 0 0 0.02507271956180479 20.719407744540714
955 0 0 0.025396818756851403 20.717817585076453
960 0 0 0.019805885724470507 20.720834261111694
965 0 0 0.025706348332878992 20.71996166582555
970 0 0 0.025220952043171874 20.7186474813822
975 0 0 0.02596825485902543 20.71992850199415
980 0 0 0.02597899751486099 20.716478406535174
985 0 0 0.02415154845452605 20.717886925911053
990 0 0 0.025426839425053638 20.719997912052428
995 0 0 0.02542740370496177 20.718239923208113
1000 0 0 0.024428350526813247 20.716467193910933
