0 0 0 0.2604222164148572 0
5 0 0 0.01871801908499915 16.13111415561661
10 0 0 0.01793183025796652 15.95512248634313
15 0 0 0.013834139550241709 15.860101990449301
20 0 0 0.022472914887574413 15.80614664267676
25 0 0 0.019051553759601436 15.749524077098654
30 0 0 0.018589261168150184 15.70247606221163
35 0 0 0.020755591816326024 15.689984630190365
40 0 0 0.021206803895813753 15.667040898131331
45 0 0 0.017242159281894986 15.640409789787213
50 0 0 0.019603593400657093 15.630874739331407
55 0 0 0.01952892507505566 15.61355196241515
60 0 0 0.019906274422486714 15.603358487693697
65 0 0 0.019142549015919164 15.593294902500695
70 0 0 0.0161068890296181 15.584795163746278
75 0 0 0.020284480757741363 15.572081717581554
80 0 0 0.02222565989246772 15.573818334586157
85 0 0 0.024386958380338664 15.575622282848183
90 0 0 0.019230991777389628 15.562958703086652
95 0 0 0.021578585654958404 15.565112169323331
100 0 0 0.0179483571193777 15.557272360380278
105 0 0 0.022763908461135074 15.566562607615724
110 0 0 0.021167402298615468 15.554907232672655
115 0 0 0.019356042761049297 15.5584455925649
120 0 0 0.02129429764344626 15.551471864911505
125 0 0 0.019557402300654836 15.549105456609725
130 0 0 0.022730760105400316 15.552404389632136
135 0 0 0.01926090041765982 15.55047006598129
140 0 0 0.0221597825509261 15.547583181044184
145 0 0 0.02172791303855459 15.554086069893687
150 0 0 0.018158627591466026 15.546288956755058
155 0 0 0.019392005040909543 15.545068287057875
160 0 0 0.021036570918389064 15.544791156297451
165 0 0 0.02184783566373172 15.544612370461245
170 0 0 0.020892477515912056 15.54396630148288
175 0 0 0.0193383915259433 15.54414034697914
180 0 0 0.02508231639379277 15.54065355114548
185 0 0 0.023982494737600613 15.537105730765063
190 0 0 0.020224617643406884 15.53671598009877
195 0 0 0.020257733886934304 15.536929555636611
200 0 0 0.022643581679798297 15.535049405257878
205 0 0 0.021520713030940275 15.5315809697009
210 0 0 0.018685600189884743 15.535507537879106
215 0 0 0.02418573121990386 15.532990453978087
220 0 0 0.020673509873790685 15.527527606261447
225 0 0 0.022882560917703465 15.532835226478582
230 0 0 0.019016244841704166 15.530789048692546
235 0 0 0.023594283158366425 15.526509753005378
240 0 0 0.020990074913942225 15.520454885648917
245 0 0 0.021886470538751146 15.521036103956506
250 0 0 0.025549488625600025 15.32522740283238
255 0 0 0.026687624732887327 15.322438731231072
260 0 0 0.02736762653571323 15.321812725730961
265 0 0 0.03035932217353099 15.321145438121496
270 0 0 0.02695181785932732 15.32378073132474
275 0 0 0.02593709827174684 15.320094478815145
280 0 0 0.03044057624219887 15.317926267272707
285 0 0 0.026811950148365682 15.317251644127877
290 0 0 0.026580243398175663 15.319647245537688
295 0 0 0.02790055201401942 15.317683083897924
300 0 0 0.03050431277079646 15.32125921949933
305 0 0 0.02844515142263848 15.318988460192479
310 0 0 0.02767194785921534 15.317808292897155
315 0 0 0.0279619988100146 15.318684575462871
320 0 0 0.027009205093716293 15.317383050140295
325 0 0 0.029029702251037515 15.316665777998002
330 0 0 0.030632859313142635 15.317669604655753
335 0 0 0.02772524470447779 15.316521627555584
340 0 0 0.02781598027268739 15.314034641235036
345 0 0 0.024532467295618865 15.314171263686408
350 0 0 0.02950791856385626 15.315061761990457
355 0 0 0.029007274536010375 15.313002525772692
360 0 0 0.02677254665354023 15.312867936319316
365 0 0 0.027976795429901724 15.314744631717051
370 0 0 0.025553667840416905 15.313849252459374
375 0 0 0.027199727464505052 15.312643855329336
380 0 0 0.027179544040857984 15.312618966928476
385 0 0 0.027633520359481523 15.312376397532157
390 0 0 0.027919836222561445 15.312854117586289
395 0 0 0.026697238536518064 15.313541073815419
400 0 0 0.029058614174717556 15.313559744717937
405 0 0 0.027179085630689714 15.312841944631828
410 0 0 0.027867761004978897 15.310635759608674
415 0 0 0.027256260185571257 15.310223430578674
420 0 0 0.027723061955844175 15.310857549327293
425 0 0 0.02769797506380134 15.309581877655
430 0 0 0.026680072893978446 15.309856951116874
435 0 0 0.028409097142753748 15.310844346278754
440 0 0 0.02804581981342702 15.309607214442673
445 0 0 0.028365177356530102 15.310197390965087
450 0 0 0.028196446425474697 15.307653091142857
455 0 0 0.026519073912238733 15.307875303894075
460 0 0 0.029077919945862396 15.308341453438423
465 0 0 0.02807094181878944 15.308087272762437
470 0 0 0.028146532461315266 15.306583345255829
475 0 0 0.029004715656068214 15.306448907972516
480 0 0 0.028174194126111107 15.307031205551976
485 0 0 0.028698989938703123 15.305797377863632
490 0 0 0.028418042914853947 15.30638277518201
495 0 0 0.0294476775444259 15.306235923314036
500 0 0 0.027951222037927215 15.3057756590419
505 0 0 0.026997176140195256 15.307743585664923
510 0 0 0.028612208900055114 15.305374179305183
515 0 0 0.028663298137993953 15.305739454936022
520 0 0 0.02724029169459019 15.306833991979126
525 0 0 0.028602132175743922 15.306760060166493
530 0 0 0.02811414754320629 15.304560622931026
535 0 0 0.028363928071408306 15.304149679808983
540 0 0 0.02626637478914784 15.304942625805184
545 0 0 0.027841103008143575 15.304841562296247
550 0 0 0.027943600920351308 15.305819995733668
555 0 0 0.02822782884538677 15.304657181423758
560 0 0 0.028095626107724314 15.305240918062873
565 0 0 0.028283659194951793 15.303482370106275
570 0 0 0.027327610783289158 15.30166435994841
575 0 0 0.026174788984276276 15.301782532276217
580 0 0 0.029291644316816745 15.303157653232738
585 0 0 0.02780249930249501 15.302515245324773
590 0 0 0.029212479811020264 15.30278563495925
595 0 0 0.02953517671148642 15.301935131108792
600 0 0 0.03003714219518505 15.3014786417361
605 0 0 0.02913255602798781 15.30340848285366
610 0 0 0.026317524656249924 15.304172571446554
615 0 0 0.028559907896493764 15.302132229569317
620 0 0 0.029019705468096513 15.303413483369534
625 0 0 0.02797277958323363 15.30117563910374
630 0 0 0.02908930177738589 15.301207997078743
635 0 0 0.029060154206263178 15.302624952232986
640 0 0 0.027500525032470913 15.300709454452285
645 0 0 0.025880568479508037 15.300749968221663
650 0 0 0.029348115395344987 15.299383570630228
655 0 0 0.027865541802497784 15.301465502940514
660 0 0 0.028903445385825233 15.3006500369653
665 0 0 0.03040417793059058 15.299926638475092
670 0 0 0.027604904875651703 15.302393033451294
675 0 0 0.027251785960640706 15.2998962428392
680 0 0 0.028838304713655782 15.300872250097733
685 0 0 0.02952868625920968 15.299891992929908
690 0 0 0.027663140344030612 15.300131633753955
695 0 0 0.029725665367567933 15.301748492044995
700 0 0 0.027403328325639187 15.300538971985944
705 0 0 0.02759460110066092 15.300725541474332
710 0 0 0.027824278223861576 15.298946055937773
715 0 0 0.02813044608946713 15.301134025942433
720 0 0 0.029137711678778766 15.298768676849207
725 0 0 0.027348326514656796 15.300209902976633
730 0 0 0.02818347057137971 15.298545454249792
735 0 0 0.02793876211425328 15.301019993842692
740 0 0 0.028920722251243758 15.298327277932426
745 0 0 0.028212923241942578 15.299311156075076
750 0 0 0.02930609944536222 15.298897740357656
755 0 0 0.029202939903566927 15.299239126309528
760 0 0 0.028531456507988606 15.299478610884577
765 0 0 0.026022980118190375 15.299971055429554
770 0 0 0.028518667310457824 15.29886217716308
775 0 0 0.02811085813904346 15.29848949831629
780 0 0 0.028830334641372746 15.297204592724887
785 0 0 0.027710140742370104 15.297890011334578
790 0 0 0.0289582280038283 15.298457521701256
795 0 0 0.029352485370920167 15.297929919528215
800 0 0 0.027372644282708247 15.298516782406985
805 0 0 0.02971144488830224 15.29856890477646
810 0 0 0.027450100659544452 15.296464487913129
815 0 0 0.026978295302314104 15.297095486849074
820 0 0 0.026986405424881843 15.298014467119062
825 0 0 0.029460811079632387 15.298887044835606
830 0 0 0.029359378345771736 15.295827154299829
835 0 0 0.02634248247541615 15.29597837010239
840 0 0 0.026554800066368234 15.297074629370881
845 0 0 0.025703672320913196 15.297485600002243
850 0 0 0.028953635942573053 15.29711807979176
855 0 0 0.028587341148925915 15.296112337196229
860 0 0 0.02761767165583673 15.296146874385407
865 0 0 0.02780036184805601 15.296142673741155
870 0 0 0.028658328200945826 15.297533838268928
875 0 0 0.02749128363956932 15.297715830093054
880 0 0 0.027301633972319994 15.297409090470897
885 0 0 0.031099104317838577 15.29618826097363
890 0 0 0.030379629458411106 15.295395349551507
895 0 0 0.02860513096287498 15.296120906726845
900 0 0 0.030202270449795066 15.297535238813898
905 0 0 0.027700699115485117 15.297820240007265
910 0 0 0.025744632946444357 15.295598356456596
915 0 0 0.028560214742404222 15.29624518751712
920 0 0 0.02712419057265314 15.296224840830915
925 0 0 0.028956652294170215 15.29596160653386
930 0 0 0.027930354432605276 15.29453062383299
935 0 0 0.03014623794346938 15.29709486114147
940 0 0 0.028593390220921 15.295234087053675
945 0 0 0.028619214985047714 15.296012360868978
950 0 0 0.030055016625148756 15.296205456584294
955 0 0 0.028236970794246474 15.295389753237908
960 0 0 0.029894291817661678 15.296454293347443
965 0 0 0.03017184983018395 15.29618999076477
970 0 0 0.028654043075507563 15.295609295967008
975 0 0 0.027707293482337247 15.294528652427386
980 0 0 0.0284303222935256 15.29471511960955
985 0 0 0.029798795626391872 15.295686843281347
990 0 0 0.02974977337065976 15.296265854134928
995 0 0 0.027987122046590818 15.296242353400041
1000 0 0 0.027987136694991088 15.294563094404625
