0 0 0 0.22210998946564686 0
5 0 0 0.01617247489168605 16.12824088305734
10 0 0 0.01431604736876868 15.958047334167102
15 0 0 0.012135239626754224 15.871885752859686
20 0 0 0.02072602947201374 15.799192026768628
25 0 0 0.014445768323920083 15.75217781421922
30 0 0 0.019846231164385664 15.715510423898829
35 0 0 0.016576728309610322 15.672497619716266
40 0 0 0.021173923783907256 15.655860818429378
45 0 0 0.019012499408282757 15.632994840317954
50 0 0 0.0248517727127473 15.623425792683745
55 0 0 0.017929138973273417 15.596832602435816
60 0 0 0.018486914208580396 15.606360524739657
65 0 0 0.016905989975616986 15.592795585034914
70 0 0 0.0225516222548221 15.594639457796356
75 0 0 0.018834686415556634 15.575762091493518
80 0 0 0.024578548924449217 15.583811872523883
85 0 0 0.018649311965864612 15.576528836878492
90 0 0 0.020689675401812657 15.569083891249498
95 0 0 0.020638328511066062 15.576993246503331
100 0 0 0.017548569387568547 15.564736513820225
105 0 0 0.02215887631834601 15.564053649320197
110 0 0 0.02363109243604944 15.56404537114593
115 0 0 0.021788956275061055 15.55931308345481
120 0 0 0.01882946563073995 15.556498406982547
125 0 0 0.020102887245494028 15.560003487454303
130 0 0 0.023311223962936722 15.55731759981098
135 0 0 0.02125489743394615 15.560341216311558
140 0 0 0.020173862009600807 15.558632618232577
145 0 0 0.01955545044469975 15.549755154187249
150 0 0 0.01941232087627065 15.551427779122555
155 0 0 0.021251193855620354 15.548633817549288
160 0 0 0.019719525329251475 15.54963992466477
165 0 0 0.01954256319565384 15.548187261010748
170 0 0 0.02075740323917863 15.553724540643314
175 0 0 0.0231612728854238 15.544876688209628
180 0 0 0.022605088145816188 15.546226106378452
185 0 0 0.02054820433509974 15.545739747868522
190 0 0 0.02252158284499184 15.54555530882529
195 0 0 0.023917589575976894 15.543911033283948
200 0 0 0.022242715389004797 15.543082739622967
205 0 0 0.026860939579423038 15.540048897137119
210 0 0 0.026304775789550483 15.540614280031319
215 0 0 0.027556451109525204 15.536363787563547
220 0 0 0.01859501819867826 15.534210583403128
225 0 0 0.02552159761576278 15.531692744253375
230 0 0 0.022071747044182466 15.535362606162916
235 0 0 0.019040500828297224 15.53461269103576
240 0 0 0.02255367975795597 15.531590490739381
245 0 0 0.020682671905401406 15.527948712505292
250 0 0 0.02824426980764838 15.325533579814232
255 0 0 0.025413673930257286 15.325912293087777
260 0 0 0.028155398776215312 15.322176830653753
265 0 0 0.028352629438754606 15.320564887238799
270 0 0 0.028988089469702327 15.322313682813682
275 0 0 0.029089977400619027 15.323407115089896
280 0 0 0.027750352951075863 15.323372970906917
285 0 0 0.02652452216848422 15.321353446547244
290 0 0 0.02850478088627284 15.32163630563237
295 0 0 0.02648967098674726 15.31996074403428
300 0 0 0.02715301065626141 15.319418784643217
305 0 0 0.029940261553314862 15.320680249524864
310 0 0 0.028249779409498466 15.318476417202547
315 0 0 0.02815607110137508 15.318221086227837
320 0 0 0.027784215143096924 15.315164292910104
325 0 0 0.029043274669330765 15.31885890913759
330 0 0 0.03003443898567193 15.318525160426411
335 0 0 0.026094881021208938 15.316097792831975
340 0 0 0.026894728967856274 15.315234241603212
345 0 0 0.024401017837964556 15.317564932346334
350 0 0 0.02802750333490822 15.314032102059603
355 0 0 0.027726584005749233 15.316397703801984
360 0 0 0.029788149469260228 15.31509306323366
365 0 0 0.028515254192682526 15.314659890397031
370 0 0 0.027737436035751406 15.31295726809219
375 0 0 0.029413406921110274 15.314970789424407
380 0 0 0.027221722224535894 15.312414866041197
385 0 0 0.024702728098143112 15.31565460540551
390 0 0 0.029066836978517863 15.31318915394217
395 0 0 0.02905646496500336 15.312876396707672
400 0 0 0.026893749126993605 15.313213595566287
405 0 0 0.030730696514855937 15.3104220064117
410 0 0 0.02716115602802871 15.30977056861274
415 0 0 0.026237881421266707 15.310864885367064
420 0 0 0.02794253595352081 15.309259314052044
425 0 0 0.02482556661274704 15.308691927464347
430 0 0 0.027707563744825636 15.310155933358908
435 0 0 0.027069323288767322 15.308726574296477
440 0 0 0.029459718893867892 15.308619508165009
445 0 0 0.028111735180905928 15.308785930450403
450 0 0 0.02642363175332485 15.307541193013897
455 0 0 0.025349706315564546 15.308178874481339
460 0 0 0.02715447997981779 15.309591282689503
465 0 0 0.02587380623750768 15.307121468131633
470 0 0 0.028679635522276925 15.306587195841153
475 0 0 0.02856427611309975 15.306706203448691
480 0 0 0.024812893224021026 15.308029821706969
485 0 0 0.02982502462517811 15.309058603336203
490 0 0 0.029761340398871683 15.308160957022722
495 0 0 0.030275520082597485 15.303846382746316
500 0 0 0.02783570600585672 15.30494299960318
505 0 0 0.02753129660384457 15.304792661545875
510 0 0 0.026064221743957727 15.303869595334938
515 0 0 0.030337712931088667 15.30620726393876
520 0 0 0.027028930232138704 15.303166748672245
525 0 0 0.027477166591317825 15.305094875950113
530 0 0 0.03029512100742271 15.305179248668773
535 0 0 0.02868004256111445 15.304268867067817
540 0 0 0.027492610556359764 15.303197106038853
545 0 0 0.027463812805591736 15.302573977089535
550 0 0 0.027665021560321135 15.30310563976597
555 0 0 0.02691628950496905 15.304771562871986
560 0 0 0.029524339079002537 15.3032858405492
565 0 0 0.02862161603334945 15.302027371383224
570 0 0 0.026051542210317802 15.303219311814658
575 0 0 0.028825655400981143 15.302768153754103
580 0 0 0.02903155898541243 15.303488797530568
585 0 0 0.030690426115661973 15.302243364865399
590 0 0 0.029286146262227142 15.300890729172318
595 0 0 0.028601350283578464 15.30197764049722
600 0 0 0.02616015974652286 15.30397562865255
605 0 0 0.02787119898467383 15.301391777372839
610 0 0 0.03015823763414316 15.301547305545869
615 0 0 0.028824475232430036 15.301845883240363
620 0 0 0.029465051544576015 15.301117380127447
625 0 0 0.03029329081154386 15.300370183864857
630 0 0 0.026693562375619262 15.301904885766819
635 0 0 0.027626935968113386 15.301029981657805
640 0 0 0.030171220407148702 15.298159394895201
645 0 0 0.027171250963316185 15.299768982955738
650 0 0 0.028657709971971146 15.300088436166426
655 0 0 0.027998836363137602 15.298684335578812
660 0 0 0.028997617116709007 15.300913151170215
665 0 0 0.030375479707756448 15.30093064729875
670 0 0 0.028820533732837328 15.301123595724071
675 0 0 0.029839184925418927 15.302159554068332
680 0 0 0.028036891904296368 15.300541954580611
685 0 0 0.028812171932926622 15.299356114550243
690 0 0 0.028644934235601882 15.298197896626588
695 0 0 0.02917151420078601 15.298717520147605
700 0 0 0.028932579532944036 15.298259553612434
705 0 0 0.029062943465840707 15.297251786462585
710 0 0 0.02904435964080454 15.298874080143435
715 0 0 0.029541872167009986 15.297355951093364
720 0 0 0.0288297348238975 15.298161625957816
725 0 0 0.02650942238352405 15.299359294720114
730 0 0 0.027536973699904044 15.297068680097329
735 0 0 0.02874148144861688 15.297550479097385
740 0 0 0.028541720492311073 15.297232505562388
745 0 0 0.029812277412559762 15.298028605250622
750 0 0 0.028566812030470068 15.298028744450153
755 0 0 0.029290061767295983 15.297333807352066
760 0 0 0.02688688776970327 15.297100324596416
765 0 0 0.028704236316169363 15.297121651316617
770 0 0 0.027826633043044557 15.297175098242478
775 0 0 0.030487248306943382 15.297044125618346
780 0 0 0.028237972319930194 15.296597142778012
785 0 0 0.026439738273475788 15.297774103186685
790 0 0 0.030087766898537094 15.297982787544171
795 0 0 0.028170539626192426 15.295839997890068
800 0 0 0.029570128928353423 15.298215785567118
805 0 0 0.028644122968911834 15.29567805238745
810 0 0 0.027856713713066972 15.298366614772231
815 0 0 0.029708980827605647 15.29619502556738
820 0 0 0.02724022802179804 15.297185961620112
825 0 0 0.029262083118253956 15.29598132062609
830 0 0 0.028138555608112625 15.29600613817948
835 0 0 0.02956634976848571 15.296188375523762
840 0 0 0.030084669856289548 15.295970115516168
845 0 0 0.027906655455370633 15.296074857366902
850 0 0 0.027515622237833215 15.296165973713109
855 0 0 0.029311137073155802 15.295528769592952
860 0 0 0.027690333565653535 15.295783452918943
865 0 0 0.026934262775150986 15.296810591732312
870 0 0 0.029006602028843975 15.295262135109118
875 0 0 0.028116443808568814 15.29406557273854
880 0 0 0.027816463861114915 15.293539790965683
885 0 0 0.02945419751893663 15.2948601896745
890 0 0 0.029025167546323116 15.295259615446412
895 0 0 0.029557749320663573 15.293231023903024
900 0 0 0.027377750951443236 15.292358367806033
905 0 0 0.02793766682400345 15.294788312424163
910 0 0 0.02909988151993881 15.294500200816342
915 0 0 0.028513502905817445 15.293275624245446
920 0 0 0.029920851526167525 15.294382006724112
925 0 0 0.030231741549194613 15.294989519908107
930 0 0 0.030547862097365375 15.29485854457005
935 0 0 0.028313397348056046 15.294266220723395
940 0 0 0.029168350495447193 15.294729304884642
945 0 0 0.028962123918210736 15.293656302344258
950 0 0 0.028682592498827875 15.293672134257738
955 0 0 0.029407971670605937 15.295004347934968
960 0 0 0.02735831462131344 15.293208233438861
965 0 0 0.02802130374198475 15.294914076742845
970 0 0 0.027951756176677334 15.295469227828686
975 0 0 0.027435334003850675 15.294143165793612
980 0 0 0.02915011604684703 15.294075760147875
985 0 0 0.02611709701895837 15.294981244116041
990 0 0 0.029759307470091922 15.293813919926851
995 0 0 0.028016763720204674 15.294012893728386
1000 0 0 0.02755796252011633 15.29184826993732
