0 0.4267511684670029 1.9185703947798611 0.3399184888448563 0
5 0.7449508367785822 0.6460655183442334 0.05665319802459723 4.373330342393638
10 0.9329025047657884 0.1565109841252994 0.014600928115326317 3.813614136682217
15 0.9364108976321313 0.1485154921800409 0.01953284820465684 3.8046176987598597
20 0.9370577528648389 0.14715975627462763 0.012367015216824262 3.7988783681332405
25 0.9390012099518483 0.14065682964298798 0.01566076965783081 3.795971539612725
30 0.9403491780874595 0.13710819509054772 0.014611568699313349 3.79382749273245
35 0.9409549487675306 0.13610178346428237 0.02911329682090269 3.7925705480831353
40 0.9412696432733987 0.1345777024354664 0.027883374250231574 3.7918156843763886
45 0.9418481309984194 0.13390133368280743 0.01753586698246079 3.790682459129861
50 0.9303870823742303 0.15039736019704986 0.0008977240427614497 3.6681612054449975
55 0.9245661586965512 0.16058118786649533 0.002426685469964829 3.6604376124215987
60 0.9237636561306292 0.16049920401165618 0.0022595536142107076 3.659897396009279
65 0.9252580517660063 0.1568617409146169 0.0003463948951123452 3.6602400200998098
70 0.9227112817619647 0.1653109346691033 0.002015630952640901 3.659363326614679
75 0.9249367317729467 0.15832337684860986 0.00015075332336711433 3.659645750798111
80 0.9221021892783934 0.1646742508711947 0.00035024494989355226 3.659888562319511
85 0.9251285738100716 0.1570018597932874 0.0003793737234072392 3.659218456197177
90 0.9250318443582437 0.15758607811334935 0.0060691409001327745 3.659350843729531
95 0.9231807350141856 0.161561669338536 0.0015402784188489616 3.6590371169051257
100 0.9246110454479652 0.1588829150205937 0.0011202552421754053 3.6600412475639303
105 0.9256623087361586 0.15577561671939577 0.0015635238103526294 3.6596647978921886
110 0.925024504084323 0.15708573977753648 0.0030430573139172967 3.659865377239557
115 0.9248457075518772 0.15740077816817655 0.004012283835300501 3.6595870548150873
120 0.9250779866396905 0.1574215317063632 0.0024714832279433274 3.658735300181947
125 0.9253951042364472 0.15633084620446036 0.0028226074196664452 3.6599314579384292
130 0.9235995752532711 0.1607814671368617 0.0010249474380445989 3.659540925863981
135 0.9193550155882269 0.17472010702572938 0.00403022077214632 3.659068307022888
140 0.924246883484964 0.15913157141849288 0.003762316847076397 3.658442854302834
145 0.9258360017819294 0.1555886498914183 0.001813312396895972 3.6596010839629893
150 0.9245295602351776 0.1583277128604057 0.007736176453821297 3.658883316684463
155 0.9253305068358786 0.1565580698283311 0.005704805396822055 3.6594653890455358
160 0.9218277532495542 0.1653732858614445 0.0010890162905150547 3.659132801741013
165 0.9252616104678026 0.1568006644762634 0.0027647160639954205 3.659026482778226
170 0.9252188391747197 0.1571136419025132 0.0025043491114191685 3.6585103250698707
175 0.9255219076894761 0.15592440490554393 0.0009833689746150398 3.6592103870098334
180 0.9250931925180712 0.15691106578584746 0.0006812256318413645 3.658638485633398
185 0.9203393219748441 0.1710749438625765 0.0002007721055834466 3.6592512249199665
190 0.9242366375528024 0.15884045931561142 0.0012582004301420202 3.659127146814109
195 0.9252887991350438 0.1563413597952663 0.0007341958514077707 3.658870064367185
200 0.9181925772626567 0.17688226518899386 0.0020472966525009184 3.6588531096482892
205 0.9264204268779952 0.15406856748614883 0.001401513964906398 3.658495548791986
210 0.9241863839489526 0.15991594671708587 0.006200918245648834 3.65905860087973
215 0.9254763198816311 0.1562739027676896 0.0005808783877296886 3.6587309322327077
220 0.9256239415551004 0.15581590617567365 0.0032281625905472566 3.658238015304265
225 0.9256741494105356 0.15571482876775145 0.0020041431639963303 3.65890831838692
230 0.9224194164580538 0.16387008056435315 0.0012224892543839516 3.6585510932581466
235 0.9259642949743949 0.15488958515449092 0.0009003050216487285 3.6584728292280544
240 0.9250490141647137 0.15679308109619372 0.0027492739625396556 3.65881179120749
245 0.9261861604143972 0.1544458920370433 0.0023509430891863747 3.6586691545784835
250 0.9244652224297629 0.1583316975258855 0.0009411995577575105 3.659018671554228
255 0.922381790843499 0.16408124657483825 0.0017826365744229022 3.6584778351383935
260 0.922537952193126 0.16332507655450135 0.0003214079264037828 3.659088271343642
265 0.9253511103856424 0.15620998602078418 0.0022843320558303404 3.658786355637483
270 0.9256544260565938 0.15633201642156624 0.0007852850699401337 3.658226128863055
275 0.924797553100537 0.15746304268786693 7.150803447597553e-05 3.6587167233551394
280 0.9250492910631287 0.15677884537351927 0.0035730399087392506 3.658695115321541
285 0.9257107818400696 0.1554558615913404 0.0031662127264668882 3.6576983476787035
290 0.9252704894376906 0.1564384227023039 0.004092828303949636 3.65828540936529
295 0.9249933870316784 0.1570541987555254 0.001842647536360209 3.658554235979445
300 0.9245047052027611 0.15829199053713294 0.0008975622388278648 3.6588285647381076
305 0.9237314271160031 0.1604138711410723 0.0011318318141295691 3.6587138143842357
310 0.9235838864508265 0.16080575995306612 0.0013835263946417875 3.658360157607561
315 0.9255529768690727 0.15574127162569562 0.00032538112862767754 3.658548649204673
320 0.925573252826661 0.15631616654262181 0.0027456274504324973 3.6585017188136986
325 0.9252822208647747 0.15642401266841022 0.0018294822404887334 3.658894158833831
330 0.9225639639170342 0.1637747973539887 0.0034354388993129703 3.6579241550672195
335 0.9251353592524315 0.157792098712636 0.0006468691026737527 3.6585684835043906
340 0.9255202264614395 0.15572859460106203 0.0023349537790087194 3.6590739423065117
345 0.9251372141675522 0.156746832482773 0.002165333745079989 3.6586627394476143
350 0.9261740479646398 0.15445262218727862 0.0015271627663577814 3.6581807961205737
355 0.9250987566961584 0.15663383797723096 0.005278112722662431 3.658522701087341
360 0.9260791381800813 0.1545980802096243 0.00045255977915981127 3.6583841660790206
365 0.9218195026905134 0.1667542187399773 0.0037308600899572664 3.658385870611131
370 0.9250476217631833 0.15701678721554302 0.0001826885588045446 3.6593216186742934
375 0.9261217938301209 0.15452268364767985 0.00526650055313671 3.6581451474783844
380 0.9228553046024346 0.1639182509995507 0.005970172181305022 3.6579408971582104
385 0.9262915381157821 0.15449965835121793 0.0033968306604272858 3.6576967786382237
390 0.9257122307934476 0.1555167354414988 0.001048604232105399 3.658360557773507
395 0.9261126812914902 0.15461690964696917 0.0015313012423319172 3.6586523212189688
400 0.925719858392176 0.15539069627182567 0.0013274421367819311 3.658651433098748
405 0.9261117842932796 0.1545571286191576 0.0024226912895728425 3.657885135663662
410 0.9240854122787968 0.15970900857257408 0.0031806643832386072 3.6585598539990696
415 0.9254737485235208 0.15601546158148505 0.00035695585321682266 3.658263214523289
420 0.9246100008966858 0.15829949674282418 0.0036176060444275127 3.658250044538045
425 0.9255986193679822 0.1558218714327877 0.0002815595754717126 3.658120849217198
430 0.9253185984027745 0.15689638003045392 5.553846402550633e-06 3.6578224853143193
435 0.9247803599534868 0.15764470488775917 0.0017468956319548479 3.658395298377519
440 0.9259917573502854 0.15478215029779996 0.0011692588587517427 3.658544128570432
445 0.9256516848027134 0.15551275715830748 4.697962165467473e-05 3.658499261180127
450 0.925301087363267 0.15729137284817796 0.00045552568408457894 3.657961876663095
455 0.9254602038029787 0.15598247483055472 0.0015567007524353027 3.6585046993418895
460 0.9261461682356867 0.15475897007989614 0.004959745679637528 3.6579894555073404
465 0.9263343415599992 0.15401314031700286 0.00012807795360725294 3.658375400441072
470 0.9248754043177467 0.15758738439851427 0.003447038943184655 3.657756907249019
475 0.9241602643681532 0.1591223734615692 0.004806516183796017 3.6581264313772923
480 0.9232685448827229 0.16160583441687137 0.0003979962168720874 3.657965695143168
485 0.9260691962929422 0.15456796373637793 0.000739061885545178 3.6588125266558715
490 0.9262702564000562 0.15420268634255185 0.003055663929981467 3.6579687512416745
495 0.9247304004927563 0.1591080334682018 0.0003428446442723665 3.65822393122594
500 0.9245529285087162 0.1583888671087914 0.005496307324316385 3.658091378767359
505 0.9252206202217522 0.15644729660220635 0.0015671478715930665 3.658045530485152
510 0.9238029051512752 0.16018398983845028 0.000869584517962485 3.658311247976515
515 0.926409119745451 0.15383144025140094 0.0010796366117939993 3.6581294237393642
520 0.9258313416833452 0.15510205243232367 0.0008274111208304014 3.6578410999495934
525 0.9242689065210883 0.16033433808447972 0.0069001942442799 3.6579319330524864
530 0.9252258565546508 0.15668352090919013 0.00026181060617513907 3.6581492342532322
535 0.9256041790834924 0.15550880409110102 0.0033636824665870257 3.6580994047914235
540 0.9251663197393287 0.15689859476304457 0.001556766310060853 3.6578787925320064
545 0.9250608159923968 0.15773875462925346 0.0036250048997392703 3.657622488503786
550 0.9267340262915668 0.15356582664564078 0.004914337934544433 3.658002934534124
555 0.9200228952103436 0.17243752524015132 0.006810381002631649 3.657619307143175
560 0.9259929905123521 0.15493243721566952 0.00034556297053134344 3.657992660147449
565 0.92310291952664 0.16238473447331891 0.0017860136793850234 3.658139306343113
570 0.9256236083711475 0.15553528151291252 0.005821882580042237 3.6578316801434743
575 0.9260837184777888 0.15485285294274354 0.004506857820698373 3.657674908904677
580 0.9226951282560105 0.16402235669913168 0.0006995001087455321 3.6572281112705145
585 0.9263869598316694 0.15420661970975091 0.004065959237912642 3.6581063621440872
590 0.9259639600976803 0.15471763863160204 0.00016171733823067136 3.6581337914330567
595 0.926776429064887 0.1531691185264794 0.0003750271641960179 3.6582799132888204
600 0.9260074684226782 0.1549770330278295 0.0015785961092116274 3.658402783295484
605 0.9263577362547886 0.15391353599312874 0.0035642353696980766 3.657874281749512
610 0.9257915723416497 0.15584288899663346 0.00185049666988224 3.6576225139016
615 0.9240137005604931 0.1600866816016313 0.0006885904577835777 3.6579330741192915
620 0.9262642929390161 0.1541206350706199 0.0011572001925015396 3.6580902001838114
625 0.9248837837131758 0.15796300189706303 0.00015953143856206609 3.657845220009506
630 0.9253984351957185 0.1567083152231512 0.003641386593481899 3.6580015526393344
635 0.925298822025693 0.15704334211433313 0.0008326961029512248 3.6577573913914567
640 0.9266447425700477 0.15333284365365296 0.0010609157096439503 3.657711227036744
645 0.9260708494582244 0.15511439341311561 0.00042731748493030075 3.657592790658185
650 0.9261719442432956 0.15453903808881675 0.000564816875627816 3.6581039381700644
655 0.923961824002214 0.15997921560516382 0.00522707454413518 3.6578465464366
660 0.9267771354807623 0.15316678121674254 0.0014817000601599073 3.657617913227455
665 0.9269533143415305 0.15267470838965025 0.0013506280236803558 3.658217325423497
670 0.9232046797252842 0.16323297864906383 0.005535591090318537 3.6574536220668143
675 0.9266700153960452 0.15354975794904036 0.0043776101563788306 3.6579566486212225
680 0.9262150175195134 0.15419862726943867 0.0002985928766714441 3.657534485779514
685 0.9249866173612882 0.15740984189115093 0.0010311844863184483 3.6576462071576823
690 0.926280380993265 0.15408199388113797 0.0005219192255685456 3.657477063596242
695 0.9259474142837101 0.15500679215903013 0.0009007973539616465 3.6577808529470333
700 0.9270469129051165 0.1525617315587211 0.0025985321819637086 3.6574019512589735
705 0.9264446951395291 0.153829342859654 0.005238602873689491 3.6573594857782608
710 0.9256560800166467 0.1553677389454693 0.0020180431786427366 3.657800534856274
715 0.9244272394406379 0.15886877771750818 6.715015589664475e-05 3.657479162703749
720 0.9246379034233381 0.15850531964449788 0.0001410027739641162 3.65774746239853
725 0.9249909176287943 0.15830071781310684 0.001395179384594547 3.657686610192804
730 0.9264472996833067 0.15417716634375633 0.0008736187839903931 3.6574008517093994
735 0.9243442792292829 0.1592216653724483 0.0029897716987674627 3.657687664888633
740 0.9264250656737774 0.15387119703351493 0.002592577962544196 3.6576685834839133
745 0.9266029412989276 0.15356998806245548 0.0035994131643874994 3.6573109618641997
750 0.9263960944080782 0.15391424321952263 0.003867921230265914 3.6576607950830407
755 0.9264720970898452 0.15379289054822598 0.0011225110434778252 3.6569323468632855
760 0.9266743742702829 0.1532991490517186 0.0018239371302208873 3.657590309030503
765 0.9242581058994737 0.15948575559550537 0.0008736918706495622 3.6580987032255052
770 0.923557324976457 0.16290004572198447 0.005163540323676052 3.6573043229697277
775 0.9265508696157807 0.15340412815414162 0.0012364083568907613 3.657325216704565
780 0.9265196335488608 0.15354704117175144 0.002956528617286125 3.6577483981640824
785 0.9260703338640839 0.15481220490846193 0.001570968669759587 3.6576699109234103
790 0.9267335740182343 0.15390732902899584 0.002261522583527409 3.6574297875892716
795 0.9268971840354301 0.15356639080862466 0.0007188123006447444 3.6576027795627475
800 0.9256061075118217 0.15584230312853986 2.068417776102116e-05 3.657125428918312
805 0.9266823677851235 0.1532454514971504 0.000509913319039601 3.6580219318978533
810 0.9256909627276796 0.15576570460951755 0.0032303051318662845 3.6574326260973904
815 0.9266265485251929 0.15335445021989536 0.005690740789898507 3.657146541277484
820 0.926559388885557 0.15341594084368104 0.003935432611149592 3.6575007328643228
825 0.9274030550096399 0.15171303599475827 0.0044282920135187975 3.657385957534118
830 0.9266732325324196 0.15329330128080398 0.00215983441405343 3.6571399728902776
835 0.9269526614078052 0.15263358930615523 0.001878313639160245 3.6575848416251966
840 0.9267131101710493 0.15306341527832812 0.0007982977949483328 3.6574502549628876
845 0.9248705445581205 0.1590583272332151 0.00119838246038384 3.6575671849087383
850 0.9275361194392867 0.1513970025524758 8.082037600920522e-05 3.657013997525299
855 0.9274004530345741 0.15201255845883965 0.005631639216265416 3.657231218581606
860 0.9267700641388288 0.1529804595039792 0.0004353947990753948 3.657329613958515
865 0.9265712193434177 0.15345548510206886 0.004931540384687905 3.6576978002157894
870 0.9273555501695199 0.15195811125614744 0.001252044511040884 3.6572534781490953
875 0.925901736726318 0.15509614005002526 0.0004523857766645101 3.6573418427866886
880 0.9271933873596918 0.1521074579008781 0.0019302297541838875 3.657568939414233
885 0.9257168264102368 0.15577408802763193 0.005744461020448011 3.6575360905106526
890 0.9266214197149704 0.15405181379631916 0.0008516295011624653 3.657566747219517
895 0.9271107609304133 0.15221566273754306 0.0005404701022890812 3.657130273978888
900 0.9271645928540755 0.152353955424958 0.0013897974570376004 3.6573158155903576
905 0.9256815680172062 0.155825862632065 0.0017991616964507795 3.656991138818398
910 0.9251757639438567 0.1583336905949575 0.0014073448866793736 3.6572363228456846
915 0.9258198155567194 0.15673851930982252 0.0030090316369062453 3.6573702478006176
920 0.926307517098762 0.15443042757300995 5.769138268885143e-06 3.657127924445942
925 0.9277858159270439 0.15092960622586649 4.485955506861039e-05 3.656996572646976
930 0.924523350273698 0.1603389690706396 0.0013913952995423529 3.657360808126561
935 0.9276686287902249 0.1511670380626633 0.0027522488796800637 3.657237590875157
940 0.9224392270549185 0.1649896420811059 0.0018063203910803072 3.657340006465631
945 0.9266610782459915 0.15315508905056552 0.0009864032180884053 3.6571798507085407
950 0.9270695695765827 0.1524565647632321 0.0008694122937284998 3.6570970911686453
955 0.9250771489624108 0.15838245853413824 0.005658335677985571 3.65727083159392
960 0.9246198209206217 0.1590402330299021 0.0006643655450917496 3.6569847542518117
965 0.9257580963416141 0.1560974564690918 0.002344401205149227 3.6575619038224634
970 0.9280126149676196 0.15035907566467666 0.0026420576113914684 3.6571706875057823
975 0.9273205660921147 0.15185914987987248 0.0011141182055334209 3.6571605868438364
980 0.9275055546528597 0.15147910455589297 0.0011446883413948061 3.6569832581326565
985 0.9231649715442023 0.16328982158316174 0.0030052225006536037 3.656791730263676
990 0.9272138575066324 0.15209786148515825 0.000539932143831745 3.6574104034740196
995 0.9272652197926602 0.15193615643983716 0.000355904012422803 3.656834234280305
1000 0.9279601935732154 0.15045448398141836 0.004460282544425986 3.657323376077827
