0 0.4457522671417718 1.8021244992782561 0.2700152540225844 0
5 0.7041493041992233 0.7781837684582458 0.06271552083543197 4.484147645910571
10 0.9271619391449722 0.17296742531871523 0.028510753568332436 3.825229930743471
15 0.9344372334319391 0.15483258543528367 0.029228604181477325 3.808858683272738
20 0.9380040912992319 0.1443537322012487 0.022203258638449075 3.8013683941577625
25 0.9352839101128577 0.1526842720096031 0.02182962202251404 3.7968683831187153
30 0.9404003381388634 0.1373250000122641 0.029015937086187105 3.7938752566064533
35 0.9395247004995182 0.14045731691272012 0.018679498440964837 3.792626154737345
40 0.9416388140241154 0.13444832592895795 0.015746020370448255 3.791370083149653
45 0.94115202842127 0.13507972819146774 0.030028994511239082 3.790379440654824
50 0.9330273978317594 0.14383897774952548 0.0008171852829970128 3.6682499002948163
55 0.9262479290318293 0.1558220680462954 0.004292696892135517 3.659931251732282
60 0.9235277366850647 0.16104741242202092 0.002778530453918515 3.6597255300316407
65 0.9208158647425607 0.16819869720050162 0.0025802167951871624 3.6597400590193563
70 0.9241096110084419 0.1595539472141807 0.0013665176769033227 3.6594193803101347
75 0.926227900002035 0.15485498019021904 0.0008019870763236181 3.6596229068782886
80 0.92154632612202 0.16644244560110977 0.005324031404449148 3.6590591160530597
85 0.9249533758453723 0.15739915722075004 0.0014116787139555331 3.658958828334978
90 0.9248937047213042 0.1573981307998631 0.0031450557750967167 3.659244791229072
95 0.924127303446307 0.16180273792893463 0.0009199565833712953 3.6590459276315936
100 0.9259885340228636 0.1553963520360453 0.0031250463433576403 3.6594624483806486
105 0.9251494200897268 0.15682287271875062 0.0032473553591338966 3.658511568901567
110 0.9248699076273936 0.15773671973955672 0.0037639404897207296 3.6596405587056866
115 0.9255893507379498 0.15584610320180792 0.0029306738194145865 3.6591641830083064
120 0.9262064394218068 0.15450172336228185 0.0001232311280292553 3.659383672674609
125 0.9230718803249479 0.16243613666388512 0.00012264039578901986 3.6589325685861893
130 0.924037485737484 0.15920295693688402 0.0025340083037865835 3.659672397853651
135 0.9258161850459029 0.15561463718521962 0.002446167752478301 3.6590280947708806
140 0.9250768629920232 0.15725409957815195 0.00042851839140700676 3.6591174402931355
145 0.9262285269357069 0.15445790546480653 0.0031126830215966184 3.6589456789747556
150 0.9253476411092243 0.15628708844593442 0.0006815116421325929 3.6584866081292535
155 0.9247199422566263 0.15952914673014096 0.0008071556147519754 3.6584910692585146
160 0.9257607782300525 0.1555327501483137 0.005450942813377324 3.6585102567436576
165 0.9261018539511475 0.15482815626434432 0.0005014704248167412 3.658670720422965
170 0.9262526112443126 0.1544464024443064 0.0007616725714589823 3.658786056479822
175 0.9227708522119233 0.16340995874914244 0.003898130081598561 3.6581234563248035
180 0.9240234263478488 0.16094707573082223 0.002421704929024715 3.6588543464872605
185 0.9262918891197878 0.15418706922520764 0.0008692707076563 3.657879896744775
190 0.9259627291243164 0.15496347501123608 0.0005762402711113612 3.658986780459007
195 0.9260367760876482 0.15466374331429344 0.004037285048906769 3.6591149481583436
200 0.9255229076171566 0.15732289458438675 0.006674723984839925 3.6589737641953013
205 0.9262696953678455 0.15427411365582033 0.0011077932987320072 3.6583805948773103
210 0.9260246402360878 0.1548200241770208 0.001924385976667331 3.6581969675795216
215 0.9261496182192424 0.15440645172247658 0.0001553862740300005 3.6578079228885065
220 0.9263158753276957 0.15405955617132427 0.0017597685263766039 3.6586931806555625
225 0.9244613415415437 0.15854049657031855 0.0014357056591762785 3.6580948566711164
230 0.9253889877870668 0.15716319351130847 0.0017626088108235738 3.6583432201234674
235 0.9266075657985717 0.1534396512299736 0.002285591011701671 3.658501792651342
240 0.9264481322067668 0.1537896541822863 0.00010464394220410789 3.658124202128177
245 0.9264179536405547 0.1539808153745441 0.007302801312630169 3.6580847067204885
250 0.9266393302320506 0.15353391845605202 1.4771834965454644e-05 3.658023289825104
255 0.9261520360431965 0.154512673704994 0.002425205837724098 3.657986860976865
260 0.9266954920595272 0.1532835603741125 0.0025855971881101336 3.657799436152304
265 0.927081034189871 0.15251405735411927 0.0009388763821223112 3.65811491366192
270 0.926272667434164 0.15416756863149184 0.0011175577101332212 3.6583812227717534
275 0.9251040707685567 0.15739819358395435 0.003270357208820185 3.658693600078739
280 0.9271918037991632 0.15240230503980223 0.004409669196756338 3.6579636311921813
285 0.9260057730138531 0.15472130990507704 0.0016828930612424742 3.6583386430161573
290 0.9270528087670658 0.1527375173838088 0.0016130766644006922 3.658354842880205
295 0.9261493317983116 0.154360982674425 0.0019759693567060754 3.658235891545763
300 0.9265648373356236 0.15363483953031842 0.000549614965020595 3.6578633696980747
305 0.9249301439643931 0.15758052685912727 0.001545184055740334 3.6579061816011427
310 0.9227737376108016 0.16336618803931113 0.0004809659014648471 3.6582051229476154
315 0.9250911384881806 0.1572929653952615 0.0024648509265097207 3.657708279363502
320 0.9269647282846653 0.1529632590318295 0.004307156952833013 3.6577554903434106
325 0.9261558349487793 0.15474335128980243 0.0013447103750998668 3.657932120345316
330 0.9265983028128708 0.15334749998669528 0.006550691516189255 3.657917138419669
335 0.9263444786792812 0.15414306157881752 0.005459600263372888 3.6580009105397653
340 0.926754544302875 0.1530752905509214 0.002101338059740554 3.6582054592692903
345 0.9261916261888751 0.1546192279122014 0.0002111964533073607 3.657805898977774
350 0.9269393984087296 0.1539132044063205 0.004384279061026453 3.6577865876471947
355 0.9268603354140978 0.1528784673863548 0.0005684494067634827 3.6577657685768736
360 0.9270096876602945 0.1524763066649606 0.0009707633738444965 3.6579973310589566
365 0.924250809436026 0.1595667749557843 0.0040049085784161775 3.6579791003343565
370 0.9265188514548734 0.15423242246793345 0.004587308420875402 3.6576418637333954
375 0.927010111578605 0.1525066842150733 0.0011173845515808356 3.657515906300592
380 0.9265903168170813 0.15354319275541828 0.0008068164815067114 3.6575478821468805
385 0.9269386537193794 0.1532833477970743 0.0035355412655395657 3.657837157635507
390 0.927208255199369 0.15203828859349722 0.002405341248138404 3.6581113562519763
395 0.9226145589517545 0.16402809026520293 0.0011289572726549402 3.6577434428717424
400 0.9274571946567325 0.15153818938005736 0.0051336129500088035 3.657959289709995
405 0.9270892056743913 0.1524891823295258 0.001662705366374917 3.658044977667609
410 0.9262604430425203 0.15460112836851003 0.0029997075616459146 3.6577340332756347
415 0.9276325697676469 0.15118046028789411 0.0026065002598898435 3.6576134746918774
420 0.927246883054655 0.15219260256394707 0.005862816550184391 3.6581169048369686
425 0.9262832584716305 0.15461727765775013 0.00029980779954397185 3.65813662024029
430 0.9255888754293466 0.15605148416609183 0.0017165645409933372 3.657203109167392
435 0.9259479333088098 0.15623099039006005 0.002415342147930266 3.658072235083716
440 0.9269787856445959 0.15267362384319672 0.003150171664577206 3.657562393998289
445 0.9275335225248278 0.1514035435812806 0.0058706735974807245 3.6577702770913243
450 0.9269834483703359 0.1526757979984419 0.0030804291858628208 3.6569230182218577
455 0.9280225086278353 0.15047593384287783 0.004565055875892066 3.6578278410391927
460 0.9250033168780476 0.15795285660356928 7.036392149917248e-05 3.657914172812549
465 0.9278235823333836 0.15117536136658627 0.0005357458218722133 3.657456222673693
470 0.9266844564154181 0.1543573549272188 0.003968629060345563 3.6570632382808594
475 0.9240792206767464 0.16037471253814628 0.0046681074457353144 3.6578314348983656
480 0.9265167087038348 0.15485812745095107 0.0028891151732937104 3.657800008526577
485 0.9284563852626055 0.14950642424530658 0.002150431995296964 3.6574323809636824
490 0.9249334770039754 0.15996289312099732 0.003116842852466606 3.6575150580722364
495 0.9273649373071474 0.1519639663317336 0.0030735429449437746 3.6573755226751565
500 0.9273064444418393 0.15191813827442724 0.0025542301902605757 3.6576989228224206
505 0.9283723134162607 0.14962877063119873 0.002405851606555043 3.6575489681984665
510 0.9283098368164729 0.15090993355886662 0.0029669242824723607 3.6574923855678874
515 0.9274318993861255 0.1524608334684605 0.0030676498177697464 3.6575018030455295
520 0.9275095007693647 0.15262429494668783 0.0018037745412666784 3.6571087026347224
525 0.9272778544345843 0.1524010855420972 0.0039015407155034154 3.656973368399968
530 0.9268972232959061 0.153270098899152 0.001982516798143985 3.6573678419776736
535 0.9266653914919625 0.15385886641053537 0.0005425872844060375 3.6579500045604796
540 0.9261900012075288 0.15521973478028084 0.0053758674099770865 3.657606776243339
545 0.9271039406233047 0.15320424366490126 9.669095742892431e-05 3.6574916198235634
550 0.9287554957858275 0.14877724563106698 0.004632311400826206 3.657518693152933
555 0.9271464726067231 0.15275259502631844 0.000677730632199447 3.6573374879666445
560 0.9279825018467037 0.15102840927704753 0.0007875957008500745 3.6574969451754553
565 0.9232664022546508 0.163208825095142 7.490431223766691e-05 3.6570984442694145
570 0.9283081104483545 0.15006103468049092 0.0016305069284516804 3.6574319781302007
575 0.927667275528723 0.15111116968810334 0.002237592434935154 3.657187968290442
580 0.9272305575041586 0.15250699935179401 0.00447099371953219 3.656970439874852
585 0.9273321989407859 0.1523800787831524 0.0032249760088722823 3.6575089708847894
590 0.927956304333402 0.15060545682463555 9.148447190621134e-05 3.6572877373700634
595 0.9278107320578614 0.15084120635499598 0.0019240642115649909 3.6577289607062506
600 0.9288491111474879 0.14858789593379296 0.0014609730740493543 3.657380828661611
605 0.9284966501376026 0.14937874273786855 0.004769476797475747 3.6569065981554614
610 0.927556035393924 0.15177605000569105 0.0023159062616346926 3.657040803319168
615 0.9278782263358778 0.15068558066151372 0.001455014383401565 3.657606373479627
620 0.9288882342310343 0.14839801317447154 0.0006316837139348497 3.6567753385443718
625 0.9287185872792145 0.14887985956377658 0.00514874242600305 3.656938123229157
630 0.9285219874526509 0.15026940094195052 0.0013626033560933948 3.657360588375789
635 0.9288736918762921 0.14848924306361644 0.0016149918336865188 3.656624997848638
640 0.9290679711982692 0.1483044013388195 0.0051885838879413 3.6570753305112293
645 0.9288782306210412 0.1492900017350287 0.00227057535717079 3.6566177961482036
650 0.9285514042957368 0.14919592323997 0.0031864804571706262 3.6572592918559503
655 0.9290479102191724 0.1480961175723432 0.004977101399510575 3.6570571253336777
660 0.9294703175865833 0.1473000247958578 0.0015951047991229483 3.6573885771734047
665 0.9287284717788007 0.14875766847743188 0.0020252231974926538 3.6568020529154603
670 0.9290578163641324 0.14874617586521177 0.003304431226886173 3.6570114471180744
675 0.9259089645328393 0.15671127810788033 0.0020758349706553325 3.6567797692448045
680 0.9266812379295432 0.15418847996003215 0.0059258275472293676 3.656877402411301
685 0.9283439883449631 0.15095314356284062 0.0020727194441370056 3.656917535466994
690 0.9299266026957347 0.14655775859207232 0.0017587975576840442 3.657006945583475
695 0.9288501257431934 0.14865907921393928 0.0008961585746030121 3.656688155136332
700 0.9283434819034518 0.1499283179383495 0.002993723105435997 3.656556309157213
705 0.9296000523161251 0.1471224500866839 0.003988911840584253 3.65648384806982
710 0.9291039547628099 0.1484731061830007 0.0015994885989643048 3.6571468717692937
715 0.9293333792975393 0.14761406984572245 0.0005820974470356344 3.6567409013029475
720 0.9298641190257297 0.14643844798435346 0.0007932573727333914 3.657021412286214
725 0.929513447121836 0.14724636961650717 0.0062590331593022075 3.6567410869584207
730 0.929614712156082 0.1474404867278727 0.0017095909402207177 3.6569442702245505
735 0.9283266534546839 0.1508674957637144 0.0005732320764217924 3.6564730955830647
740 0.9297299165295845 0.14653107219527595 0.000262072065134511 3.6569673489785868
745 0.9302078960150442 0.14592677517404962 0.0037357231569157268 3.656807983289496
750 0.9305278869765199 0.14543216153266636 0.0016904850115244674 3.6568731431417865
755 0.9269607898002217 0.15356313113570375 0.0004139755945997692 3.6565950978131125
760 0.9288262529684741 0.14908368603834088 0.004563794765652274 3.656557417295709
765 0.9302388448391518 0.1455455477644132 0.0011377685220854694 3.6563308475773364
770 0.9282489727214095 0.15012347515033575 0.0015328259582851889 3.6562426078813917
775 0.9290462805853698 0.1485972298344196 0.0002627162169122066 3.657013727069775
780 0.9308460962767908 0.14427609969795263 0.000901309782465054 3.6568642057472664
785 0.9309658301648085 0.14400757020768262 0.00010176289056196275 3.656564896248511
790 0.9297741296708808 0.14665821491751974 0.0018214616241427617 3.6564795189207575
795 0.9282609213642292 0.1520721755415324 0.004214633870184059 3.656329793298753
800 0.929081148923514 0.14827297488815372 0.003636049872131064 3.6564231380609287
805 0.9293702606057921 0.14776220029572062 0.0031883479451708663 3.6565377871887885
810 0.9306269019092512 0.14485094482417527 0.0001827277951054196 3.6564663459274396
815 0.9308631930126208 0.14417448423799506 0.0032990640901326973 3.6563690575495844
820 0.9310181982473564 0.14390595348970825 0.0022342915256972073 3.6568950557774946
825 0.9305151693789129 0.14492710209954263 0.0014485732261515505 3.6569662767719557
830 0.93016657357894 0.14580868039528516 0.001570351992034258 3.656672352801523
835 0.9311929724799846 0.1439376477534644 0.0005087277601867335 3.656471466258085
840 0.9294202693346918 0.14759744062105806 0.0041876974658254795 3.6566599189056324
845 0.9310320000565039 0.14404355174366446 0.0025315172722588652 3.656773079864585
850 0.9309513117646026 0.14393007098689248 0.0003600931913694261 3.6561499926762333
855 0.9309852206333629 0.1440843295044445 0.0029271132156611923 3.656386558115588
860 0.929405223098654 0.14770961201631927 0.0010761994210737313 3.656698953026373
865 0.930697891155592 0.14456903090289552 0.004143274357265803 3.6564877920707257
870 0.9313266017119304 0.1431455897576588 0.0014627297058436017 3.6563629051272146
875 0.9296192990085594 0.14734857080245956 0.0002590854010098287 3.6565680596906107
880 0.9314562097599224 0.1430111591432448 0.0012434523936171171 3.656511269523394
885 0.9310057198873426 0.14428452272160897 0.0029505944160901354 3.656539424962048
890 0.9298395490095077 0.14806144400589183 0.004698957237230683 3.6562335934931394
895 0.931398204027299 0.1429791859055598 0.007502646312697925 3.6560454527387494
900 0.9308196793148973 0.14445434009377145 0.0003781320183151582 3.6564984581225173
905 0.9319147543797952 0.1425893147297166 0.002616137656672457 3.656413203430633
910 0.930361317067597 0.14564181818099176 0.002989139297347787 3.655752777038913
915 0.9315434290711926 0.1430344208217056 0.0041977431494872874 3.6563399224334723
920 0.9312101212787955 0.14337373994732605 0.002964091162678484 3.6566553201921232
925 0.9306456288796885 0.1462543841039201 0.004507994659140646 3.6563465205733796
930 0.9285181363056221 0.1501766089949892 0.0006269849948739026 3.6564770369638495
935 0.9317757682830983 0.14217729650296063 0.001392751331783959 3.656277888573519
940 0.931454252543179 0.14291512222789438 0.002179029996383086 3.656433736484235
945 0.9316179390521194 0.14267522462024118 0.0006340096968064923 3.656532879433956
950 0.9289777466638858 0.15157486912312157 0.003826922878455319 3.6561268362351558
955 0.9285045124227287 0.15054377948347275 0.002154737402485951 3.6562044839286254
960 0.9317913197128681 0.14230188189485915 0.001790077952869673 3.6559245410063412
965 0.9318520135304256 0.14217151253610583 0.004313324917450512 3.65595705779377
970 0.9280155127998557 0.1521116045140154 0.002782234077729262 3.656633397499452
975 0.9319842009876733 0.14247051703056002 0.003949961283788772 3.656095414146717
980 0.932011285857471 0.14170831650002613 0.0014011564456066772 3.6566182969382095
985 0.9315801870394587 0.14294658455842502 0.004950433095643358 3.656093403284917
990 0.9322463903231835 0.14117225290467195 0.0011144833562157785 3.6556826396457955
995 0.931630580171495 0.14241390187932046 0.0031260928464376114 3.6557387706257867
1000 0.9314178751500244 0.14409470842712757 0.004988723336109668 3.656244526640721
