0 0.4457522671417718 1.8021244992782561 0.2700152540225844 0
5 0.9525166812784376 0.10921800396301373 0.026473208896428346 3.7843933179683726
10 0.9783447166196707 0.06238629131492068 0.010043291822669387 3.6976059197380136
15 0.9837901923116635 0.04654871125160298 0.006851993136500534 3.6786485848370347
20 0.9908685906177814 0.024787839140522294 0.001227123881752279 3.673039045605785
25 0.9877672732706025 0.04444123824194346 0.00813113238782126 3.6682005675563216
30 0.9957084735590636 0.014419581141178917 0.010287237582515818 3.6671612927489976
35 0.9961435139244998 0.013364850097683956 0.0011236377155332544 3.6662211580893955
40 0.9987890698070913 0.0031019299300845127 0.0037367670571173406 3.6658044259795797
45 0.9974614605200407 0.00770998342232021 0.005472100700460558 3.66604811605919
50 0.9973813401879275 0.009149631004491177 0.00097410835507028 3.6641751810475354
55 0.998475376019755 0.004775249987049701 0.0012962838315946357 3.6636316962884523
60 0.9974565902255164 0.007623582820935226 0.007020121980852334 3.663447923464048
65 0.9963681103746524 0.012508236808259188 0.0020607080932608657 3.66225431132419
70 0.9980686198321282 0.00594173777089857 0.0032508524786203363 3.6623271425683726
75 0.9988687491384016 0.0033660365149836835 0.005018513999065721 3.6622243025672274
80 0.9940870784609265 0.020552731058088636 0.0038262380190816625 3.6611029862406435
85 0.9974349339551059 0.009758435501956875 0.006246708045893001 3.660975941619769
90 0.9990436894701654 0.002743516469371876 0.0013908832094513546 3.6607866034760463
95 0.9958154384098453 0.015223692266658873 0.002121836795924148 3.6603266731625705
100 0.96429369002518 0.1809695683898771 0.006641213439716909 3.6824611135871272
105 0.9679532584416808 0.15773142136871066 0.008947896270481426 3.663216429073914
110 0.9658456326287971 0.17032953458450084 0.0014845053437075872 3.663865826634734
115 0.9658147390565545 0.17018939686476742 0.004729147101339981 3.6632559618561125
120 0.9667391138849463 0.16311817999530032 0.00458488092576026 3.663497996550056
125 0.9677948077645024 0.15727410991948076 0.0028957278066710224 3.6630354318969474
130 0.9672430004753523 0.1618397261588318 0.0010050902011098373 3.6627951998131443
135 0.9671542228727685 0.16240910264971786 0.0023893179412075582 3.66233796675513
140 0.9658641043553592 0.16683970760990796 0.008237092384477007 3.6625887217199082
145 0.9661841974237417 0.17014702627397282 0.0011163436199967958 3.6619011719903143
150 0.966732104865401 0.16690118340383098 0.0004071464091275345 3.6610520387971315
155 0.9634138244537874 0.18409079890997848 0.0029788833466772857 3.6612361802385602
160 0.9684577896773965 0.15571418194171027 0.002567913310157488 3.6609478788800778
165 0.9650688172520738 0.17638125898777934 0.0037121840422225105 3.660651960682224
170 0.969636765663394 0.1485089911338595 0.002617052432665856 3.660762366084216
175 0.9665529777172173 0.16315385457184606 0.005798589139498045 3.6605641035432783
180 0.9634285837109666 0.1800653157857628 0.009845682719958226 3.660398422163871
185 0.966804967000618 0.16729596188500206 0.001999992299245301 3.659601400795312
190 0.9661774776886142 0.16943706694706107 0.004538235054195816 3.6611788862508847
195 0.9671444197542732 0.1620893552777396 0.0061766887333396525 3.6607685979178397
200 0.9632507103793737 0.1840322734502955 0.011770187755803407 3.6607072381176233
205 0.9644774489944643 0.1779920772643857 0.004769547759652326 3.6598720722284073
210 0.9668513399463362 0.16473380409177762 0.0012696185719629494 3.659497708112556
215 0.9670709703480865 0.16682942734940376 0.002080878044636414 3.6593483483519087
220 0.9666413493351556 0.16678128227365718 0.001466297254250959 3.6599920156712664
225 0.9663280165054695 0.1677025028184258 0.007171823559373847 3.6593885066268967
230 0.9674953127145468 0.15915956251524843 0.0069473488214055745 3.659587609390857
235 0.9645598052513514 0.18125784551362933 0.0008321186442608042 3.6594319065493868
240 0.9629216235925152 0.18723675952672503 0.007395182191360927 3.6592431748634637
245 0.966659209213015 0.16598488687676705 0.0012154850980077292 3.659854379139998
250 0.9687637022166259 0.15604691339966248 0.002398852238866045 3.6584066461071973
255 0.9660362758035316 0.17053652348114756 0.0030232293482783668 3.658623087063842
260 0.9668804265621311 0.164014403792895 0.0005240074880987766 3.659190147527767
265 0.963763528326836 0.18289951424066286 0.004483358470679599 3.658928852746147
270 0.9666816899586259 0.16469126156945801 0.005745098412310634 3.6595671097061926
275 0.9629725498324351 0.18825184775754922 0.0028293666279832763 3.6591196287836016
280 0.9633697316057781 0.1868084752840251 0.003912292957723995 3.6591917205074522
285 0.9665029560923006 0.16667253326398201 0.002088360697863223 3.659203391760701
290 0.9639541281572044 0.18364832739488124 0.0006783029314965106 3.6589316681479547
295 0.9673344147538981 0.16046803047590208 0.005444792910603846 3.6590926589261237
300 0.9660811261358679 0.16870336163412114 0.009662389649937264 3.658384326622744
305 0.9672818293511853 0.161269176322846 0.0029450884511519337 3.6584593827841974
310 0.968757368091174 0.15324078759962356 0.000683010590765365 3.6589125110134986
315 0.9669355691275374 0.1627669065447912 0.003678691161083991 3.658850607791913
320 0.9664506406432797 0.1681608515199029 0.0021602709922132757 3.658061294349519
325 0.9646696359507967 0.17842395647710196 0.008016461434206423 3.6582837462093516
330 0.968276825809655 0.15768065417686916 0.005541671059726694 3.6585635677946406
335 0.9657227163254699 0.1699389727606917 0.0004379211694969243 3.6585260372096764
340 0.9689085191326011 0.15169042115156817 0.0021823380827521444 3.6587141824969716
345 0.9674548758524473 0.1602871427331829 0.002092570788383874 3.6588437777196936
350 0.965560392531555 0.17258367193611335 0.00679057149437301 3.658741362654414
355 0.9669708045973182 0.16338090185746168 0.004641544437331113 3.6582629773248403
360 0.9656137310457469 0.17483197760391445 0.0030082284078736254 3.6586349233279454
365 0.9641530878472522 0.1801439944105554 0.0036526392573061894 3.6590393914227355
370 0.9648335498101714 0.1758587479932756 0.00838591884561457 3.6585037984204547
375 0.9664353260097086 0.1673202826932383 0.000640254647184646 3.658199328450597
380 0.9668737785398516 0.16459098175897502 1.8406294187256478e-05 3.6577206546580596
385 0.9663412128849067 0.16942353615590955 0.0032641633128576153 3.658719707546935
390 0.9688908881702212 0.15408988003787583 0.0004686914791289798 3.6588156766606854
395 0.9662801187162181 0.1660825084183286 0.0005387491204271733 3.658080185393418
400 0.9690566337669976 0.15339654686168158 0.005036800150870047 3.6581626088843433
405 0.9679650968350808 0.15756509794135587 0.004049552790765798 3.658959874568575
410 0.9643312816401941 0.18114360125615647 0.0014642068308323708 3.6574983806894505
415 0.9671690144214717 0.16237311055001502 0.0009926933935482385 3.658287605387771
420 0.9662492542663883 0.16867681387447053 0.00822490215319438 3.6580069502661194
425 0.9680643674678168 0.15862151765571264 0.002461504821284821 3.6578931918710755
430 0.9662099081933285 0.16854475236749877 0.002028003425129876 3.6576071078896906
435 0.9646887226127162 0.17850173064968944 0.002062282812018923 3.658283995356614
440 0.9663405457404439 0.16762896251067616 0.0029641113280092224 3.6576161115720436
445 0.9657842442339246 0.1720977963046555 0.0054760042865114045 3.6582353173408
450 0.9666334081461888 0.16636603909708292 0.0008800717076073994 3.6567273631597077
455 0.9649616483404303 0.1766034681039539 0.0059572046519562605 3.658253509863461
460 0.9649436309479462 0.1732594951371902 0.0064604197079505266 3.657676672009081
465 0.9655694309089171 0.1727056316318576 0.006200766129066393 3.6578869730761046
470 0.9646524793110909 0.1745701975127849 0.006706061757497439 3.65760352706684
475 0.9658485540981392 0.17043546420844669 0.0031382249150675445 3.6584302518431566
480 0.96210173182958 0.19424718976284838 0.001019763688460129 3.6574692161355005
485 0.964131602907547 0.18350473689548963 0.0026397662497337215 3.6578291550819846
490 0.966769837896744 0.16274170224582996 0.0020859375937685165 3.6579528509561356
495 0.9660221574072809 0.1704734521490483 0.0006554694147715701 3.6577032160149896
500 0.967448390544583 0.1628053831747427 0.0023201203218430333 3.6577378965329985
505 0.9677683520079293 0.15990905673995215 0.001331911360964888 3.6575219156586805
510 0.9649012389722217 0.18011759364983249 0.0017578059548626346 3.6575526576847066
515 0.9638510553293604 0.1840755892520609 0.004282840092533879 3.6575223122716203
520 0.9655053853169789 0.17275021655673672 0.002422858248392501 3.657420843533863
525 0.9623564777954499 0.19048548370873686 0.010029529265180859 3.657341613097443
530 0.9668535134874696 0.1638999795384426 0.0005196315641522453 3.657495563367284
535 0.964125036963087 0.17883584408271336 0.005412708374935571 3.6579484812088485
540 0.9633025837848366 0.18440721896284717 0.0017072875386969777 3.6577872416906296
545 0.9662708369260258 0.16656687045064444 0.008127911942049648 3.657395764790441
550 0.9655182056247205 0.17298721419495333 0.002925114657781336 3.657542365220794
555 0.9641623664474206 0.1809711362350468 0.0048556296695927426 3.657720650090152
560 0.9677654165950516 0.15964326552177965 0.0009713509569053702 3.6574987596135564
565 0.9659011401549193 0.1690145425915448 0.001283527550234087 3.657463392601777
570 0.9638959660109107 0.1814775341215631 9.763344327828882e-05 3.6573504882432366
575 0.9663309146205215 0.1688663659546914 0.00011522731247737283 3.6575670887047607
580 0.9670796574049237 0.16329107563539758 0.0002276698636665131 3.657189246069891
585 0.9709701181136167 0.14074891143854362 0.0020637955669788877 3.657680138534517
590 0.9684021832522711 0.1539795241126205 0.00043924255271510226 3.6574471476648096
595 0.9656504252947915 0.17129470922872025 0.0004374686644288417 3.658071828480382
600 0.9666634159741718 0.16707772511296026 0.003385643060912047 3.6574755119839026
605 0.9671014373570085 0.1651439345065353 0.002126772058123283 3.6570974104802696
610 0.9686101384914534 0.155065022537749 0.002367651851093333 3.6569716272489807
615 0.968052247829826 0.15826857066254485 0.002315497207391104 3.657589746606308
620 0.9672305664290437 0.1632360238968893 0.0024155980555375933 3.6566069969237742
625 0.9679982118395872 0.15881552385266895 0.0005990597738487757 3.6570112486169073
630 0.9652441563973324 0.17517860817440312 0.004326212464781376 3.657391363257739
635 0.9629106897068862 0.18899746452185484 0.006757029050877383 3.6564589321072116
640 0.964581186114555 0.17691823137901652 0.005825018074874677 3.657108763827735
645 0.964274942452022 0.17981224156588782 0.0008239773749427748 3.656902845810823
650 0.9637292826371442 0.1822500270713836 0.0007051978718977114 3.657066976592929
655 0.9687677694172696 0.15386502428120608 0.0010890924019582027 3.6570084540278134
660 0.9652541084759304 0.17383116190191306 0.005288364796888212 3.657354315892206
665 0.965904689954838 0.16944038342853407 0.007173083265954894 3.6573515745802467
670 0.9650060628160785 0.17638804371000116 0.004799174450454968 3.656914297772048
675 0.9659797605122857 0.16982230240413854 0.001494023773874975 3.657141597079973
680 0.9671040447160304 0.16289243678609022 0.001803507945925098 3.6568900984892587
685 0.9655651481669596 0.1720950499201752 0.005638670297803516 3.657300413431011
690 0.9655163665295157 0.17401537807867573 0.003984902157606385 3.6571505362134102
695 0.9629044911424278 0.18656996297938022 0.007040762980894177 3.6566259093651827
700 0.9657917707124845 0.170656753687624 0.004326086420234132 3.6569123527895186
705 0.96562908922375 0.17151156472264573 0.00486799569777685 3.6565222598547455
710 0.9667914094237793 0.16517565705673265 0.0005761078416521848 3.6573383081859676
715 0.9658395977766034 0.16990262621315333 0.00740509899351971 3.656810669168769
720 0.9658952851158205 0.17012560012332356 0.0019356713702203265 3.6571232042142383
725 0.9656256930722893 0.1733904432293265 0.006992481311001386 3.656670261884009
730 0.9692304544641482 0.15127812964637055 0.0017498846216852382 3.6566500085995024
735 0.9677246723493635 0.16046923828669746 0.0005240559496624275 3.656902046183082
740 0.9664576675416627 0.16799067983152405 0.002358354354752068 3.6567539176876256
745 0.9653519138130165 0.17448316330734182 0.00018685350009772783 3.6571566962227577
750 0.9650252524264605 0.17642242869963765 0.0013979963380628124 3.6571577108402216
755 0.9650349829434977 0.1768214385183553 0.004303757758668203 3.6567398407013783
760 0.9654696512292779 0.17171738980518558 0.00047698718417099606 3.6563012139128626
765 0.9676635305588412 0.16038799768621637 0.0023018115178357057 3.656910817254679
770 0.965292907994004 0.1721522542358609 0.0029898229686990963 3.6562021215892764
775 0.9668474934548283 0.16507265016927208 0.00021420964867835401 3.6569025556225836
780 0.9656570379834721 0.17234181154710715 0.004200695220279327 3.6567794595824035
785 0.9669604127206634 0.16547488413290923 0.0015815983671836342 3.6569727718098877
790 0.9661718898046122 0.1686807256105003 0.0019748584757419696 3.6570265133204654
795 0.9649654639785171 0.17827394929416407 0.0006485435220251468 3.656635577165821
800 0.9671787253550774 0.1641573250963515 0.00421664306471814 3.656686685191438
805 0.9653004801271581 0.17642450525758102 0.0011987867616858328 3.6567684536566465
810 0.9671969803551683 0.1631302414010496 0.002287443595015093 3.6567511648599687
815 0.9659755493667823 0.1723148326061441 0.004619882254661922 3.6562689700002857
820 0.9655689762361788 0.17304998035433883 0.005773816229901474 3.6569163182125535
825 0.9656676521753037 0.173308612977491 0.00028408196682061515 3.6565922450501342
830 0.9679324281425913 0.15871747650297996 0.003757070686938535 3.656973141992346
835 0.9654771131753421 0.17212752060300973 0.0028621642773205558 3.6570502770743927
840 0.9666350676473794 0.16614318216354818 0.005221786081769819 3.656628153114525
845 0.9681602343119369 0.15764341734178267 0.0023531822572071537 3.656569659912597
850 0.9665513081743929 0.16909053804522056 0.0002091039017591001 3.656386224615307
855 0.9658701603093098 0.1716830105767757 1.6309664949920588e-05 3.6566761997432446
860 0.9666033772258825 0.16675582526603838 0.000989681167806511 3.6566239139794265
865 0.9662599447622491 0.16653788387689739 0.005074084531409007 3.656431403350591
870 0.9658798507136902 0.1709545419833436 0.002178624085129588 3.6566976561921156
875 0.9661324655453126 0.17019699214984385 7.822186754835592e-05 3.6567542811667404
880 0.9659545371851866 0.1707309173178646 0.004125266689320561 3.6564702487921426
885 0.9684142822393587 0.1569824738602823 0.004636650297815015 3.656979718909673
890 0.9666936616771713 0.16568650540361807 0.004255008881157041 3.6567714414266614
895 0.9670238793820147 0.1647424763223686 0.00270479352182873 3.6562909584823107
900 0.9673764904572145 0.16308466476973793 0.0019246138290571757 3.656861753533823
905 0.9663796120510825 0.16840677333353238 0.004332265038035965 3.6566104963158694
910 0.9679334928628909 0.15863598328265116 0.006377822068034833 3.656465482734238
915 0.9655381257370572 0.1720947422492407 0.004483092313235071 3.656585675274931
920 0.9684087887906745 0.15641729656542847 0.0055189000210087436 3.6566130446741965
925 0.9675745760740486 0.16237654741853502 0.002716015155022733 3.6567634084503156
930 0.9662021202937023 0.16888632022064254 0.004080062414772323 3.6567329611943427
935 0.9677914229973074 0.16017068437056503 0.0009942744862214692 3.6563017135450853
940 0.9657927703375337 0.17062135080304452 0.0013668014732204359 3.6564048035686714
945 0.9660415177427806 0.1721971141826888 0.003578661463879751 3.6566238782395093
950 0.9642494394109147 0.180525327288648 0.008362304097850881 3.656570660114231
955 0.9650939979198797 0.17601819638669003 5.657506885747843e-05 3.656198988143396
960 0.9631224591652817 0.18644639473405578 0.005062044255987219 3.6565796325143567
965 0.9651855096756727 0.17540446280907274 0.00590702094562312 3.6560563371443875
970 0.9647799612977556 0.17753329173217924 0.0025749867887818745 3.6565941117102265
975 0.9629748907904186 0.18547244061361567 0.004815902834777841 3.6560718027995605
980 0.9666146466707929 0.16699646484282882 0.0021187020710522475 3.6568452140219607
985 0.9690219745916272 0.1532574362098411 0.00577083527062805 3.6563419518732925
990 0.9677402571189451 0.15890666733533942 0.003834570315604635 3.656057657218679
995 0.9665283867842229 0.1675772763252965 0.004366876840026901 3.6558312765321626
1000 0.9692863400585128 0.15192649430133098 0.004598199614588294 3.655840633013865
