0 0.41120231021403836 2.0183412893998662 0.33491977182612576 0
5 0.9418252813408459 0.13615092432229092 0.039545696240707695 3.792098089483973
10 0.9890438205879756 0.030764620618094263 0.0021802786872540114 3.6991626020026462
15 0.9933643925244275 0.01761726417691678 0.008343820395827928 3.68005138132782
20 0.9952253151990054 0.013737329328404435 0.0015375668892014804 3.6733862943364013
25 0.9952398193161036 0.014636489782681394 0.006254577786231286 3.6689712612615955
30 0.9954634085319408 0.017356148940505634 0.008776210155624353 3.6668398757404446
35 0.9971961586608308 0.009213640247511368 0.0007652567956641931 3.6655305015404416
40 0.998793686460348 0.0030471347446465735 0.0009583881401931116 3.6653496935478893
45 0.9890666707002334 0.034564677050571646 0.0018548269850955368 3.6643782071754476
50 0.998168179325446 0.006593081513421861 0.0019291955356384172 3.664004547021575
55 0.9964267808424285 0.013871227604711933 0.01104174125369295 3.6628521224784474
60 0.9981986200382067 0.0064218426348934265 0.008485950770057427 3.6619904344911225
65 0.9984270556897035 0.004840417267592656 0.002759626532962578 3.6618031236336117
70 0.9964793246200332 0.01383623684832802 0.006642915828677376 3.661474505506647
75 0.9917474435783177 0.03215430224922322 0.0002614104385008087 3.661720110283241
80 0.9978839564960752 0.006255266556457695 0.001769940848808771 3.6615252833595373
85 0.9969205093936087 0.010820724896469791 0.0009239110427905484 3.661134951804608
90 0.9989747355975371 0.0032830022509435786 0.00031083325041914023 3.660859880503945
95 0.9989107405578348 0.003286521672081655 0.004841986256591602 3.661015430619654
100 0.9632205669912068 0.18369989167763157 0.0033092884115517585 3.6838790251921423
105 0.9613089533462068 0.18880706977993267 0.00435258181311915 3.663654628171929
110 0.9691972647905127 0.15070155808166064 0.001027508220980744 3.6625413652449357
115 0.9675692735401631 0.1588594238650498 0.0017593351747342556 3.6626628978588434
120 0.9634683406509638 0.1815133062608556 0.00468704041552126 3.6617686790330133
125 0.9660115138333281 0.16985220307739768 0.001262281498337403 3.6618038592684052
130 0.9663461863440208 0.16482587146511296 0.006699304356460711 3.6613055502037444
135 0.963970389554287 0.18088356598910105 0.004070257399267918 3.6617834998701033
140 0.9657975479332721 0.17019840029803568 0.001957493631709717 3.6613425183633894
145 0.9660283461861664 0.17130539773252007 0.002251799461127968 3.6628106084950964
150 0.964421736448515 0.18287577898435448 0.002984011961513433 3.661663597203001
155 0.9672354403792895 0.1618408542155656 0.0006296404177454917 3.660194709591283
160 0.964441874704828 0.1796312593677989 0.0019389200335180323 3.6609068515901924
165 0.9669795649495129 0.16339323786400373 0.002945154154509577 3.6608368651664627
170 0.9649639476226168 0.171002749500901 0.005491238182763425 3.660372853067721
175 0.9615155958686759 0.19817782465072042 0.0057739020478171366 3.6591395344420823
180 0.9624502183371536 0.1927965154603477 0.004180465053437832 3.6595066408228685
185 0.9671271109594135 0.16296381176896535 0.004267117052315639 3.6597998030389927
190 0.9645676000016472 0.17980604086138818 0.0004090348333727345 3.6608694719665675
195 0.9650161268170316 0.17179644373433334 0.008410000714596189 3.6592258483651285
200 0.9670356423655422 0.165887529899289 0.0014170048301906935 3.6601755785810695
205 0.9645830668859382 0.17831609516997915 0.0017963044465558742 3.661210038023216
210 0.9675636306947789 0.16052787643046873 0.002135998797433647 3.660267328418402
215 0.9675523882791444 0.16142660962714883 0.003348409330991675 3.6596514043241215
220 0.9670949615137268 0.1615865758066941 0.0005236463282070059 3.6596620824525337
225 0.9666978982068601 0.1623444812130579 0.006870789166736557 3.659044630621029
230 0.9665358640720659 0.16686800819318437 0.0004984194951274112 3.6596785900362865
235 0.9646166145609543 0.17856394995484237 0.005273888675564109 3.660030994096522
240 0.9639285554343215 0.18022927659467003 0.002733919737521351 3.6596051251134587
245 0.9663854206649485 0.16721037529142935 0.0008451582760633514 3.6597014903793514
250 0.9647996385178732 0.17745975445787598 0.00441883995460679 3.6595533925397024
255 0.9659210622575221 0.17081819739410165 0.004158753235405044 3.6591114971971086
260 0.9685258192762906 0.15634692825444407 0.0009353742365676432 3.659171976396575
265 0.9682343351973652 0.15561832299805634 0.0035362148756596934 3.6592543766883625
270 0.965366186096529 0.17130541084824324 0.0011962645943199846 3.659200631353337
275 0.964167215466106 0.17805707872184406 0.0066489894490702195 3.6596647559119817
280 0.9662148733923824 0.16742623218311392 0.0025444564562000505 3.659220244079742
285 0.962197816783749 0.19450343937244163 0.003290679567931276 3.658279500968983
290 0.9682591320740744 0.1575051371784255 0.0006863690376877063 3.6595489751749826
295 0.9676526835480211 0.15939323996987564 0.004500079777074895 3.658228840034983
300 0.964529202041883 0.17678100141269315 0.00041378084930898673 3.6588952855470738
305 0.9639474439505806 0.1828439504749646 0.0011380055517919985 3.658770991779343
310 0.9664613088997239 0.1658683410552646 0.0007973260007747562 3.6587243237820934
315 0.9655110952101689 0.1706945461900955 0.012335341693921142 3.6588334176239186
320 0.9679602394455409 0.15696632502134955 0.0028071903411950316 3.6590885634229307
325 0.9672068214346128 0.1644653749275058 0.0008123568054905217 3.658378881200353
330 0.963288377584826 0.18389086890972983 0.002992907122852051 3.6585248734073623
335 0.9648787647473233 0.17562123323405965 0.005763224667528544 3.658343268127329
340 0.9684819742259276 0.15751259619874114 0.002226070816814474 3.658606273889551
345 0.9684339665075055 0.15424386316441518 0.0015960716681189258 3.6573974631563595
350 0.966187681419836 0.17300041716300285 0.00047330550154889295 3.658554940682827
355 0.9659687488416326 0.1699831832433043 0.0027072611706910887 3.6583973942640555
360 0.9643278085917344 0.17972291121530448 0.004316135262092846 3.6585067599444803
365 0.9649586851519757 0.17360885579137797 0.000737852590133814 3.6587260996623288
370 0.9687408838380154 0.15281692782255618 0.002238194107765157 3.6587319255163147
375 0.9632406490422181 0.18712643298775378 0.005888020646468428 3.6582009317671433
380 0.9664062165433687 0.16629371518257852 0.0012786676138036857 3.6586435296283266
385 0.9673668478291311 0.1590253161805517 2.1368631307971953e-05 3.658076995721189
390 0.964184288188391 0.18212259998942404 0.007083762817960304 3.6582711871694453
395 0.9674392623187424 0.1631493209648065 2.4965484366479274e-05 3.658537418596719
400 0.9630637951384844 0.1846888330846248 0.006587515724452375 3.6586125226470494
405 0.9643985635199526 0.1808946765189159 0.0009329982061263564 3.6576326553110254
410 0.96717772391768 0.16429812896485085 0.0005104404173301713 3.6583167955263582
415 0.9665673712178169 0.1666565072418189 0.003016580433628624 3.6582222133317845
420 0.9626463495450532 0.19559440961090635 0.0031825364472921613 3.6577187538034615
425 0.9664060871439628 0.16659565502391827 0.00357459677794969 3.658921319346543
430 0.9678066096541723 0.16052363458915675 0.003352172603356962 3.657857404021988
435 0.9675909011867179 0.16108239846798034 0.001099389356682856 3.6582376618420733
440 0.9643038745686965 0.18386632481659193 0.0004508980615578473 3.6576914141243138
445 0.9672234666725872 0.16477147374119827 0.001852272535980859 3.6574630687135783
450 0.9669656365469818 0.16334020963165274 0.005148012251859679 3.657376031618216
455 0.9655889589067532 0.1728510410082693 0.001769254544161436 3.6582068730827935
460 0.9680457016955932 0.15714064585126453 4.598148357803922e-05 3.657492622373232
465 0.9678431756725687 0.16029835563150252 0.0016142796009652738 3.6571433026349927
470 0.9654471844825485 0.17285469688974242 0.0018460179590116255 3.6578564919713106
475 0.9648191681054414 0.1782133565096231 0.003734111832379261 3.6580685256947243
480 0.9665843977232297 0.1657154964739016 0.0034700197257409027 3.657712729283869
485 0.963509321308005 0.18242882782144854 0.0046759029426839405 3.6574490985532035
490 0.9653572093920395 0.17180949973101223 0.007040175143287586 3.6573595971432753
495 0.9646076172360398 0.17673914498089793 0.008083643513572047 3.6572477188505808
500 0.966241228324012 0.1698016132409137 0.00070065843415823 3.657331127767028
505 0.9644143325790103 0.1799049071368195 0.003450123278489814 3.6577817145606613
510 0.967410076609817 0.16159925381816187 0.005760483683429962 3.6576581002937907
515 0.9642335668139062 0.18206612173047887 0.006961508858342791 3.657617349505237
520 0.9649572838800515 0.17482136099187962 0.0013703938994997777 3.65747031133626
525 0.9651976392085548 0.17579698509128594 0.0012658712533195615 3.6573755656426306
530 0.9650038788605748 0.17593362537033075 0.002912072395804044 3.657024515038699
535 0.9678793652349638 0.15832905547407128 0.004609071193782288 3.6576029626382653
540 0.9660364217371762 0.16993680367576403 3.664372574485597e-05 3.65691933957456
545 0.9691619715398887 0.15164885552043872 0.0019308352379576732 3.657886117683999
550 0.9677791495330974 0.16018924303717785 0.0016201405268057023 3.657142419736145
555 0.96412900588725 0.18210378348359946 0.004688963711318772 3.6578514270214795
560 0.9671917337065971 0.1633610051735963 0.002926674482953251 3.6572977804834297
565 0.9668271637558851 0.16782222037323002 0.0007692969956847318 3.6579296947104485
570 0.9654452783427823 0.17254629910761077 0.003146784491622423 3.6578173133768384
575 0.9689965869243642 0.15166094370564842 0.0010524618340834735 3.6576760177534733
580 0.9671097741269238 0.1658036223664876 0.0033410329697654007 3.6572611837065727
585 0.9665435095014258 0.16779003816863813 0.004735746488817361 3.657465889403895
590 0.9653971919482027 0.17362713182552048 0.006040933483186128 3.657473053894991
595 0.964166684519302 0.18365095765986528 0.0033554122196826075 3.6568436551157273
600 0.963852064535902 0.18075346220968225 0.01027656878277683 3.657482826855897
605 0.9653669568079504 0.17469071308496975 0.0028129570059096665 3.657169680925046
610 0.9664747560245806 0.16712966947067454 0.0019104507493938883 3.657297024979562
615 0.9632327023624565 0.18567055173797176 0.0116958610269009 3.657252625192468
620 0.9667492970513492 0.16761579198123844 0.00012810351788750118 3.6569077576722373
625 0.9647176516288631 0.17909484484283977 0.004132973649713101 3.6572189997207762
630 0.9666875398063788 0.16580573272761123 0.002301369984147872 3.657495723020761
635 0.9652262128718506 0.17404074256331548 0.008246801943829762 3.6575952495538733
640 0.9667083774812725 0.16776045873534917 0.0021395635995788975 3.657185354233011
645 0.9664938918375638 0.16820153037175656 0.00028318259449222616 3.657617156400641
650 0.9682290739054208 0.15711228784007947 0.00342854436164286 3.657133708647334
655 0.9638755306947488 0.1830978576813953 0.011800659352182885 3.656632141110101
660 0.965663533484503 0.16993153665638916 0.004521401990006835 3.6567208946270697
665 0.9649094338302148 0.1751327015977342 0.0033464492026824555 3.6568795654157857
670 0.9636614441822937 0.1851043019113212 0.00747326949752436 3.6570165193682764
675 0.9662217066825886 0.16702428065765762 0.01314509044155554 3.6574505106248067
680 0.9640076970098914 0.18293576508949183 0.006116704979810317 3.657249344623949
685 0.9688872088444548 0.15435790332713095 0.0025709615421252163 3.6574548037951264
690 0.9663472530895735 0.1709402830929343 0.0034324222227042345 3.657217172776652
695 0.9686448270097207 0.1563257564663978 0.0017628520822081661 3.6567936162789483
700 0.9648623083623449 0.17683649134302204 0.008569039407871681 3.6567342715161324
705 0.9672307859956553 0.1644567536343482 0.001161444107112608 3.6566136525282364
710 0.9652289590680131 0.1743612114057047 0.004036830728969321 3.656592102129407
715 0.9662433484858981 0.16776079305336733 0.0007194379513246751 3.656483993528077
720 0.9621646232473771 0.19350482218929077 0.003525764653798724 3.6571871101421483
725 0.9686084298284552 0.1552815923600548 0.0016790377175008864 3.6567125759509405
730 0.9662542681188444 0.17062818333505625 0.00209699771144356 3.657208671882399
735 0.9653910542563504 0.17569512936116105 0.005635227590460312 3.6565399693308462
740 0.9646589806797061 0.1734808910340493 0.008903036088123928 3.6570799054168894
745 0.9668718675044197 0.16610503084401884 0.002227881387585784 3.6563509432004304
750 0.9651123489685118 0.17654553031732956 0.004124906653405924 3.657228498496273
755 0.9684237070720164 0.1572103038399968 0.0024775031066728292 3.656880116786341
760 0.9665945223734513 0.16558381106114695 0.0003328113632545815 3.656649893671619
765 0.9638398658526126 0.1828104677205764 0.00655591994830762 3.6565355548928835
770 0.9686739937782891 0.15261714324460085 0.0005297982727778816 3.656944852897629
775 0.9670871249729983 0.16301589089060098 0.0012729958498953753 3.6565049387441997
780 0.9677012547251777 0.1606910464551179 0.0002948860204965431 3.656625983564971
785 0.9657365719144895 0.17130552736995597 0.00492073399596582 3.6568990882394026
790 0.967154232162049 0.16405729114827805 0.0022098222302446846 3.656611561808739
795 0.9666513228782851 0.16581376744787635 0.0003578827606496304 3.6569055051943296
800 0.9676153360599116 0.1605300620024228 0.0007722195895412121 3.6562146746636386
805 0.9705259342810544 0.1435683977556974 0.004684983852997648 3.656727512513925
810 0.964893612328374 0.17568081767222 0.003182955950776556 3.6563284529867763
815 0.9649068711966833 0.1778653856188086 0.0010754754589255011 3.6578358772082997
820 0.9664741504738394 0.16820804702677972 0.004066250962933005 3.656457390782511
825 0.9667910187727935 0.16465524740549853 0.006388261977036125 3.656676702813532
830 0.9681604230595084 0.15811075221545234 0.00035520833834223886 3.6559202163112654
835 0.9652170690501841 0.17767291090472082 0.0014146745397851657 3.6570986819799076
840 0.9681366463596771 0.15919586950311881 0.0015474207867351986 3.656919922384746
845 0.9660655261944435 0.17087954785902726 0.0014895430192563008 3.6566626616646847
850 0.9644600588153189 0.17941553461470283 0.005628131969732886 3.65638639498356
855 0.9656735622540632 0.17039916579092873 0.004140904219437802 3.6562560125515065
860 0.9668132202334152 0.1631736746940784 0.002790716163924678 3.6566107975588023
865 0.9661814488770213 0.1688848553247695 0.001403413337002446 3.6562438167315605
870 0.9674262517359725 0.16246918400285182 0.001874366840479036 3.656780478131779
875 0.9662701188477552 0.17015200167066657 0.00011295889097562295 3.6566044353661287
880 0.9689288846573476 0.1526609805320085 0.003963310300830525 3.6561993453924693
885 0.967607675903019 0.16091286477701905 0.002455132420261741 3.6563963181416015
890 0.9639885603640982 0.18079051274504998 0.004954701216537849 3.656727325512813
895 0.9681672570130329 0.15648357624293396 0.00013529587362226536 3.6565472374537573
900 0.9671731717771752 0.16028108374995842 0.005725287274192858 3.656674219452264
905 0.9644773761468146 0.17778615087103145 0.002639786644481168 3.6560443689433844
910 0.9661021002490353 0.16810751694388815 0.0022469994629388257 3.656469754935455
915 0.9673723261533991 0.16191697837735664 0.0030796144103300005 3.6562356140172163
920 0.9676411764715238 0.16080910466176324 0.0007311194658268239 3.6563225434123923
925 0.9662042325046263 0.16885866425708818 0.0014376475575861303 3.6564250419866493
930 0.9657756736791374 0.17134992459279408 0.0037708094210817666 3.6562644909592996
935 0.9662765705803202 0.1718696113473852 0.005629851070842795 3.656138089803611
940 0.9689694729126368 0.15472832163604044 0.004946818339024217 3.656244446935587
945 0.9667781865002795 0.16688217215169532 0.0022942753410919448 3.656470625844469
950 0.9655913205662582 0.17121655422084325 0.00726651187986449 3.6560931516959676
955 0.9674348661905599 0.16122102220186596 0.0017432149495504312 3.656405931959662
960 0.9625467541459514 0.1895506583877382 0.007011433488705032 3.656105328154753
965 0.9648468785789652 0.17576295043779266 0.004414367702403554 3.656439324659495
970 0.9631989321397021 0.18637473217609202 0.002151778811760874 3.655933057091711
975 0.9662270442152695 0.16820302227116546 0.002546224167728761 3.656390243188541
980 0.9657498437970857 0.17231533318716297 0.001338403439813396 3.6567470806420066
985 0.9668467329992125 0.16459236430887625 0.0007343841668494555 3.6560720886185876
990 0.9678365424947681 0.15969315289757713 0.00045751558692752603 3.6565362326090978
995 0.9633239753631935 0.18368181345183432 0.004947526326944507 3.6562017995337714
1000 0.9661719240979717 0.169454991835027 0.006108797338389094 3.65589263540459
