0 0.715463626656317 0.6699671187316409 0.001344672015247017 0
5 0.9997163228543637 0.0005892076809252966 4.10699045407803e-05 0.6950864396239581
10 0.9998531319654285 0.0002966299530897665 0.0008214521419653842 0.6946870919645945
15 0.9997227980827563 0.000898469479275299 0.0014263495755286737 0.6943426317904126
20 0.9998890863632387 0.0002454889877543387 0.0008022881253288983 0.6944512366347353
25 0.9998765063639645 0.0003031970696600883 0.0016693418329036813 0.6944477855560439
30 0.9998859417915686 0.0002747676818158906 9.080263925431709e-05 0.6943055155077072
35 0.9992879340824978 0.002704888351154233 0.016055080239330666 0.6944933500015054
40 0.9997800963728188 0.0006962435698131264 0.00012869399678250293 0.6946038249176003
45 0.999844726157948 0.0004726143560325191 0.000692957177518827 0.69409794310748
50 0.99976606598095 0.0007927559397660211 7.242989409084188e-05 0.69419388569689
55 0.9996647639015013 0.0011605893792387967 0.007170297528585889 0.6942349365281066
60 0.999924545566095 0.00015324566215602076 0.0001232817140937037 0.6941748416442749
65 0.9993301278740254 0.0024908211447207673 0.0058435507906945405 0.694635194477855
70 0.9997177889336206 0.0009608663897249237 0.007163060795373877 0.6945709911941469
75 0.9998202538523647 0.0005635949047980704 0.001873347680160009 0.6946111685877816
80 0.9994813327305168 0.001954239845691319 0.010278891862333217 0.6942416531854596
85 0.9994869650727576 0.0019373182026987124 0.0030276233779147343 0.6944153409668122
90 0.9998481627030038 0.00046294237577670927 0.0013217629755153393 0.6941790923119632
95 0.9999334176874097 0.00013441971371308536 9.068144180002236e-06 0.6943470503796435
100 0.9998402148180021 0.0004944073726282916 0.0024554072730651466 0.6940400007270204
105 0.9995080036728003 0.0018080309949741746 0.0004978730083191607 0.6939549791623294
110 0.999408322535319 0.002258925711402404 0.004410496110969109 0.6941642089330045
115 0.9996245277749485 0.0013912728657232698 0.0037796045357169072 0.6939691705507482
120 0.9991613229031746 0.003253955502644512 0.0032048198664655914 0.6939045450353892
125 0.998535632009128 0.005682993135647241 0.005509312969435021 0.694318711972964
130 0.99963492027584 0.0013153911774204108 0.004633645318092516 0.6940352377399299
135 0.999112780530633 0.003451913051604194 0.006632396889789449 0.6943049167439743
140 0.9999080216415003 0.0002528704663997683 0.0017806259193877683 0.6942509218331687
145 0.9998950867672891 0.00029530262630461657 0.000535586092286211 0.6938613510767269
150 0.9999171949611515 0.00020925672450000654 0.0033013712924678806 0.6940566237310294
155 0.999162912239589 0.0031970658157349785 0.0030442132872303684 0.693759245392132
160 0.9999398940234476 0.00012896519575034127 0.0008620239315750844 0.6942109094696033
165 0.99967608610667 0.0011979909286983226 0.001097940582360346 0.6939987565029945
170 0.999943842706877 0.0001139043039768417 0.0001896595068431317 0.6940893938533895
175 0.9999405796733154 0.00012341950887029274 6.674916308124779e-06 0.693995735415465
180 0.9995784618984108 0.0015915034994040678 0.005068655914477471 0.6939602850159461
185 0.9993869956187964 0.0023132971286438098 0.008379921384411793 0.6941203304620265
190 0.9996814368216793 0.0011780518862607448 0.005727138671062448 0.6941132764665114
195 0.9998495653700892 0.0005007015389819625 0.004907147399852763 0.6940763977155696
200 0.9999387295312028 0.00013837708069075472 0.0009460654695780946 0.6938907418467188
205 0.9992723597184477 0.002827682784558583 0.003186476860204457 0.6938132447755058
210 0.9999464777009716 0.00011145186586025702 0.0001486915867772165 0.6941140594930912
215 0.9998259970214687 0.0005803870063791905 0.00805253466739242 0.6939780631274547
220 0.9997636637738623 0.0008545101530472721 0.0015417555756875867 0.6940868674642622
225 0.9994225417388962 0.002225912013153919 0.0021399895352667286 0.6939924019718443
230 0.9998325377856332 0.0005768678176811814 0.005104554625531832 0.6940888304070241
235 0.9997907864948641 0.0007226554560388898 9.038781756620651e-05 0.6940347707747994
240 0.9999361622320145 0.00015861238760350727 0.0004953444432691523 0.6939647345704603
245 0.9999490200004361 0.00010472914666193045 4.6398728271279666e-05 0.6938078279349637
250 0.9998754578378647 0.00039409794903177975 0.004988627542264257 0.6939142830613433
255 0.9997309869800288 0.0009903301359701633 0.004196318953831768 0.693861420844414
260 0.9997083093021264 0.001054208282732727 0.007731035685470955 0.693826932335837
265 0.9994003298307602 0.0023219603363279218 0.00713944897649843 0.6934936313301631
270 0.9996984593140011 0.0011240111073487213 0.001696964703024495 0.6941324683682576
275 0.9999469592399759 0.00012071721787987322 0.0010515780903830318 0.6936299236674225
280 0.9998963949632853 0.0003153982355355023 0.00019978897113293037 0.6939731842382949
285 0.9999525594288226 9.712322832300391e-05 4.2043561889970604e-05 0.6940136490489014
290 0.9994872692469479 0.0019345331347089267 0.003007462398405325 0.6938749849375292
295 0.9999438397786047 0.0001341907986833757 0.0005863016808269617 0.6936916744438665
300 0.999926438806754 0.00019858155200747074 0.00010043419263605635 0.6938040776411648
305 0.9994814324288068 0.0019618215502643643 0.00788235740266563 0.6937571353255091
310 0.9999521890435941 0.00010003989982898531 0.0005054990833297524 0.6940930946678531
315 0.9993102843943116 0.0026875924847175048 0.0040618083265411276 0.6940593739154491
320 0.9997050633031722 0.001101239471316462 0.0007870761621430189 0.69404693533697
325 0.9999393175550291 0.00015679257816114678 0.0006332712961643061 0.6940731276950228
330 0.9998573620639153 0.0004736120027482027 0.004204465523480971 0.6936962785360677
335 0.9997554915005906 0.000902004363802944 0.0016354036273591444 0.6937066244259679
340 0.999953514210236 9.924516493220459e-05 0.0008177522821817274 0.6937628735231455
345 0.999837869480976 0.0005540623592270588 0.0007524762314855549 0.6936255832670404
350 0.9997093704258612 0.0010640683962935826 0.0018412333605499764 0.6936869383010666
355 0.9997772878577298 0.0008166379766310072 2.956324381087061e-05 0.6938749695407672
360 0.9999474776254134 0.00012410529626960543 0.0003733538015040505 0.6937361563223037
365 0.9999569364583525 8.98293402411543e-05 0.0005698567998926318 0.6936977251422158
370 0.9999568193529665 9.021757663285612e-05 0.00018887689431823507 0.6938970840828996
375 0.9997341529999269 0.000991568890144956 0.0009173419018260187 0.6937392801500185
380 0.9999585873393363 8.681330880389027e-05 0.000602319355768266 0.6935297389198958
385 0.9998902735979531 0.0003633934805592487 0.0025817814832211905 0.6935076870905571
390 0.9999113127952454 0.00027890775711947313 0.00020058508490627958 0.6938440506198955
395 0.9999268208453789 0.00021622045481040075 0.0015195728750930781 0.6936067198459367
400 0.9996095513179142 0.0014945029558817158 0.008187641447468086 0.6938102930772309
405 0.9998924677382188 0.0003452772728806952 0.0015592240469537444 0.6938915264072656
410 0.9998462173338036 0.0005445127964535112 0.0016998086553241532 0.6938580725845321
415 0.9999227866820304 0.00023617781199991583 0.00016102102573434252 0.6937251715920797
420 0.9998767645718412 0.0004226695171847261 0.004053881523944591 0.6938998754087018
425 0.9999348005958482 0.0001870848053742158 0.001302310153364017 0.6938427542902414
430 0.9999238927060794 0.00022953516895829473 0.001198883747996371 0.6936635474726
435 0.9997996388883323 0.0007122764676223969 0.0029031017071872167 0.6939370311025094
440 0.9998544225605359 0.0004957536200864698 0.002688622456316292 0.6936193747002557
445 0.9999421667222093 0.00015699569629545884 0.0010932480090619645 0.6937788844880254
450 0.9999380014981493 0.00017536501019965733 0.0009498857702703312 0.6938969609544431
455 0.9999365889295991 0.00018328719984095354 0.00159675618601951 0.693797557369745
460 0.9997944291267348 0.0007367860134812609 0.005115801925184349 0.6938257252790458
465 0.9998257085425291 0.0006288847978119794 0.0032313903504204156 0.6936837656495964
470 0.9998254546799972 0.000612834892662284 0.0011731916602246706 0.6939110563687655
475 0.9998821288995443 0.0004037618864396464 0.0003335633036976038 0.693727429524917
480 0.9999273825371113 0.00021218592326643915 0.001104192002011617 0.6937701043272773
485 0.9999406384112421 0.00016137875842670013 0.00043201663738390295 0.6935852954874968
490 0.9999115029289659 0.00027652703276115354 0.0037693023544472792 0.6936392438806226
495 0.999933865200296 0.00019516128277152767 0.0001907804449342576 0.6939325424113743
500 0.9998184591192463 0.0006437196622701702 0.0039023655802961077 0.6938487021230353
505 0.9999062728796535 0.00030872888520994124 0.00024007015227844875 0.6937299311619464
510 0.9995852633211189 0.001572275321780059 0.0025730778169157364 0.6936660016769005
515 0.999375712134699 0.0024065366088248386 0.005854250659349303 0.6934130766609747
520 0.9999043026151829 0.0003182354719003522 0.00025120287664059937 0.6937918572914695
525 0.9999531770094923 0.00011434355446438005 0.0003139751248382172 0.6939300195002334
530 0.9999319224077993 0.000197604480280833 0.0013619612412836268 0.6937983496385075
535 0.9999411564733045 0.00016274169834495922 0.0007066968714015687 0.6936088668330426
540 0.9999587962337269 9.646119783757179e-05 0.0007415713606488961 0.6938866869760706
545 0.9999407543106071 0.00016385957766495984 0.001151138704022614 0.6937876320617923
550 0.9999621623008381 8.391209765434837e-05 0.0006208717312147227 0.6937486155877027
555 0.9999107829188751 0.00029290979829710295 0.0015034939978801898 0.693851196434733
560 0.9999556921318253 0.00011048688614900826 0.0012305646478671939 0.6937620603508938
565 0.9998939003888496 0.0003621583129005401 0.0026296038931117316 0.6937814487175042
570 0.9999570757130849 0.00010270110964416546 0.0006009907543849113 0.6937420706487154
575 0.9999457993329124 0.00014714018379580196 0.002129547260751208 0.6935054710915608
580 0.9999565935464141 0.00010977028145853218 4.343572477449875e-05 0.6937024089357254
585 0.9998317461805512 0.0005962472564524646 0.0005170130949170293 0.6937355690947836
590 0.9997833556681613 0.0008076732664960007 0.005383422608493449 0.6936977139456686
595 0.9999638665523861 7.703107117484898e-05 0.0007580542620637676 0.693899216289669
600 0.999961257066123 9.05318661525989e-05 0.0006636086525233509 0.6937495170209861
605 0.9999112120323776 0.0002845821216850286 0.0014457078424630065 0.6937333959935451
610 0.9999355905413894 0.00018808231540934361 0.0004933543845089261 0.6938167221540479
615 0.9999205366374648 0.0002470445411869582 0.00203799577605257 0.6938166732352613
620 0.9999664838916652 6.899836230678247e-05 0.00013789457418478257 0.6936296224062418
625 0.9999454876818741 0.00015609751951939366 0.0007207539814152453 0.6938501690689745
630 0.9999553360558711 0.0001164798769790476 0.0009662739569427092 0.6935602677633489
635 0.9999627893849706 8.309314084975483e-05 0.0006691796256683702 0.6936512059065381
640 0.9999670832100191 6.710420868194511e-05 6.341606773041519e-08 0.6935957771640437
645 0.9998136657068112 0.0006886102506682423 0.004338629021231055 0.6936252744490414
650 0.9999377661089788 0.00018778904901806115 0.001136544417290497 0.6937243768730417
655 0.9999665668638837 7.032229366599196e-05 5.5125206152584205e-05 0.6935035676843674
660 0.9999518522264541 0.00013171630342845297 0.0003022248598225641 0.6935495167863158
665 0.9995936159872031 0.0015738572569092835 0.00041682390465047625 0.6938028297008723
670 0.9993683356498118 0.002445319464208673 0.004515238497109331 0.6936490651548793
675 0.9999570610265561 0.00010669474234625831 0.0001378320572562597 0.6935550324388616
680 0.9999392043139304 0.0001843694282217534 0.0011321039932105093 0.6937957873686649
685 0.9999580136607251 0.00010833474752580674 4.624542146891564e-05 0.6935869215286828
690 0.9999645538269715 8.197204404680747e-05 0.0003961207408684775 0.6937372471182024
695 0.9995614975901028 0.0017052135291586445 0.014457843127844594 0.6935278569945205
700 0.9999690714266147 6.394092684836039e-05 0.00010861798621275565 0.6934597305459476
705 0.9998795657180812 0.00041617430165252767 0.0014037081642859217 0.6936491684917351
710 0.9998513500384407 0.0005411387446164762 0.0007610054565471147 0.6936334496966132
715 0.9999288777393185 0.00022872159278930493 0.0005397882346973581 0.6936286603148377
720 0.9999256732717916 0.0002429874777114538 0.0001861897672328361 0.6936749271762868
725 0.999969686782514 6.3189941579056e-05 8.942891467755842e-05 0.6935055484014271
730 0.9997369691359872 0.0010010937021039945 0.0053022620527318765 0.6936621326379057
735 0.9999646130070203 8.435483186475246e-05 0.0003057328130777748 0.6936849908379954
740 0.9999610579053697 9.943598736561476e-05 0.0006804946377861887 0.6935457617467766
745 0.999873615179762 0.0004408352454323694 0.0003736580248097088 0.6936670247189434
750 0.9996065893656391 0.0015014620414064428 0.0028483533941279227 0.6936686373134923
755 0.9999175961232363 0.0002649023822582919 0.000197709528408474 0.6936865938815744
760 0.9997500839385528 0.0009304318666598643 0.0016283620885687577 0.6934609371774337
765 0.9999099805127849 0.0003054127639143811 0.0011396546855459988 0.6936804263809739
770 0.9999390866628796 0.00018332550298960637 0.0005005141534718538 0.6933705295590059
775 0.9999600192704985 0.00010004561900101017 0.0008305322512653923 0.6936985158350971
780 0.9995089679218148 0.0019193451440262521 0.0054744839536360335 0.693568100046497
785 0.9999704774389805 6.132965421090653e-05 7.97209557569234e-05 0.6938219577150785
790 0.9999709202964053 6.0674501356272614e-05 2.5528323350787474e-06 0.6935165340760121
795 0.999904291885616 0.0003207197435828313 0.0024600194970558764 0.6934816618697642
800 0.9999533723966944 0.0001285043569980715 0.0006318063614328961 0.6936414259088768
805 0.9998228699353662 0.0006589178075879776 0.002697508628967782 0.6933269577498336
810 0.9999547873409221 0.0001265620844351778 0.0020569086988591057 0.6935616227999098
815 0.9998424715300431 0.0005794524920691435 0.0007716306718238419 0.6936589317227351
820 0.9998560735830313 0.0005117399305634152 0.000151622872507029 0.6935321618328052
825 0.9999224308724921 0.00025023864712792054 0.0017500052458758741 0.6937474313686336
830 0.9998933185056572 0.0003769781315807741 0.005282528719567692 0.6935704046685963
835 0.9999629964707017 9.510510203902811e-05 0.0006733043556184093 0.6935116444805054
840 0.9998643396693181 0.0004929181417290263 0.0019346839009166672 0.6936321241969303
845 0.9999715795213333 5.9609683834560556e-05 0.0005412057329639008 0.6935638767548276
850 0.999612533684284 0.0014820521695855238 0.005664704557485134 0.6936302543793376
855 0.9999655944906964 8.418216590844185e-05 0.0006297541105162452 0.6934938867028383
860 0.9997446299315493 0.0009566653727532959 0.008391516681210853 0.6935799806373302
865 0.9999559018353296 0.00012452523404249405 7.017940587972227e-05 0.6937014871773635
870 0.9999521666719087 0.00013398023924837688 0.0010483823888640664 0.6937856663867419
875 0.9999500723718786 0.00014813698419235966 0.0011915107518918333 0.6936694424072246
880 0.9999338991049891 0.0002067187049614727 0.0049897634639677335 0.6935038550790157
885 0.9999647630440904 8.855375244054553e-05 0.0006902897710672207 0.6936274413763956
890 0.9995273058568885 0.001823480280898071 0.008911837602847417 0.6934225472351538
895 0.9999207239637168 0.0002690238043362436 0.0027081075405410715 0.6935062241281074
900 0.9998429327219682 0.0005680274665627039 0.0005053240085723942 0.6937045560348929
905 0.9999728185207813 5.563679593301174e-05 2.2606460668095352e-05 0.6936178592826276
910 0.9999728550411612 5.554494855020131e-05 5.165415459806866e-06 0.6935839030421868
915 0.9999300038571342 0.00022253934967042532 0.00019808235673113295 0.693565328925289
920 0.9998485074284185 0.0005584054112310888 0.0007672498208595169 0.6936296120438841
925 0.9999435434240811 0.00017639079750264575 0.0011378242962368779 0.6934305582301316
930 0.9999734524000763 5.434542708826484e-05 1.7325003981882858e-05 0.6936482750045598
935 0.9999643925728692 9.199333675913302e-05 0.0004913688745489253 0.6937261016635715
940 0.9998621067407185 0.0005057271425559229 0.001962561301964705 0.6935262271316798
945 0.999973384358942 5.539152510170009e-05 0.00019385444698150067 0.6935322815448253
950 0.9999673585977555 7.728732764156199e-05 0.0010714916759966275 0.6937031918707524
955 0.9998504629025564 0.0005523769752101559 0.0017744553551073405 0.6935533956639149
960 0.9999511052548355 0.00014156123413799904 0.001389429471857495 0.6937407501124941
965 0.9999465666907629 0.00016055398875403082 0.0007641786581389365 0.6936564665108115
970 0.9998905411124513 0.00039144291483106386 0.004007469705912481 0.6936264111920282
975 0.999973195269427 5.6653854464627784e-05 0.0001111171972030256 0.6936043695255918
980 0.9995492961462379 0.0017626075056011992 0.0040674979545272105 0.6935516462104343
985 0.9999335049903402 0.00021890701427773607 0.002407334284431517 0.6936111982997126
990 0.9999732475725869 5.844685770295399e-05 0.00039229526960360417 0.6935477936843113
995 0.999950073278933 0.00015282981957054353 0.00010347466560522989 0.6936238612053995
1000 0.9999744129467 5.251681288731547e-05 3.853194598102405e-05 0.6934969961245209
