0 0.3546436453820469 2.3992447897814246 0.3273772318191328 0
5 0.8119744124492903 0.4520837665663828 0.04700054463829173 5.311206341464376
10 0.9184531909928324 0.19394381079626566 0.02771252555755277 4.870111168592843
15 0.9277232994122598 0.16877858160267412 0.026538871339203407 4.854601703703115
20 0.9261680863117292 0.1730401470975229 0.032919908181362256 4.849917926698357
25 0.9299188561051837 0.16151116424063972 0.008280755980701215 4.844913301435662
30 0.9326263580782697 0.1547692655213604 0.021039176034000295 4.843532207882353
35 0.9321258914261775 0.15692450299315563 0.03162836333420427 4.842874754881983
40 0.9332380303495658 0.15226069756689764 0.019846986092018737 4.8425646711230765
45 0.9335367829652863 0.15203596979011902 0.019746115510070217 4.841588104691253
50 0.9254062935064367 0.15954442391351886 0.004588795704106419 4.703013045683651
55 0.9201176411114531 0.1685004191284456 0.001617870672639743 4.696914651221021
60 0.9203142435841323 0.16823597235761767 0.00098955011393409 4.697050195923002
65 0.919868472609158 0.169349563105742 0.0008955865498472271 4.69667111529332
70 0.9195807329589134 0.16952076230234692 2.8883929870548997e-05 4.696503912046772
75 0.9205696005467173 0.1675894560175344 0.002528066566760856 4.695210065241243
80 0.9188433949838366 0.17170384820956297 0.0016803442464767837 4.6943579874668275
85 0.9200390077025562 0.16894448117357008 0.002568966732309663 4.695872828928958
90 0.9197208006909123 0.16931656338610512 0.0004010399164102729 4.695804011930308
95 0.9178538010938707 0.17467238721133782 0.0036149087687875614 4.694482327166371
100 0.9201169128142355 0.16845398948346713 0.0013672759904292953 4.69511808858152
105 0.9192356458695036 0.17056816983152068 0.0006264593187830236 4.695089150858659
110 0.9200020229374785 0.16880679317131175 0.006398472242412856 4.694765153154239
115 0.9203261102249869 0.1682772101938248 0.003672891631820052 4.694803920184338
120 0.9100370743704731 0.19637635710977275 0.00638515360284253 4.694699403804057
125 0.9187302491755818 0.1725305100558856 0.00017299155097449948 4.6952573883322986
130 0.9114391418741501 0.19341995547000934 0.0035357513653715422 4.693916030645715
135 0.9173308279199228 0.1767007978148376 0.001465981969164476 4.694212362457128
140 0.9195248769228571 0.1696552262427442 0.004794632983980085 4.693807064949656
145 0.9175611260274195 0.17572386392356698 0.0005768115787225803 4.694720336398209
150 0.9204462695643469 0.16785840800569396 0.002128421589561613 4.694885530515124
155 0.9198577322483101 0.16884046189066648 0.002262372746751673 4.6944521257479535
160 0.9211132999480798 0.1664938834539047 0.0008210805856183612 4.694074487938813
165 0.9204598347578937 0.16778118134223252 0.003620596551953348 4.694568609811972
170 0.9208057142370414 0.1669144884047471 0.001584052716585127 4.6942193512361925
175 0.9203609819785348 0.16864227721524294 0.0045477205191566394 4.694626801804809
180 0.9185058984679539 0.1733228016107029 0.0006829850059260067 4.693571984565051
185 0.9189729579450623 0.17196202914181935 0.006087684221214085 4.694065634355472
190 0.9196715445119998 0.1699676738604632 0.0012212700565570334 4.69400546724266
195 0.9187342210782551 0.1726484088518596 0.001397369137067006 4.694645169431302
200 0.9198318437447344 0.1695782178753369 0.004443773862662814 4.694210105648818
205 0.9170783306673187 0.1766427096606611 0.0025389293585775796 4.693720174887189
210 0.9196847242168148 0.17053876526333323 0.005565684028693507 4.694022456907433
215 0.91835285072773 0.1737792606873736 0.0033798407144636222 4.693213329282027
220 0.9214484185241126 0.16563079466035546 0.0022439739911572776 4.693585237554417
225 0.919919446693853 0.1688975013192211 0.0011103831730348013 4.693279795933122
230 0.9200163337905128 0.16923350843238616 0.00042683454246761343 4.693716449171287
235 0.920045009516902 0.16850901805915885 0.003395793364636024 4.693951500251973
240 0.9166828557266842 0.18003246854590227 0.00021747329003352078 4.693463249169961
245 0.9186747747767958 0.17239711431692495 0.0019302121433026898 4.6940685121586
250 0.9125696759718878 0.1906941722464932 0.004432700620904617 4.693756280210455
255 0.91930894645817 0.17087732401427402 0.003406504613821859 4.693353996897116
260 0.9163578597457276 0.17881787567380325 0.003059319541327543 4.6928275216626
265 0.9201904398825103 0.16816868777378868 0.007448242365281521 4.6932041428047695
270 0.9172952650589558 0.17661491903904025 0.0058332979438016075 4.6930567309898175
275 0.9211742126444165 0.16620129429814412 0.0037073443968014264 4.693073889905559
280 0.9213053451042459 0.16576983028118608 0.006997079201986889 4.693379132401538
285 0.9192555254067893 0.17107343926988428 0.0019566198150751113 4.693819650192034
290 0.9197653771605567 0.16949890363155795 0.0018847970397608549 4.693426317828309
295 0.9208295906186861 0.16663812160850533 0.003413830116818506 4.69346732538374
300 0.9213138283095187 0.16596310173280582 0.00020149728750906704 4.69268842363034
305 0.9201342159652313 0.16929692307496946 0.00230973259007361 4.693159606698259
310 0.9210137760822796 0.16628191210317933 0.0019258075944807995 4.692939144230144
315 0.9197281112653103 0.1701823465987422 0.002023435227760384 4.6929203393669665
320 0.9169950231423319 0.17779359561494168 0.00726758282599782 4.693421130699996
325 0.9193042970507461 0.17124618995703944 0.001591021118291014 4.693637591459871
330 0.9213463243826985 0.16563576048160122 0.003462087416461701 4.692283892693133
335 0.9206241956168024 0.1672806269857059 0.0009083370336566698 4.692789124821659
340 0.9151237595956538 0.18213344773440632 0.004920084683649462 4.693656246304234
345 0.9209823218130306 0.16642452783299522 0.0010672907928526154 4.693129207820218
350 0.9196867664758287 0.1697508857549055 0.0011667884836383813 4.693065232706015
355 0.9212063535591036 0.16610665916134426 0.0023252710865420134 4.692776126716809
360 0.9216622428119134 0.16520755042924318 0.002279739815835624 4.692534842098418
365 0.9189883091537028 0.17162656779151586 0.0012116734169875798 4.692707098887152
370 0.9204062002506597 0.1678116472505451 0.0036054396888709483 4.692797631600386
375 0.9215601247936664 0.16521599206931015 0.0006884462489800125 4.692617786711002
380 0.9180438315696128 0.17533609325412236 0.002989684668197601 4.6926966858734565
385 0.9215405714150527 0.1651424099720682 0.00212612823715963 4.692877122793696
390 0.9212238391416552 0.16600826379267897 0.0024407387377425316 4.692579778125078
395 0.9203408748796635 0.16943853709540857 0.00426396510566307 4.69223448775141
400 0.9195340239270497 0.17058678851778986 0.002255741308184289 4.6930222213689285
405 0.9215448033005632 0.16520324075118253 0.00605986323528751 4.693235843098202
410 0.9214888367601213 0.1655286259600599 0.0007294407044518003 4.692164864158616
415 0.9216967098699278 0.16474113553890568 0.0012329911377977343 4.692814352509079
420 0.9222334768530834 0.1638993260797985 0.004397383022347823 4.692034225214462
425 0.9216909198097476 0.16473012526036612 0.00013586244120444846 4.69306491264917
430 0.9199825325220037 0.1697881074600831 0.0036604117368859157 4.693148709972397
435 0.9151405855472307 0.18391279821843032 0.0028298004944224964 4.692293119293133
440 0.9152318710608172 0.18264960491531568 0.003411059075265843 4.692283644872233
445 0.9209022613898321 0.16743308926271538 0.0006311823379854253 4.692022388601511
450 0.9217130278581858 0.16459634935368417 0.0008464400147292217 4.693226089639591
455 0.9214590090287632 0.16511585877493573 0.008689697586321987 4.692100773122389
460 0.9211570492413241 0.16685435651803537 0.0007925389713865361 4.692221538573114
465 0.9196003623691293 0.17144911823735232 7.630995165852639e-05 4.6923745293754
470 0.9214555963383466 0.16537584979520936 0.0020862015561355918 4.692577844080742
475 0.9217773089399821 0.16486092678424846 0.0010981881945879568 4.691544485134867
480 0.9218450212276204 0.16487980403452607 0.002142579775909814 4.691677729783891
485 0.9224504826595714 0.163161811729565 0.001112567467565384 4.692160990931521
490 0.921927090399361 0.16489754181325011 0.0017464955080090938 4.691922699805931
495 0.9227875190126288 0.16238718854645917 0.0024840289873142574 4.692255897001612
500 0.9212365355751103 0.16573374660764983 0.004079512171963229 4.691884830691382
505 0.9205406286061972 0.16908255342714984 0.0001236227023988512 4.691878521751942
510 0.9219874737678242 0.16459366844034395 0.0005456498878362304 4.6919606881837
515 0.9220552342506306 0.16453187485372922 0.0021765768015966636 4.691961980271892
520 0.9221550264404277 0.1638998073727267 0.001034700525948118 4.691947095697959
525 0.9231114855533438 0.16187282035431405 0.0014175336133499528 4.691916364446772
530 0.9227559483578345 0.1625072431560941 0.002237995242162061 4.692221564293467
535 0.9211017963903148 0.1672528741565884 0.0019482910559929234 4.691932367511656
540 0.9228270235517018 0.16295353005178992 0.004901429110095723 4.691220700306162
545 0.92199336179481 0.16467667033466782 0.0011470286554842168 4.691437270518696
550 0.9219763860221508 0.16455351958477582 0.0014121793127022109 4.691246311680423
555 0.9214625352432024 0.16582457657157246 0.002429343593621569 4.691565382225685
560 0.9210585758927159 0.16696200822783336 0.0016149783481469449 4.691561726552569
565 0.9226479259661127 0.16322235280784714 0.002603304215823554 4.6916059011246665
570 0.9225871538024308 0.1627415362983733 0.002596014796246271 4.692011417804469
575 0.9229047872067226 0.16238730480725216 0.005636611543806236 4.691550517580794
580 0.9237251493021017 0.16036150648152603 0.006541832204048692 4.691822242879606
585 0.921906915960371 0.16436867618832807 0.0013889114431966387 4.691097851917857
590 0.922058112355952 0.16448728859408224 0.0021086051689938046 4.691517600564872
595 0.9242471345329086 0.15928398148368927 0.0009256996138717888 4.691533278383142
600 0.9237896874831699 0.16010675154823062 0.00024371967223268953 4.6914484882880485
605 0.9230270373317824 0.16185081498058995 0.004226002419500219 4.691297158054734
610 0.9205579034810438 0.16994410818209094 0.005836536440092077 4.691300915454005
615 0.9228740260748995 0.1629315846105106 0.0012110337380757397 4.691438890045091
620 0.92127872242765 0.1668552630016853 0.001211058992056424 4.6914520350481075
625 0.9228037390034576 0.16258933849623336 0.0002141847468544178 4.690842485172958
630 0.9237588295530101 0.16118149117056824 0.001959700733729308 4.691248542727315
635 0.9235584218947921 0.1604517901931919 0.000937644196170595 4.691791976073203
640 0.9238615276274149 0.16020098782964265 0.0027907780041485086 4.691252808450556
645 0.9239806095382104 0.15959851736983754 0.000853628646963589 4.6904360674290295
650 0.9160258882743846 0.1828040523524157 0.0029728316122707987 4.690285460221563
655 0.9222076736929199 0.16463435962385464 0.0054029224651981345 4.690923443515793
660 0.9241156771898297 0.159720245762081 0.0034581472960049098 4.691060488406403
665 0.9248821825849514 0.15776153447744257 0.0003020181114601339 4.691279055888889
670 0.9226013743174648 0.16353202006093248 0.003882925911175894 4.690434142533576
675 0.9226308970497408 0.16314783896263307 0.0034862988701334086 4.691173049764522
680 0.9245726091379727 0.15826440117565532 0.0024573619734380436 4.691041068954084
685 0.9216220115833942 0.1670182438321488 0.003746684162875047 4.690104811060683
690 0.9239758709740526 0.15939777621973672 0.0008722536592640218 4.690514545067145
695 0.9208925469096905 0.1685154692336912 0.001197401754496008 4.690557911534814
700 0.9243228868833824 0.1585861903517145 0.005194100027975823 4.690882318242036
705 0.9239682854084155 0.15969632493360653 0.001754580142858675 4.691018731444266
710 0.9247040491086476 0.15835350616016797 0.0025155539260253157 4.6907654494305095
715 0.9240223462926089 0.16012535770493308 0.0010639508579819434 4.690367469291928
720 0.9248469357739182 0.1576448795873464 0.0007848367520149058 4.690619866782271
725 0.9244121574567937 0.15927837000511058 0.0029341986675843756 4.690182258285066
730 0.9244739759370451 0.15868243655675673 0.002741776518874195 4.690129967878901
735 0.9239801117652087 0.1616231667262058 0.006463525722836483 4.689877572282149
740 0.922923524488257 0.16340483811917128 0.003180394001803144 4.690919919299624
745 0.9254203248763282 0.1568415229203186 0.00020048846666509412 4.690483254696033
750 0.9254961297283313 0.15626592397059724 0.0023684152579783735 4.689892281938883
755 0.9232341145224867 0.16303328337585832 0.00126114087228002 4.6900219747278
760 0.9209429647102263 0.17070874682644277 0.004932794025567011 4.690389448881067
765 0.9263240235244693 0.15438889783997656 0.0010485569118214855 4.690175680012103
770 0.9257537482382043 0.15568446795706326 0.0012301467130160226 4.689933712651918
775 0.9266024552646384 0.15386774760627286 0.003773709779039347 4.690097708874323
780 0.9263904537760722 0.15464526006959645 0.0007703710074689063 4.6894595964988275
785 0.9237456598040925 0.16247646404939164 0.002494888134257911 4.689956410768577
790 0.9259619633974974 0.1551811312951079 0.0005777924678345148 4.689817793892469
795 0.9263106550575289 0.15428504982245883 0.0019537942024527855 4.689108631887753
800 0.927639517287483 0.15182406012436012 0.002011510005091477 4.689181351498313
805 0.9265416814114581 0.15398913985931895 0.0002665517965874109 4.688599073630895
810 0.9266639657539908 0.1537858906965086 0.0017269367461885121 4.689797502597044
815 0.9274679275428073 0.15191998177358634 0.0013305828732268488 4.689437151854476
820 0.9276939405986877 0.15154023788980187 0.0031944505894272446 4.689278310061361
825 0.9279075053203969 0.15086163086225568 0.0009206742541740809 4.689566562606461
830 0.9280966702698317 0.15142528807349365 0.0006592248282055735 4.6897330372815365
835 0.9276901182233879 0.15154118137483508 0.002124328499170769 4.690059753809811
840 0.9269954080160593 0.15348173905478912 0.0034010319237165465 4.689335368440574
845 0.9289454935008248 0.14865334450253176 0.0009070518339684419 4.688507065477803
850 0.9289869396558262 0.1486976512299183 0.0014700413718280458 4.689134966730521
855 0.9280064912887533 0.1508727093199269 0.0002798043300038522 4.689313621142794
860 0.9289834041295861 0.1486058190322863 0.00210802477205263 4.689340933379381
865 0.9278069910143201 0.1523835050346536 0.0028433710579789384 4.689424760528111
870 0.9296601249554712 0.1471457805941796 0.0022785661235376065 4.689044590946045
875 0.9280677701447697 0.15058477949167948 0.00045105873117479156 4.68905076804809
880 0.9283412176965409 0.15013171131084313 0.0029749982522127016 4.689155767439441
885 0.9297985647328241 0.1467510517236814 0.0023809051173102613 4.68894843551138
890 0.929862232579949 0.14662721411291102 0.002929810123636134 4.689348976472208
895 0.9290777504975898 0.14853825070061788 0.002557161699059396 4.6888951518489685
900 0.9297238303324189 0.14679736191071147 0.0029555271147096995 4.689155197504781
905 0.9297515990104306 0.1472263843461903 0.001161728843828369 4.688605543795056
910 0.9300882134439868 0.14670570437241537 0.00037579351859906573 4.689034462655926
915 0.930295843121526 0.14560031484228375 0.0027849296868407425 4.688237999067235
920 0.9289321392521859 0.1495933008491912 0.0007705857542537053 4.688230927300289
925 0.930057208395302 0.1470781584655656 6.921440024276748e-05 4.688829535465125
930 0.9302327754393164 0.14581628740631736 0.004406645040795354 4.68884858279242
935 0.9310728219923897 0.14395146189576202 0.00013299034965652545 4.68867398794192
940 0.9305337318939879 0.1454675067971749 0.00025775311369846676 4.6884435291800335
945 0.930888948347218 0.14451970418249616 0.003532076097939818 4.688487147997371
950 0.9315695705757691 0.14293928421994018 0.0027296543528718686 4.688691405572709
955 0.9312698930056609 0.14346486004655468 0.005337932412960544 4.688669707115645
960 0.9300934539347281 0.1474192955356477 0.0007665021955296503 4.6887069959493815
965 0.9311245232343983 0.14392185426526538 0.00175851380321701 4.688629252753003
970 0.9315372946880445 0.143188949205026 0.004930811088466491 4.688401079215411
975 0.9321394023088126 0.14165099199351605 0.002546280357219599 4.689078369211931
980 0.9318120992983778 0.14288574232505447 0.0006833593036077446 4.688317617688022
985 0.9284677817532039 0.15131944847774026 0.0007312372897267938 4.688166446284961
990 0.9325305260448349 0.14092058327574453 0.0017182583588151168 4.688033123038532
995 0.9312878318636121 0.14475542718847567 0.0007863861337664702 4.688349960168233
1000 0.9282240686708829 0.15513043519994607 0.004469895289412218 4.687804290756943
