0 0.384242658251697 2.191716563490804 0.35283969138648796 0
5 0.8088654490373854 0.45491592471928843 0.0243210496420061 5.314258103811214
10 0.9246657045542451 0.17894978944483242 0.019157966693113426 4.866856631417946
15 0.9284828402876407 0.16761674745018507 0.019283047036348977 4.854769121209005
20 0.9300283574162851 0.16196399654251437 0.03315324285194832 4.848650583578116
25 0.9300859837975255 0.16118285241871977 0.026877082244789907 4.84592606915648
30 0.9256436320670302 0.1753801847498675 0.029444477689028803 4.843643570889805
35 0.9323738338930907 0.15414145085404396 0.018624836157273617 4.843771338390235
40 0.9309981075428823 0.160358646252023 0.023450973139657716 4.842426520470884
45 0.9234135757587743 0.18057684976735722 0.013266604937928417 4.84225129500013
50 0.9068261506103632 0.21294368606382896 0.009337120994486359 4.703344415513956
55 0.9181411287986752 0.1746060374244749 0.00429723171474139 4.697205513724969
60 0.9157348069399103 0.1801281111598838 0.0014743135784500705 4.696497887637121
65 0.9201722040690983 0.16886967416224152 0.0005612107199131078 4.696007348752133
70 0.9144371769104527 0.18372718492901097 0.001295646011411744 4.69557889609011
75 0.9186604418055948 0.17225606755742096 0.0009096661263563455 4.696478405759203
80 0.919131809883045 0.17139799986372406 0.004308694856141715 4.695712131457836
85 0.9165519950942408 0.17867983516877217 0.003613460904980048 4.695871205668456
90 0.9184538378184712 0.17273451066570278 0.004270733254877923 4.69534204037593
95 0.9199637874498936 0.16891979509307387 0.002294887102626264 4.695744654429643
100 0.9189937826947452 0.17129279913395834 0.0017373218399205914 4.695528911277096
105 0.9194990863411785 0.17043258488309032 0.007566037819524585 4.6961294526698865
110 0.920111487835162 0.16861258254538836 0.002091940243358348 4.695318672979767
115 0.9204682883740114 0.16787758301056943 0.0011996140150394297 4.6949490640603075
120 0.918839452126298 0.17255841612135647 0.007516750306187925 4.696187995943574
125 0.9179829973087099 0.17385561253162507 0.004179539213116756 4.695691727207907
130 0.9158674550265079 0.1807525235144949 0.0005519523044399399 4.695013632441297
135 0.9147798518656729 0.18427585847294203 0.0008958712100639588 4.694495912837496
140 0.9188011365927959 0.17123036447428763 0.000335676554360953 4.695071786237202
145 0.9182544640514443 0.17297231663802037 0.004626345532671161 4.695023061785284
150 0.9186437306557599 0.1724638182567091 0.0003473165731915362 4.695184939321421
155 0.9099357746225031 0.19598363404462305 0.013903755101444704 4.694265509729122
160 0.9161315505377674 0.179744645758519 0.004619081380765611 4.694653709800344
165 0.9029639597706954 0.2169175832384802 0.00542121060774825 4.6946682625222635
170 0.9203741103316743 0.1679089207098361 0.0004364293229937033 4.695841121759106
175 0.9187091864775969 0.17377004429963705 0.004622598977112036 4.69539939064397
180 0.9206025713464767 0.1674744707480711 0.0014991737388458937 4.693898637288189
185 0.918218128885554 0.1741155643458301 0.0008115852354739772 4.693371756906199
190 0.9112440995119622 0.19358633119038515 0.0031010188756548374 4.6946708067688325
195 0.9210726835252981 0.16655921677943564 0.002590623218215793 4.693649773533893
200 0.9186005297405342 0.17281128331967732 0.0013293928339617178 4.6947771422353926
205 0.9205523650479781 0.1677752542969433 0.0008338951423385588 4.6943100917850025
210 0.9208223677709796 0.16749117337031016 0.003382751055660993 4.695074612205272
215 0.9165204343915362 0.1794761862679417 0.004928540905871914 4.6940169477895175
220 0.9200271433971867 0.168946674337767 0.0019767908768288933 4.693846876870791
225 0.9195697734211813 0.16978438784541794 0.001531137557150286 4.693672192317382
230 0.9179319482482546 0.17422778310977982 0.004284114141301698 4.694649856532616
235 0.9206804445297453 0.16752640792661921 0.0036705663386378262 4.69430136688891
240 0.92016232467293 0.16818919710562863 0.0062348112807593115 4.694170885302513
245 0.9206805933286861 0.16712996718773088 0.0010251768668527728 4.6936577467893486
250 0.9202461564658081 0.16833703090610008 0.0011718625575760644 4.693946889044504
255 0.9207753024533583 0.16695832231853114 0.005625423302251686 4.693529159108982
260 0.9191484097519363 0.17104360581591926 0.0014413664602401788 4.693509904584203
265 0.9206087696705763 0.1672231386002645 0.002286078147839765 4.693614933879282
270 0.920888187867883 0.16668810111911458 0.0003853325102141092 4.693153729359193
275 0.9209897571991787 0.16658659858941594 0.0015611962440347238 4.6932826132633245
280 0.9208729647939697 0.16713186461491514 0.0037030731350928825 4.693419296981779
285 0.9205009318786412 0.1676159923683338 0.003725816781696256 4.692989147754663
290 0.919860451547773 0.16958817509308588 0.0007941338972701217 4.69333387283045
295 0.9206922099129266 0.16699286886102627 0.0033801302395768396 4.693406663701253
300 0.920638644867493 0.16716123960125184 0.00021627402975488152 4.69312151552232
305 0.9206609666002901 0.16753342726905274 0.0030681523564406454 4.693558483319274
310 0.9200555302092475 0.16920797924658793 0.0032870308356121036 4.693166655505888
315 0.9184087224763842 0.1735349245544091 0.006008709347084196 4.693224414601032
320 0.9218206886139597 0.1648643645566592 0.0010859182943931955 4.693282752394124
325 0.9194994342132381 0.16971325720195019 0.0027793939551887803 4.6924682806333955
330 0.921104090926564 0.16704908520370143 0.0023516289519149858 4.692982048968025
335 0.9208657169982011 0.1665832250730741 0.0016496600543911555 4.692888397054798
340 0.9215118999077256 0.16526906004869613 0.0019423319608979916 4.69313115405198
345 0.9208921215423 0.16645090193157408 0.002433420627698357 4.6932858644251585
350 0.9212914552324942 0.16578478886058168 0.002586349407940336 4.69385641217078
355 0.9213590536302003 0.16550678591012336 0.002587080115017626 4.692938212911926
360 0.9199390272293487 0.16896572038967417 0.0014818926438087132 4.693149506135609
365 0.921965768566525 0.16438666819142433 0.004711692282452606 4.692578616935735
370 0.9147746754058603 0.18372276109314356 0.004551046412194726 4.692592432983176
375 0.9213771025425913 0.16552801897226033 0.003049361096605363 4.692757483923523
380 0.9209406413773054 0.16721175052082327 0.0020270792014576156 4.693082909115489
385 0.9216792389356805 0.16499852735461573 0.00016810161093983034 4.692911104489047
390 0.9217251745303743 0.16467589335524035 0.002732109026525098 4.692896931660716
395 0.9209088950879185 0.16707363007217957 0.0007177269191265268 4.693262768306131
400 0.9222956284682788 0.16374327058848248 0.0001845447472668127 4.6923935392883145
405 0.9210923217759461 0.16599097733321155 0.002761163949343004 4.692404348113365
410 0.9213268275765905 0.16555994172710342 0.0010022277368910704 4.692553759272466
415 0.9223079180543696 0.1635597872681238 0.001617775175766889 4.692378583918525
420 0.9213325337164378 0.16604158275400938 0.002309872659889578 4.692357073150943
425 0.9219718790243376 0.16407855644935587 0.001021741301863166 4.692570491435654
430 0.9214707436794853 0.16507785622587345 0.0002890170970628603 4.69204284577401
435 0.9194132584179169 0.17236976765294987 0.0034640740564964023 4.69271264935788
440 0.9206805933320032 0.16809861758476075 0.0003305613837234489 4.692476978946645
445 0.9154970000582643 0.1825156665398362 0.0017285846786259107 4.692020135686696
450 0.92252718469657 0.1629006588937889 0.0003405359174024625 4.6920121996959825
455 0.9232247574870291 0.16168919118594793 0.0018705236607634568 4.692062104630293
460 0.9206964404133575 0.16807053726101895 0.0003231667707552788 4.6920988961495205
465 0.9230698526785815 0.16184928342581006 0.0017127658430948767 4.692085137889473
470 0.9222165710384185 0.16386396236214562 0.0013517165782350737 4.6919834774480975
475 0.9225009746630486 0.16364982960424257 0.00022222130300186826 4.691404979183371
480 0.9205974212553445 0.16802878779938712 0.0030989147556685914 4.6913987644881
485 0.9212374135218687 0.16674417075229542 0.0026644241497297827 4.691808331721935
490 0.9212941924190113 0.16725183573343827 0.0009055816686278639 4.6920918085775405
495 0.9235996244335267 0.1606121676037784 0.004403422914247779 4.691702558272363
500 0.9220278206942119 0.16500938622894967 0.0018728825058833554 4.691738048904614
505 0.9230370121481937 0.16207011293516782 0.0044201510663852694 4.691916772735892
510 0.9236802590946755 0.16047826096769224 0.0035264345677705755 4.691950623166699
515 0.9233050676648749 0.1610998971805806 6.971056362203853e-05 4.692003106814712
520 0.9234054234566964 0.160970548820198 0.0016046950345671718 4.691746574610375
525 0.9229914285872396 0.16181063265643658 0.0013969504754962614 4.69161702692751
530 0.9234855306102394 0.16070605669353188 0.0025807577597176667 4.691856727759969
535 0.9225519824940183 0.16321456281033697 0.000433065257345433 4.691927610519899
540 0.9217567854032462 0.16544965654145116 0.0011569980222583265 4.6910909654752455
545 0.9234385056481607 0.16131431541770436 0.003375838449723112 4.69051791481144
550 0.9212630614498145 0.1667251859771932 0.003038760571123067 4.69108969973842
555 0.9230773889794359 0.16253819499479594 0.0028911523470156464 4.691345048639534
560 0.923094938181452 0.1613180526982978 0.0012506090179140728 4.690813731035225
565 0.9230799563910866 0.16215652331455033 0.0013444917336253859 4.691499288709591
570 0.9223671102155901 0.16493951267087859 0.0026445640974763762 4.69092001178087
575 0.9240781243539442 0.15936956730713092 2.7174003880414688e-06 4.691286644841089
580 0.9172244144487007 0.1792191175754212 0.0009639471620239703 4.690953522409041
585 0.9232989150634245 0.1618875013486729 0.0004361344671903744 4.690288629259921
590 0.9249414081885055 0.15751473543492445 0.0008741785197639018 4.691435407368767
595 0.9246631985285512 0.15880553871851344 0.003784801144301131 4.690403984984339
600 0.9195902397345681 0.1731149765173221 0.005039328455130221 4.691053000023982
605 0.9254178777444525 0.15646868013224946 0.004937037427843238 4.691488780304322
610 0.9254229501302161 0.15644102043941377 0.0020583182780975484 4.690314340314563
615 0.9249732688284102 0.15729783187283353 0.0013763413718972384 4.690300998762411
620 0.9223764222042028 0.16603647353940598 0.00291361346769059 4.690517999577717
625 0.9259608852998871 0.15526566230224592 0.00507276181536942 4.69059160796411
630 0.9264453739042049 0.15428297698454863 0.0004852921208144956 4.690063913427026
635 0.9225809646034746 0.16471707344030673 0.000151488952558676 4.689477621800672
640 0.9258874650198143 0.15527019515858864 0.001430172472834501 4.690771243662465
645 0.9241876584245081 0.1597256013422106 0.0044094405454861985 4.69032532033558
650 0.9264391375727317 0.15434820929083948 0.0013777667212946376 4.690295642682489
655 0.9266745132105995 0.15384553090734965 0.00014250860223330442 4.690359243314106
660 0.9240693942632563 0.1604074025410469 0.0005143351304752741 4.690078470014664
665 0.9272830495671285 0.1525279113997593 0.004676256680212543 4.690206788009207
670 0.9267392625796946 0.1536058837800205 0.0036710391318504065 4.6892248661163105
675 0.9274583040701956 0.1520968590376599 0.000870617135955154 4.689735855173313
680 0.9263913816434037 0.15449403865974443 0.003648943091700385 4.689839466110649
685 0.9282653342607052 0.1506002303636631 0.001254907112390402 4.690035539209972
690 0.9277259166332732 0.1512616576023298 0.0021176579770343373 4.689592814026111
695 0.9272755822427827 0.15235455796378528 0.0015876448063367743 4.689483227192115
700 0.9278756344851968 0.15091580771037183 0.0013698032617701639 4.689855661859434
705 0.9285176294928374 0.15047714336025741 0.0013182837649992063 4.6891400293742915
710 0.9272255518077226 0.1531807639608429 0.001089316562853826 4.689900860813853
715 0.9277143201397475 0.15173502365149982 0.002400930666355716 4.689441158125507
720 0.927874027146248 0.15078876757115367 0.0041419478811342 4.688909052982134
725 0.9291634567162252 0.1481790673862049 0.001923491887247497 4.689419466960218
730 0.9292814374542575 0.147907185039168 0.0034176653813202673 4.689138253118025
735 0.927482065876931 0.15312815138874392 0.0005816754269987179 4.689241061605373
740 0.9290489995796599 0.1489272918733242 0.0036125661439745382 4.689199593332629
745 0.9300667808770893 0.14632803073189304 0.0012449696264822396 4.689433340430412
750 0.9293207039190927 0.1477514141477858 0.004391120941209525 4.689326782169344
755 0.9293517898594343 0.14794947687059867 0.003735033799996623 4.689468108917115
760 0.926311769826955 0.1572660437760156 0.004628106051292491 4.68907618880481
765 0.9271392969101444 0.15369030528426464 0.006057142616423539 4.688849468552422
770 0.9291887362796776 0.14888121248381747 0.0005238962079996412 4.689449352772198
775 0.9297179745117259 0.14753760275494 5.5774599122093704e-05 4.688359604222558
780 0.9300390048717045 0.14607774415742902 0.0015625961851353232 4.689459615393986
785 0.9316752254883143 0.1428520527721453 0.0015669269472986525 4.689043604287089
790 0.931377632323175 0.14335764056251765 0.002039262431835498 4.688734277807523
795 0.9304656238701261 0.14563866096234435 0.0027360741039816894 4.689464909389658
800 0.9304814622794113 0.14566964218731826 0.003737679518985404 4.6892750136674355
805 0.9315858253775335 0.14298343499266064 0.003219958198173334 4.688166800010077
810 0.9306429587957785 0.14594444502590953 0.0007522047926744602 4.688418402071661
815 0.9329028161669367 0.14045782986998212 0.0014207084081381272 4.688993826498568
820 0.9308096592623856 0.1458875822897996 0.002051315598427861 4.6882187488924
825 0.9305002318632032 0.1463484500274168 0.0010721676208151898 4.68899722802685
830 0.9265040374451934 0.15720612352219376 0.00205679188758201 4.688306470474281
835 0.9323502264327079 0.14287110777976064 0.001204585193111729 4.68855681132392
840 0.9314531144025755 0.14410149275073447 0.0027150817937509064 4.688557471256073
845 0.9336123676863272 0.13859368771812353 6.647664225112315e-05 4.688151903603085
850 0.9313157387208857 0.14431099225877375 0.0039055120084203754 4.687469375107394
855 0.9332643895955273 0.13919786183952798 0.00024412493228886945 4.688449941510272
860 0.9332463451995195 0.1393281032821907 0.0014640581730365199 4.6881907366149935
865 0.93308066560313 0.14013963030830112 0.003065369212041036 4.68821744720724
870 0.9326911172046114 0.14118278877472612 0.0028625672475768305 4.688148224514853
875 0.9323113844641386 0.14221821411795688 0.0025800434897553792 4.688530283132443
880 0.9282233104036173 0.15580283308653442 0.00038241635003766206 4.687183789343511
885 0.9348748990452518 0.13594805183251069 0.0011533345832654973 4.688386927083637
890 0.9340916074883143 0.13791169378089396 0.0017713137105783705 4.68855863688014
895 0.9349323760536155 0.13568044901303367 0.0023441681663671776 4.688176279852578
900 0.9348360125968205 0.1358533977643841 0.004418178090930702 4.688269129341755
905 0.935141784466309 0.13530973082213027 0.0015663525809883616 4.688134418536191
910 0.9335512348908911 0.1390028093786837 0.0010930789584755463 4.6872507389893485
915 0.9334275712223279 0.1399634611917655 0.003985093838741571 4.688164790759873
920 0.9355428622330935 0.1343250718780835 0.0005798757396167087 4.688293868159441
925 0.9359039888356628 0.1338251816015843 0.0013726209144944157 4.687765113210351
930 0.9360982152648827 0.13504579248572846 0.0022677839804374766 4.6875168263411355
935 0.9347795901359714 0.13633797829967254 0.00041227591850878653 4.687412921740721
940 0.9358308452557962 0.13426799013703228 0.0012256407433914873 4.687766557453186
945 0.934572256291565 0.13624703651525216 0.0031315533573585963 4.687333003025792
950 0.9363311025546732 0.13258840445334208 0.0006638560322644871 4.687517821849907
955 0.9358859255882681 0.13364126071108906 0.006473573818296163 4.687737124238076
960 0.9369802465195824 0.1312816900606002 0.0011905992865295367 4.6881156946460285
965 0.933909617052899 0.14129534808626332 0.007489699040378328 4.68780444757022
970 0.9370031892323505 0.13146029221641875 0.0036210311690967334 4.687936618821615
975 0.9299256623000601 0.15067385165489977 0.003965517924070738 4.687492143853338
980 0.9350941439445297 0.13764777165569075 0.0006506875717966487 4.687351733856978
985 0.9378689842495924 0.12961730851968145 0.00044534271109553103 4.686921754608694
990 0.9358568922898827 0.13621455658542647 0.00790774057110899 4.68719021775097
995 0.936528529019987 0.13213711871886957 0.0031029242421007908 4.687199799409913
1000 0.937739192304129 0.13002997061917565 0.0032967533615546607 4.687601875871574
