0 0.7049438947278961 0.6993287142208595 0.00038878311400969423 0
5 0.7100238412087703 0.6849892983015036 0.0003221818985632563 0.6931440642455509
10 0.7102247042799177 0.684425074111026 0.00011769410459328 0.6931389812855326
15 0.7101537346248386 0.6846243939640524 0.00010323777747800467 0.6931393111382572
20 0.7101415408890597 0.6846586401878865 0.00010067333437890902 0.6931381098379006
25 0.7101522765317122 0.6846284814410313 1.842238133398233e-05 0.6931393980729998
30 0.7102342500129553 0.6843982507306761 0.0001196534451226583 0.6931425780223934
35 0.7101474760424066 0.6846419571276612 0.0004620499367689046 0.6931399285521894
40 0.7101856359706722 0.6845347728712914 0.0004166208318625575 0.6931371806067474
45 0.7102221164892032 0.6844323138469881 2.5506786413220794e-05 0.6931410117944536
50 0.7101607940069197 0.684604537779602 0.0006015257473670488 0.6931406051945495
55 0.71024897181148 0.6843568884957563 0.00033092292180936234 0.693138910576803
60 0.7102368875519744 0.6843908199465594 0.00017468506595297306 0.6931396454325602
65 0.710139883010001 0.6846632606746508 1.7381388065063064e-05 0.6931396811493633
70 0.7102122197583154 0.6844600878183396 0.0008154479029705008 0.6931421850309915
75 0.7101978689490541 0.6845003874771067 2.2996066456393294e-05 0.6931420816073007
80 0.7101371437312152 0.684670942947017 0.00010002635036943097 0.693135228963026
85 0.7100901622366016 0.6848029119147694 0.00021938178830249733 0.6931378799001776
90 0.7102121958406933 0.6844601385300706 0.0001646733332827388 0.6931411398184767
95 0.7101671674395802 0.6845865998926799 0.0006520474588049829 0.6931395411297328
100 0.7101541831924676 0.6846230652948742 0.0002637648709091778 0.693139207878183
105 0.7102273869553579 0.684417464288106 0.00031603091968523955 0.6931394050123201
110 0.7101234885605456 0.6847092752010966 0.0009222081397257664 0.6931345675905838
115 0.7102357897224363 0.684393858836919 0.0007649517693348873 0.693140881271528
120 0.7102263574628709 0.6844203437474972 0.0003155291675391858 0.6931398134209279
125 0.7101551734620095 0.6846202642460781 0.000510795674633524 0.6931410201556283
130 0.7101713710455664 0.6845747655779459 0.00036334420554606783 0.6931379108046252
135 0.710249979938057 0.6843539940383221 0.0009412365441103798 0.6931406440551214
140 0.7101982160451374 0.6844993612530041 0.0009301667303915906 0.6931379875937569
145 0.7101654986157699 0.6845912476269871 1.9923486292761083e-05 0.6931403116357382
150 0.710159612558864 0.6846077759861386 0.00014386740083893734 0.6931416783335306
155 0.7101682586524631 0.6845834874370409 0.000997064574166595 0.6931388568178243
160 0.7101565758783526 0.6846162972091141 0.0005990969891505049 0.6931391610473189
165 0.7101813416271232 0.6845467340229074 0.00015273623884271004 0.6931399402001701
170 0.7101964894887021 0.6845041864909098 0.00011279733705515937 0.6931401606158406
175 0.7101964026783394 0.6845044263829863 0.00043072638003138763 0.6931394528354705
180 0.7101421026684223 0.6846569342735092 0.0004953407624841422 0.6931391581305121
185 0.7101335839523941 0.6846808581498749 0.001618644938814695 0.6931409057703548
190 0.7101510017981671 0.684631929932326 1.865139739232191e-05 0.6931417703008722
195 0.7101450918886634 0.6846485258344481 0.0003792970590206224 0.6931399662832294
200 0.7101598115051424 0.6846071772790903 0.0002693009269301161 0.6931398678922273
205 0.7101148863852728 0.6847333629488748 0.000652426459067823 0.6931386593009955
210 0.7101325969378534 0.6846836105927072 0.0008339894236051304 0.6931418791439086
215 0.7101279987872895 0.6846965227025892 0.00032941642077011224 0.6931384954886246
220 0.7102620238446542 0.6843201061392903 0.000186941214485703 0.6931387388162706
225 0.7101969433659929 0.6845028681836252 0.00029604697159180127 0.6931395683354579
230 0.710166567375625 0.6845881785145305 0.0008699032374724913 0.693140905220448
235 0.7101900330735332 0.6845222681028289 0.0010973809461884976 0.6931422584786651
240 0.7102392301497276 0.6843840989336507 0.0010184530415717763 0.6931371726514644
245 0.7101482807764943 0.6846395292490637 0.00014021637246774965 0.6931393279854956
250 0.7428374916170266 0.5966713292517829 0.5398952242696518 1.331489197953108
255 0.8625106585236476 0.3257985093668929 0.3636627612479082 1.034347798898063
260 0.9138644895042815 0.21692748555803842 0.2229079203202292 0.9156166483943582
265 0.9405797435907628 0.1476077237807506 0.16155291870920419 0.8449799859814405
270 0.9608117264917188 0.09206349529832636 0.0842351351297771 0.7885452641315618
275 0.9755372647992644 0.054905368112292074 0.03279768593824117 0.7499412012538325
280 0.9840770383153994 0.03406861635324954 0.05220558826136634 0.7281882169419892
285 0.9890468539439794 0.022910784169957954 0.013602540684069075 0.7165156648532358
290 0.9919927757394778 0.016537221762875642 0.006902535439541113 0.709987986757063
295 0.9938060021073035 0.012570433878857923 0.0035372484701742257 0.7059375514962748
300 0.9951123681844283 0.01010147222106772 0.015304021853534078 0.7032450532156045
305 0.9959270334860383 0.008181754715355427 0.0011502359898695191 0.7013824256594933
310 0.9965970961829589 0.006840108268987288 0.009123806685777502 0.7000622429789801
315 0.9970818707031975 0.005853589637288437 0.010699805743909718 0.6990743449980883
320 0.997450937988626 0.0051060145371510934 5.975115294776234e-05 0.6982534767685661
325 0.9976741948166606 0.004704106200213998 0.008690538842318851 0.6975803979520785
330 0.9980312061037693 0.0039706143009421435 0.0007894099889590445 0.6972115167215065
335 0.9982298351167911 0.0036084771216950973 0.003321945452078534 0.6967586942046897
340 0.9983961083439508 0.003273392847826795 0.002077574443233532 0.6965077400721174
345 0.9985374783446685 0.002983203891565367 0.0013707666996006784 0.6961948029250499
350 0.998647009637375 0.0028022803938454466 0.019431019396927707 0.6959346044356729
355 0.9987498017095338 0.00250560044160808 0.009716379796188446 0.6956274805098588
360 0.998857051144951 0.002308194894097504 0.00039504038051751955 0.6955425211740258
365 0.9989316627835283 0.002139147300605382 0.02007245377420419 0.6953393251565234
370 0.9990004099277773 0.0020473841562134165 0.0009928661682119255 0.6951844058250072
375 0.9990291547992287 0.002081556545816321 0.004418649402612385 0.6950508834002167
380 0.9991254102514848 0.001759857014543842 0.00010045585905671395 0.69502680199363
385 0.9991754011471919 0.001660763034059043 0.0008503457084958477 0.6948800502708719
390 0.9991823781308548 0.0016737046840497039 0.0010404828084320528 0.6947223635081453
395 0.9992540607126515 0.0015316178369690903 0.00041691336967741854 0.6947625941342084
400 0.9992907471767853 0.0014582744866229458 0.009554699267164901 0.6946505539972295
405 0.9993235019515584 0.001394979356999615 0.00042721495150532807 0.694606571288682
410 0.9993527861736431 0.0013402475674981762 0.0001775010622844242 0.6945649465800188
415 0.9993848155799478 0.0012653762296390703 0.0007602099718233557 0.6945012204632778
420 0.999343706739825 0.0015066429319848806 0.004609238122048387 0.694370775495705
425 0.9994383112386704 0.0011267375315722195 0.00010389546272793204 0.6943846840312996
430 0.9994656769963369 0.0010713258247910806 0.00030332883339845296 0.6943414410142388
435 0.9994685325849282 0.0011215933519965748 0.0007928326679340625 0.6942971648022583
440 0.9994506039791575 0.0011783981349293704 0.0009041817634297677 0.6941501512068239
445 0.9995021629463915 0.0010624538385795024 0.0005158751107663395 0.6942269182847542
450 0.9995332195768799 0.000964913281479296 0.0015907922969773391 0.6941506388751385
455 0.9995362114296731 0.0009545704142599476 0.0004553825492559227 0.6941493146382259
460 0.9995702068817869 0.0008729280666418537 0.0003000280350262674 0.6941400898917136
465 0.9995761035591236 0.0008829437530055717 0.0002997923418306403 0.6939931485714906
470 0.9995982129739067 0.0008052678237850941 0.00013072061189678408 0.694019811092152
475 0.9995351139620415 0.0010535426986744145 0.001967487169991511 0.6939935394674034
480 0.9996128754261884 0.0008098819033999227 0.002409304290530878 0.693950048073228
485 0.9996350853635261 0.000734298313665227 0.009817866468896153 0.6939595868088958
490 0.9996412991923809 0.0007353912061416334 0.00019633109877115196 0.6939468000098498
495 0.9996373717135236 0.0007766716580669408 0.0021637578960942427 0.693940761946108
500 0.9996638387694314 0.0006741374783892917 0.0001916104341108671 0.6939515621238581
505 0.9996228109235555 0.0008778506823301502 0.0006862199305472938 0.6938659595436901
510 0.999678058213227 0.0006497235609128627 0.0008393575530799557 0.6938840828527876
515 0.9996801078429142 0.0006724850041339714 0.0009587440987872675 0.6938268048215486
520 0.9996644561063601 0.0007256144457632452 0.0009814501825953226 0.693812771711562
525 0.9996801666432846 0.0007061671617432097 0.0024528960360780117 0.6938592661314664
530 0.999685519612225 0.0006989616521728692 0.0008570820008121371 0.6938224302825263
535 0.999669905607858 0.0007781952406347159 0.009552964652794205 0.6938237838430881
540 0.9997108665239172 0.0006021614831781541 0.0005249930849359208 0.693698521382121
545 0.999720629919511 0.0005931106366892092 0.0005260636076633851 0.6937846255644784
550 0.999720969628688 0.0006049092342634843 0.002338214498832092 0.6938129403554971
555 0.9997240529457628 0.000604366248648569 0.0018189766093446025 0.6937623574170304
560 0.9997435027154138 0.0005336116450757045 0.002499679014951184 0.6938358297202627
565 0.9997059308108176 0.0007022473052005207 0.0018985966911531094 0.6938142189943833
570 0.999748275709065 0.0005366371822423943 0.0007414153496951847 0.6937997356929202
575 0.9997654450756868 0.00047079276338024556 7.796064460663388e-07 0.693769157881323
580 0.9997697903534729 0.00046173111446379256 5.801389217019448e-06 0.6937246776423228
585 0.9997404049781209 0.0005997354424405188 0.0019389268931719883 0.6937074053828448
590 0.9997539338302825 0.0005338879758798321 0.002370793084238265 0.6936997979209177
595 0.9997751876041732 0.0004619993576442383 0.00042172191302247697 0.6935679591742714
600 0.9997703683697745 0.0005018693586270606 0.0003397479497933009 0.6937318204286207
605 0.9997794836497111 0.0004598125851056345 0.00020228818756939937 0.6936356274319609
610 0.9997355014804752 0.0006345749569383052 0.0014339969880308168 0.6936586915900917
615 0.999796788169038 0.0004094596552420837 0.00015553303973703247 0.6936008054802776
620 0.9997683535491986 0.0005415560453583268 0.0005049021311385182 0.6937221342587304
625 0.9998055573962866 0.0003911520347161801 7.765635725631714e-05 0.6936352819641344
630 0.9997800430817869 0.0005073266513602182 0.00019303148402260994 0.693639383786492
635 0.9998045846187523 0.0004029882469434032 0.0006815027096394033 0.6935832261634105
640 0.9997976129684341 0.0004478168146884176 0.0011175591625780523 0.6936366171342485
645 0.9998156133193219 0.0003781447480410982 9.763937600593131e-05 0.6936324660273072
650 0.9998119006837433 0.00040075829641716965 4.657301118848878e-05 0.693678748193505
655 0.999824023831694 0.0003536469687117627 0.00013133449300961608 0.6936339478102431
660 0.9998209336869799 0.0003676726145638298 0.0011337644017301862 0.6936357761949175
665 0.9998256058618128 0.0003607453362914903 0.0001521522565661737 0.693625952080707
670 0.9998084507835671 0.00042434174692329574 0.0010915001255171752 0.6935974492077551
675 0.9997694522118122 0.000602694877518184 0.0002806356313784786 0.6934396601828671
680 0.9998297064937312 0.0003602614404214499 0.0017529929687640777 0.6936412211020648
685 0.9998372164924113 0.00032936082999912575 0.0003867509714490236 0.6935847826926866
690 0.9998416672409729 0.0003184667891119597 0.00011845654692188567 0.6936057531025933
695 0.9998439309929772 0.00031347116570878963 0.00013822332879409593 0.6935644429797123
700 0.9997883184638154 0.0005491757812523534 0.002481141526233799 0.6935765645081021
705 0.9998482466175697 0.00030527028615212615 0.00019748037166722465 0.6936021140267614
710 0.9997991018631744 0.0005137781009649789 0.001063214110865296 0.6935713736833432
715 0.9998501071073818 0.0003075964217984506 8.92733803954382e-05 0.6935978296018966
720 0.9998530969860224 0.00029909587669696425 0.0001525444643345475 0.6936134136265584
725 0.9998538685168605 0.00030034721833405165 0.0005361432787729381 0.6935190793911608
730 0.9998381551194881 0.0003700741084438075 0.0017906238190668056 0.6935619485527511
735 0.9998359930628151 0.000371177804945777 0.001987607407727743 0.6935522483381902
740 0.9998402140832588 0.00036912281288292714 0.00045935616728565165 0.6935195460790843
745 0.9998505257689063 0.00033023611161875355 6.005551096688322e-05 0.6934923195022065
750 0.9998207926875967 0.0004554288877296475 0.0017656211712856473 0.6935937103559714
755 0.9998562595536352 0.0003062836902685273 0.0004675468435495489 0.6934148200739892
760 0.9998588209554189 0.0003063744489413267 0.0004271703783913505 0.6936052983299871
765 0.9998700688628073 0.0002611904674039156 4.318707250117182e-05 0.6935385447669387
770 0.9998671239886624 0.0002783640167385304 0.0007860750989452381 0.6935277791820963
775 0.9998725081923114 0.00025847898796571567 0.00042365729007243225 0.693538289357277
780 0.9998564734724595 0.0003289049033252667 0.00017367093728315464 0.6935169556770521
785 0.9997906149548663 0.0005992774755663177 0.002500772092042247 0.6935543289511088
790 0.9998744578921315 0.0002602356207783707 0.0012523269412905158 0.6935471565300446
795 0.999877106373833 0.0002519937368009595 9.893241211589299e-05 0.6935687171600047
800 0.9998793611587333 0.0002452842850242387 0.0006029467873387429 0.6935354896515843
805 0.9998583007730579 0.00033567177093996037 0.0001020330688472626 0.693534056734967
810 0.9998659972379605 0.0003068310790277362 0.0010558731385645892 0.693450825345751
815 0.9998835247189374 0.0002362291374881087 0.00011795436368577938 0.6935671529876941
820 0.9998108311177143 0.0005359065947734276 0.0011877771811491522 0.6935309818047211
825 0.9998801966595606 0.000256012009041795 0.0004974341424417439 0.6935774516110556
830 0.9998847739219819 0.00023936611588903922 0.00012605277513833002 0.6935502013537956
835 0.9998860080917081 0.00023674969209985797 0.0005332409105059943 0.6934806010389124
840 0.9998900695859814 0.0002211298586727306 1.1068914291589849e-05 0.6934989081113937
845 0.9998773260255958 0.0002776542676961036 0.0003837067283649631 0.6934732396696803
850 0.9998849501437597 0.00024850122357622517 0.0012909305003819815 0.6934980690993214
855 0.9998923966001492 0.00021942041770572907 0.0004072706847074725 0.693494729894989
860 0.9997918292846617 0.0006304611820284745 0.003343982781711885 0.6934990703740012
865 0.999886518306434 0.00024348743975588505 0.0007510817957278038 0.6935247318413035
870 0.999872116666845 0.00030124069544479326 0.00017755903658422945 0.6933184543213201
875 0.9998506510081774 0.0003871872136811394 0.0012952955861955662 0.6934164997384176
880 0.9998573094774649 0.00037393619296477443 0.003164644394031191 0.693376751101856
885 0.9998747849684242 0.00030491832096468663 0.0003983318348093068 0.6934711369132376
890 0.9998923907590567 0.00023007498127347592 0.010046834030194463 0.6935282582210618
895 0.999901067791712 0.00020010896639033326 0.0002775640713730265 0.6935274890627864
900 0.9998998894405887 0.0002049535181480877 6.968920281291702e-06 0.6934774338983639
905 0.9996196606850393 0.0013393334953347713 0.001645608151428335 0.6934065320282314
910 0.9998560654551297 0.00037888087378634694 0.0005784415209739713 0.6933496522221664
915 0.9998986139512976 0.00021850237231202385 0.00033341010435239404 0.69351422740584
920 0.9998994948765396 0.00021665780798629797 0.0005783546804667417 0.6934903873963297
925 0.9998957309563026 0.00022877398849074915 0.0007351713413070726 0.6934935013267528
930 0.9998339006598527 0.0004861727289301454 0.0017885125794094847 0.6934398832974817
935 0.9998964669810886 0.00023427718810831166 0.00035570948463758967 0.6934549207261909
940 0.9998969282167055 0.00023402140537975846 0.0011852509131083933 0.6934679786689422
945 0.9998915783127041 0.0002574775956170061 0.0014274438211704377 0.6934760769863852
950 0.99989611729234 0.00024051853643192178 0.00038603098076261944 0.693436688824437
955 0.999910022911523 0.00018454472206819172 6.646341686988855e-05 0.6934887721843276
960 0.9999040589618359 0.00020691666591443614 0.0007150619677233072 0.693457079887628
965 0.9999022725115727 0.00021992442181373306 0.0011101157821369334 0.693440431857266
970 0.9999112846086882 0.00018198618034537262 0.0002116895795889473 0.6934036313639578
975 0.9998867717372047 0.0002784542286486946 0.0007533785487757738 0.6934019591380287
980 0.9999145160912719 0.00017333923834095266 0.00012960018327046186 0.6935210410246039
985 0.9999001781706506 0.00023423050606363738 0.002012008794380904 0.6934607655379976
990 0.9998693500481448 0.0003605443610794623 0.002571912841753843 0.6934068193443719
995 0.999914562781752 0.00017778543130320124 0.00017909254550685372 0.6933697786128684
1000 0.9999106625578578 0.000191772053449224 0.0008025209341370187 0.6934677780219222
