0 0 0 0.3876386056445801 0
5 0 0 0.005717368499931874 26.979782894798472
10 0 0 0.006797308919485712 26.82155378842266
15 0 0 0.004861700120668333 26.75386355430728
20 0 0 0.007876984947374321 26.699911650829264
25 0 0 0.0028313202408862814 26.647604810466195
30 0 0 0.011608980443644112 26.610568363915437
35 0 0 0.014125893461322647 26.56206471745254
40 0 0 0.01104176125377454 26.51809181892289
45 0 0 0.01569195529582701 26.458675873128804
50 0 0 0.020116833175678694 26.42120205871911
55 0 0 0.01041509087157233 26.380120865047147
60 0 0 0.013822308867273092 26.352115267474677
65 0 0 0.015994617219073026 26.316699939698005
70 0 0 0.016833857864474444 26.300970807194904
75 0 0 0.01840726841111917 26.28552743487938
80 0 0 0.01791863907871405 26.264773289117365
85 0 0 0.014799703851785306 26.25969885658354
90 0 0 0.018910208558818864 26.243918699337414
95 0 0 0.019575810004847094 26.24717149956534
100 0 0 0.016984409584145155 26.231843050104565
105 0 0 0.018203373530789824 26.227377344912444
110 0 0 0.019479789611160925 26.210700451241017
115 0 0 0.014865783812859634 26.21225969440472
120 0 0 0.018029925937854463 26.208271457034776
125 0 0 0.01990215637096493 26.209247235175543
130 0 0 0.01900145443737955 26.198388052580185
135 0 0 0.01849713455895108 26.191716829359237
140 0 0 0.016625630468091623 26.19032578985865
145 0 0 0.017909311395976735 26.187563365452156
150 0 0 0.018178148152077078 26.19236813945744
155 0 0 0.018522024718054864 26.18922170037474
160 0 0 0.01926224206667504 26.18708775139205
165 0 0 0.02084513670296384 26.18519450293372
170 0 0 0.016922733884250585 26.185594897762726
175 0 0 0.01643798023830323 26.180916608477343
180 0 0 0.01670471166405374 26.174604985308846
185 0 0 0.016432789485100407 26.183241608537934
190 0 0 0.016813954858188707 26.183247672756355
195 0 0 0.018842857135114244 26.18245203767075
200 0 0 0.0176900474194146 26.183725465328664
205 0 0 0.01983942033473829 26.175451920428195
210 0 0 0.01898977592578155 26.173576827937005
215 0 0 0.019131002485059057 26.176802253053367
220 0 0 0.018325319922400496 26.173410273620533
225 0 0 0.018143309822461484 26.170473015642166
230 0 0 0.019156848035594365 26.166580079122642
235 0 0 0.019246296137490848 26.169091356377525
240 0 0 0.01805655318280941 26.166486712678957
245 0 0 0.019480405984101834 26.168494035528482
250 0 0 0.01606804330933831 26.420098915678253
255 0 0 0.016715576029223023 26.418569832260957
260 0 0 0.01749648024386219 26.418518592035717
265 0 0 0.014038072067124041 26.4123788656648
270 0 0 0.014180724595903582 26.409587308038894
275 0 0 0.015336965724799922 26.409490005563647
280 0 0 0.015368190387346603 26.4098464126778
285 0 0 0.016701014815764026 26.410594387869928
290 0 0 0.014414049083515845 26.405281325284523
295 0 0 0.015518979346811346 26.407700914287247
300 0 0 0.016643263367656536 26.404289756376247
305 0 0 0.01639559485734199 26.401912518319328
310 0 0 0.016914166698701605 26.398759880221117
315 0 0 0.016665551919557764 26.393013187439728
320 0 0 0.01826617260432495 26.387545331986267
325 0 0 0.016409387677916998 26.393333839356263
330 0 0 0.015607721355385129 26.381147693255535
335 0 0 0.01529738675341652 26.388650502646087
340 0 0 0.01766037036924195 26.38687449188757
345 0 0 0.01582096524333587 26.387898039117335
350 0 0 0.01656581713058869 26.380419233117976
355 0 0 0.015886669891603145 26.36866010376864
360 0 0 0.02007507994246116 26.371818614098657
365 0 0 0.017759846322406903 26.365589156797263
370 0 0 0.016988754486587432 26.352645737592642
375 0 0 0.01785503700625224 26.35228524483684
380 0 0 0.01476854972016306 26.357253933204237
385 0 0 0.012953886728689357 26.341832778443703
390 0 0 0.015156995169932408 26.34123932539576
395 0 0 0.018655188483563956 26.339310078091653
400 0 0 0.01688869479968269 26.314284519509982
405 0 0 0.016589236291175036 26.30553229213324
410 0 0 0.010260340345141339 26.31866395743569
415 0 0 0.017811342036911038 26.307171340813174
420 0 0 0.015053738191695754 26.294012974623158
425 0 0 0.01291770113616919 26.27771412209034
430 0 0 0.016764915113077983 26.29781294446403
435 0 0 0.018107837820692918 26.28042167810206
440 0 0 0.01750709773954151 26.274440395737614
445 0 0 0.01883139225625663 26.264472727040793
450 0 0 0.01706938317444484 26.262813665975056
455 0 0 0.01727797758194649 26.25098840488731
460 0 0 0.019189830263571128 26.238902962289373
465 0 0 0.017616381732871833 26.239742472400405
470 0 0 0.017648210445640133 26.23321827158025
475 0 0 0.018590698805851957 26.226047191414523
480 0 0 0.017652535112677503 26.224325154096775
485 0 0 0.01889991510649658 26.22642185874299
490 0 0 0.019047388304751944 26.2183074980454
495 0 0 0.01789281141735244 26.20830419393347
500 0 0 0.017519986619043193 26.2118855796559
505 0 0 0.017587725274215815 26.202909993248113
510 0 0 0.01853957655106564 26.200365776537172
515 0 0 0.0176141172441604 26.19789371419212
520 0 0 0.017551316666957195 26.186915526585164
525 0 0 0.018037110544345092 26.18838085625151
530 0 0 0.018785401208502694 26.188860280666393
535 0 0 0.018082790745738597 26.18210830774348
540 0 0 0.01712888957932801 26.179979362184266
545 0 0 0.019148917983772495 26.168407172699936
550 0 0 0.018683382447451713 26.175336389945404
555 0 0 0.018926350766885314 26.170896709822074
560 0 0 0.018536123149301975 26.167635665757818
565 0 0 0.019877409850502126 26.16035186197216
570 0 0 0.01692275984877667 26.160808243807704
575 0 0 0.02046062141961369 26.164260583775462
580 0 0 0.016924586437292666 26.15645902087002
585 0 0 0.017015225717083915 26.154846360386458
590 0 0 0.018545577679493164 26.164994584678247
595 0 0 0.020431350100311274 26.16038067504097
600 0 0 0.016453919631931324 26.161654779794254
605 0 0 0.020198373618569798 26.155924641892803
610 0 0 0.01735748108955626 26.143759124192208
615 0 0 0.01911306720446526 26.13833378879998
620 0 0 0.017926098508722177 26.151790940466498
625 0 0 0.017383170349277055 26.143281622797332
630 0 0 0.018185484967593313 26.14093987815405
635 0 0 0.0200244200419486 26.140308231268133
640 0 0 0.017417206449750422 26.14365975418582
645 0 0 0.019543971682884465 26.142818354049073
650 0 0 0.018249244568537604 26.167480360919452
655 0 0 0.018076563159262315 26.136546169765825
660 0 0 0.019963394749876295 26.140601284406998
665 0 0 0.0195609086876678 26.130079888978752
670 0 0 0.021205101166343887 26.130084363963288
675 0 0 0.02013898708416173 26.132745238375904
680 0 0 0.019680476125681245 26.127371401966375
685 0 0 0.019986619005035067 26.12889932689914
690 0 0 0.021546460668722123 26.134728461591816
695 0 0 0.018752286246981775 26.128776860522933
700 0 0 0.02007446940201829 26.117947505684906
705 0 0 0.02028402402826268 26.122259166158866
710 0 0 0.01984242894935062 26.119874334503578
715 0 0 0.019105001489438056 26.1246878574271
720 0 0 0.018668004463491483 26.11715615867255
725 0 0 0.02037170908103403 26.12052391675994
730 0 0 0.02066322411275867 26.1211734504438
735 0 0 0.020114099105816408 26.13143357254014
740 0 0 0.01957964808622581 26.116996712473153
745 0 0 0.02098928269062239 26.125832863614217
750 0 0 0.01831075993449538 26.122016925439766
755 0 0 0.020740669030815617 26.112184654382375
760 0 0 0.02078733208342065 26.111430015646615
765 0 0 0.01928211830610027 26.115143044302755
770 0 0 0.021501920144841424 26.11654265874327
775 0 0 0.020195304422352178 26.119999679212224
780 0 0 0.020179007287336237 26.123563260266188
785 0 0 0.020207747041547597 26.113630163865828
790 0 0 0.01989077934357364 26.1129191035819
795 0 0 0.02026297894990159 26.115875432541937
800 0 0 0.01946292082114054 26.114503999981817
805 0 0 0.020296652029242912 26.110573025536908
810 0 0 0.019150090390386065 26.120536155869768
815 0 0 0.0206601215305533 26.121507026807905
820 0 0 0.02018744633584002 26.10617777377263
825 0 0 0.02030796261749157 26.113477320001586
830 0 0 0.02037105273311557 26.11434236923929
835 0 0 0.020792490727362445 26.119683146767585
840 0 0 0.020696054820806387 26.106819971067257
845 0 0 0.01991479431473686 26.144964465007195
850 0 0 0.020469014620767334 26.11204269430551
855 0 0 0.019626352758917553 26.114194461237638
860 0 0 0.020052821416891353 26.10778755962202
865 0 0 0.021136747436006242 26.104964709004552
870 0 0 0.019123560631834957 26.108231299064123
875 0 0 0.02021837890153866 26.111668469751958
880 0 0 0.019577324318596823 26.111391329418485
885 0 0 0.01929272022880424 26.10701295633247
890 0 0 0.020572025770525748 26.109469374655564
895 0 0 0.02075219067305034 26.107721058990364
900 0 0 0.01857066138853236 26.10537860071939
