0 0 0 0.22210998946564686 0
5 0 0 0.01871439844708611 15.690073463981557
10 0 0 0.02133012833664738 15.641121755245019
15 0 0 0.019742366757400376 15.60407774871108
20 0 0 0.020413645169959915 15.601288602350888
25 0 0 0.021791204707649614 15.553877762783468
30 0 0 0.019358298048381295 15.482475512241454
35 0 0 0.02465797685327198 15.435445706060275
40 0 0 0.02330875205551619 15.42164507478356
45 0 0 0.022256130867911228 15.412103557373122
50 0 0 0.029066400929293135 15.404399693323352
55 0 0 0.025690441201903003 15.37853966582945
60 0 0 0.026320854207121158 15.382529463615095
65 0 0 0.025054305064768467 15.370895765148271
70 0 0 0.02723704743422628 15.366554727837874
75 0 0 0.028554957422647798 15.356148154930763
80 0 0 0.02713039332404743 15.35342402953452
85 0 0 0.028311265784870532 15.347939191059853
90 0 0 0.02561337364244376 15.343389743972418
95 0 0 0.0277084298309922 15.338914909852251
100 0 0 0.028519378862760236 15.332821480871765
105 0 0 0.02980020493999236 15.333614345602625
110 0 0 0.028111319540202517 15.332432097522036
115 0 0 0.027604448004340254 15.331215635666359
120 0 0 0.0194278002031516 15.319988227747771
125 0 0 0.027446150858613905 15.326390875660998
130 0 0 0.026796646686143566 15.327701535370805
135 0 0 0.028485332267931707 15.323560505988745
140 0 0 0.027865862879323355 15.321239958966098
145 0 0 0.02993123355262428 15.316154468553385
150 0 0 0.029813659549041693 15.315626138103482
155 0 0 0.028038738340790514 15.319201143804875
160 0 0 0.030343566115671683 15.31622828744243
165 0 0 0.028656369761123734 15.319379226715146
170 0 0 0.027957248078640085 15.316621980377972
175 0 0 0.027944151473718648 15.312680434154451
180 0 0 0.02772327353079973 15.314752233546555
185 0 0 0.006363103290840666 15.31267345928831
190 0 0 0.02891682730119438 15.310185305762253
195 0 0 0.029033753998554346 15.311469242760882
200 0 0 0.02899835717724586 15.313020266396059
205 0 0 0.028524200432265 15.31021645782253
210 0 0 0.03020253350218427 15.307998420228976
215 0 0 0.028485415434507333 15.307867156492453
220 0 0 0.028440760220175942 15.312974854784123
225 0 0 0.02640802789691099 15.303513955775468
230 0 0 0.028637425794544313 15.309214330249638
235 0 0 0.029042652425321558 15.312869200975738
240 0 0 0.027408897604289884 15.304770786677285
245 0 0 0.029765138180409823 15.302497962568413
250 0 0 0.029961300381856626 15.303016708140241
255 0 0 0.027890994403496183 15.303265157119743
260 0 0 0.02754927885090197 15.300056390656541
265 0 0 0.029527239749518763 15.3002990400825
270 0 0 0.02903864959145075 15.30204830761453
275 0 0 0.027421166462437974 15.319347947120635
280 0 0 0.028408166248617972 15.30593460380047
285 0 0 0.022956833129799792 15.303322159232874
290 0 0 0.027491493482694196 15.30262483579999
295 0 0 0.029977135819002854 15.302287963218035
300 0 0 0.028256115990848096 15.301632714210443
305 0 0 0.030152476770634262 15.30117162972607
310 0 0 0.02720513598067864 15.301317230001812
315 0 0 0.029765485381845425 15.298742186402
320 0 0 0.02998483476204017 15.297889929070422
325 0 0 0.027559652281460068 15.301509904281017
330 0 0 0.027056917382355383 15.299417180888167
335 0 0 0.028668948232275504 15.299521161971448
340 0 0 0.029554113245141567 15.297213000013926
345 0 0 0.027565591427328062 15.299112436018765
350 0 0 0.026510252872233853 15.295709978342156
355 0 0 0.029777550457460666 15.299716017886476
360 0 0 0.028018019891734136 15.298447608162226
365 0 0 0.029536428219199884 15.29688803988091
370 0 0 0.027509438724273583 15.298459233148222
375 0 0 0.02888112719318836 15.297165516441337
380 0 0 0.028950335838257235 15.294391222720863
385 0 0 0.023807457684085653 15.298532158642235
390 0 0 0.02812481897765373 15.298373350129173
395 0 0 0.025620817963834863 15.303002393078813
400 0 0 0.02914984337840898 15.299229431118313
405 0 0 0.028536628721670843 15.294793960379554
410 0 0 0.02894275260008783 15.296702890474396
415 0 0 0.03066269406970501 15.296813373659607
420 0 0 0.027829304546583833 15.29585984700488
425 0 0 0.024729080200135423 15.294070688441193
430 0 0 0.02807184052475664 15.295287330853709
435 0 0 0.027176758067190665 15.295665295915073
440 0 0 0.026144881475077986 15.294222893790959
445 0 0 0.02623794415813352 15.294068378940809
450 0 0 0.02789977004634503 15.29372017929423
455 0 0 0.029050058614342067 15.295525645825448
460 0 0 0.027879955501862064 15.293674968142067
465 0 0 0.027768823457972935 15.293169155079418
470 0 0 0.025918975173414127 15.292441411807145
475 0 0 0.03173005226054304 15.294002573648347
480 0 0 0.025876779136176697 15.296051509449832
485 0 0 0.027669533810055436 15.29300875851088
490 0 0 0.033846120242541966 15.29470600384032
495 0 0 0.030260058701269577 15.291269660763373
500 0 0 0.03012651938536015 15.293291141176828
505 0 0 0.02464025239192713 15.293849964519403
510 0 0 0.028066369946810887 15.292616041285346
515 0 0 0.02866269678320643 15.293736611628923
520 0 0 0.02733619620364225 15.290395311224271
525 0 0 0.02641595403411512 15.2908581640308
530 0 0 0.027609004922013236 15.29161218053479
535 0 0 0.029776561589212047 15.289040862086614
540 0 0 0.02665890957401995 15.288601100351052
545 0 0 0.03099169245949529 15.291868581863
550 0 0 0.02754063165948395 15.287994879323696
555 0 0 0.026249186059749796 15.290568234006004
560 0 0 0.023202753180613378 15.287328580240839
565 0 0 0.031044693192495032 15.289358200253716
570 0 0 0.02402156726046112 15.287384821748478
575 0 0 0.019857119270465518 15.28825415948715
580 0 0 0.032331394674730785 15.28831859956094
585 0 0 0.026145622195665075 15.287117602064964
590 0 0 0.024551318242683307 15.286819727542023
595 0 0 0.027879816556354298 15.286038281179172
600 0 0 0.03151817915066779 15.287600311213758
605 0 0 0.02520671911734329 15.286021745837397
610 0 0 0.030726647697507437 15.28515607353835
615 0 0 0.023274319690427037 15.286334171808052
620 0 0 0.023959936882872235 15.286660780822151
625 0 0 0.026523632540425446 15.283414780279589
630 0 0 0.022411964532350614 15.285021448392074
635 0 0 0.026513403996032414 15.28104365001421
640 0 0 0.024777509371940676 15.281663247042513
645 0 0 0.027350548586503542 15.282558356940791
650 0 0 0.028306938798041026 15.282382640272495
655 0 0 0.02836800576301335 15.279390806830405
660 0 0 0.02589324641168389 15.281172021055154
665 0 0 0.021103375514955225 15.280472674728294
670 0 0 0.025724705724005315 15.281283953640662
675 0 0 0.03291919172309976 15.280660911209605
680 0 0 0.02834447963586939 15.280166585137476
685 0 0 0.03360539668106033 15.277349202374253
690 0 0 0.018871930650605773 15.279058954711058
695 0 0 0.016719876510333798 15.276450454998274
700 0 0 0.03290379005614663 15.276209859432468
705 0 0 0.026067918235126664 15.275050568173954
710 0 0 0.024081262890960575 15.275776156252421
715 0 0 0.027922763833795772 15.274094665858332
720 0 0 0.024479585347756183 15.274433867857244
725 0 0 0.029770758613787862 15.274952325136388
730 0 0 0.027992319361531903 15.27262297877956
735 0 0 0.021810715904146738 15.271735587263507
740 0 0 0.02742878904445556 15.271111566133753
745 0 0 0.027145674246230378 15.271905497182631
750 0 0 0.028175163120248037 15.268810339507608
755 0 0 0.03155079507817682 15.268487016526022
760 0 0 0.021910686658217937 15.268826114333514
765 0 0 0.01547882146722035 15.266190445245979
770 0 0 0.024037174013987528 15.268476060646076
775 0 0 0.02366227195058168 15.265502865886985
780 0 0 0.022307923940040775 15.264515747389364
785 0 0 0.029541201805002748 15.263746979607342
790 0 0 0.02615202725441268 15.262427020652964
795 0 0 0.008034631850912577 15.260128788079848
800 0 0 0.02236580600020055 15.26090119056759
805 0 0 0.0019980988667600563 15.258393914811887
810 0 0 0.02992046864260156 15.257051534277569
815 0 0 0.021065856113640757 15.257061232671944
820 0 0 0.026740952556306485 15.255306772218715
825 0 0 0.017113812958655217 15.253527003945715
830 0 0 0.02656268451543431 15.252500764518523
835 0 0 0.025979058059454108 15.253900608160734
840 0 0 0.026630696198625348 15.25043834602229
845 0 0 0.011703566638791907 15.250043635509867
850 0 0 0.016726175926796483 15.24831385576699
855 0 0 0.019624374734420247 15.248017931080055
860 0 0 0.012741986088897983 15.245501970933233
865 0 0 0.00605510738261783 15.241900961247254
870 0 0 0.016738679489799457 15.243010251719292
875 0 0 0.019302646466062834 15.239431332080782
880 0 0 0.007662020693115723 15.23548835559083
885 0 0 0.016094598412116135 15.236479290881405
890 0 0 0.018947360344522934 15.237871158586383
895 0 0 0.006864315746455629 15.235142958622742
900 0 0 0.009318918045631452 15.229825968934076
905 0 0 0.017611941590267577 15.231613613322523
910 0 0 0.0015493355768465555 15.957886861321672
915 0 0 0.01628366718240226 15.227977570298924
920 0 0 0.015272379537264458 15.227206075060819
925 0 0 0.017349154000855904 15.226720273428008
930 0 0 0.018253951654615186 15.22445939701809
935 0 0 0.0035901936981277416 15.223521599856129
940 0 0 0.02233903015782568 15.222000543320082
945 0 0 0.0006995024158975571 15.217330733609188
950 0 0 0.013533980945913182 15.214629056698293
955 0 0 0.0051274900555311476 15.212076246628975
960 0 0 0.01358383232796001 15.209567272608345
965 0 0 0.008820791402043504 15.210527554524063
970 0 0 0.015327481626848938 15.206425300405286
975 0 0 0.007389966684969718 15.20460440064689
980 0 0 0.017122717640868146 15.199648098258391
985 0 0 0.007965295971372521 15.198158437641133
990 0 0 0.004118648994086538 15.196082246146121
995 0 0 0.009714066115488418 15.19349164915405
1000 0 0 0.016197203918473013 15.191993549663902
