0 0 0 0.2991759705816308 0
5 0 0 0.04421605296573339 8.774056256087215
10 0 0 0.014507100515245064 8.388977438241305
15 0 0 0.0160841611763205 8.207917897438257
20 0 0 0.001786899721028412 8.115415706247418
25 0 0 0.0006002098041837378 8.075271934611552
30 0 0 0.004576752123209404 8.043654218731366
35 0 0 0.00499384694660665 8.033429801950907
40 0 0 0.0014135615788806177 8.020595245403426
45 0 0 0.007536944536934431 7.9983788070780895
50 0 0 0.004232287363669984 7.997662816775054
55 0 0 0.0034117092655114867 7.984445855302562
60 0 0 0.010166086969967347 7.988206372733504
65 0 0 0.00274985422667795 7.979885207650809
70 0 0 0.004275779262519208 7.975915881268328
75 0 0 0.008792327215117801 7.9697082688571665
80 0 0 0.009744040235786677 7.9659355888130685
85 0 0 0.00451006153326583 7.968438672016976
90 0 0 0.003183152385997534 7.958161267091055
95 0 0 0.007743204181783092 7.951987681859883
100 0 0 0.003032111151545225 8.227210205435979
105 0 0 0.0023201005524078333 8.06235100213218
110 0 0 0.0022841489432550155 8.052610058178994
115 0 0 0.003882816779113618 8.047521116367793
120 0 0 8.538560496740288e-05 8.04499277847822
125 0 0 0.0023952610134729824 8.042643165972978
130 0 0 0.0046675975559897775 8.041520617707576
135 0 0 0.010543293929762054 8.041117577045457
140 0 0 0.0007700873863221158 8.04024724716136
145 0 0 0.00689034693323487 8.039134529498627
150 0 0 0.0017995187931760803 8.038212902650361
155 0 0 0.001874529060909902 8.037607281137696
160 0 0 0.003040719409766579 8.036401119355384
165 0 0 0.002337650530106483 8.035334550877128
170 0 0 0.003092050083696174 8.035701707255187
175 0 0 0.007903059328873585 8.03422913237676
180 0 0 0.004713359212124013 8.032070697927018
185 0 0 0.001978515764494926 8.029631624310353
190 0 0 0.005229366056127116 8.028219608679139
195 0 0 0.006651768084666276 8.02498180873245
200 0 0 0.004262328642631319 8.020965841406591
205 0 0 0.010124908975437608 8.015288986418408
210 0 0 0.0031639235524756337 8.003044778495694
215 0 0 0.003977726362802914 7.981065576890217
220 0 0 0.0008617028347763789 7.9590103219954615
225 0 0 0.00426692054069755 7.945208431955382
230 0 0 0.0041188299746302 7.9382197023775625
235 0 0 0.005934893203636049 7.929064818445343
240 0 0 0.000484507769807907 7.924687759469972
245 0 0 0.0045459865970232105 7.9160296551273595
250 0 0 0.0017276956175198421 7.914937632243521
255 0 0 0.004587606641145436 7.906313459195391
260 0 0 0.004600917795166692 7.902303631361223
265 0 0 0.0070866800950804 7.901060707620848
270 0 0 0.01945894693114214 7.895669711921515
275 0 0 0.009042630088925696 7.892161938008825
280 0 0 0.010350462360568358 7.88518118378987
285 0 0 0.009511272845905916 7.882549673959138
290 0 0 0.010476633513126554 7.883262817393658
295 0 0 0.010966498818164805 7.878658219721867
300 0 0 0.007458495564572898 7.876678532444386
305 0 0 0.009361647277076113 7.875579956303062
310 0 0 0.010664025428579915 7.873171714125549
315 0 0 0.01123726046103335 7.870543823986898
320 0 0 0.010341176113219053 7.8733873832178665
325 0 0 0.001325923180206745 7.869935339556346
330 0 0 0.011167911035609546 7.8689847552270535
335 0 0 0.011591007529402342 7.86816338245515
340 0 0 0.008991245858932073 7.865176697507137
345 0 0 0.010912632701241876 7.8663630596180925
350 0 0 0.010200713885622381 7.863375459956737
355 0 0 0.011107029149388437 7.868455398407697
360 0 0 0.014904093179284983 7.864013254672767
365 0 0 0.014604785883300053 7.8621123452126005
370 0 0 0.014009386756394848 7.860191220614641
375 0 0 0.014110234156434531 7.860170757082795
380 0 0 0.012564528491487037 7.85963931517521
385 0 0 0.010555261084780776 7.859066072661782
390 0 0 0.01307888022576753 7.858385833018397
395 0 0 0.014416736427330434 7.860103452217498
400 0 0 0.012784785128186149 7.8588779488594405
405 0 0 0.01912003260199624 7.858442009540145
410 0 0 0.011471411642999696 7.858966963746037
415 0 0 0.014283311804798915 7.857736813129267
420 0 0 0.013780289505150645 7.868055398085379
425 0 0 0.01303004100104066 7.856420274402223
430 0 0 0.012020145210561717 7.855812966448693
435 0 0 0.008632848851009234 7.856476932024783
440 0 0 0.013691068061780332 7.856122834024373
445 0 0 0.01193517737603167 7.855043126940685
450 0 0 0.011016228156189634 7.855968902191785
455 0 0 0.00824887838590005 7.856186906993522
460 0 0 0.015282665264153117 7.881019651768941
465 0 0 0.01114555305887488 7.856362331613314
470 0 0 0.00918957664053277 7.854356079383683
475 0 0 0.009601129658069807 7.854573311996592
480 0 0 0.013698190692427614 7.856658146912239
485 0 0 0.009283751944755503 7.85520747429627
490 0 0 0.013697401653230745 7.854457868047107
495 0 0 0.010026395118041709 7.854091112667104
500 0 0 0.010659434616491659 7.853229840001441
505 0 0 0.012405669869668179 7.854501535548821
510 0 0 0.013981175545005442 7.8524680952577395
515 0 0 0.014059310766142197 7.85375103384149
520 0 0 0.014073869295984087 7.854908735435768
525 0 0 0.010701675511759934 7.892854691427533
530 0 0 0.01119343498435077 7.854550725120886
535 0 0 0.01402015949318658 7.852096046539945
540 0 0 0.01195899616692686 7.852660771407428
545 0 0 0.010833266430625876 7.853733713311648
550 0 0 0.011520450713954578 7.851805231281223
555 0 0 0.014499287038969744 7.851746689159959
560 0 0 0.012585188403365422 7.853434773886967
565 0 0 0.011803337238107003 7.853227311532061
570 0 0 0.015323669088132652 7.852413815305629
575 0 0 0.016181130496436102 7.851684933301267
580 0 0 0.011376880473598527 7.852191408264208
585 0 0 0.012793044425613243 7.851779593641826
590 0 0 0.011217284865588484 7.851720045110285
595 0 0 0.014062881835912977 7.852305245296747
600 0 0 0.013709543913107192 7.851627379634775
605 0 0 0.014419353969554294 7.853327385803937
610 0 0 0.010029592910116625 7.852129044392647
615 0 0 0.01275318195431252 7.851427951509029
620 0 0 0.012134981346394458 7.8508314987004075
625 0 0 0.013170327159461426 7.851189066628401
630 0 0 0.013473898972709897 7.852994121265325
635 0 0 0.01117018218202892 7.850868137789038
640 0 0 0.013705271126631668 7.850171185318095
645 0 0 0.013406674006607222 7.8514709394659
650 0 0 0.014092693625805675 7.851048442995684
655 0 0 0.014348348790964138 7.850024121142408
660 0 0 0.01218460317660841 7.850455516720486
665 0 0 0.012887378078304312 7.850797891816897
670 0 0 0.013971591739601497 7.850919440468221
675 0 0 0.013080695211625137 7.8511030981771714
680 0 0 0.01266906652604849 7.850350288822591
685 0 0 0.014624045718771184 7.851052990944512
690 0 0 0.01078082367520894 7.8506218733785715
695 0 0 0.015691762931041353 7.850339544462836
700 0 0 0.011460487771585814 7.851815301584322
705 0 0 0.013191064018950982 7.850823084335913
710 0 0 0.011080662786525641 7.850779975288237
715 0 0 0.008179695272914511 7.850060467564212
720 0 0 0.013235794321026395 7.850917384566491
725 0 0 0.012258519948031399 7.850077601187131
730 0 0 0.012992622898366779 7.849936592954087
735 0 0 0.011482985446896965 7.850074995643882
740 0 0 0.01488905190455636 7.851042637653304
745 0 0 0.012423603571329878 7.8496230950065105
750 0 0 0.01570807636444882 7.849670954040397
755 0 0 0.01354774199499409 7.850756975275692
760 0 0 0.010348760865874107 7.850363864570679
765 0 0 0.010876377536170434 7.849249470418402
770 0 0 0.009961389305355617 7.850023056638511
775 0 0 0.014107497006881076 7.849578853058298
780 0 0 0.01052730648567235 7.849864236000226
785 0 0 0.014935359272141513 7.84967052335949
790 0 0 0.011306843774281372 7.8494422013913825
795 0 0 0.012044625373172302 7.849515330532341
800 0 0 0.00960083055921257 7.849755091086937
805 0 0 0.009987886054670714 7.849645630206886
810 0 0 0.012522285669841704 7.849847943910403
815 0 0 0.010817337151532769 7.849774078449251
820 0 0 0.01522485236647686 7.849217483647409
825 0 0 0.014620734229113141 7.849021304915617
830 0 0 0.016565792808439284 7.84914164044735
835 0 0 0.01390879943768275 7.8499835461910115
840 0 0 0.013443570682323935 7.849636319073309
845 0 0 0.012832625779444662 7.8493950652711195
850 0 0 0.014470336034138942 7.848422801605484
855 0 0 0.012642259098698094 7.849250516923937
860 0 0 0.012729035743406003 7.849293699533997
865 0 0 0.013444208561390392 7.8491805861197745
870 0 0 0.009366183365227432 7.8494536773577
875 0 0 0.009801887736879955 7.849214001791169
880 0 0 0.010159676185465205 7.849560645547672
885 0 0 0.014725881166804511 7.849865881844974
890 0 0 0.014180524167217712 7.8486575769487015
895 0 0 0.014347873548355539 7.848999379403694
900 0 0 0.01204914644657551 7.850379370024357
905 0 0 0.011235259535456343 7.848821872606427
910 0 0 0.011282320126982492 7.8487892402018975
915 0 0 0.007961212446174093 7.848929821106799
920 0 0 0.013567150713848175 7.848363993929626
925 0 0 0.011626862556725515 7.848581872508005
930 0 0 0.0137883667977039 7.848409586940983
935 0 0 0.0145594926378243 7.848688672672407
940 0 0 0.017594142032335558 7.848621670516257
945 0 0 0.012550725784220784 7.8484857634616265
950 0 0 0.014784600463018993 7.849302824483317
955 0 0 0.015154103143482978 7.848858436202258
960 0 0 0.013453714288450547 7.8490817451365675
965 0 0 0.010387883359885386 7.848688544407429
970 0 0 0.011254032296716954 7.848398252089068
975 0 0 0.01278177062471264 7.848714351970874
980 0 0 0.013267112596803576 7.849117172365928
985 0 0 0.013496788545120486 7.848571583098915
990 0 0 0.010423836812747389 7.849017445096479
995 0 0 0.013417909513889548 7.848715854431271
1000 0 0 0.014114407973592424 7.848503499112776
