0 0 0 0.20861850674960358 0
5 0 0 0.032704799262639916 8.7138926672461
10 0 0 0.011578871401927815 8.317142994771691
15 0 0 0.009157772188703062 8.18928735010528
20 0 0 0.008534385795459176 8.08731607882678
25 0 0 0.0006414270391501553 8.063792774926265
30 0 0 0.003848555242886631 8.036069762497359
35 0 0 0.004825330363432245 8.02263807376967
40 0 0 0.0030437961549349968 8.007888143178704
45 0 0 0.015560389826831944 7.994151152353051
50 0 0 0.0023522305071435046 7.993092286813685
55 0 0 4.531591047762795e-05 7.986715565008153
60 0 0 0.004632933743753398 7.9868592137361425
65 0 0 0.009761500965222103 7.98341482929227
70 0 0 0.01595359290461107 7.960119626748557
75 0 0 0.009642461685319237 7.963050166689589
80 0 0 0.012196452281242776 7.95912345432181
85 0 0 0.006876618581659333 7.9536891930857765
90 0 0 0.007044938630609288 7.95168047389856
95 0 0 0.006268788048556351 7.947250994993092
100 0 0 0.010602213684096196 8.221347032732547
105 0 0 0.012372035143521032 8.061070166405685
110 0 0 0.0031216679242918044 8.051025963249586
115 0 0 0.0006412748460076223 8.047189603039213
120 0 0 0.007215190966068263 8.044451903523868
125 0 0 0.0014597296331997356 8.042287570339791
130 0 0 0.010193588948398391 8.04100761114855
135 0 0 0.0005374116790750616 8.040116307718112
140 0 0 0.000601233554625491 8.038582237217382
145 0 0 0.009885151344805276 8.03733577282373
150 0 0 0.0010330355545666858 8.036289977365644
155 0 0 0.0003296268067443098 8.034838336106107
160 0 0 0.0029621747158472544 8.033569771143167
165 0 0 0.0015425257162660078 8.033123540150049
170 0 0 0.005186804011321877 8.031404630659512
175 0 0 0.0001312901783188103 8.029944368895661
180 0 0 0.00030961488380953917 8.028129257219096
185 0 0 0.002201847223850306 8.026842147946917
190 0 0 0.0006546270657832309 8.025350078002752
195 0 0 0.004883884063118238 8.022771321314194
200 0 0 0.002605082359226074 8.02130742166123
205 0 0 0.0005858684573156747 8.018605441798126
210 0 0 0.0010949481508646386 8.016416410288222
215 0 0 0.0038164418229627017 8.013914796288793
220 0 0 0.0028873571119523156 8.010784075467578
225 0 0 0.00949098610771193 8.009053177888614
230 0 0 0.0029484037671303476 8.004723414807177
235 0 0 0.003316032159512483 8.002494215193346
240 0 0 0.004167819106845938 7.998569016920043
245 0 0 0.0010165810932902808 7.99454363367856
250 0 0 0.0036072765317978206 7.991251234909084
255 0 0 0.0010953898104140158 7.986077895800736
260 0 0 0.002482216473612242 7.9809023737868525
265 0 0 0.0034536087532712756 7.977030714650615
270 0 0 0.007285508550008757 7.970862329806379
275 0 0 0.000538514380234334 7.963325342145223
280 0 0 0.002843325081817838 7.953866024778065
285 0 0 0.003517445132756647 7.946409983033822
290 0 0 0.0026471225561310874 7.936885819176066
295 0 0 0.009818617746511382 7.927492160757347
300 0 0 0.006968804260374606 7.920535170581001
305 0 0 0.007065018303865411 7.915963264007785
310 0 0 0.00344185015981191 7.91095989167068
315 0 0 0.011996394365721308 7.9059801678420145
320 0 0 0.0011197330593519794 7.9032374242798
325 0 0 0.004464263215514297 7.898319729879019
330 0 0 0.015459198781457628 7.896252880972776
335 0 0 0.00686264181635754 7.894363897071242
340 0 0 0.004426503666787429 7.8905591918994
345 0 0 0.008385119373435224 7.886024588989127
350 0 0 0.006783890167854745 7.884238489686303
355 0 0 0.011081530982755883 7.883897663336577
360 0 0 0.016337542391420934 7.881965541520061
365 0 0 0.013553590940998061 7.877397590332599
370 0 0 0.011230911582168046 7.873311973695789
375 0 0 0.007202937841422674 7.874699237268834
380 0 0 0.01101656444602761 7.878892665364285
385 0 0 0.002297905454233584 7.870782565637626
390 0 0 0.012211032187764426 7.872138511006739
395 0 0 0.004753521337993893 7.869162378852283
400 0 0 0.015028594989163535 7.866998005894999
405 0 0 0.011653459027986424 7.8671551998544444
410 0 0 0.009196081055986793 7.864050289130926
415 0 0 0.015805320669628697 7.873661048541299
420 0 0 0.015283280097616592 7.8634542274192025
425 0 0 0.010884142442637135 7.864557428060235
430 0 0 0.00962028745713761 7.867366747424893
435 0 0 0.01376048493131865 7.860848339576674
440 0 0 0.012710308102471979 7.860726506947078
445 0 0 0.011668335157536625 7.85989852863025
450 0 0 0.011966043283079042 7.868186091296957
455 0 0 0.012224605390811716 7.86041745194426
460 0 0 0.01388682765882332 7.858848851922281
465 0 0 0.008284746950780075 7.859713562892077
470 0 0 0.008265068652155483 7.859526994439243
475 0 0 0.009502426058077384 7.856017874818074
480 0 0 0.012870555660894789 7.859412732401986
485 0 0 0.013187131166582544 7.856753286806521
490 0 0 0.010787265106265709 7.856782540031435
495 0 0 0.009838400841038375 7.856551459578121
500 0 0 0.013473018278936655 7.856725199975349
505 0 0 0.00978303245759915 7.857423102028137
510 0 0 0.010676184664307531 7.855354100960551
515 0 0 0.010911505664891852 7.855693461662089
520 0 0 0.012320892301669772 7.8557181372002995
525 0 0 0.010063889852263141 7.85488542129086
530 0 0 0.012428112709791828 7.855129349657153
535 0 0 0.016048102998736935 7.854847778568962
540 0 0 0.008768312096155473 7.855373687766633
545 0 0 0.011671260256189253 7.853786748912028
550 0 0 0.015752868725625424 7.854080807615906
555 0 0 0.014374213491759935 7.853691104830018
560 0 0 0.013360716987022236 7.853510295550469
565 0 0 0.011205204482993336 7.854135242103471
570 0 0 0.013707874922120444 7.85487500733713
575 0 0 0.011390681420761162 7.853355525423379
580 0 0 0.012587308584785628 7.85497811408252
585 0 0 0.011023636292716743 7.852990505428647
590 0 0 0.010772907563130207 7.852635891138607
595 0 0 0.01522687903774056 7.853606221787878
600 0 0 0.012816413666717708 7.853892496558594
605 0 0 0.011947028938863014 7.8522935061868795
610 0 0 0.01257273365080036 7.8523122890204755
615 0 0 0.013210530672396636 7.853501671078266
620 0 0 0.01585720020196546 7.854264195683956
625 0 0 0.010937847794408206 7.8527998640320895
630 0 0 0.00934587984588453 7.853308374631214
635 0 0 0.012836845893940962 7.852459166533146
640 0 0 0.014922591799202856 7.8513318465833155
645 0 0 0.012778322009920906 7.852635569534209
650 0 0 0.011068164552049176 7.851996149870007
655 0 0 0.013914446971946548 7.852293323828088
660 0 0 0.014466139755566987 7.85101066279881
665 0 0 0.012992310346362945 7.851388579771811
670 0 0 0.01401033505141891 7.850947961314214
675 0 0 0.016077793447025313 7.851445997284589
680 0 0 0.012631558428710443 7.850532326907241
685 0 0 0.011486586085103667 7.85048334109765
690 0 0 0.011332282378033964 7.851267214427854
695 0 0 0.012114800837345951 7.85190552090272
700 0 0 0.004362243462893822 7.851278817352306
705 0 0 0.013233477171178398 7.850840756835217
710 0 0 0.015202808167338766 7.851111218440967
715 0 0 0.013516262245372612 7.850605081497584
720 0 0 0.01036776158796604 7.85091732478846
725 0 0 0.01287189901138941 7.850059159846077
730 0 0 0.012535201745287994 7.851052784469555
735 0 0 0.012684939867714018 7.850159511615589
740 0 0 0.010286540469285121 7.851131353865758
745 0 0 0.014455681380507901 7.850029647502969
750 0 0 0.010968104380383759 7.849759324000523
755 0 0 0.014684202875376418 7.85088090512646
760 0 0 0.013661603461157856 7.850568466851525
765 0 0 0.015308387697406278 7.851261696338417
770 0 0 0.014659893507117605 7.851266455066194
775 0 0 0.011116810394693477 7.850730893439086
780 0 0 0.0076246083252957675 7.849953862110223
785 0 0 0.013268339808909735 7.849290904141738
790 0 0 0.010831034383908866 7.851524194368177
795 0 0 0.013208057388695682 7.8508142104260115
800 0 0 0.004968755284894932 7.850284917249854
805 0 0 0.010450024556886373 7.849967789617381
810 0 0 0.013644566666964897 7.849708388509225
815 0 0 0.014808713428181353 7.850165160931697
820 0 0 0.014265673255274391 7.8488477767426295
825 0 0 0.015131171498938611 7.849218513737683
830 0 0 0.011709964174206 7.850152719061087
835 0 0 0.01433944624803618 7.849681601493826
840 0 0 0.010056885166320084 7.850303622632507
845 0 0 0.016256127988659275 7.849671631548955
850 0 0 0.011907919299826375 7.849847799084537
855 0 0 0.01318037281523532 7.850141305502953
860 0 0 0.012154814467655095 7.849576009000982
865 0 0 0.01119818632467573 7.849599471816573
870 0 0 0.012919882752766787 7.849503019685633
875 0 0 0.013541226073841672 7.848248669172786
880 0 0 0.012642081522172166 7.849676446410603
885 0 0 0.015282068294043771 7.849312172742787
890 0 0 0.013707570889997411 7.848731704631815
895 0 0 0.011041557538991276 7.848988963559475
900 0 0 0.014167948934924679 7.849332468962133
905 0 0 0.012509275203531178 7.850245193407663
910 0 0 0.013598756201613549 7.849261475363059
915 0 0 0.013630952843593613 7.848947002311171
920 0 0 0.012202153878274391 7.849246036839344
925 0 0 0.009085527924115544 7.849401553455518
930 0 0 0.011757772198178307 7.849178066618698
935 0 0 0.01533199827009235 7.849496414529122
940 0 0 0.015876215007255556 7.8486630718216785
945 0 0 0.013789315315253514 7.84953940226213
950 0 0 0.015323641225704732 7.84911299978229
955 0 0 0.012981052133944182 7.8494368202482905
960 0 0 0.015135293720233589 7.8494567149786505
965 0 0 0.011143452272556864 7.848731105087236
970 0 0 0.012934348115327898 7.848257814105035
975 0 0 0.012094913573333255 7.849932260163037
980 0 0 0.011471129177069717 7.848829959487116
985 0 0 0.015104847756772788 7.849511051364755
990 0 0 0.014890816026914333 7.849310136190045
995 0 0 0.010781455275266083 7.848964636442289
1000 0 0 0.013253703229939129 7.8488342011689545
