0 0 0 0.32904070474490954 0
5 0 0 0.0107674305307921 7.8955404972517655
10 0 0 0.008083094001249291 7.886187580130678
15 0 0 0.0116063452761197 7.884455707256958
20 0 0 0.0124582343926527 7.879804011973727
25 0 0 0.009564796921665453 7.87768843189968
30 0 0 0.01409779042520154 7.876322613229638
35 0 0 0.00841767461479126 7.872724195921915
40 0 0 0.01202179036365103 7.874079441969243
45 0 0 0.016735540652001113 7.872233819544228
50 0 0 0.007254962647718077 7.871354280981128
55 0 0 0.009884919350980015 7.866713901867812
60 0 0 0.008837721732593673 7.863688578471279
65 0 0 0.011334000646287423 7.862843160597703
70 0 0 0.013629647302347836 7.862155145612585
75 0 0 0.014620555167938587 7.861581331542672
80 0 0 0.014271724697503263 7.859592053544206
85 0 0 0.009865513704174989 7.860436500619111
90 0 0 0.010359486997941536 7.858782772639611
95 0 0 0.01380438203334644 7.859922950870514
100 0 0 0.01568993086547521 7.858104500397195
105 0 0 0.013394323051651336 7.857611063600129
110 0 0 0.010154532839701469 7.857362606924922
115 0 0 0.012964162020108194 7.85674180005195
120 0 0 0.010318522191714585 7.858476527001801
125 0 0 0.013483194327850612 7.8558123475916615
130 0 0 0.011273047253275603 7.855801970010035
135 0 0 0.009892746423664 7.856429300148985
140 0 0 0.009755319414413322 7.85641031512372
145 0 0 0.012939008912919325 7.855860102607706
150 0 0 0.01181214559587973 7.855073814805869
155 0 0 0.012146013132152245 7.855354698369548
160 0 0 0.007664911128812513 7.856067797888862
165 0 0 0.012949929974060748 7.854281131941001
170 0 0 0.012178806644129514 7.855904251085819
175 0 0 0.013551413788865263 7.854223736538511
180 0 0 0.01371381086123069 7.853275933976035
185 0 0 0.015251890790286993 7.854287703731735
190 0 0 0.011615000178614387 7.853672297361031
195 0 0 0.008871269923660385 7.852700234873184
200 0 0 0.01194881891060584 7.854698398705077
205 0 0 0.01258598636513697 7.853474537571879
210 0 0 0.016596586467848562 7.853919562690172
215 0 0 0.013443847918003904 7.852065745985134
220 0 0 0.013909591623785023 7.852882313356712
225 0 0 0.015183881435695934 7.853794716752357
230 0 0 0.012387358306580776 7.853082794326396
235 0 0 0.00786368727094211 7.8531116095024345
240 0 0 0.008794632941330205 7.85187816935838
245 0 0 0.012777266455027858 7.851717729501905
250 0 0 0.0033934986350017127 7.911021383279775
255 0 0 0.012647333439559816 7.866874612723447
260 0 0 0.010736349716081062 7.863149887346338
265 0 0 0.011653224669172513 7.861475807033003
270 0 0 0.009230380459464449 7.858996531649959
275 0 0 0.011531345973844864 7.858279499208842
280 0 0 0.012088762093796168 7.857463031856238
285 0 0 0.007529117151586995 7.857857470282847
290 0 0 0.008505549285290126 7.857329053867942
295 0 0 0.013682284388251587 7.856985700561563
300 0 0 0.014378700795858013 7.856263024049611
305 0 0 0.011206065910410512 7.856822632124724
310 0 0 0.013118999511874563 7.855660656662208
315 0 0 0.012405932714971257 7.854380218155884
320 0 0 0.008032652205950175 7.854564871460784
325 0 0 0.011296017470008746 7.854377296724323
330 0 0 0.012866375231918026 7.854327031014459
335 0 0 0.01507799244760144 7.857415182257382
340 0 0 0.014531217949433017 7.854265769241087
345 0 0 0.001264299634577526 7.853507090229124
350 0 0 0.008002828009739282 7.853661827953669
355 0 0 0.015149382672873246 7.851585338320891
360 0 0 0.014763953875967406 7.853314155675552
365 0 0 0.011865583334061292 7.852713884658419
370 0 0 0.010718303539827279 7.852017165564441
375 0 0 0.01151316830352056 7.8523561313427095
380 0 0 0.010222372398437152 7.852248396238773
385 0 0 0.012686643879038506 7.8519055210213216
390 0 0 0.015180923154454407 7.852785747551905
395 0 0 0.010104065201055112 7.853572875425481
400 0 0 0.012486295006165049 7.851840757793243
405 0 0 0.009226456213416334 7.850681122793947
410 0 0 0.011833864470404798 7.851092514843593
415 0 0 0.014948806387325764 7.8520250969050265
420 0 0 0.013886827076842634 7.852745413022323
425 0 0 0.012892159463248953 7.850922396224782
430 0 0 0.014989303058950076 7.850452680474552
435 0 0 0.013180451122126735 7.8515244672829105
440 0 0 0.010441876269841721 7.8500819895957035
445 0 0 0.015427340234182685 7.850674385665098
450 0 0 0.012574743879885997 7.8509533090309835
455 0 0 0.011303595895697294 7.849876189219259
460 0 0 0.01151217576003627 7.851042268744863
465 0 0 0.01494983337680833 7.851066794950669
470 0 0 0.018338948381137588 7.851084781552641
475 0 0 0.01453053544987748 7.8496475245869
480 0 0 0.012320718350346871 7.849761430009834
485 0 0 0.01155550257857807 7.849844423465289
490 0 0 0.010995705016777935 7.850676173262048
495 0 0 0.01374881352721502 7.850002843352711
500 0 0 0.008263288256883383 7.8505967374119505
505 0 0 0.015546476347963134 7.849747439194489
510 0 0 0.007440444874308394 7.848957389253261
515 0 0 0.011486947078435783 7.849063343327446
520 0 0 0.008360133853522633 7.849822055229147
525 0 0 0.0077103048267350704 7.847718387747774
530 0 0 0.01423898885520325 7.850443284283645
535 0 0 0.015575126605102296 7.849281682896919
540 0 0 0.012892451623824464 7.849035417354468
545 0 0 0.0093769604218088 7.848911792371299
550 0 0 0.009483723912848241 7.849202193864947
555 0 0 0.01646302886988038 7.848362681217055
560 0 0 0.01318624608279717 7.847461662221329
565 0 0 0.009164488692167794 7.8490458741144895
570 0 0 0.0028535958338629097 7.847100571894764
575 0 0 0.013951636415810764 7.847941315482732
580 0 0 0.010942661655705344 7.848140055749359
585 0 0 0.005203986296979268 7.8480750517116284
590 0 0 0.012318573034345137 7.847517164827297
595 0 0 0.013244863973119525 7.846821453772004
600 0 0 0.01510815311157021 7.847999814835884
605 0 0 0.007665044980889046 7.847474806409073
610 0 0 0.011228177465383293 7.847550228277373
615 0 0 0.014726759859371663 7.847023344545725
620 0 0 0.008308766003163326 7.846039107558262
625 0 0 0.01569968267284838 7.847462300739855
630 0 0 0.015219635047158953 7.846240703487046
635 0 0 0.00812534525837183 7.846418898043874
640 0 0 0.007972506811397384 7.84601713404943
645 0 0 0.009718952435602057 7.845013888396351
650 0 0 0.011172368520367293 7.845394029418256
655 0 0 0.008709319174907693 7.8455288803002965
660 0 0 0.009144471806483034 7.845403650501332
665 0 0 0.005201169987540721 7.8439641202099315
670 0 0 0.018624407332666015 7.844199199349274
675 0 0 0.006884726364144944 7.845176272864268
680 0 0 0.019942483671688382 7.843414508594044
685 0 0 0.012047393368157966 7.844036309370653
690 0 0 0.005951666634436137 7.8424867765078945
695 0 0 0.011642106296174015 7.842025412741306
700 0 0 0.011870351425191439 7.843722107578615
705 0 0 0.014373112848662384 7.843376378658883
710 0 0 0.0010006560534925324 7.841456666239112
715 0 0 0.014936651277851487 7.841928142001044
720 0 0 0.009883849546516554 7.841392753116772
725 0 0 0.0058671700265222615 7.840481527986231
730 0 0 0.001719437538113322 7.8407725707927565
735 0 0 0.012736584632240255 7.8398918120366705
740 0 0 0.013836244670215603 7.841024335668005
745 0 0 0.010254848645441683 7.839404308460356
750 0 0 0.008365496925788918 7.8397365704101505
755 0 0 0.016622126751177912 7.838810964141934
760 0 0 0.006273168211747171 7.837963524301
765 0 0 0.006657173072120326 7.837621741109462
770 0 0 0.002171227854825153 7.838404427606212
775 0 0 0.008144433058407508 7.836946410086251
780 0 0 0.0037813911547539547 7.836272511654678
785 0 0 0.0025627328996218335 7.835417949336307
790 0 0 0.008693275559717328 7.834702725447021
795 0 0 0.0005304548320879121 7.834335043161792
800 0 0 0.012685297955962405 7.833318182822191
805 0 0 0.013865370544046796 7.833109859122853
810 0 0 0.007027214614149457 7.8325411521739134
815 0 0 0.0037905560937208094 7.8319990771679535
820 0 0 0.01118465923115175 7.831099111529902
825 0 0 0.017495697556619838 7.830595232583148
830 0 0 0.017356305617413303 7.830431809503182
835 0 0 0.008809551430929652 7.829734853436938
840 0 0 0.001146983233226928 7.828453355376016
845 0 0 0.0023552959508141846 7.82794553687296
850 0 0 0.0024507387941250514 7.826310488979666
855 0 0 0.013851344432265877 7.825799363578711
860 0 0 0.010841073833055992 7.825390760662808
865 0 0 0.0038028909414211665 7.825565457256347
870 0 0 0.006082016425489334 7.824345651329635
875 0 0 0.01691816973770921 7.822360172658797
880 0 0 0.00045809237139438075 7.822227993387989
885 0 0 0.004859773681948454 7.820876401056686
890 0 0 0.003846170933510251 7.820829265325042
895 0 0 0.012343706295319556 7.819109859621315
900 0 0 0.007291121376940657 7.818493489682935
905 0 0 0.017913901297510693 7.8183015501259225
910 0 0 0.004201944936792046 7.816759851077822
915 0 0 0.009712828166857035 7.81633358785083
920 0 0 0.0032220291854441196 7.815075513402894
925 0 0 0.005164737754260518 7.814384109207973
930 0 0 0.007433902759768296 7.813790502816266
935 0 0 0.028560543830747687 7.812712965505313
940 0 0 0.007618343692403551 7.810395282999371
945 0 0 0.006272906332732697 7.809506004520924
950 0 0 0.0009035416471456781 7.808224309247421
955 0 0 0.029380451824287723 7.807526202221169
960 0 0 0.011763748898292903 7.80644356567476
965 0 0 0.023019336533527612 7.8062757544943455
970 0 0 0.013790302090495254 7.8043833140855865
975 0 0 0.020053548213245564 7.804146139044674
980 0 0 0.01639138808555729 7.802262604404531
985 0 0 0.027015288341174726 7.801334362304121
990 0 0 0.025116823151034362 7.799085871045761
995 0 0 0.02039486690729131 7.798780493438256
1000 0 0 0.01055126115987326 7.797410490816919
