0 0 0 0.2745726505001317 0
5 0 0 0.007201649495707674 10.454881772728559
10 0 0 0.008172773099710096 10.242930418490694
15 0 0 0.009980703526533574 10.195879798786727
20 0 0 0.007460627642839723 10.155980150454997
25 0 0 0.005298229217940431 10.129239179613988
30 0 0 0.02105632097354393 10.110410668897206
35 0 0 0.007939846600115263 10.111519717886546
40 0 0 0.01371407529453239 10.10858489070833
45 0 0 0.011892628551702478 10.08931937804869
50 0 0 0.001972700226981816 10.087184106455842
55 0 0 0.013365182969825806 10.06458151181927
60 0 0 0.00867024745054934 10.051853797074934
65 0 0 0.010130887805481104 10.03021878161098
70 0 0 0.01015871623629172 10.027639448225141
75 0 0 0.0029990558484300767 10.027957782149956
80 0 0 0.008156972925117412 10.017111075250208
85 0 0 0.013790919759054443 10.01820883239274
90 0 0 0.009767362229042842 10.009598071069425
95 0 0 0.011411850704413862 10.018871496423627
100 0 0 0.00267856868577665 10.013394405876925
105 0 0 0.0074062456238244145 10.010506405085055
110 0 0 0.007127096465859406 10.003772181610202
115 0 0 0.009656215019030912 10.006940044426722
120 0 0 0.01579591729059171 10.004900534669526
125 0 0 0.017192007509578833 10.00537470293824
130 0 0 0.010404257147181628 10.001723206919618
135 0 0 0.003273583141762071 10.001187273670888
140 0 0 0.011560517993078445 10.006149202952125
145 0 0 0.010584455980107377 10.003277461310203
150 0 0 0.011562629237883204 9.99974190401877
155 0 0 0.005814031283535304 10.001227169042853
160 0 0 0.007002180654750223 9.995853308330322
165 0 0 0.009140188469432653 10.00143094018238
170 0 0 0.007356623078811797 10.001951223669163
175 0 0 0.016367505298588103 9.99690265013664
180 0 0 0.012300747982279425 9.994040884421562
185 0 0 0.01329381409065733 9.995916885948121
190 0 0 0.007364798779252668 9.996496036083153
195 0 0 0.011823271657126266 9.993927456577213
200 0 0 0.011531807875435618 9.993896506551897
205 0 0 0.012989861567443528 9.993576548871028
210 0 0 0.015945643132503573 9.993260681153224
215 0 0 0.007290473199832004 9.990982689577137
220 0 0 0.01451399979333301 9.99175348037428
225 0 0 0.011014033980513815 9.991200936056627
230 0 0 0.012547733758349944 9.993428356957264
235 0 0 0.004417649713421401 9.993645646920635
240 0 0 0.01530741778718836 9.989705926367929
245 0 0 0.006439425967809331 9.9875042233951
250 0 0 0.016722090802312017 9.989217268269266
255 0 0 0.007689317095060266 9.98740903752637
260 0 0 0.011101649006537873 9.992161392419785
265 0 0 0.009489953407326501 9.98647615879477
270 0 0 0.014289275315626515 9.989041659092004
275 0 0 0.009040476848754198 9.987203878490032
280 0 0 0.008437115993432442 9.990976035952487
285 0 0 0.011068592645926412 9.986656424571319
290 0 0 0.01433598616800369 9.988790892862907
295 0 0 0.010952662731269713 9.986172275352274
300 0 0 0.011502011707892779 9.98890077682513
305 0 0 0.014665347254587235 9.987200642614717
310 0 0 0.01026746124270117 9.988884671604119
315 0 0 0.010360189451165791 9.989008774577973
320 0 0 0.019730295269784204 9.984758759406608
325 0 0 0.014277616247734048 9.9868266589989
330 0 0 0.008302063990248021 9.981995376358398
335 0 0 0.01507395306369963 9.987531318134964
340 0 0 0.014861118275767193 9.985003087129993
345 0 0 0.015015167688625208 9.98596765388971
350 0 0 0.0018137079881219709 9.983100929365383
355 0 0 0.010154325480438375 9.985711077359584
360 0 0 0.009221875772072119 9.984121176892451
365 0 0 0.010433868598216156 9.984458412715428
370 0 0 0.013114620266878152 9.9840676435299
375 0 0 0.010664435104905445 9.984017217342892
380 0 0 0.011138690342710644 9.98303598767438
385 0 0 0.009271077188004018 9.98092515114432
390 0 0 0.0010729194723317903 9.984024260169448
395 0 0 0.016124767901132264 9.981549233622271
400 0 0 0.0050156314256024626 9.982298766421737
405 0 0 0.014395224549075047 9.982170384467235
410 0 0 0.01538189853009575 9.984752695003543
415 0 0 0.01469789380391573 9.982720045415599
420 0 0 0.014743430559800652 9.982604570774607
425 0 0 0.0188039381025058 9.980188887111714
430 0 0 0.01112656552919189 9.980931396016773
435 0 0 0.020234576533378457 9.979927963176243
440 0 0 0.013813941013394615 9.980077641778553
445 0 0 0.007845894374128637 9.977423658398159
450 0 0 0.010926377086556194 9.979478617131484
455 0 0 0.014110139897552054 9.976915016906178
460 0 0 0.008766625885119339 9.975702113667987
465 0 0 0.010000383390580625 9.98034518729844
470 0 0 0.008283473827589871 9.977266325432856
475 0 0 0.01076276729668435 9.979316437653047
480 0 0 0.010971927812754911 9.979027418122634
485 0 0 0.016550859121994943 9.978145115818664
490 0 0 0.017789158978148034 9.97743928946836
495 0 0 0.00892995424117271 9.975429334484685
500 0 0 0.0101731589622589 10.097890624266466
505 0 0 0.01423981091763471 9.972310753842237
510 0 0 0.005764267082003505 9.971962742477503
515 0 0 0.005839936362266318 9.969229832191179
520 0 0 0.009416525129978925 9.968373800822508
525 0 0 0.006721611832565477 9.969475421109177
530 0 0 0.013165541147217574 9.96850984953163
535 0 0 0.01695396249067871 9.967388577683495
540 0 0 0.014534589998937975 9.966830468857113
545 0 0 0.011280957783480483 9.96657123651132
550 0 0 0.0162401098482039 9.96560649298566
555 0 0 0.011207548201834339 9.963945289901552
560 0 0 0.014013325721152992 9.9647150256326
565 0 0 0.009529116848652874 9.964597173796141
570 0 0 0.012053857743211216 9.964568156908513
575 0 0 0.010930639239731033 9.963414539319318
580 0 0 0.008973931735305696 9.961904228121663
585 0 0 0.013028071802593022 9.963074080060972
590 0 0 0.0075982862523704675 9.96223767726833
595 0 0 0.00836525905770702 9.961549916784595
600 0 0 0.013769634389574348 9.960256569829083
605 0 0 0.011844377095294067 9.95888347900132
610 0 0 0.011132837369444815 9.95873671387662
615 0 0 0.014777188982769252 9.959662399206291
620 0 0 0.002328602053022877 9.958319806510058
625 0 0 0.007762915377187873 9.956482796735196
630 0 0 0.0065632081465700765 9.954940201040564
635 0 0 0.002879388713338704 9.955042413496148
640 0 0 0.00549452743010681 9.955093267900436
645 0 0 0.006079328927478533 9.954714936267592
650 0 0 0.015739397048739612 9.952426590045766
655 0 0 0.0022468073628705287 9.95239803039271
660 0 0 0.0085164806617688 9.951885393667713
665 0 0 0.014636051453954746 9.950456615911769
670 0 0 0.0032166107084934392 9.950251118996807
675 0 0 0.004937915950065541 9.948731861888213
680 0 0 0.003622258176929849 9.947345056529555
685 0 0 0.00045052078475005253 9.944993703154761
690 0 0 0.0083658019792745 9.945305797155608
695 0 0 0.02287065329099147 9.943059683815296
700 0 0 0.0050418660340922905 9.94140387232296
705 0 0 0.001895284013975873 9.943233424773261
710 0 0 0.0053517095752873 9.940569416573219
715 0 0 0.003640494944450623 9.938682347164479
720 0 0 0.0010655607961420621 9.937904678907143
725 0 0 0.006752761659749584 9.93591192462006
730 0 0 0.0035070750380385984 9.934464648993199
735 0 0 0.003388934838113755 9.933584437045294
740 0 0 0.006697498893475151 9.93271522586862
745 0 0 0.0088243234015839 9.930625503527175
750 0 0 0.009439479169977671 9.929899512995435
755 0 0 0.004708103703108701 9.927948586786005
760 0 0 0.03449610970775563 9.927027172088202
765 0 0 0.0056722448408517145 9.924470077331211
770 0 0 0.018007582182996362 9.922682121127872
775 0 0 0.003760854306289252 9.921099266756078
780 0 0 0.013425552221547843 9.91891215409338
785 0 0 0.00918849087851159 9.916556156891183
790 0 0 0.01784912422428575 9.915067643595147
795 0 0 0.01134937021515725 9.912529792559345
800 0 0 0.0027053577214339875 9.909369922757243
805 0 0 0.055076526220520616 9.90791796895063
810 0 0 0.0426863732207825 9.905550216902048
815 0 0 0.025228187249221712 9.90132532121203
820 0 0 0.014286521139872166 9.900709942425271
825 0 0 0.02207880123339745 9.897265173959255
830 0 0 0.01054424743939153 9.894821116203135
835 0 0 0.002669808835530141 9.892707172220637
840 0 0 0.0153713206732502 9.889299792809977
845 0 0 0.05055469263101786 9.886876904153835
850 0 0 0.01747287776113815 9.885224033656561
855 0 0 0.016839514842612147 9.879558395979139
860 0 0 0.04213403664193738 9.877737312386108
865 0 0 0.0014974991922693803 9.874449757377107
870 0 0 0.015733198338791166 9.87365996242742
875 0 0 0.027518679817280844 9.867712748540217
880 0 0 0.041633431248322195 9.866860296780311
885 0 0 0.05085649319581753 9.863520895938645
890 0 0 0.03776209629465188 9.85848829241429
895 0 0 0.03870627859857212 9.859864191022274
900 0 0 0.07042143635909293 9.852402028759842
905 0 0 0.0598264937184676 9.850897113026212
910 0 0 0.05222393118434332 9.845624478392812
915 0 0 0.054762465877377764 9.842539393716075
920 0 0 0.07783595153253309 9.840808850411003
925 0 0 0.04568886026170493 9.838957747617803
930 0 0 0.07401726870431191 9.834640245816155
935 0 0 0.06485033460364242 9.831710768480972
940 0 0 0.031942322559294745 9.829349997198673
945 0 0 0.0143683718175176 9.825619399736745
950 0 0 0.08052233460022151 9.821638663809239
955 0 0 0.09431211222189839 9.817570659368888
960 0 0 0.07451656087650815 9.813861280284543
965 0 0 0.11168449594492036 9.810704257590915
970 0 0 0.03347298451091274 9.809646287444517
975 0 0 0.0517466438036307 9.805899764187057
980 0 0 0.08635458188477108 9.803078930024187
985 0 0 0.0341365143829746 9.79944233315545
990 0 0 0.08479847388848194 9.796073849737184
995 0 0 0.09093588704775657 9.79415281860244
1000 0 0 0.07934139707386789 9.792320264169339
