0 0 0 0.24773454140871132 0
5 0 0 0.00319773216977981 10.556464839700123
10 0 0 0.005032179552563409 10.304714538233455
15 0 0 0.008670712349173382 10.228224937386758
20 0 0 0.007828854947603325 10.161889527371725
25 0 0 0.010187543871247318 10.156055055899767
30 0 0 0.01213221525268171 10.132578310475402
35 0 0 0.010452532829639427 10.116185931434359
40 0 0 0.007585162258321176 10.115754467061333
45 0 0 0.006083721135432096 10.1039526394215
50 0 0 0.008313499905866273 10.10588932658194
55 0 0 0.006003615639029514 10.109495672231025
60 0 0 0.0076039684422504195 10.05999096272109
65 0 0 0.011916622329012583 10.042684832657338
70 0 0 0.01406402162305942 10.03793009754709
75 0 0 0.011741908609041563 10.02984957099745
80 0 0 0.00018163786492997325 10.027017086130215
85 0 0 0.01955819201561626 10.018335495137643
90 0 0 0.018950351047775316 10.023580104520189
95 0 0 0.015775954221667554 10.01938676461978
100 0 0 0.01103733657905659 10.015852497209943
105 0 0 0.010053112659391683 10.0132259723641
110 0 0 0.012240704224948162 10.01644935484758
115 0 0 0.006782237094828947 10.01501019370676
120 0 0 0.017649496050381908 10.01365467820094
125 0 0 0.008808509896311545 10.007201822171362
130 0 0 0.007733811179162942 10.017755478364542
135 0 0 0.010504819947129374 10.00616954190205
140 0 0 0.013592196957924907 10.004214444113053
145 0 0 0.00915213109037949 10.003075789458144
150 0 0 0.022447154194960905 10.00623242042713
155 0 0 0.027624987215922214 10.004442372421464
160 0 0 0.012600891460589292 9.999339363428108
165 0 0 0.017841757784506473 9.999729238930032
170 0 0 0.013141420569135143 10.002175275746099
175 0 0 0.002094550429473596 10.001244666247105
180 0 0 0.012691961164443155 9.998860088628527
185 0 0 0.01139129678755113 9.999079311197303
190 0 0 0.0079472763866264 9.991371429604868
195 0 0 0.015175504437033194 9.998309512472323
200 0 0 0.009577717572829991 9.993200258647766
205 0 0 0.023793677488990417 9.999115542805814
210 0 0 0.017673712556506738 9.99583310962024
215 0 0 0.006395471745660908 9.995075697218795
220 0 0 0.008152427402430718 9.994035691899068
225 0 0 0.011378824809143984 9.996484416282385
230 0 0 0.014404509154720468 9.99164562205595
235 0 0 0.021065766804951203 9.99481396983441
240 0 0 0.011093391064782576 9.995514989578961
245 0 0 0.017050466276962384 9.989824703562936
250 0 0 0.005165633558597005 9.99125004002727
255 0 0 0.01466304143524999 9.993641590941813
260 0 0 0.015462981467609271 9.991842008129169
265 0 0 0.010407190349783324 9.990850138877892
270 0 0 0.014236835819349203 9.99054615020682
275 0 0 0.016615929639648863 9.992574377313824
280 0 0 0.010108804275188676 9.98916203465281
285 0 0 0.005938585508688865 9.990949551009656
290 0 0 0.015090903420419854 9.989145913953543
295 0 0 0.013655757122041923 9.9890806086972
300 0 0 0.009062765776565396 9.988831410761678
305 0 0 0.014595539776081967 9.988064439596139
310 0 0 0.016660829672529243 9.987131512222016
315 0 0 0.011233915470300504 9.989473434908426
320 0 0 0.01432190736230976 9.985850941708563
325 0 0 0.013279958985721318 9.983918259408616
330 0 0 0.010472209195995896 9.987974963640017
335 0 0 0.016004929544058744 9.985931786272669
340 0 0 0.014256259307949604 9.984691345824318
345 0 0 0.013279240488685229 9.985853431168753
350 0 0 0.011009091312188524 9.984375145764925
355 0 0 0.01046487288560094 9.983937035525065
360 0 0 0.012251722585419511 9.983568761713611
365 0 0 0.004101621333818972 9.97987673765211
370 0 0 0.00704760617123612 9.983438950912044
375 0 0 0.013368415278398826 9.981743983219939
380 0 0 0.008039930968942732 9.984229323610077
385 0 0 0.015601012928111668 9.983024739403373
390 0 0 0.008901185775900267 9.981970106795519
395 0 0 0.01598260891055281 9.98609368923389
400 0 0 0.012211822798217753 9.981003639173897
405 0 0 0.012199450257680544 9.98375295595111
410 0 0 0.006462371454994731 9.979600769348497
415 0 0 0.013744501305895884 9.982267398965462
420 0 0 0.014261152608892935 9.98142251272
425 0 0 0.016375238673662418 9.98000075643992
430 0 0 0.0010810929943092518 9.980611820743935
435 0 0 0.010137378879424563 9.979232242202455
440 0 0 0.007170220452084042 9.98084121361627
445 0 0 0.015232253547281305 9.9781905370318
450 0 0 0.013914255110361928 9.978426588326029
455 0 0 0.018531778857294512 9.977757932745371
460 0 0 0.011823897297962516 9.979410878107306
465 0 0 0.018245905226426773 9.979262837965765
470 0 0 0.014718940004946335 9.976873636556524
475 0 0 0.017517078137461617 9.976964773548877
480 0 0 0.009691765499781457 9.977205292475542
485 0 0 0.01439426764168128 9.979634583065941
490 0 0 0.0026055284985087024 9.974461702461726
495 0 0 0.012072139930189518 9.977861065874835
500 0 0 0.011105434713206463 10.101752977809747
505 0 0 0.008386576360566833 9.970340247042175
510 0 0 0.014176901017905141 9.969815381534385
515 0 0 0.017344002306392436 9.968029106790892
520 0 0 0.011543362579677252 9.968052588940607
525 0 0 0.019082783225611966 9.96733617981676
530 0 0 0.011218385107863549 9.964896744938716
535 0 0 0.012454918620814714 9.964753900143839
540 0 0 0.006767062786361411 9.96569324753371
545 0 0 0.010792583737035288 9.965030376530583
550 0 0 0.011722473973062808 9.963623539580315
555 0 0 0.012984245214737289 9.963991382195069
560 0 0 0.009085757304948094 9.962855033602887
565 0 0 0.011806996216191523 9.962205465616892
570 0 0 0.017027541638859667 9.961354265875398
575 0 0 0.0052214647853312535 9.960996120716572
580 0 0 0.008627122486001726 9.960546039533336
585 0 0 0.012411394842477552 9.96073479631727
590 0 0 0.0011574558112381617 9.96062390899251
595 0 0 0.009171362685170825 9.959086540305952
600 0 0 0.00861383610852906 9.95813198319409
605 0 0 0.00956524626095745 9.95718216331684
610 0 0 0.0084241841407382 9.958493996681728
615 0 0 0.0019321812362105284 9.956903635549772
620 0 0 0.00431227973639281 9.956500241853833
625 0 0 0.005188736216533041 9.95519784033832
630 0 0 0.015832256321854032 9.954549169648429
635 0 0 0.008082852746729374 9.955215346907439
640 0 0 8.186747232175051e-05 9.953845131777848
645 0 0 0.009672562999460288 9.953078475582766
650 0 0 0.013495412936843199 9.952028521476683
655 0 0 0.0030069878528571348 9.95108998371854
660 0 0 0.0011944062248177012 9.950774791343033
665 0 0 0.001602445320697754 9.949782832694853
670 0 0 0.022301741301065103 9.948933138196868
675 0 0 0.014824910345932807 9.947189280894822
680 0 0 0.042402448578626295 9.946244616411123
685 0 0 0.019556917143647823 9.946392494545915
690 0 0 0.001164467888429277 9.945330445957898
695 0 0 0.003739720281104919 9.943475388353459
700 0 0 0.003708300886104521 9.943456278049615
705 0 0 0.009785074136337224 9.942145103124616
710 0 0 0.008720565520028645 9.939151657709681
715 0 0 0.0024021629614909834 9.940548075042896
720 0 0 0.0017270755156331141 9.938388499642882
725 0 0 0.005140272921942968 9.937479654485886
730 0 0 0.010749718538177744 9.93667665075699
735 0 0 0.00040214561605678156 9.934133203354392
740 0 0 0.004719154299381634 9.933288056605738
745 0 0 0.0037739441466675405 9.933317087527328
750 0 0 0.008558066582992518 9.929705384900076
755 0 0 0.0003403315417815911 9.929124674777187
760 0 0 0.013900916508222227 9.925998548658194
765 0 0 0.005086061345136672 9.925699492211793
770 0 0 0.007191754283727647 9.922818224614522
775 0 0 0.0023485204120883285 9.922511254777401
780 0 0 0.0031591297981272692 9.920699711238745
785 0 0 0.013908078993327688 9.919184080857669
790 0 0 0.0031376052196816495 9.91460976202366
795 0 0 0.020539720205693612 9.916032203768655
800 0 0 0.006819042036184886 9.912488715192755
805 0 0 0.011185392289919438 9.908974410649583
810 0 0 0.0009392372763739054 9.908209856043253
815 0 0 0.005832966816537333 9.906112410458631
820 0 0 0.014058279161468956 9.902956268367149
825 0 0 0.005423735444165079 9.90179970583665
830 0 0 0.01222896788484884 9.898327459242031
835 0 0 0.01917200714180267 9.896406939978542
840 0 0 0.013360225089537492 9.894523042386288
845 0 0 0.045829731003875995 9.89061018621027
850 0 0 0.016846928422098673 9.887323795544154
855 0 0 0.050172743118279906 9.884577532730034
860 0 0 0.007182999619439467 9.881511709709722
865 0 0 0.0359160151247806 9.88019144367582
870 0 0 0.04085122257254126 9.877647397921812
875 0 0 7.001622215341285e-08 9.876400565290801
880 0 0 0.026753349098355583 9.871503961791174
885 0 0 0.03444478787500005 9.868686693523314
890 0 0 0.011799345625983726 9.864808022865455
895 0 0 0.010854988033290214 9.863050729526027
900 0 0 0.07329861467641607 9.858637303378684
905 0 0 0.008024434096962407 9.857411627093677
910 0 0 0.017412323155040266 9.853102312045024
915 0 0 0.004054885761848981 9.848602069087274
920 0 0 0.025429484320645068 9.84692082281106
925 0 0 0.07583681156224431 9.84432349415911
930 0 0 0.04360897380916828 9.841753174960054
935 0 0 0.03877276528638052 9.837691530697935
940 0 0 0.05123899968476775 9.833264456102743
945 0 0 0.026161399926396767 9.830669776971513
950 0 0 0.04067479103002114 9.826748388394396
955 0 0 0.07553767116380738 9.826471551671524
960 0 0 0.05666818724274192 9.821597418842826
965 0 0 0.10020786883491306 9.81640378617136
970 0 0 0.012017931206215637 9.81604627348207
975 0 0 0.03557179064443461 9.810277956705324
980 0 0 0.09842695786884836 9.807104212669355
985 0 0 0.0653223826573186 9.801790367180901
990 0 0 0.050583792617582946 9.800782554685048
995 0 0 0.0384445653465455 9.796593820571228
1000 0 0 0.009122851590836811 9.794350890670856
