0 0 0 0.29414977675702914 0
5 0 0 0.013223856134949807 26.745245975752095
10 0 0 0.014857401317075691 26.62471499973164
15 0 0 0.014320781449749465 26.600075130198785
20 0 0 0.01571128247741793 26.55598199668629
25 0 0 0.013830901986506605 26.552720179751354
30 0 0 0.016954234196516316 26.537664211234997
35 0 0 0.01624909055010537 26.51289582664757
40 0 0 0.015265998181839047 26.502406854281954
45 0 0 0.016817317572447976 26.494353218375963
50 0 0 0.0173817642136882 26.465950713456664
55 0 0 0.01733843419711323 26.374635279062915
60 0 0 0.01803248769508592 26.3476466690072
65 0 0 0.019340124440478945 26.318045957383394
70 0 0 0.015764449910262712 26.326754120134506
75 0 0 0.02118132135405215 26.286722137081256
80 0 0 0.017351865544532608 26.28197201441541
85 0 0 0.01596099524590011 26.266917360900432
90 0 0 0.016281736930673363 26.2724331243383
95 0 0 0.0156929498260876 26.257195166365797
100 0 0 0.02106645985168165 26.230250980439322
105 0 0 0.017812574708119255 26.223731875067948
110 0 0 0.017128961351799976 26.2182076304127
115 0 0 0.020746913763526775 26.1990250839954
120 0 0 0.018845457810306998 26.19949221262932
125 0 0 0.018971070558060577 26.201946023146753
130 0 0 0.01865816979860635 26.187977086512102
135 0 0 0.01360622266355449 26.183829461998645
140 0 0 0.01708592742941817 26.16969834918786
145 0 0 0.01956591933798202 26.1890110648131
150 0 0 0.0184603625641393 26.180701362205795
155 0 0 0.018661747406879536 26.164042372262234
160 0 0 0.020333017494299943 26.165677606473395
165 0 0 0.02185083461964621 26.162082242636345
170 0 0 0.015599506128169294 26.15780086463509
175 0 0 0.019554269646313793 26.167037924575407
180 0 0 0.019533298938181787 26.14312240853701
185 0 0 0.015506779202959509 26.159658576082506
190 0 0 0.02001468566857323 26.149048752375425
195 0 0 0.020397086771137385 26.16188397442615
200 0 0 0.019663271646233715 26.15734036697078
205 0 0 0.020113703596954524 26.141438575395046
210 0 0 0.021082183161120982 26.14773421699364
215 0 0 0.019842890934284485 26.141741092663437
220 0 0 0.02143859476527954 26.140622542721015
225 0 0 0.01877686602607742 26.131339150665614
230 0 0 0.02008227959062503 26.13162589107003
235 0 0 0.02026323903799221 26.134468352072705
240 0 0 0.019389537047004968 26.136103362018048
245 0 0 0.021199195662571668 26.1235098390331
250 0 0 0.019076081911528542 26.13563966945864
255 0 0 0.01916101294689576 26.13008363526326
260 0 0 0.020281510949220483 26.129214925292416
265 0 0 0.02004255109797981 26.12070610035091
270 0 0 0.021167749856134233 26.1186592163999
275 0 0 0.020710891681626542 26.133805741245823
280 0 0 0.0201981058938423 26.129941156527675
285 0 0 0.02121489365450735 26.128429077056776
290 0 0 0.018799535324058425 26.124640004440806
295 0 0 0.01974624125314617 26.119952523489605
300 0 0 0.020944949812080615 26.119351285523148
305 0 0 0.019225326208948124 26.12800209871974
310 0 0 0.02003578231466796 26.12064159097996
315 0 0 0.020458653882464706 26.122710194954628
320 0 0 0.020600668168267555 26.12613670390028
325 0 0 0.016969123564997135 26.116842331907772
330 0 0 0.02011025808982847 26.113717343857935
335 0 0 0.01628235735362904 26.12492932511378
340 0 0 0.021007389207765126 26.124607782888425
345 0 0 0.01797244600158776 26.118436209262935
350 0 0 0.020457098765268356 26.114439345146465
355 0 0 0.021202196926248362 26.12277134606436
360 0 0 0.020983743250901687 26.12576771657661
365 0 0 0.02012131925237748 26.114734989302644
370 0 0 0.020732251479858466 26.117251023117525
375 0 0 0.0182605534275484 26.120398337630846
380 0 0 0.020072650448871743 26.122516747175897
385 0 0 0.01919983822925886 26.115247129800345
390 0 0 0.020020401174998703 26.11704355035698
395 0 0 0.019626050229820002 26.118279755424037
400 0 0 0.02254673152135478 26.114319157878803
405 0 0 0.020476336263581807 26.115367153594697
410 0 0 0.020417560180338024 26.10975426896726
415 0 0 0.019117889439658642 26.114983610780605
420 0 0 0.019773473038982914 26.12182786939452
425 0 0 0.018817092709711547 26.114236763840236
430 0 0 0.019854785308387246 26.111335917657346
435 0 0 0.021880730534298065 26.115884878219255
440 0 0 0.017977522486644526 26.115672955233855
445 0 0 0.019259193829230137 26.10994275214208
450 0 0 0.01972310544851008 26.118405612706802
455 0 0 0.019383370852092074 26.115253485821178
460 0 0 0.018798482363548308 26.112311579463793
465 0 0 0.019911863819717768 26.11671846008258
470 0 0 0.019787452445222398 26.11126273747841
475 0 0 0.019700320568738716 26.109513850436546
480 0 0 0.021104872018889553 26.117767961715927
485 0 0 0.01902142758528713 26.11399677479168
490 0 0 0.02205597618326194 26.115540933463084
495 0 0 0.019195120516507957 26.115320653529935
500 0 0 0.0207585360096465 26.114024853187942
505 0 0 0.019810281999218304 26.112845042185633
510 0 0 0.018425715215061533 26.11444276317265
515 0 0 0.020761720767757286 26.111066849596714
520 0 0 0.01911092713969631 26.11120214111252
525 0 0 0.020320300588707152 26.111884390307065
530 0 0 0.01929086790327572 26.11528078808751
535 0 0 0.020002306677096238 26.10895125637673
540 0 0 0.017684585967905786 26.111705460982236
545 0 0 0.021237420823812636 26.109804209015042
550 0 0 0.01942931367857703 26.108254925371554
555 0 0 0.020336759111071245 26.110790744010046
560 0 0 0.02200337753353776 26.114037562186244
565 0 0 0.016885900055576997 26.11002473715863
570 0 0 0.018621791229088913 26.104780914595743
575 0 0 0.01836483788694454 26.111128178960463
580 0 0 0.019326855780042562 26.118084040100438
585 0 0 0.01989648192002602 26.10706633073705
590 0 0 0.020547174855594985 26.110650239206837
595 0 0 0.01998688800346171 26.110423195244653
600 0 0 0.01720346203361922 26.110894346686823
605 0 0 0.019358525569689533 26.108472019098645
610 0 0 0.018812938863047135 26.106540078845942
615 0 0 0.016510803901458537 26.105263868091402
620 0 0 0.01981871078712749 26.11220155362174
625 0 0 0.021247441214599316 26.1052091230867
630 0 0 0.018641995148924728 26.113811624306365
635 0 0 0.019984383645774928 26.108202357323236
640 0 0 0.01620232213624284 26.10660340656971
645 0 0 0.016230740880590844 26.1076210972504
650 0 0 0.022051040151327417 26.105025131443746
655 0 0 0.016019301123095575 26.10917663998037
660 0 0 0.020051238135556204 26.106084956360228
665 0 0 0.021150960319845202 26.114160805751276
670 0 0 0.01874196951232765 26.10128302735872
675 0 0 0.019442473401277693 26.104960167163707
680 0 0 0.020918056691203946 26.105864798051556
685 0 0 0.01994752230299901 26.108124734789868
690 0 0 0.021052039110136755 26.110267618380867
695 0 0 0.0176844626913939 26.107401144687568
700 0 0 0.021467916967033762 26.10648003164536
705 0 0 0.02048245835439344 26.11074172034404
710 0 0 0.013307241675288628 26.107549820577038
715 0 0 0.016858003717304504 26.10899242588995
720 0 0 0.018999601037235303 26.103321971349036
725 0 0 0.019286477567614924 26.10033034025793
730 0 0 0.019798630422690477 26.107222510708866
735 0 0 0.020129811993812252 26.10237727244599
740 0 0 0.0193594692533956 26.099893823396137
745 0 0 0.01923298549812702 26.10287456741793
750 0 0 0.017875989867429665 26.102660727158263
755 0 0 0.021194931321755428 26.10353928783198
760 0 0 0.02019547063912963 26.110802834239816
765 0 0 0.009201282106385378 26.110660561620893
770 0 0 0.015317008142769817 26.1006856617881
775 0 0 0.021916844975789607 26.102694651903743
780 0 0 0.016440221462941995 26.104243570488105
785 0 0 0.020579533085903323 26.105530527889073
790 0 0 0.018784951254079196 26.105183810873783
795 0 0 0.01843539949048778 26.106086385639514
800 0 0 0.020459185512903266 26.103575416017872
805 0 0 0.01698107251470482 26.10833813843873
810 0 0 0.014400246552568774 26.097805816408094
815 0 0 0.018665430351189505 26.099267776096298
820 0 0 0.009999541498951325 26.09444019351713
825 0 0 0.016831391928485928 26.09891159970596
830 0 0 0.0167746271268312 26.10023295597084
835 0 0 0.021314582732755882 26.101580827359122
840 0 0 0.021205393991711174 26.100061636847634
845 0 0 0.020123189662131002 26.10367930877458
850 0 0 0.02000252149813453 26.0963649081842
855 0 0 0.01826879053751318 26.094519898179684
860 0 0 0.020812592283025122 26.095637536305116
865 0 0 0.021343556485754256 26.09507438795109
870 0 0 0.020173210120624674 26.10043000611375
875 0 0 0.012554145660063742 26.09606442799597
880 0 0 0.01422890712525371 26.097755578861015
885 0 0 0.010750874754631878 26.0879477858084
890 0 0 0.014133703392824382 26.091520110681664
895 0 0 0.024336830934270193 26.08918378456458
900 0 0 0.013809323825913378 26.089936657172412
905 0 0 0.015022165496922035 26.103950949213008
910 0 0 0.01636827518006001 26.088187311715075
915 0 0 0.017507318844480535 26.08749734684657
920 0 0 0.01322696303341675 26.08847890277808
925 0 0 0.017018626728969366 26.088829714042323
930 0 0 0.01877430121095003 26.088175968393546
935 0 0 0.013997375993555439 26.095650619962722
940 0 0 0.019379174050962122 26.08961352674563
945 0 0 0.013746154351980788 26.08544297865134
950 0 0 0.021362451674071137 26.089991350883626
955 0 0 0.017824726905609767 26.091210439822593
960 0 0 0.021037355329102336 26.086852084930054
965 0 0 0.013702792261038432 26.085642191768358
970 0 0 0.019061929841302838 26.086383017529812
975 0 0 0.011051074075484557 26.085361358631005
980 0 0 0.018335837049817005 26.086476009019947
985 0 0 0.016676184498487956 26.086424288191466
990 0 0 0.01952477312964973 26.08464728088226
995 0 0 0.01278284847300215 26.078364006349794
1000 0 0 0.013506248857532377 26.08103856922362
