0 0.41120231021403836 2.0183412893998662 0.41595874042217473 0
5 0.6772310589664299 0.8409529459709857 0.07082145470177714 4.073849032535444
10 0.88202810488202 0.260883721563812 0.03359048433363987 3.7188619877673195
15 0.9132021325246014 0.18784834598384093 0.0007550551960939789 3.6737676253648766
20 0.916353217548965 0.17953673939844617 0.005859678232306598 3.669115155722444
25 0.9177485388297271 0.17506629869086376 0.002109840776163052 3.6659348568269774
30 0.9148893007616329 0.18356491334309677 0.0005724329307095211 3.6636458078579084
35 0.920420831553463 0.16861584039457655 0.0007150557092736598 3.6627510299068926
40 0.9214879852792677 0.16585241802006134 0.0008992438940436109 3.6614542394836342
45 0.9171516067937894 0.17729598445429495 0.004376567283953747 3.6613665074313566
50 0.9221099205423315 0.16417329781007428 0.0013467394735151572 3.6606852979923565
55 0.9216620565430562 0.16509377837298178 0.005230256164125313 3.6604152517146837
60 0.9213925454331009 0.16575237246334806 0.0013827099978116486 3.660080880417805
65 0.9229741401309317 0.16221980287264737 0.004711608582694593 3.660000356033233
70 0.9208892026650384 0.16711139464622748 0.005015707240843659 3.6599184463216705
75 0.9144981094535045 0.18457463133132057 0.0005413838706369578 3.660068646992374
80 0.9228937626206359 0.16193622003779629 0.001230838921274957 3.6599034955730856
85 0.9212392739163806 0.16637281426363737 0.0033657829620392654 3.6598884637027225
90 0.9234464434411374 0.1607098787759611 0.005340354366268674 3.659855174648929
95 0.9236079377429206 0.16043568020930943 0.0055634011865302035 3.659958069003668
100 0.9220267603820946 0.1643849586644257 0.0016645701589075301 3.6591630335199268
105 0.9184010096902107 0.1752750511938168 0.002176788139086616 3.6595752753313424
110 0.9241983387742179 0.15899957407687992 0.0029610108423077097 3.6593295357895848
115 0.9236262508207493 0.16032499628312413 0.002252951734693198 3.65932304052073
120 0.9243120754811274 0.1590772788415289 0.0004846545247485512 3.6590659229680877
125 0.9242271285180841 0.158950827867673 0.0009585093064665706 3.659112630189952
130 0.9242565144332824 0.15904765086251915 0.002742740752291084 3.6586739318914887
135 0.9241054411962266 0.15980844253209758 0.0013574135020835154 3.6595440194931865
140 0.9223581814772874 0.1634137239579374 0.01041469436059228 3.6591913113410395
145 0.9245314031715492 0.15820933685835703 0.0071883329008790575 3.659712453556048
150 0.9252343907396684 0.15670442691203101 0.0013157602209905583 3.6589788294351315
155 0.9251318505442183 0.1571096396746965 0.0020835022349492416 3.6588794156924944
160 0.9241920340894441 0.15992667014538675 0.00445623633410186 3.65914257328486
165 0.9247667092205265 0.1575590348384308 0.0025074822526671703 3.658856950174023
170 0.9232515521543201 0.16198670282626715 0.007394743171376339 3.659167107404175
175 0.9215646705523606 0.16714602570233072 0.0025870508639045386 3.6583276032956813
180 0.9241042461763356 0.15937727308656768 0.002659037290992705 3.658397683083823
185 0.924472160149789 0.1586181623723273 0.0017183865775314278 3.658662371146354
190 0.9251295649676716 0.15672407941960076 0.0018886829102517932 3.65941364863589
195 0.9215456754361395 0.1659747123736488 0.001109255131129805 3.6583323200790385
200 0.9251672713179148 0.1566336307902052 0.004234550426477579 3.658626986753812
205 0.9255692868393541 0.1559059130068272 0.0019419873175998692 3.6591397230693845
210 0.9250723391319768 0.15676266345105727 0.00015351845029276667 3.6589950453649247
215 0.9252946070741541 0.15633500400511835 0.0002878836111450678 3.6583781966192976
220 0.9224878032352223 0.163436575806438 7.356051330487112e-05 3.658511935234229
225 0.9228662776909131 0.1623687461753356 0.005490162782021413 3.6584441107625945
230 0.9227271352548242 0.16305181333264152 0.006457739055829359 3.658516214043813
235 0.9245616638879938 0.1583980930656832 0.004231613759278385 3.6585983526886445
240 0.9243944577152166 0.15893626304598119 0.0004903903441217938 3.6582328347494832
245 0.9254651505989318 0.15593055686796298 0.0016209492639693845 3.658920864984305
250 0.9372415845567746 0.13736735811754786 0.04099545224565926 3.79721762277525
255 0.9422364723104277 0.13150407112603002 0.03096748718206155 3.7872486767413847
260 0.9428961884306585 0.12994626217236993 0.019605670159469346 3.786326563532397
265 0.9429621716885803 0.12973306503560478 0.0007275112516802462 3.785881233864576
270 0.9383041032526798 0.14359257200886955 0.026297091311616727 3.7851723882103325
275 0.9422389648719586 0.1324916965087084 0.024115707384263274 3.784675271720269
280 0.9442925304222383 0.12689099846781726 0.021645043445786438 3.7834623309212283
285 0.943156410673976 0.13078902973597906 0.01567746408519821 3.781929547912181
290 0.944872724153565 0.12503248419900714 0.0002356749045355766 3.782571743214427
295 0.944213642582034 0.12720960118840807 0.016513119511664343 3.7804535150335465
300 0.943438443408847 0.13105021694962016 0.022224571916706015 3.7794949750447335
305 0.9461466307572735 0.1229288861192619 0.016839835821691018 3.7785362296425906
310 0.9467625629259446 0.12081768879217547 0.024537495984596314 3.7770185665860776
315 0.9469991287833277 0.12056391824704571 0.03569495759765373 3.7764936444284274
320 0.9481652418606906 0.11776616878780732 0.028205972456549322 3.775397971236475
325 0.9478274226862019 0.11917274397162725 0.024103642981722517 3.7727613156122923
330 0.9499402165260551 0.11405485110541314 0.012706760088752711 3.770628353519056
335 0.9513211334207426 0.11082191421164822 0.03221799646103718 3.767956490331329
340 0.951647170992745 0.10987822528306745 0.017788971101105888 3.764727008806935
345 0.9532638080610845 0.10609082018660487 0.02388895690284265 3.760686574739399
350 0.956064866282868 0.09979614633476297 0.03747817709788959 3.756591830784796
355 0.9557328023796805 0.10249584167476744 0.012930805050446859 3.751366412035696
360 0.9605219309154215 0.09124886313552105 0.023994131545416186 3.7458069747587723
365 0.9639202490775671 0.08275534518292726 0.02684679077065888 3.7409489128702678
370 0.9673819888861925 0.07497088574638777 0.007037593658649088 3.734957620339484
375 0.9666653384588764 0.08081822110757653 0.027388197125970404 3.727000096895576
380 0.9722042120963958 0.06524644631913157 0.008221372790018888 3.7216844489135013
385 0.9740626648260371 0.061229904982803784 0.0057206914851895 3.7136184576419202
390 0.9742067190156378 0.06480580586762308 0.01887424547013139 3.7077924223352534
395 0.9814110196410604 0.043553176674721694 0.004547163362536688 3.702791801905763
400 0.9766021781937853 0.06131767810266364 0.007301914499489248 3.6978920183746107
405 0.983697807276906 0.04092964665381871 0.006630990658805791 3.6914266122913175
410 0.9872415759848252 0.029856857650712332 0.010963769700544024 3.6896335739172432
415 0.9875207507118962 0.03141706375029063 0.010722481683643093 3.6883574370835976
420 0.9898782108203007 0.024961347112032684 0.010860304576048252 3.6838962301257343
425 0.9820057645033295 0.05201414339205801 0.0041917558209678685 3.6823898144744844
430 0.9908142006915387 0.021892449781107715 0.0008984464298695816 3.6789707852661557
435 0.9921081448436714 0.018756122044249146 0.005115235579862487 3.677536794836953
440 0.9812925036472595 0.0569139197411781 0.021617221734052228 3.67662676012517
445 0.9920121832393736 0.02071274213469687 0.004214442731866663 3.674694365678158
450 0.9918325512928332 0.022284946989635124 0.009355762245174981 3.672902061416057
455 0.994172253934581 0.014329634427263205 0.007880061599478294 3.6735012459784464
460 0.9915193843902539 0.023939072260252825 0.014632027873521247 3.6722080710783165
465 0.9938294234881754 0.015817256836419435 0.004245244027009987 3.6697467868649585
470 0.9951072385841133 0.012639696340758011 0.002659766695976007 3.669084684369261
475 0.9936687131001884 0.017584390701508745 0.002473898049832224 3.668918591933595
480 0.9948831980813249 0.013965861614119834 0.008791290356383819 3.6674405442231506
485 0.994434604017088 0.015692032215030682 0.003328647442367938 3.667675097715151
490 0.993454409851923 0.019125377466319815 0.002391900240082734 3.667198334700647
495 0.9954033612439062 0.013381674809624933 0.006476730223862415 3.665977215379689
500 0.9962091614148376 0.010106456458571333 0.003419187547118563 3.666194256379338
505 0.9965428264579514 0.008907876099195189 0.0051149692011684955 3.666787061202175
510 0.995893219051553 0.010879574566561523 0.0038256652234329724 3.665857539648514
515 0.9959982384498127 0.011477253588182634 0.001993580157727104 3.66468896593692
520 0.9968026368521024 0.00785834928114637 0.0018466705682087525 3.665084590900229
525 0.9961624650835668 0.010127270239309816 0.006018180282681529 3.6642045456493726
530 0.9972652874473447 0.006884679447091369 0.005224032559352887 3.663669309901327
535 0.9968580844751426 0.008157933099079973 0.002044199631562771 3.6641028453130082
540 0.9962919412879163 0.010896779883388774 0.0008383041072177466 3.6638001336225265
545 0.997265947534397 0.006659979214337586 0.0034582026346337003 3.662977381018606
550 0.9962176090617727 0.011100170220670336 0.0029154862472575704 3.663463319174645
555 0.997605645995653 0.006573538724274908 0.004843054415284653 3.6631310173280682
560 0.9976136797804465 0.005862328558443597 0.002130479635002791 3.662509705788561
565 0.9906163797450771 0.03234022812084092 0.004924473725075762 3.663505582192036
570 0.9972166964063239 0.007724507145560278 0.0021816505188414492 3.6630532973839744
575 0.9958332048471176 0.012196388938694902 0.006888880432187827 3.6626201193387207
580 0.9976020607492695 0.006434351858920273 0.004713742342521199 3.661685211222888
585 0.9956260875929583 0.013736970693988493 0.01109900088199689 3.6619881803555163
590 0.9980056905166554 0.00516662592953443 0.0003748412200486051 3.6619856904833856
595 0.998054630641254 0.004952509275800487 0.0029047798900017074 3.660892983252885
600 0.9895172159885228 0.0380198350060148 0.0014979173753562058 3.6614738723598417
605 0.9982700047229742 0.004689368249675141 0.002141807602173307 3.6610444531551667
610 0.9981934123331264 0.004646823339766293 0.0027561473389350333 3.660893779188584
615 0.9977659988559315 0.0067484150077947724 0.004968828772621947 3.661612264991521
620 0.9978356011468585 0.00606830187967855 0.000621550383852254 3.661389638131319
625 0.9980994652992751 0.005667741089696143 0.00033666151506905884 3.6601682914264297
630 0.9919237835798448 0.02993975325334386 0.0031689985127143494 3.6605128839387224
635 0.9982750958535144 0.004586029117844781 0.0005871974509248368 3.6613022772901127
640 0.9982005915307941 0.004460389333651893 0.0005158018411914878 3.6609205022648723
645 0.9982063777986446 0.005239379543114708 0.0028195112071698336 3.660607618007325
650 0.9971409207138864 0.009237303660124319 0.0010329207744856905 3.660529908953958
655 0.9984457338093813 0.004221430289650829 0.007875664868908894 3.6596297377884657
660 0.9979135919201529 0.006005515673016326 0.0037188871508899712 3.660700814863048
665 0.9961497248402893 0.013240352545802025 0.0007453762930571539 3.660327746762684
670 0.9978512923953198 0.006661511800029274 0.00745755357799438 3.6598746229380517
675 0.9977131457718588 0.006541520992281669 0.0011733550183421482 3.6607950724632885
680 0.9983966044514119 0.004530199005008395 0.0031717050017492365 3.6600813262380996
685 0.9981605817418039 0.005257685857060768 0.0008826801936789863 3.6596326870651708
690 0.9962442942206631 0.012966855272320554 0.009480515993444127 3.6597629704077486
695 0.9964173006684549 0.011853172352132013 0.009948819602622727 3.6596722120480547
700 0.998609480284426 0.0037832812415299344 0.002941664261868704 3.6592091828942093
705 0.9978403900921816 0.006785423958559633 0.0032195454079004815 3.659388661634895
710 0.9985259552255498 0.0037760869099914274 0.004195227016557501 3.658825819868318
715 0.9979741386001768 0.006050132997216018 0.0026656783074838764 3.6590146157214747
720 0.9978101507841504 0.0075671024658054975 0.0012894498173730007 3.6595806915624887
725 0.9986054985083225 0.003476919162867187 0.000761264300559894 3.6594441175854895
730 0.9987629155119244 0.003562235552022841 0.0011917658167894807 3.65872245091856
735 0.9976512271412759 0.007691204969699772 0.0042344153672100315 3.658491251799032
740 0.9986013564157553 0.003992955488312244 0.0033013619770814184 3.659267687816115
745 0.9987478458302812 0.0033164479036531525 0.001262120416281931 3.6589695763337344
750 0.9987147557524453 0.0037097431954795645 0.0035883191665142533 3.6592842869691045
755 0.9978825755970977 0.006399118673197091 0.0014631102146909214 3.6592966805427114
760 0.9932904815576915 0.024561287941025522 0.005106207248005257 3.6590591360802365
765 0.9967961375708656 0.011107646740351917 0.0028445500385541056 3.658309812175408
770 0.997418461094256 0.008346859163513187 0.000604974290633109 3.6584312325451025
775 0.9983097282428576 0.005047872054598557 0.0008970482715315864 3.6587741287798803
780 0.9978825758119414 0.0067534485303304415 0.0031940553621134793 3.6589768853865006
785 0.9986711234151177 0.0035412746265381934 0.0012202964616974121 3.6585314762611922
790 0.9978664845876822 0.007007666846108762 0.002937024871814131 3.6585780988320233
795 0.9987317486416205 0.003463977571477983 0.000755197715448741 3.658955967613582
800 0.9986057770731562 0.0035190460533209844 0.0026061370847074716 3.6578493839853508
805 0.9987898709072818 0.0031767307543431045 0.001401941780820426 3.65854765687884
810 0.9967372447308478 0.011458517474074448 0.0052826983331515365 3.657992840406626
815 0.9986695785558176 0.004175610410440456 0.0006759542981618072 3.658399121314359
820 0.997032616711909 0.01037124458447769 0.003981807194886278 3.6577203643085636
825 0.9988092656454621 0.003115847202387556 0.001965209028947701 3.6582699488836794
830 0.995645549263017 0.015300943773418396 0.00022274108436337592 3.6577938304614652
835 0.9987864982505719 0.003361341131552731 0.0032188599427265263 3.658712766693968
840 0.9988503635832435 0.0030342793698108217 0.005835032756831282 3.6585487413112863
845 0.9975982748006991 0.008260777393107155 0.009332702707024021 3.6574173421066845
850 0.9989519604540114 0.0027398257975379536 0.0037252991082610265 3.6582543549128745
855 0.9989466144479417 0.002805453967378746 0.012812420311202333 3.657632516711839
860 0.9979046182125737 0.006527507430271751 0.005227562065776237 3.657554854237619
865 0.9976903803125712 0.007923174430483737 0.0027729437429664383 3.6573206984818563
870 0.9986198551420644 0.0038531263428609464 0.005834130144523719 3.658043694175681
875 0.9985178803085977 0.004526964062082417 0.00022012916963798368 3.6575668539351733
880 0.9987383096827631 0.003834366829926328 0.003306101199887168 3.657990038850597
885 0.998735618381094 0.0035630829602975034 0.002199199840814625 3.6574503917253973
890 0.9990769925898533 0.00277561715717356 0.0015437824676727274 3.657984589609864
895 0.9988417628240169 0.0033174522785603955 0.00045611017882718485 3.6580124838958827
900 0.9987367740604634 0.0035337131675166056 0.003187826305950159 3.657562034075496
905 0.9987007238339785 0.0038792922600787705 0.0021470281125157697 3.6575827375704058
910 0.9961973444513961 0.014157790684210525 0.006536778448833713 3.657737734000587
915 0.9984608786415936 0.004564477545661028 0.0007426205856366774 3.6570933883522927
920 0.9990331704891365 0.0026449501907284123 0.0006214272318176839 3.6576357097473804
925 0.9983193159526461 0.005605986891702219 0.0007387302784642724 3.657557595627426
930 0.9975821668527834 0.008697883369909842 0.0064631979573019915 3.6572137509425433
935 0.9990921246361724 0.002690514566871194 0.0028402889045706647 3.6574461931474036
940 0.9991041266668409 0.0024145994956206174 0.004908778454288276 3.657811204590087
945 0.9988579101746379 0.003434565474192741 0.005906977477576181 3.6579751784271455
950 0.9989187170504481 0.0033243640987756784 0.0009908460858190082 3.6571318795686785
955 0.9969213231148517 0.01107805086649094 0.0015748052110853283 3.65744755590424
960 0.9983578134134483 0.005756183555194472 0.003077862442928181 3.657203043040775
965 0.9990322668109666 0.0029309428677342098 0.002205550026912917 3.6573314850078673
970 0.9989479975090592 0.003300549745728798 0.005719463207047193 3.657444470715478
975 0.9987043521559467 0.0040591229964439535 0.0013207240996730985 3.6572149768771687
980 0.9990897640905645 0.00282173440029565 0.00085868633068098 3.6575047034968264
985 0.9990300374156245 0.0029255694602148274 0.00499780063429478 3.657109259205069
990 0.99903841951161 0.002904733666436954 0.0008532304969350868 3.6571623090277
995 0.9973199988393437 0.009793505340471409 0.006822491358573934 3.657091262741748
1000 0.9990402444518606 0.003119918242004971 0.0024394320554435023 3.657240019297683
