0 0.49490347796548334 1.5464721031598079 0.36494003872111236 0
5 0.961302440848532 0.09083106100127303 0.026878704135123943 2.7404035673385128
10 0.9901505643378052 0.023380639238705037 0.009727425864089811 2.663082616996119
15 0.9922029308525726 0.020582639697935612 0.007459534757814579 2.652840853776466
20 0.9951264512845365 0.016826695434462025 0.002842223800901156 2.6503658668913563
25 0.99772007827776 0.005866227733918539 0.002634947461270132 2.6484972554666593
30 0.9969347637781052 0.00948922788637363 0.004551552728657038 2.6458949557958813
35 0.9986114873627445 0.004915517300170702 0.004662738807815758 2.6454540200061105
40 0.9957049746607723 0.015371567688782672 0.005603176575259772 2.6434736148510036
45 0.9983853021439808 0.005029465880327155 1.7856883056666106e-06 2.644789522624992
50 0.9983148089109706 0.00531905045981107 0.010949438972859493 2.6445866410962133
55 0.9977351336437519 0.007136008379160064 0.0069607723286224665 2.6433851583475443
60 0.9984837547079621 0.004745249024487919 0.003939229953592305 2.6425345925749184
65 0.9990522507140494 0.00335397348399491 0.004990023213742978 2.6427438361308138
70 0.9987594050013106 0.003815249266887033 0.0010591872197742713 2.642928944301701
75 0.9989133489546984 0.0032062861342940785 4.787773017422836e-05 2.6421740603508646
80 0.9985853165171676 0.004729611872796635 0.0025315476199125886 2.642293569812531
85 0.9993429549791222 0.001622598434984468 0.005288105551497502 2.6423965386986414
90 0.9984734026288589 0.00535295082691567 0.002018578503017787 2.64180543486717
95 0.9991819151223892 0.0022068780165711566 0.0026915991021836394 2.6426139088988183
100 0.9992921745572274 0.0017979861326806734 0.0025079884716268097 2.6419839608810936
105 0.9992136066941627 0.002202513726644817 0.002209457507657442 2.641102338691176
110 0.9994119696377404 0.0015391382605267623 0.002529836259844709 2.6419069969800377
115 0.9971022685044125 0.010201205011462378 0.007810966309983236 2.640911701525912
120 0.9988212913704783 0.004080035651122582 0.0010488255589735651 2.641299914753448
125 0.9991765844319391 0.002732786913824281 0.005983137394207416 2.640657225402889
130 0.9992980792516912 0.0019647544301921727 0.003443182648321219 2.6408140696630222
135 0.9987056363840408 0.00399898740477056 0.001238018149553266 2.6406505713331905
140 0.9992243463199184 0.0025810274493038854 2.0812758313892843e-05 2.6408840003623286
145 0.9991254956881768 0.002527325471160413 0.006761546693113019 2.640773918756972
150 0.9990168137948587 0.0035935969827107783 0.0015600075430357574 2.6404862058230623
155 0.998252330846209 0.006210617351411152 0.002797970343267897 2.6392593957638883
160 0.9993157992032258 0.002324700751920261 0.002750901268793182 2.640207448013877
165 0.9986100681441151 0.004867688603705123 0.003659283636711974 2.640595473283194
170 0.9995450096662218 0.001511440087734961 0.0010580191106237535 2.6398350307098237
175 0.9993323159545521 0.0022193845309987914 0.002203743849665152 2.6398398988446763
180 0.9993083359620598 0.0024893522155005066 0.0014133465098733478 2.6399208332948585
185 0.9993789256315231 0.0019564632604773813 0.001180020377631541 2.639549730251373
190 0.9994401557979926 0.001675554686559888 0.003996291026820531 2.6396712906951394
195 0.9983375661990767 0.006097531728969319 0.00022772209013588451 2.6393300085775997
200 0.9975782289939142 0.009592333373783735 0.002421931688558976 2.6397344793502056
205 0.9991028875587444 0.003291426404716802 0.0015759216898112438 2.639319514583856
210 0.9994755262617809 0.0017730850452677416 0.003853992950827001 2.6396326558903875
215 0.9996134518231056 0.0011415009493749295 0.001735728843283324 2.640071401689044
220 0.9995995891375689 0.0013355964536443388 0.005261665715851516 2.6390440717073513
225 0.9993607811828219 0.002184183207896595 0.0057307003123412414 2.639308923415614
230 0.9994425482144507 0.0020406728033810495 0.000474433342912306 2.6394915023069188
235 0.9980342071491799 0.007979625832796433 0.0007629402099034177 2.638857402496588
240 0.9984778544163209 0.005792692895226992 0.0005935331223316798 2.6390168251387003
245 0.999694168513013 0.0008754502469270342 0.001613246280369074 2.6390272013894345
250 0.99907509864674 0.0032594554483140747 0.002250343248848985 2.6390957259655847
255 0.9987467273399895 0.004577715030813501 0.00022607651081574254 2.6393520741635963
260 0.9977465892677332 0.008904689043587322 0.008100025094962549 2.639443356549427
265 0.9985879968413172 0.005255649802011764 0.008661561676223561 2.6394437244246087
270 0.999696903141494 0.0009629922817713243 0.0006759768810600253 2.639504079792983
275 0.9991585388737492 0.0030529015773010926 0.000763666540772201 2.639271875491591
280 0.9983320449478393 0.0060766092677950745 5.7646680762468705e-05 2.639303253622239
285 0.9997232545276701 0.000899674977525855 0.0011945710463538983 2.639438162657422
290 0.9995615979771845 0.0016229509767358152 0.0013513473780821794 2.639264219506288
295 0.9992525409733248 0.0023508907364209186 0.00032297895832766876 2.63885921266911
300 0.9996375715208837 0.0011917155859983986 0.0002829139403679459 2.6387834065607683
305 0.9997300353498013 0.0008779363758253389 0.0026328585044830266 2.6401185615982894
310 0.9988505620443449 0.004156507969106382 0.004351547020704727 2.6387112123953216
315 0.999139045387964 0.0032402275000005254 0.004397485312065408 2.639115289059464
320 0.9986508811257977 0.004671860664144045 0.00014240178260371827 2.639024170199763
325 0.999249154646802 0.002548379337117712 0.000909492368101894 2.639222845488965
330 0.9994584516865719 0.0018564062651789115 0.0007777511297000217 2.6390242580049743
335 0.9993428768474151 0.0023136904939273784 0.002591770291984652 2.638719867142074
340 0.9991565939945661 0.0031314240819582118 0.0005997238041659525 2.638880582604652
345 0.9996631017318822 0.0011979311186554042 0.0016281800284558834 2.6384532127859264
350 0.9992237872145935 0.0026066324351528003 0.0011076899042079535 2.6386284339901365
355 0.9993076962528489 0.0025284808186394336 0.0009939157053155956 2.6393493055199566
360 0.99972267869655 0.0009082076800854821 0.005521987089949887 2.6389858189493807
365 0.9994105745319872 0.001966892100845996 0.00032209086261558717 2.638533889367405
370 0.9990538440724025 0.0033490006581620158 0.006134112203872055 2.638241030316454
375 0.9994634032827523 0.0019367400337313434 0.0027305648136586314 2.6385053641745975
380 0.9990959625115102 0.003224705234734948 0.0010438229936855503 2.638933947530567
385 0.9991367468149785 0.003049014670517103 0.002125732395542146 2.6388647684229425
390 0.9990506227571605 0.0036417960784991266 8.22327001184231e-05 2.638412421839438
395 0.9996779324587421 0.001017885333730817 0.001174951184020001 2.6390583884321073
400 0.999417717033887 0.0021899356663541703 0.007611516085138215 2.6388066660790446
405 0.9993656995432458 0.0024113692853768853 0.001225525376475689 2.6383486381503873
410 0.9998329190177705 0.0004659762744716467 0.0013782601339940026 2.6383045064475943
415 0.9986942192058887 0.00494157885619062 0.0036904205077099572 2.6384112114155225
420 0.9993021110663274 0.0026228649489472566 0.0010167557680329509 2.638496604379925
425 0.9996247734711117 0.0012672139912472957 0.002144389195206209 2.638810845819097
430 0.9997392843349524 0.0008301844083056231 0.00184538097869269 2.638644493646497
435 0.9991945681013356 0.002920411615273899 0.003982717223414145 2.6385591359824634
440 0.9997264924441602 0.000958935347884271 0.0009743656957397206 2.638387427892308
445 0.9994238732568519 0.0020726875381620324 0.0073284965390523205 2.6384929955026104
450 0.9996264827839618 0.0013657131875053352 0.0008347960818995137 2.6385782092422136
455 0.9997290934930341 0.0008522977477327665 0.0012542998629909707 2.63808453764195
460 0.9997798256676883 0.0007399838038022466 0.00011320912586665344 2.6387103871309954
465 0.9996438541972696 0.0012659867050439644 0.0015020891117567547 2.638633224557525
470 0.9991102514911097 0.003363799226126396 0.002231888462326692 2.638580667356993
475 0.9995271083187043 0.001681358176915726 0.0038797153190683886 2.6382958802315386
480 0.9994049979279322 0.002201052863692876 0.0004403504641994349 2.6387548538363155
485 0.9995139524317802 0.0017710585819741276 0.00023977735680946743 2.638645052742299
490 0.9992825237787111 0.0026895475455286366 0.005953046566189224 2.63824023304011
495 0.9994468377935892 0.0019912191876430008 0.0036741115702694227 2.6381744200406296
500 0.9995784936326726 0.0014170195251099749 0.006092001259384583 2.63836338159627
505 0.9984522585878738 0.0059500410472113074 0.0025689901988332764 2.63822403514845
510 0.9990334034050888 0.0027480732866185242 0.0049287324563620505 2.637937481762789
515 0.9995866677836089 0.0012349944407921143 0.0008225526673379946 2.6384328313414374
520 0.9995634409037312 0.0012370607271674494 0.0003425954407119125 2.638353305535398
525 0.9992815277248108 0.0021329561485150528 0.0002336194073599973 2.63811725801011
530 0.999013781315357 0.0027032649643654594 0.0034119699930232894 2.638215906185148
535 0.9994147316963617 0.0014808915431867575 0.0019876304126011934 2.6383480839248366
540 0.9986925583442728 0.0043289062830971226 0.002112496113849227 2.638119072621755
545 0.9988975893787464 0.0029664389649672884 0.0031956720259760374 2.6383376881451164
550 0.9982750012369868 0.004737553184054999 0.0008254572526185111 2.6380496357997254
555 0.9989846421039983 0.002239642878234971 0.00032043489614874687 2.638302327804418
560 0.9969093965950699 0.007492288951675086 0.004841358681648256 2.638002900478257
565 0.9964114351233158 0.007825731602014052 9.17719663118266e-05 2.6381727506507726
570 0.998819302604567 0.0031836136240559476 0.004024866163246488 2.6383038766299993
575 0.9982346972357076 0.003927586138301464 0.005051536070806106 2.6381685028262947
580 0.9893112055639791 0.022173074711258067 0.0010171908879981206 2.638062898280221
585 0.9982158377230749 0.004533127774755119 0.0012183381176387176 2.638051991416705
590 0.995072859524055 0.010898307612067892 0.004441940028504732 2.6378738890835773
595 0.9784918408091801 0.04641031074874613 0.003075966246627315 2.6379309743998505
600 0.9973414510089915 0.008138464279966673 0.0018869035789592647 2.637904592809329
605 0.9959661015521964 0.010678595459915563 0.0037148963741973073 2.637787144331987
610 0.9892336838966809 0.024080223814650914 0.0019322267837331708 2.6379125446450327
615 0.9957885769433121 0.008999511843235997 0.00015728494969624585 2.637694098617628
620 0.9915216446061784 0.017997091099459794 0.0015661121686250112 2.6380290789013947
625 0.9071322020936075 0.2626530074397686 0.002328726801631431 2.637847886793959
630 0.9072744375400174 0.3183426403632956 0.00012070239683192874 2.63759460831686
635 0.8946007677960888 0.2622494666071855 0.002808079322944579 2.6381106969559114
640 0.9502620865517657 0.10798461729077014 0.0016002346280836743 2.6380196733832024
645 0.9885617640204445 0.023978103288016417 0.005780987621577083 2.6375794192976674
650 0.869990781633 0.3789166431238251 0.00637578941582384 2.637825736947571
655 0.9262285233034202 0.18713344093320794 0.001119264539612086 2.638022346174319
660 0.8847090444452361 0.31564850438508874 0.004484737955338325 2.6380547845862155
665 0.9873139600211702 0.028129298108223733 2.4166636564126875e-05 2.6377236834359223
670 0.9774024442273803 0.050120642310524044 0.004180130891015432 2.637805469362442
675 0.6853009250168514 1.179726906434027 0.0019464149287780064 2.6377751021207763
680 0.828787743385178 0.43218038225747524 0.001648858633241268 2.637693262335795
685 0.8281099628413757 0.46902826640271167 0.001294360685644147 2.6382302498604817
690 0.9842497646727518 0.03370541685597095 0.0019098268059445367 2.6375188907433005
695 0.9361019174174123 0.13848391608229527 0.002781861922360518 2.637943628856592
700 0.9340633926610369 0.14254266449063246 0.0020837802733917332 2.637778407031368
705 0.7157076315819619 1.001617919044457 0.0009717797040484921 2.6378910285447676
710 0.9453676330815453 0.11875113281760497 0.0046969350039642865 2.638058950703082
715 0.7650764547837552 0.8293816666337852 0.002685248709861421 2.6381027445363774
720 0.8432447934506793 0.45821581209482654 0.0004638539490520177 2.637604451733188
725 0.7781285197452303 0.7428767084284553 0.0020863560950246107 2.6379399665480268
730 0.6340813716781193 1.8976973963314552 0.005654858341956892 2.6375900205382834
735 0.906109622562679 0.2178816324521735 0.0026012995377355796 2.6379138838828653
740 0.6390142900420615 1.5265598664040074 0.0018277563874395941 2.6377404859219644
745 0.7130570216074292 1.253939485383567 0.0043689987053452395 2.637597629533995
750 0.7886411747151962 0.6562554491691603 0.001068642407846765 2.637639931255177
755 0.6990599647532122 1.0853159586877474 0.003453828338681353 2.638053481173153
760 0.8299547223202657 0.45433181282341684 0.00010399862193932741 2.6378624129070065
765 0.8914443869429951 0.27379064137920794 0.0022377699941831253 2.6376560291980815
770 0.9287829845778153 0.1569198387747388 0.00022532353679260986 2.63764603286877
775 0.7025081235175753 1.0365476817540462 0.003447974868906245 2.6377401890184173
780 0.8883043613788391 0.28338102978158375 0.005450180822031081 2.637945697079254
785 0.8742367051206221 0.3325669273106615 0.0013051819431331158 2.6379461142004152
790 0.7373029197107681 0.9117743800705571 0.007729729258468376 2.637734250823166
795 0.7133052061949479 0.8912108491050139 0.003716949082997578 2.6378506813000113
800 0.8227544538370536 0.5142736208168288 0.0037704280359751596 2.6378095272815703
805 0.8219851282666364 0.46662023024507926 0.006647363453565536 2.637897963951549
810 0.7829284812950741 0.6711447056835671 0.003704858212603357 2.6376912822425522
815 0.9626516209159484 0.08301646249746275 0.0027857252187153403 2.637626739357003
820 0.6548074485567998 1.4215694144206785 0.0017522135602536792 2.6377202647089444
825 0.6347761156400956 1.8109659895256978 0.001785606277888041 2.637875824406566
830 0.752290416521884 0.8903937933656705 0.0007620130758816401 2.637867455112094
835 0.7964786557722774 0.6118285079809294 0.004404862486884431 2.6379847530404525
840 0.8292150793801482 0.47443173605568223 0.0004235268670034209 2.637784202047137
845 0.825181802448091 0.4890807185721582 0.0028193199555015536 2.6379162749406486
850 0.8413064754817796 0.3941385798766617 0.00010217495747366634 2.6377112604372717
855 0.6742246319993319 1.266834110202439 0.0016866373835338067 2.6376793595833203
860 0.919639291443324 0.19425450011570433 0.0006410690275306941 2.6379604812218447
865 0.9112631667179533 0.20851140814013425 0.0027477510873952227 2.637709779127359
870 0.7300450104537095 0.9588371440021053 0.0004432544455907905 2.637765049956741
875 0.8139939228205133 0.5561986440291973 0.0062642009592985826 2.637748911629856
880 0.9407718937002016 0.13256384692593626 0.0013025620280076033 2.6373339923465693
885 0.7970932207214778 0.624493917433437 0.004664426749727779 2.637853743681232
890 0.9507717510063141 0.11383264149322248 0.00040904321894674744 2.6373366797476603
895 0.715012784657668 1.1501620211179504 0.0011800714488867659 2.637370529531791
900 0.9299111844154024 0.16554183476305573 0.004521065477041786 2.637615049997503
905 0.789890454708566 0.6319070755547305 0.0013949166003215385 2.6379978859692663
910 0.8854128347341405 0.28186398366806253 0.0008561187691080718 2.6375773399312936
915 0.8498984483236323 0.4036741708639102 0.003221822516542572 2.637629456475242
920 0.7569257613404756 0.8186055660935105 0.0004075164166308376 2.637804389756795
925 0.8481456275356377 0.3849581328337157 0.0031178333763464128 2.637561747377404
930 0.7360528454453411 0.9512085085779982 0.0026596834058012497 2.637516004991889
935 0.7940448626290041 0.613346528113297 0.0018773962654947685 2.6374154729389274
940 0.9046264870305616 0.2393258455480347 0.0003387736899382876 2.6375944340867146
945 0.7635168257443796 0.772578728067129 0.00019113148592819762 2.637682718611511
950 0.9076971145638032 0.22583545425176554 0.0038667742903595315 2.637505650692458
955 0.7792783387911499 0.7221322228229279 0.001505251010412989 2.6378058109423277
960 0.8935802692502 0.25835390014373827 0.0018252370630034154 2.6377462338936253
965 0.6644199383540902 1.5641987707320122 0.0027103964963839378 2.637584430537944
970 0.7823264161953201 0.6459227453257483 0.0009041847073694154 2.6371288333989593
975 0.7178833472201254 1.0510243176954233 0.004660090437854869 2.6372133975024137
980 0.8186220315515929 0.542399395610178 0.0013907306988056867 2.637632175720172
985 0.9286528078178146 0.15572891694842328 0.00017270383764000918 2.63743557045925
990 0.7906404646538223 0.6170906367016542 0.0009948699209958445 2.637511711458458
995 0.824660050635792 0.553292025404541 0.007394202572629682 2.637552851462158
1000 0.8097709258248459 0.6321186618267642 0.0014766294051991036 2.6378864972423646
