0 0.715463626656317 0.6699671187316409 0.011679682450000062 0
5 0.711432206667157 0.6812137935974172 3.6148154625159634e-06 0.6932631517423734
10 0.711154175039346 0.6819774570471413 0.00016589218792906202 0.6933048254381761
15 0.7129819343735823 0.676833539303632 0.0010956810975577547 0.6932937215751942
20 0.7088465406676177 0.6884254481666232 0.0020809844306226566 0.6931400937384571
25 0.7110429457067435 0.682226652340685 0.0008050589087240656 0.693270504211434
30 0.7103371787690871 0.6841876361984935 3.0936396710257164e-05 0.6931520855876139
35 0.7098125305585394 0.6856494534035185 0.0004619038601882952 0.6931796700707651
40 0.7092201409348257 0.687301064668234 0.00026807913494786284 0.6933008030206045
45 0.7104732440803121 0.6837627832452813 0.0005188340758377485 0.6931727393925503
50 0.7108929191234863 0.6825713154569635 0.00043395456599149007 0.693186411320734
55 0.7082597157970978 0.6899698945781849 0.0012888867112688107 0.6931678932713491
60 0.7096235098240721 0.6861188291244256 0.0012331449528067973 0.6932508856140605
65 0.7075178889813202 0.6920440405671426 0.0005742232078841392 0.6932776656126118
70 0.708626154663788 0.6889086040590908 0.0010760219937653304 0.6933138669056298
75 0.708557842365364 0.6890939938309604 0.0003606236462174728 0.6932834810277991
80 0.7082781735658304 0.6898767907878736 0.002076806525057595 0.6932503574462103
85 0.7085972635029826 0.6889723380917276 0.0022335205642938227 0.6932421141287479
90 0.7063967516483487 0.6951828157771378 0.00044904894932917827 0.6931685825592783
95 0.7056801515531985 0.6972073845611071 0.0008505246342118689 0.6931546246622592
100 0.9949110709923712 0.010205147386994295 0.020048817599209734 0.8937509598991015
105 0.9993135511208071 0.002225306517451009 0.0005347063784042483 0.6944727198646149
110 0.9992630769408517 0.0027213720518244333 0.00598570030004264 0.694590120476933
115 0.9995041572896441 0.0018059611578540302 0.004079131920389889 0.6942435226964033
120 0.999088313611094 0.003498854213047742 0.004842120041368747 0.6942001645523364
125 0.9978001486531942 0.008548699834867168 0.005720372549921526 0.6946549920007982
130 0.9993215654001046 0.0025134380044442572 0.008573027534410804 0.6943141890460894
135 0.9988142258843002 0.004624948087262881 0.00830835367505367 0.694643900667252
140 0.9998871783573919 0.0003114162976114443 0.002007888442329131 0.6945536105363392
145 0.9998863541166425 0.00030356989295454717 0.0004965526111890828 0.6940773887090492
150 0.9998732297358238 0.0003555543393573002 0.005420127215124082 0.6943021718791962
155 0.9989527422223647 0.003996839858275036 0.0038035852732993813 0.6939494721250041
160 0.999919941560431 0.000189067255675468 0.0016289914284377538 0.694468921645552
165 0.9996846726529696 0.0011459738105173978 0.0010282265406096336 0.6941923459455546
170 0.9999244782402695 0.00016807394665241393 0.0012398855132883524 0.6943158560223699
175 0.9999318743111456 0.00013996277761219034 4.937758781853319e-06 0.694198267189498
180 0.9994998298181057 0.0018917756381081618 0.005383767428883912 0.6941206330463418
185 0.9992694521784418 0.0027554844812028856 0.008929204481044173 0.6943557668755865
190 0.9997032392092222 0.0010753595900778734 0.005346948459813872 0.6943622460404794
195 0.9998265971072633 0.0005774644729739098 0.005306272793184741 0.694310043281178
200 0.9999218082175239 0.00018824726142985249 0.001389311813505767 0.6940631383203248
205 0.9990803389458646 0.003585782408919158 0.003199468717878684 0.6939804361954747
210 0.999938868091738 0.00012662176608402298 0.0001474582450837758 0.6942750763406318
215 0.9997394459335952 0.0009041578040867027 0.010180923421823973 0.6941480026510569
220 0.9997398964406523 0.0009364397811064684 0.0016450689403619823 0.6942751186812411
225 0.9993304045998872 0.0025835680345395184 0.002486923479507741 0.6941707305568983
230 0.999816290863982 0.0006290739794538869 0.005289407286946934 0.6942458030501244
235 0.9997119965950478 0.001016469272605458 3.99711746421616e-05 0.6942051022443487
240 0.9999343002076949 0.0001518410250140878 0.00038893933009309656 0.6941231279901242
245 0.9999377195649479 0.00013392707169401774 9.776538236716537e-05 0.6939277619766372
250 0.9998725968136605 0.0003903398933470248 0.0048306096401316 0.6940344464262003
255 0.9996931083216225 0.0011310259621755137 0.00442129975087302 0.6940090330989486
260 0.9995750824725731 0.0015656238115016041 0.009267556264197285 0.693962114862275
265 0.9993464586423293 0.0025276707086295813 0.007345267255005616 0.6935783868831769
270 0.9996977344551622 0.0011159149343293873 0.0016907937457183442 0.6942842557360952
275 0.9999404504701725 0.00013477712769760508 0.0010927613167555084 0.6937325101403303
280 0.9998512621439086 0.0004801947797695716 0.0001759493585501426 0.6941254494796933
285 0.9999445457459741 0.00011625552292582331 8.926619036708772e-05 0.6941552247168028
290 0.9994029088666037 0.002253027329464752 0.005694262402018091 0.6939850327005562
295 0.9999452189839337 0.00011545239568389043 0.0002680521783533507 0.69378017165531
300 0.9999409567975936 0.0001300939312642857 2.15324440751008e-05 0.6939088526425712
305 0.9994736704667333 0.00197537731442865 0.007875879402843733 0.69386002511087
310 0.9999471365074757 0.00010886518317754224 0.0003894991131845327 0.6942279198308934
315 0.9991925741557349 0.0031509118625039356 0.004639233341405369 0.6941753703140077
320 0.9996384705761522 0.0013592285029813134 0.0007465757203206635 0.6941709348501118
325 0.9999282392130531 0.0001910846192463289 0.0007240916792945473 0.6942038136028167
330 0.9997960108573433 0.0007039677771771835 0.004023687005366705 0.6937913235620313
335 0.9997937574232543 0.0007388580872245143 0.0013716783096133778 0.6937833875798914
340 0.9999438315404041 0.0001261610017297965 0.0013021919337481425 0.6938557867241978
345 0.999837158411258 0.0005455756442014348 0.0007457760048513729 0.6936964999882389
350 0.999676097527733 0.0011833216492314058 0.001068631874373116 0.6937742960117358
355 0.9997337393536472 0.0009834861230135772 5.102386134603343e-05 0.6939715007487731
360 0.9999368109607298 0.00015657652268785682 0.0004884136939835582 0.6938209934880208
365 0.999953174376216 9.49080011352077e-05 4.6564724688336057e-05 0.6937663090586819
370 0.9999490790809531 0.00011127413125955332 0.000327074967849561 0.6939937978314838
375 0.9997215749019726 0.0010338241492544586 0.000951542252040527 0.6938333876004174
380 0.9999548331886737 9.221239346213217e-05 0.0003209972916007331 0.6935923601579976
385 0.9998930764977907 0.0003434983546654058 0.0024629911881884903 0.6935944249460196
390 0.9998895575324741 0.0003579354632915477 0.0002716190678802022 0.6939313788639394
395 0.9999179331426622 0.00024355617035620725 0.0016121059501302826 0.6936874380020808
400 0.999552837826793 0.0017145679955166138 0.009814657127754312 0.6938833376931864
405 0.9998688984526558 0.00042915425389677964 0.0017284034558735506 0.6939810273163435
410 0.9998374590848756 0.0005717494624339903 0.0017443246976573956 0.6939562441822932
415 0.9999237150136026 0.00022436211287657493 0.00014110174901604822 0.6937983865849621
420 0.9998496488933 0.0005248213432986759 0.004626429149668709 0.6939720379637645
425 0.9999241802171914 0.0002228598289997219 0.0014784603991762069 0.693934996340398
430 0.9999175545690304 0.00024743004821270453 0.0012446226110458536 0.6937619591297772
435 0.9997260649583037 0.0009939669079775948 0.0033296202591778234 0.6940341739338496
440 0.9998277386576971 0.000592498802212682 0.0030070544741986893 0.6936976743662284
445 0.9999147686263282 0.0002609499384560454 0.0016900805555133402 0.6938625056142501
450 0.9999399056557072 0.00016066766293110213 0.000830176410364869 0.6939837164521674
455 0.9999434927255768 0.00014893188745501718 0.0014826676718875387 0.6938793125773642
460 0.9997806800695634 0.0007831899633307104 0.005243642058844866 0.6939105355993073
465 0.9998176103016225 0.0006551420337053138 0.00329928480286501 0.693739162568956
470 0.9998233124250482 0.0006124439662785752 0.0011580348318125377 0.6940011431178434
475 0.9998599053339909 0.00048705353492350945 0.00041125523192730995 0.6937944669559966
480 0.9999198834881935 0.00023413254108295423 0.0011682272734931942 0.6938373782440648
485 0.9999267757361131 0.00020889824144765257 0.0005034884221873925 0.6936440038305592
490 0.9998718834194882 0.00042607544147799103 0.004857107380070724 0.6936898130983028
495 0.9999340397989948 0.00018833248042549044 0.0001867751636960291 0.6940252343356869
500 0.9997944169647891 0.0007317076827259017 0.004213055678361055 0.6939258825172873
505 0.9998909055718876 0.0003651750778860263 0.0002914938352562846 0.6938029789773728
510 0.9995413324877815 0.001738210470182855 0.002785252650206349 0.6937337320715237
515 0.9993026435401615 0.002688570353692077 0.015355764484006773 0.6934514065478729
520 0.9999058337439859 0.0003070581833792829 0.0002349714375247114 0.6938686877003903
525 0.9999405548921187 0.0001576137483845219 0.0004148292014645172 0.694014106904645
530 0.9999219955064567 0.00023073991467925659 0.0015186468546115606 0.6938657873402038
535 0.9999334105509055 0.00018700535873061863 0.0007650421871165936 0.6936677639587809
540 0.9999578221979921 9.413168624849977e-05 0.0006014207668731952 0.6939640853929053
545 0.9999338903246846 0.00018495249263206226 0.001251142839351127 0.6938580045528511
550 0.9999603035353901 8.63260245549391e-05 0.0005612889910243668 0.6938091688039002
555 0.9999092466912249 0.00029431160298853953 0.0014906926670226195 0.6939192573648161
560 0.9999509076314467 0.0001248313780712884 0.0013605456905778635 0.6938229418281645
565 0.9998819641891683 0.0004050681460721073 0.0027732634366276487 0.6938471260647299
570 0.9999569206861059 9.899085499076588e-05 0.0005215840815818718 0.6938137447356637
575 0.9999437846373602 0.00015039078282352847 0.002108084327821169 0.6935505260221548
580 0.9999532713038872 0.00011870076470343882 4.800721567965738e-05 0.6937582735568073
585 0.999824946428276 0.0006178567451983197 0.0005330325711385697 0.6938033831614874
590 0.9997704656746265 0.0008551384779890148 0.005559695558765343 0.693760813618794
595 0.9999611257105114 8.30135126506093e-05 0.0008106070579867453 0.6939659135412104
600 0.9999539844125375 0.00011597841596333591 0.0009076438283196486 0.693804125254398
605 0.9998982154826649 0.00033133031819865266 0.0016029054845068114 0.6937987194286296
610 0.9999307580553289 0.00020285599769143126 0.0005093993828007015 0.6938889637042118
615 0.9998979898179172 0.0003318940314087637 0.0020538837826804546 0.6938910078185007
620 0.9999644966203993 7.227774661577868e-05 2.8507113969178377e-05 0.6936782367738467
625 0.99994171100212 0.00016728668271870362 0.0007450907786826777 0.693905623550488
630 0.9999551524329666 0.00011348768338781401 0.0009047032869463623 0.6936136958408015
635 0.9999573351955833 0.00010001502236933746 0.0009069427844883293 0.6937073459676754
640 0.9999650668913254 7.116979505150667e-05 1.2903537927044795e-07 0.6936359543465725
645 0.9998033440797165 0.0007268441189702823 0.004440455322163972 0.6936807758475826
650 0.9999236241397866 0.00024139077539198084 0.0013210669072794001 0.6937886513891216
655 0.9999650957754145 7.239798804636877e-05 4.378314883235479e-05 0.6935445792158182
660 0.9999419926082436 0.00016837572006767054 0.00038824501052237004 0.6935847211036018
665 0.9995688173116519 0.0016704633149520198 0.0006595372860206394 0.6938747178859116
670 0.9992904113708614 0.0027503333100091787 0.004638903659614724 0.6937044898880044
675 0.9999534815419018 0.00011739696465395966 0.0001460958799066603 0.6936079194448496
680 0.9999304490007508 0.00021635166775979542 0.0012429709372606679 0.6938571110663583
685 0.9999551037347769 0.00011714498952364316 0.00015218003078443232 0.6936308768326752
690 0.999965037571765 7.681663288838791e-05 0.00029661182684104226 0.693804054450453
695 0.9995502096572527 0.001748098817632382 0.014614054371704155 0.6935812294275263
700 0.999967601593997 6.728466232286401e-05 0.0001316106334381395 0.6934892433308589
705 0.9998668392544489 0.0004630264409715146 0.0015095254214554377 0.6936980165619596
710 0.9998407001844364 0.0005815569910745388 0.0007709541729397085 0.693682368589577
715 0.9999296874598674 0.00022290615862774477 0.0005221897354106275 0.693680098826439
720 0.9999172219645412 0.000274471068719806 0.00021535195275101948 0.69372607563165
725 0.9999687695713133 6.425817677124801e-05 5.866975653523454e-05 0.6935672859633958
730 0.9997272523149685 0.0010378994616087045 0.005416172202396208 0.6937169066769492
735 0.9999658533167275 7.67166599233704e-05 0.00022879789694063568 0.6937349812131349
740 0.9999544890455321 0.00012395795612230032 0.0008374168847402608 0.6936014018000158
745 0.9998528116097944 0.0005205156138534672 0.00044980867263944013 0.6937100181629167
750 0.9995638916793548 0.0016681805545756268 0.002922986342957845 0.6937294680413868
755 0.9999005932035195 0.00032962076559739373 0.00025913536763799705 0.6937428084496946
760 0.9997442967240437 0.0009509097625659546 0.0024738242101806085 0.6934886994634614
765 0.9999076029721343 0.0003133149849514627 0.001157178816773241 0.6937374953186157
770 0.9999456836268363 0.00015557622246342717 0.0004494409671920163 0.6934037234738526
775 0.9999576830584884 0.00010787483096463824 0.000894123162739513 0.6937497893575925
780 0.9994293667679905 0.00223722738661003 0.005756127097080399 0.6936141274799393
785 0.9999654017702756 7.910326227666964e-05 0.00021819442788428844 0.6938782287169036
790 0.9999691197766026 6.656172765118207e-05 7.124993564477933e-06 0.693559680239813
795 0.9999033018713774 0.00032303385053777944 0.0024628909765095353 0.69352087909013
800 0.9999480766995322 0.00014782055494277913 0.000699005769141503 0.6936878617354907
805 0.9997970338776101 0.0007619203482656101 0.0022166407967851853 0.6933669906163253
810 0.9999499422855225 0.00014505375362006134 0.0022924390650816973 0.6936078093914548
815 0.9998349125514485 0.0006088962029933143 0.0007778491305151514 0.693717110689901
820 0.9998475414463273 0.0005441818407602161 0.00014114109758478488 0.6935701265589584
825 0.9999135049853844 0.0002843760448967281 0.0018788376138563212 0.6938036340823911
830 0.9998868325390252 0.0004022608215279444 0.005466627545627878 0.6936090418290847
835 0.9999626500274409 9.587863277149555e-05 0.0006745889706424313 0.6935422863736682
840 0.9998544944427197 0.0005320108675311852 0.001998275788836268 0.6936777569069372
845 0.9999715023440019 5.941498580397386e-05 0.00047580911753997146 0.6936046236540899
850 0.9995715410244453 0.0016437238348666616 0.0060579768698010295 0.6936820084253609
855 0.9999668896180818 7.851061608543652e-05 0.0005539929396440879 0.6935235904489564
860 0.999714844898494 0.0010740257383048402 0.00886091483552709 0.6936204484773717
865 0.9999485657115901 0.0001540522793554988 9.988882635902918e-05 0.6937540549182033
870 0.9999467954649306 0.00015487533420643906 0.0011940257372176077 0.693842241453726
875 0.9999413171150147 0.00018348106719523471 0.0014185246108342486 0.6937221030097566
880 0.9999282816989794 0.00022859582390399869 0.005328851830279757 0.6935492593417759
885 0.9999548071806743 0.00012921583168168382 0.0010561841554863616 0.6936737678118219
890 0.9995058422930541 0.001907808336530259 0.009078173143708068 0.6934549738233968
895 0.9999145753708933 0.0002939233695182786 0.0028471407046515296 0.6935512559850798
900 0.9998263148748952 0.0006336601852025003 0.0005701243993951888 0.6937593667575791
905 0.9999728302707225 5.5603073681353976e-05 2.5271840766727394e-05 0.6936659938310095
910 0.9999728961205776 5.5499275459669484e-05 9.098618332314956e-06 0.6936282461476349
915 0.9999119843296912 0.000293844512380792 0.0006306582767677815 0.6936161774461443
920 0.9998449585416203 0.0005730855585632799 0.0007709762491822092 0.6936741125179983
925 0.9999467982235986 0.00016369546046812733 0.0010858222340082158 0.6934632823091327
930 0.9999737191491618 5.390793558501805e-05 5.229633011627488e-05 0.6937000552358833
935 0.9999635180245594 9.603087895615481e-05 0.0005169952475183592 0.6937797380684629
940 0.9998667180079697 0.0004876498362853532 0.0019329492172960316 0.6935583280789855
945 0.9999734757519565 5.5478881033743654e-05 0.00022072779752613236 0.693562448601407
950 0.9999666233878614 8.064314019717855e-05 0.0011634947259338002 0.693757386481292
955 0.9998302649058972 0.0006342005642618886 0.001957776368641584 0.6935880919144053
960 0.9999526277934867 0.00013606793303888587 0.0013464354491674602 0.6937931355373823
965 0.9999336269831616 0.00021193104330530232 0.0009035923039590887 0.6937031230801993
970 0.9998777707571336 0.0004435571951604267 0.004334728719636249 0.6936645980413563
975 0.9999725804595795 5.952459840274926e-05 0.0001554216095653871 0.6936467077795507
980 0.9994970895046876 0.0019728904676976633 0.004419787878897186 0.6935793570540305
985 0.9999336813286418 0.0002190948554655625 0.0024144655392148717 0.6936517506522358
990 0.9999751187006287 5.1372137015448516e-05 0.00012257682223393296 0.6935854702401343
995 0.9999484920934976 0.00016016641408045373 0.00011182323234448788 0.6936759503146702
1000 0.9999749451598989 5.134862305722354e-05 2.6491033711106837e-06 0.6935281608852948
