0 0 0 0.24982058565196585 0
5 0 0 0.01757233107116507 21.249616823108525
10 0 0 0.020012879036620967 21.151632631885235
15 0 0 0.019787016862532703 21.167199320016493
20 0 0 0.017969099214618645 21.115601316295525
25 0 0 0.01862093543291543 21.07538375959528
30 0 0 0.01924507849766477 21.08906698359937
35 0 0 0.020342300522805168 21.0273343971319
40 0 0 0.02041771753630539 20.968276225040455
45 0 0 0.021148843800000483 20.925725030315178
50 0 0 0.018525977793325543 20.913828614468606
55 0 0 0.019354985964501026 20.891897727299224
60 0 0 0.016709552720794774 20.88731440092226
65 0 0 0.022145953347751934 20.869991516411172
70 0 0 0.02544303549536453 20.88165763001523
75 0 0 0.019398512801776402 20.83940694470443
80 0 0 0.02348721923548136 20.846533403340676
85 0 0 0.018954492826699587 20.831754147681995
90 0 0 0.024455598249049304 20.814539556227363
95 0 0 0.022976903203587362 20.81922216720891
100 0 0 0.025329049420629524 20.82544946772084
105 0 0 0.021054255539194155 20.800419358987455
110 0 0 0.018969525833681722 20.811876915615407
115 0 0 0.0207990660959263 20.796400968019363
120 0 0 0.026181100153675585 20.786154042043663
125 0 0 0.02559035671045673 20.76370185911504
130 0 0 0.026213472982922426 20.770673990832623
135 0 0 0.023818569392370037 20.77441461595761
140 0 0 0.025108230955900757 20.769129010734027
145 0 0 0.02450337482742526 20.763730747291653
150 0 0 0.022320387390619256 20.77631504571929
155 0 0 0.025344031145067447 20.76688605132326
160 0 0 0.023310026398806194 20.759260613733403
165 0 0 0.025381931150911363 20.757364494294293
170 0 0 0.02594240681192561 20.76529727800931
175 0 0 0.02504707591883104 20.75756994814461
180 0 0 0.025532658888875126 20.76305291724724
185 0 0 0.028014500882040494 20.752592291593437
190 0 0 0.02526435669762983 20.74622811063608
195 0 0 0.025763704578113167 20.753923119397946
200 0 0 0.02179687819365994 20.74495888622875
205 0 0 0.02367633934342206 20.74796879856066
210 0 0 0.02335725150142709 20.746087752328386
215 0 0 0.024999640610784413 20.742162914113173
220 0 0 0.02583267126457267 20.741356315087746
225 0 0 0.026321171631824125 20.740245428169747
230 0 0 0.023210249990251786 20.7390220179756
235 0 0 0.025634482365265665 20.73859005435977
240 0 0 0.023454405572484793 20.739163908157437
245 0 0 0.02554219176925554 20.745399615097213
