0 0.5118185301759763 1.4593611876809596 0.31416110730756996 0
5 0.7222650099993815 0.7278929474335647 0.12258938669815844 3.3935767219167796
10 0.9294195306042738 0.15651390129357212 0.04002853961768893 2.819855904996483
15 0.945256965231773 0.12741931871455536 0.02526617215870619 2.7658459419316532
20 0.9489219936472093 0.1201747349307487 0.013116250411185915 2.758869099786719
25 0.9502872345512046 0.11705598986774879 0.028946011636907354 2.7549193417069984
30 0.95140494571814 0.11374023744871176 0.022858800786476285 2.751977924434511
35 0.9521716082628386 0.1117698729722223 0.026549493161873938 2.749887400775057
40 0.9528437924456601 0.11028398742523482 0.038361808803504927 2.7482825691326074
45 0.9533663993719448 0.10869640582319162 0.0355919078056075 2.7467109077626577
50 0.9575917115685344 0.12392688355567127 0.0028853838350151317 2.728622551497631
55 0.9575930504806509 0.14687651469820429 0.009000823394708313 2.697476361682606
60 0.9570087996468459 0.15212700478917007 0.02150746607231313 2.6957652993897896
65 0.9582421690834921 0.14651620370247942 0.000379924389670494 2.695149430421944
70 0.9581540920704107 0.14890088358832587 0.016531725905462702 2.694636224444111
75 0.9566463171679447 0.1531370453649945 0.006341548778514783 2.694525354254899
80 0.958358536221704 0.1481433905077889 0.018976388191742855 2.6944249055249845
85 0.9582267077332189 0.14899456503532083 0.012938633683888368 2.6936912660111556
90 0.9569876355412423 0.15422924935788007 0.011887648095506131 2.6935748138232345
95 0.9573912048667457 0.15178053048940177 0.014605941515267284 2.693309280469313
100 0.9564266801004437 0.15273847106027594 0.010749777094434032 2.693242293251529
105 0.9583536343995676 0.14871159927898558 0.011451220576176757 2.6922813037194224
110 0.9584743162998524 0.14741085996212488 0.009456657253066547 2.6921220485236925
115 0.9589364786421108 0.14582755184681018 0.008350007172955864 2.6920895500603996
120 0.9585875294683992 0.1465983865827214 0.01304309121119096 2.6918912213041772
125 0.9591093291670265 0.14502576808157341 0.00853110344558039 2.691953267296898
130 0.9591831522395498 0.14499400507471538 0.018781166017070028 2.691375338729668
135 0.9593651256658713 0.1440856812385487 0.01202142258548311 2.6913421899144456
140 0.9577622558461458 0.15164504423718794 0.018388615338830627 2.690962920184909
145 0.958816171978251 0.14661419839770717 0.015929874577351955 2.6904744133761174
150 0.9572120294953035 0.15214773662958025 0.0070205461228336485 2.69070167755228
155 0.9597136851290157 0.1432359329635262 0.012178849882465759 2.690652295702129
160 0.9581464246896652 0.14876199390257439 0.00292824108934453 2.689859037268148
165 0.9593429646507283 0.14392872157220538 0.010957069444378353 2.690340609138056
170 0.9588994093453628 0.1452567868638006 0.00959232205611582 2.6896151360689684
175 0.9590265882893736 0.14741154482606156 0.004164574645855845 2.689306276128781
180 0.9596546021499918 0.14377638085430133 0.009568261329505168 2.6900084730577767
185 0.959853171129324 0.14213355947565498 0.005414931451175997 2.6892476301204833
190 0.9598871675293041 0.14315479698648748 0.002997148266322025 2.6890410313353534
195 0.9604723501114334 0.14138054913703302 0.008651371910577188 2.688693443175063
200 0.9604035891241768 0.14133954575606467 0.015200801943433762 2.688379427913475
205 0.9608001041068804 0.13928018703733747 0.01466091617371501 2.6876384164180447
210 0.961195564281733 0.13878943816899802 0.014340983376134542 2.6883419082406363
215 0.9614616268296023 0.13736018241413017 0.012311527604700112 2.6878022170774574
220 0.9597620197789112 0.14280314701993735 0.012189451440722587 2.6874702209542067
225 0.9577666078811504 0.15151777827243373 0.017632685587644525 2.6862955651795453
230 0.9619502856298174 0.13677908503331526 0.012791618039363906 2.6866338769384823
235 0.9613394948786507 0.1374045169182403 0.013609905817870027 2.686103167164955
240 0.9619585413105802 0.13705877090820184 0.003136468998714781 2.684988438502951
245 0.9608197850323408 0.1398871359268119 0.01164781043072316 2.685024277020016
250 0.9630263126552652 0.13312986945759153 0.011148178045196966 2.684005470214261
255 0.9624103909615394 0.13477526900753345 0.010709074014880082 2.683806480661683
260 0.9598051361792803 0.1441529426269912 0.01779569146992932 2.6829456213205276
265 0.9642510573551757 0.12956938833437048 0.008810763371236208 2.6823056388538915
270 0.9632844698483651 0.13320392248822932 0.011971364769474802 2.6809556463998643
275 0.9653239488894926 0.12631505631412132 0.011087482724731146 2.680359211031958
280 0.9623125984619316 0.13542922885846354 0.016665558623668142 2.6795742158870177
285 0.9659862296208894 0.12453119243636745 0.003778474539861465 2.6777937998051597
290 0.9673717256105026 0.11942384928221328 0.006690635910343579 2.6774663169709556
295 0.9678548203476104 0.11880886017289338 0.003196656987948243 2.6756599587151273
300 0.9687592339929272 0.1165502761426902 0.010505858274490798 2.6739422205379744
305 0.9697505603489226 0.11181902058135451 0.011410652276476085 2.6726202110458
310 0.9701696650736513 0.11106967025945647 0.014630091236018217 2.670063037422706
315 0.9707308899390259 0.11163571394795202 0.0006918835888909403 2.66938003150989
320 0.9725453661682832 0.10484181036641083 0.0033659632984621712 2.667186406909357
325 0.973131521199325 0.10248284247337036 0.0013807452217333704 2.6655505193510014
330 0.9744205140591857 0.0994935403150059 0.002758116358567042 2.662841028591686
335 0.9752843552398265 0.09597043082777468 0.002993786444749569 2.6619491140722813
340 0.9734448019045752 0.10329228044708039 0.0038978668431848273 2.659714702227522
345 0.9767272227792154 0.09177388796392671 0.0041190544957054875 2.657945710346918
350 0.9764023592746627 0.09395001114955726 0.0024967991743765072 2.656824173647317
355 0.977788839682276 0.0907901440913097 0.010297926519962752 2.6563036001575706
360 0.9730859226165569 0.10632192682333486 0.008105903001846881 2.653677549658137
365 0.9790884262355694 0.0850267484934144 0.004212517889355505 2.652799006257108
370 0.9794168005848936 0.08572328660979078 0.006508018909163749 2.6522972344964186
375 0.9784906211064339 0.08852630149408025 0.0024679323579441803 2.6512027218096987
380 0.980391078392193 0.08208910963091842 0.007800043114253308 2.6505371561857385
385 0.9793048459665279 0.0856328916954947 0.005595482101276028 2.6481275715660444
390 0.9811055178000605 0.08077060326621188 0.004720968690836269 2.648354165539615
395 0.9782425511165584 0.09082956944976184 0.008975413961063827 2.647704188685758
400 0.9810226628574465 0.0808952123216824 0.007720197582621546 2.6466396961150047
405 0.9815557360469935 0.08059839105377398 0.0009234864738518755 2.645397220661755
410 0.9806344876994586 0.08555762336870787 0.004599943694510111 2.6449348344790122
415 0.9822229331189041 0.0774840000488548 0.0036113650927280805 2.645642983738048
420 0.9801831478250562 0.08664215531512287 0.0026014603929549462 2.644113909380161
425 0.9822185051843049 0.0793015626051452 0.0025858065424599896 2.643842871856391
430 0.9810593841696471 0.08400332476426309 0.010857758855091326 2.6436656278308255
435 0.9819003679550281 0.07904865177466114 0.0024165739895478655 2.6435309442326065
440 0.98314224120589 0.07464815732531171 0.004727885183957836 2.6436500981992173
445 0.9826837085203408 0.07702890441480648 0.0024818864952937947 2.643376636020583
450 0.9827648238983137 0.07740652884497567 0.0027220600497595004 2.6431258206421155
455 0.9829976652817292 0.07669101121070998 0.0031280950657304185 2.6428419858582823
460 0.982769199019651 0.07826254598403581 0.0010496846219127942 2.6422372935180407
465 0.9818999107307294 0.08027350089566987 0.001876072582554622 2.642014507023571
470 0.9825125463910582 0.07837918286998846 0.0010964926173364642 2.6416449793744827
475 0.9823146019371753 0.07881162645532713 0.002849873379101142 2.6424987373560698
480 0.9834103898394457 0.07518780675967474 6.588982661281939e-05 2.641938010515875
485 0.9831386684635783 0.07691683156062856 0.00165041487748252 2.642475247197542
490 0.9835038348194824 0.07502434386810064 0.0011609897799222946 2.641573105559472
495 0.9834929589367003 0.07493030287291669 0.0007376519788329094 2.641438082997846
500 0.9835239056687092 0.0748368026199504 0.0023367946916525995 2.6415763588169234
505 0.9821176220334726 0.08207552914536542 0.002179287002864294 2.640777688620458
510 0.983339246494456 0.0758431525643588 0.0007110259976299549 2.6417253492054
515 0.9822818996003718 0.07979850131889643 0.0051080125602689375 2.64215162281196
520 0.9830269215874696 0.07796563950255742 0.006925236048200167 2.6413980836592015
525 0.9838908885368698 0.07307629928970316 0.0021873543355497294 2.6423269005646457
530 0.9839035394699485 0.07360295865436584 0.0014047606465428242 2.64148665524589
535 0.983429101396887 0.07630702430459779 0.005415648494539793 2.641164328234258
540 0.9831507291879096 0.07802946913612363 0.0007776757548088042 2.6411981817370442
545 0.9822144888512845 0.08109205560651 0.0037304843069512206 2.6409571409920916
550 0.9840691498518922 0.0729945177857867 0.0006666889888651273 2.64085993931884
555 0.9837335434269504 0.07495836748318041 0.0009176081660242641 2.6413451869500566
560 0.9835024535931342 0.07482341951400073 0.002537521180397073 2.6408265388827656
565 0.9827593664389883 0.07922599323967505 0.0014522636712452908 2.6405735962108077
570 0.9836443239308617 0.0747320182145712 0.005003503777808893 2.64061679363215
575 0.983211762673462 0.0778704149215863 0.004142009451257644 2.640789467035227
580 0.9834498496651158 0.07541718522835827 0.002094449886686389 2.6406559507912375
585 0.983590013670391 0.07530662318801307 0.0011790358117158561 2.6407869476627046
590 0.9833854643935371 0.0772270611746273 0.0005736664562716598 2.64087559638424
595 0.9834568542422385 0.07676151162643885 0.0012003282533885606 2.64020484437099
600 0.9825026866375216 0.07914303589093086 0.0014900251657530283 2.640923462912261
605 0.9836602757081532 0.07544590733391088 0.0001857514254812731 2.640334210222198
610 0.9832977324988901 0.07744365173167145 0.0025994495360117664 2.640489622119913
615 0.9832358776081382 0.07671278555334027 0.0014023767828850175 2.640232772660188
620 0.9840177238987506 0.07391780948916393 0.0008372075939566681 2.640553241164901
625 0.9840723170811074 0.07345464880319197 0.0004952248430123429 2.640796723084258
630 0.9840845820145848 0.07324034893965692 0.0013639757209831238 2.640165206782054
635 0.9840015415185592 0.07417104320174328 0.0006587854533288695 2.640182039308599
640 0.9830634510141089 0.0785525825450315 0.0030641606818513356 2.6399982441261547
645 0.9838453235634008 0.07511846225216257 0.0023963519726508675 2.639740619611885
650 0.9839843021018084 0.07427670147045884 0.00023685211743829093 2.639799638932364
655 0.9840947619210609 0.07339380790596417 0.003333955078401063 2.6396032487217536
660 0.9837752250730225 0.07539057523422255 0.0007620962117289576 2.6394837774061095
665 0.9838848313983874 0.07384432333899715 0.00027090319173184163 2.640445796046883
670 0.983845390008949 0.07445904040631524 0.003127997419590356 2.639599769143989
675 0.9842115878117323 0.07329452145094484 0.0012143058510456495 2.6401902035635123
680 0.9829950589483327 0.07747146973064867 0.004432424775812516 2.6394465165290852
685 0.9832229485117914 0.07807542537353784 0.0028946207368918397 2.6395655890449814
690 0.9838902063679374 0.07442874278331013 3.498376337396358e-05 2.6397526959387854
695 0.983503755455932 0.0772058007590144 0.0015532667519917442 2.6395166072212164
700 0.9825595771616531 0.07975287247874574 0.0005389991726372223 2.639990416916678
705 0.9835102678112944 0.07668706024868976 0.004770356372963969 2.640288910418298
710 0.9845033226987464 0.07165548102056363 0.00019274450663053777 2.6397287548383095
715 0.9833003456958472 0.07646916877288756 0.006130734986211417 2.6398586011414387
720 0.98386901543766 0.07523770632284998 0.001255741867340232 2.6399655314675723
725 0.9842269460690496 0.07296770810205633 0.0012476539958845567 2.639340625762813
730 0.9837644943627354 0.07587052802542216 0.0011118891039840761 2.639231162206885
735 0.9834518221857769 0.07676127809768785 0.002526687449573739 2.639212933539746
740 0.9845212866251345 0.07145234835733172 0.0036551204892258937 2.6396391190293205
745 0.9824235856000582 0.08064298464682196 0.0008844803694960657 2.63933569091272
750 0.9838177917894634 0.07540474007137954 0.000491862171005053 2.639414690773594
755 0.9825548056474721 0.08008676126218317 0.0011784077557068784 2.639490338961809
760 0.9828471652828091 0.07907550406604491 0.0005769415347542939 2.6396798988755865
765 0.9833345781837686 0.0773537287439292 0.000651829564995765 2.639361710050994
770 0.9845580561903986 0.0714999959008571 0.0015906591660430625 2.6396804659483166
775 0.9846109050215919 0.07119167069352583 0.0016760578415944138 2.639749592281088
780 0.9843912458457968 0.0721597553709481 0.0010374697707586922 2.6396527141881223
785 0.9833497033571981 0.0774641013553432 0.0024381001911162326 2.638848855851449
790 0.983839743932674 0.07574216462809291 0.0006008471844853869 2.6395846497298048
795 0.9843534941543352 0.0728378090991213 0.0009851184119178402 2.639998972728999
800 0.9829680596178555 0.07843502488716281 0.0027626567567573534 2.639851171209904
805 0.9841581618031338 0.07371738479335255 0.0016208496807212924 2.6392199889973256
810 0.982946259124796 0.07971798942055308 0.001214287936709857 2.6394447394750835
815 0.9844515890794803 0.0723462421214296 0.0031575589070331755 2.639126070267771
820 0.9842831222837045 0.07300840615579984 0.0052697677183408675 2.639097364575108
825 0.9836559164298033 0.07639482445452561 0.002223732372632403 2.6390292970507114
830 0.9835712296432229 0.07702434596017937 0.0026087211416789824 2.639334795911833
835 0.983488971635333 0.07733508980573411 0.0039010514139452557 2.6389143808233273
840 0.984357999430747 0.07264992632709255 0.001372297557894031 2.6397260469056896
845 0.9848279335252965 0.07033969730922607 0.00017483814262542197 2.638809361182005
850 0.9844722872192224 0.0723716972407975 0.0008516896928947304 2.639322838184754
855 0.983424661409037 0.07680799801155214 0.005412296165716368 2.6391390696651236
860 0.983970614883512 0.07402216631426173 0.0011805078524300683 2.6388175751316534
865 0.9845905032610263 0.07160312271575098 0.004570682358780331 2.6394210093473367
870 0.9842765694156655 0.0724197764915564 0.005428453411880918 2.639044091939717
875 0.9839228784619785 0.07431406318794087 0.0048933985910528666 2.639268633717123
880 0.9827077373428466 0.0795239877363243 0.001035454866780361 2.638973022575327
885 0.9845206400092967 0.07223857417768098 3.334923773068432e-05 2.639525768819792
890 0.9846310327994638 0.07154136204526917 0.0018492268414431745 2.638896080001315
895 0.9841561897732882 0.0738365147281077 0.0013719774433404996 2.639248478855049
900 0.9839642140284199 0.07524729187660562 0.0011946057266560839 2.6388236418950854
905 0.9838347890487351 0.07522303767710481 0.0014570527891939467 2.638701403609635
910 0.9843358366632342 0.07245064852892558 0.004009345379938134 2.6388471694728652
915 0.9842599160303807 0.07282440355674114 0.0007538228371066769 2.6386921732405195
920 0.9844907835809953 0.07246659523021748 0.0015504297057937766 2.6390554863735503
925 0.9843124417372222 0.07349802136272654 0.0005679649559180433 2.6389214803523062
930 0.9841017893068753 0.07444463895665532 0.0027869672170943716 2.638821989753974
935 0.9834117540989786 0.0777759491810488 0.000725280161221642 2.638872784825841
940 0.9843102987884359 0.07350583541192357 0.00016093635821401442 2.639602418254646
945 0.9841295950486368 0.07446496518431234 0.0009710442381862805 2.639129817600738
950 0.9846110523571283 0.07177607067235092 0.0066776545607161175 2.638886467094541
955 0.9842538571385906 0.07344534530796754 0.0006605776645207673 2.6390826066163435
960 0.98216123577792 0.08187556917609218 0.00817280734469672 2.638940688009216
965 0.9841491820738222 0.07419740094261851 0.005455933921310718 2.6391557448805103
970 0.9842651493807449 0.07384910945589107 0.0005118903147198761 2.638720367391067
975 0.9843695248344223 0.07324886799967345 0.000809159021775363 2.639043981480068
980 0.9843009387073016 0.07316698067288696 0.00463918134535235 2.638845239569051
985 0.9841950122131448 0.07377024213655137 0.0012819772846013322 2.6388603862565008
990 0.9840323948818266 0.07495100281763589 0.0010580352675269022 2.6388859673630662
995 0.98418238717325 0.07400068688028494 0.0027165433367466463 2.638628882599043
1000 0.9845056738964049 0.0722548874039779 0.001467336936102237 2.6381001951988474
