0 0.4803182554278569 1.6235788361806303 0.3513134458967415 0
5 0.7514833400646821 0.6295712605936896 0.09333819698947443 3.30796509582281
10 0.9375418834490326 0.14120763562613936 0.03779199250312737 2.785326014322878
15 0.9469594586576608 0.12474683427170108 0.0416875743953955 2.7638607945673765
20 0.9491918123738081 0.11934979768227905 0.033241087473931286 2.7576844659680053
25 0.9508607331848005 0.11514087362249414 0.028705340996420192 2.7535126248964743
30 0.9517280697821988 0.11284402420034034 0.04477041723543196 2.7511862038271033
35 0.9518189008921579 0.11278803888086619 0.027719143858132567 2.7491523242994447
40 0.9524678570469398 0.11134405080060272 0.01688483339980884 2.747317215763088
45 0.9531276184757005 0.10963540959974294 0.03388550392771994 2.746382710467987
50 0.9578172648109942 0.12444319428882578 0.0029946898770263353 2.726943576976887
55 0.9580099944146893 0.14674460752413143 0.011340846141858929 2.6967220663897593
60 0.9580244496842143 0.14832403744973366 0.016117479117681244 2.69472866408531
65 0.9583522164453023 0.14725761293868134 0.008183471626284744 2.6941446859090634
70 0.9582699646492785 0.1472633412721822 0.008144021820116087 2.6938773791463677
75 0.9580719313602963 0.14832568715655503 0.007000138618330709 2.693540658481681
80 0.9580413074237945 0.14810552878664707 0.01587235673996279 2.6936868684204205
85 0.9586318229975794 0.14652122157438097 0.013918797079938372 2.6928268736375087
90 0.9586666628291667 0.14638843462410733 0.00903451097352126 2.6931360973011778
95 0.9586201202987619 0.1464586518216242 0.012565877021686989 2.6921452718235095
100 0.9588143362521322 0.14621256028960117 0.013368076089368408 2.692402499274488
105 0.9584945503857072 0.14764771430033719 0.020001620345173388 2.6925147868683608
110 0.958481480598717 0.14698640328339563 0.011624353088935946 2.6925618382659082
115 0.9589053920138254 0.14523895022919087 0.018293242919351194 2.691807542179538
120 0.95922734462467 0.1440665115328459 0.01303696238367924 2.691342814636672
125 0.9592454399679846 0.1444826692101544 0.01410876694893215 2.6913131918393565
130 0.9593439500723513 0.14442098627170719 0.013383557602041796 2.6915850200457094
135 0.9594473649424815 0.14384412675957137 0.010412217937486146 2.6918201305821516
140 0.9589496916082572 0.14460574975692753 0.01728764450647069 2.690871007237992
145 0.9584784473337449 0.14773602823490872 0.011772333721609574 2.6904945033716445
150 0.959607912013519 0.1434750649430585 0.01256755606624016 2.6907314015953676
155 0.9594482477608595 0.14397764248077127 0.017350254172790125 2.6907204023386453
160 0.9598625762119938 0.14194797837644968 0.01100941064667027 2.690198618631697
165 0.9598453249659725 0.14296706707403972 0.008854416294849843 2.6904105875574595
170 0.9599499154208775 0.14279250516348618 0.00674905416996574 2.6896601637889277
175 0.9599459581306151 0.14170987424704906 0.01830963808234176 2.6902871826676362
180 0.9601619779912125 0.1417826784348306 0.01146209485505989 2.6898629720941627
185 0.9595465822333034 0.1435262899219043 0.009435710759312599 2.6899266117121345
190 0.9599029746593906 0.14308936023025698 0.01495298484135632 2.6892957737695946
195 0.9600511199878525 0.1426175586275673 0.019558584599470796 2.689268459347983
200 0.9598752895103408 0.14375994131222614 0.010952430183876372 2.6892053277711945
205 0.9603813925825233 0.14105259077241916 0.01768726790998576 2.6889191795131655
210 0.9601660870450854 0.14202902493941316 0.01326786355983467 2.6887022466785244
215 0.9606961810336963 0.1401955027510282 0.005206316034220171 2.6886630755807364
220 0.960417527867866 0.14124707462608432 0.012032040661718257 2.6886034253201405
225 0.9598298506998789 0.1434818840375307 0.010627914886559786 2.6890650056689105
230 0.9609176868972448 0.13953901302131655 0.0027908422426832225 2.6879183390874575
235 0.9611461334453327 0.13843310198422598 0.010314721811711669 2.6873274676377132
240 0.9614796508333694 0.13760149767741048 0.005697423504866128 2.6881332875206043
245 0.9615445461067853 0.13843530040115093 0.014794347743392278 2.6875154932224374
250 0.9596085149766223 0.14374549486011867 0.0008535800616600309 2.686835607692218
255 0.961733154004206 0.1378090306898394 0.010928362627705246 2.686708091095446
260 0.9610521307887447 0.13946248215342383 0.004838912757509473 2.6862935518570943
265 0.9621596674798862 0.1365352436648939 0.00792109612144598 2.6864640616182998
270 0.9623904417331137 0.1354558905663752 0.010796564928475805 2.685492214304842
275 0.9608578121065086 0.14044857191028592 0.013683053914305576 2.685715507668614
280 0.9610381809684053 0.1401202093161742 0.014634232953161463 2.685196070484941
285 0.9631620277563043 0.1322188086979459 0.002765115166900589 2.68481488525961
290 0.9612709560001403 0.13981473435855696 0.01282552164667039 2.6841263039114858
295 0.9638951866650664 0.12999609374931165 0.005942908062437802 2.6838710854145726
300 0.963727129900471 0.1318747192444394 0.012916996151189686 2.6827816218406912
305 0.9645179100967518 0.12841819101594876 0.01671867933871085 2.6823559565609956
310 0.9634493465313231 0.13301570742827318 0.01253026521643652 2.682401397003647
315 0.9637630555589674 0.13179127096572474 0.0022315728123778467 2.6808196614615123
320 0.9658763670040803 0.12427393332122083 0.0005418792628781866 2.6804240632160155
325 0.9663551293343207 0.12390212357476038 0.013793688469702747 2.67942663777953
330 0.9654099610320755 0.12598247862155576 0.014136385797048678 2.6785794830591994
335 0.9672612143485044 0.12192566133711003 0.01577624562368407 2.6773912212053665
340 0.9682144865435298 0.11792575091378099 0.007764287989145302 2.676519124418354
345 0.9686692098725397 0.11746462582064554 0.003855070438005148 2.6748550272268607
350 0.9683801236918319 0.11792164391471527 0.007785666038248262 2.6731734263054197
355 0.9696968198168563 0.1143123426236432 0.006824107903148802 2.671658475864764
360 0.9709136495090553 0.10979836057236803 0.01075728522652919 2.669714324630598
365 0.9717630128311939 0.10733478560205256 0.0026193029217029817 2.6686427206845793
370 0.9691800220613104 0.11651391481240614 0.0005104457724181 2.6668026159267866
375 0.9732069109650996 0.10399319156144538 0.0023497545463693204 2.6648641223795044
380 0.9732681521189909 0.10390147261039129 0.003451789739555844 2.6633387252061858
385 0.9748588109516884 0.09819343470854758 0.003707061126077882 2.6615782756574213
390 0.9750941582506611 0.09771444767661164 0.00926542642361139 2.660389355625964
395 0.9757331745444021 0.09768351593398261 0.002996486733077397 2.6577237111877587
400 0.9768887530633963 0.09260411427706039 0.004978537228576885 2.656848644224322
405 0.9773633412279149 0.09156990026931844 0.005778348376756615 2.6555297215892564
410 0.9772863534490766 0.0920196394533832 0.0028084683706888214 2.654599208243801
415 0.9753564002709981 0.0993817496450422 0.01374757972872609 2.6523243247031747
420 0.9784750576199774 0.08730721163937183 0.0010460087099117832 2.651570583871489
425 0.9795976309269202 0.08408995196016189 0.00191203877974222 2.651478419812502
430 0.9800324992666494 0.08239455247070238 0.0008094495230868137 2.6490803878657747
435 0.9801591301274033 0.0832476088195171 0.006996235624336267 2.649292176614576
440 0.9801711902912023 0.08381184754737703 0.000608814977440586 2.6479460978847618
445 0.9767220752982235 0.09722235787991984 0.007933397707160728 2.6481952499302666
450 0.9809829712648851 0.08110829421366494 0.0014432696670951817 2.6472555357522527
455 0.976850258003274 0.09836690767948442 0.017973962197691318 2.647099350317755
460 0.9784294325546443 0.09155734675715621 0.005451262779717192 2.6469168610676808
465 0.9812207437792 0.0822709042261045 0.0003763956548918923 2.6464112843274252
470 0.980742346872437 0.08395879260560202 0.0049658839029460555 2.645442311611881
475 0.981781359393479 0.07866143263162817 0.00299063144658418 2.6449394819864636
480 0.9822458367760413 0.07747965056368189 0.0009652316935628846 2.6453613714070365
485 0.982144589309992 0.07866051679162878 0.004825345169631845 2.64391346762863
490 0.9813714288243103 0.08147833881607003 0.0025045023974394898 2.643330231003568
495 0.9820873918571011 0.07852644384873253 0.00032235533200442035 2.643832548393385
500 0.9824735161798788 0.07725245325175711 8.230873437731212e-05 2.644057492922107
505 0.9822607291399013 0.07953094279168971 0.004735594981921443 2.6432917277277563
510 0.9814477367288695 0.0831561072961029 0.001686270896191333 2.643520298941199
515 0.9826020927879138 0.07803560635302986 0.0008519560414621541 2.643530949264822
520 0.9819928323358784 0.08081967112128696 0.0005422566441171117 2.64287532684805
525 0.9828392828744088 0.07711696745669183 0.004110202526464102 2.642634157809326
530 0.9830475273069001 0.07606916862459379 0.0012893826069546588 2.6421011042224176
535 0.9794049994187027 0.0924674965289487 0.003799684231508227 2.6426385722426007
540 0.9832137025372425 0.0755986080949067 0.00013964342281602704 2.64334200040226
545 0.9832141352064495 0.07586043904717155 0.0028087039243447354 2.641698813794648
550 0.9833264630460208 0.07488137762819935 0.004434178671827604 2.641886889255109
555 0.9789113365413951 0.0927201421519146 0.016405144143979866 2.6415379762785434
560 0.9823039750547077 0.0803901509859064 0.0025816838364265404 2.6416784592744493
565 0.9831494923497618 0.0763523487484723 0.003958371945211647 2.642288822954977
570 0.9837256536801597 0.07343847591119257 0.0013686512367871995 2.6418199181566946
575 0.9825852904901391 0.07886106040983343 0.0032426726300902597 2.6421616984648955
580 0.9816461486831449 0.0831480954925845 0.0012400577916460431 2.641872839243178
585 0.9828755489637724 0.07776368431604697 0.0013793848052074953 2.64146245504619
590 0.9833041048530802 0.07647051066083632 0.00026038543496231803 2.6415517268533524
595 0.9822239640402856 0.08047330698025279 0.007693595808452969 2.641709200968057
600 0.9814818823687719 0.08495695319141694 0.0015729798917734072 2.641502619015635
605 0.9835011502645853 0.07503495346582056 0.0007082695398465955 2.6415890071690598
610 0.9835359311979888 0.07544876214686136 0.0007040969540905717 2.6410211767324427
615 0.982440909801758 0.07968569661589164 0.004522686254727404 2.6415739230730746
620 0.983200158512987 0.07646979436648227 0.0023776974670253193 2.641060256334751
625 0.9839652321271531 0.07316417200698266 0.0016589067882224473 2.640977073912735
630 0.9835622323884317 0.07550857006896683 0.0027870686226350028 2.6412187476919433
635 0.9834606786415862 0.0755223167542769 0.006016392639979662 2.6408554114442753
640 0.9834309599489225 0.07596962677625108 0.0019482650510009858 2.6407105622891693
645 0.9839050733931589 0.07353430754383927 0.0014851630469177035 2.6413210488839294
650 0.9807866966928696 0.08611259852144393 0.0017814208184481206 2.641322003701872
655 0.9835361088182528 0.0754079527157514 0.0006631585582390631 2.640598746041519
660 0.9840810185976141 0.07263904502175933 3.681091941820647e-05 2.639852146581071
665 0.9829457735027587 0.07776616780569823 0.00012728859938060388 2.6402507415053
670 0.9831720660825352 0.0769938381318549 0.0002549836656211557 2.6401917841673646
675 0.9835377133265794 0.07619511201910356 0.0011225246355943685 2.6404541461671975
680 0.9838167715853602 0.07400317087275576 0.002426288992121828 2.6405144250579635
685 0.9839966247978635 0.07381655350559146 0.001439056158317742 2.6399428263122235
690 0.9841791573043908 0.07252580137027342 0.003948892164134854 2.64082617377698
695 0.983478245830808 0.07670191057989495 0.00164949091461275 2.6409862827359007
700 0.9831359756420757 0.07742352007864595 0.0039770837503985135 2.6400973827863488
705 0.9824311075474995 0.07973969235886713 0.007034468119771375 2.640183802978155
710 0.9830234680053948 0.07804542776229262 0.00058737965974065 2.639877737181793
715 0.9828295907331887 0.07865125033483134 0.00266633252145998 2.6402917100142194
720 0.9839695953866965 0.07405735529864765 0.001987935568427801 2.639866382951209
725 0.9816896642228348 0.08280451428653102 0.0031783619508576333 2.639990593354504
730 0.9841791580488285 0.07308770600015801 0.0021569588077463564 2.640088139471891
735 0.9840938628023526 0.07369045754797066 0.002207457065680485 2.640306606978771
740 0.9836885691879506 0.07515183117360236 0.0004287402942890761 2.63995775677852
745 0.9838667598790737 0.07451269270514338 0.0014891834966415107 2.6403159547201045
750 0.9792865031561175 0.09274998783475885 0.0032512043793364587 2.639152530783566
755 0.9836737946436311 0.0754942991754386 0.001137676742593241 2.639904225646745
760 0.983753078516548 0.07551623144252861 0.000475809515889436 2.6406924301421935
765 0.9841521896333554 0.07308281694682961 0.002465408178782491 2.639656699454794
770 0.9787085863318613 0.0955933139237084 0.003679217225605713 2.6393178980438567
775 0.9840292554627221 0.07416022041973802 0.0022788448591610777 2.6399763091502093
780 0.9845334069442337 0.0711272528210225 0.003869506892228536 2.639477029812239
785 0.9844807773049594 0.07160163508842698 0.0006681633582061863 2.6393966516413268
790 0.984421394232198 0.07159539631490741 0.004298236730140292 2.6396778044237577
795 0.9836646275530467 0.07586553221211245 0.0036387607188386184 2.6397553630881507
800 0.9838460894341532 0.07498739663449383 0.00014905772606188528 2.6394406580821124
805 0.9841667056101981 0.07353890844272959 0.0009743078839161701 2.640361452333002
810 0.9842859060107509 0.07267602972375009 0.002804729052372723 2.6401677207640106
815 0.9840750678845269 0.07401432989791878 0.00028484898292702177 2.6398997417526937
820 0.9844385041479322 0.07176678024495287 0.005741420842349632 2.640122122790342
825 0.983801431544894 0.07514311555658004 0.0013590928912015077 2.6395757990493416
830 0.9839381551396325 0.07456553264378973 0.0020748460411221803 2.640316228042557
835 0.9842226968201491 0.07303721340711355 0.0013046319630884984 2.6393645251936615
840 0.9828890020473787 0.07894437921455655 0.007212667935584394 2.6396743819942
845 0.9836258067348527 0.07543934496075133 0.00037607268261963256 2.639719897676482
850 0.9842789605708417 0.07282959311630721 0.00012954817934707208 2.639300964791633
855 0.9842246157752181 0.0734533497752361 0.0015021213766266417 2.640060984975087
860 0.9839964790640876 0.07360801454359445 0.006961071870672519 2.6395042678125544
865 0.982804948285373 0.07865916382766391 0.008323070711408587 2.6389656009853364
870 0.983907655911249 0.0741677335086357 0.00045744794545488077 2.639343034690525
875 0.9832401502168198 0.07816149180426857 0.00034609662668705354 2.639306576741983
880 0.9837650731577248 0.07582538061829114 0.0006023825240388803 2.6388320198698074
885 0.9842280786526783 0.07350377476757997 0.0018919367525433994 2.639788268722137
890 0.984352414850435 0.07256150719987664 0.0011860581787850322 2.6398071326029235
895 0.9844574515284169 0.07198047992504142 0.0022740136709478165 2.639259512562097
900 0.9840775548751732 0.0741075181117905 0.0002758975476990777 2.638818516351895
905 0.9844621822704067 0.07222368139283253 0.0004061538693187483 2.6386123312883005
910 0.9837834236376982 0.07522165349585919 1.2381671134376049e-05 2.639250000023162
915 0.9841551084242344 0.07345075244736732 0.0030896723896731704 2.6392559777765414
920 0.9826676874292292 0.07969779647669162 0.004377284824749639 2.638518250447076
925 0.9841536201787736 0.07392926171638425 0.00043574539990087757 2.638997244440205
930 0.9842625587561538 0.07328194203807525 0.0011192748059998259 2.6396496560886287
935 0.9844622202805351 0.07207883632977152 0.005066112092473318 2.639316611242072
940 0.9843847306110903 0.07288777945491409 0.0009541015649925377 2.6391993943849865
945 0.9838834503324818 0.07458787178246506 0.001381193587939089 2.638876014684885
950 0.9838720181183909 0.07543323041088401 0.002098243416973622 2.638807924055767
955 0.9846769595055536 0.07115153784953643 0.0007864722056032392 2.639072971799727
960 0.9840450223895489 0.07466924680216991 0.0023218131974174216 2.6389377992298506
965 0.9845945549139112 0.07172631751849723 0.0001608351414874587 2.6392030369138917
970 0.982861620877218 0.07876558976964043 0.00011902807137009752 2.6393549605852864
975 0.9837953500209602 0.07621541890681716 0.003377536467774389 2.6392250379242923
980 0.9841295749423472 0.07391010440275991 0.002438219737432634 2.6393715772969046
985 0.984205597628456 0.07367567697458632 0.0005135524251518309 2.639315846768298
990 0.9845137171647589 0.07201984648142057 0.0013964739364096257 2.63919671935107
995 0.9841621907301772 0.07343695909226566 0.00022928275680933474 2.6387472378509256
1000 0.9836564825109071 0.07523219068232745 0.004160934954921203 2.6387992447228
