0 0 0 0.22210998946564686 0
5 0 0 0.01617247489168605 16.12824088305734
10 0 0 0.01431604736876868 15.958047334167102
15 0 0 0.012135239626754224 15.871885752859686
20 0 0 0.02072602947201374 15.799192026768628
25 0 0 0.014445768323920083 15.75217781421922
30 0 0 0.019846231164385664 15.715510423898829
35 0 0 0.016576728309610322 15.672497619716266
40 0 0 0.021173923783907256 15.655860818429378
45 0 0 0.019012499408282757 15.632994840317954
50 0 0 0.0248517727127473 15.623425792683745
55 0 0 0.017929138973273417 15.596832602435816
60 0 0 0.018486914208580396 15.606360524739657
65 0 0 0.016905989975616986 15.592795585034914
70 0 0 0.0225516222548221 15.594639457796356
75 0 0 0.018834686415556634 15.575762091493518
80 0 0 0.024578548924449217 15.583811872523883
85 0 0 0.018649311965864612 15.576528836878492
90 0 0 0.020689675401812657 15.569083891249498
95 0 0 0.020638328511066062 15.576993246503331
