0 0.41120231021403836 2.0183412893998662 0.33491977182612576 0
5 0.9418252813408459 0.13615092432229092 0.039545696240707695 3.792098089483973
10 0.9890438205879756 0.030764620618094263 0.0021802786872540114 3.6991626020026462
15 0.9933643925244275 0.01761726417691678 0.008343820395827928 3.68005138132782
20 0.9952253151990054 0.013737329328404435 0.0015375668892014804 3.6733862943364013
25 0.9952398193161036 0.014636489782681394 0.006254577786231286 3.6689712612615955
30 0.9954634085319408 0.017356148940505634 0.008776210155624353 3.6668398757404446
35 0.9971961586608308 0.009213640247511368 0.0007652567956641931 3.6655305015404416
40 0.998793686460348 0.0030471347446465735 0.0009583881401931116 3.6653496935478893
45 0.9890666707002334 0.034564677050571646 0.0018548269850955368 3.6643782071754476
50 0.998168179325446 0.006593081513421861 0.0019291955356384172 3.664004547021575
55 0.9964267808424285 0.013871227604711933 0.01104174125369295 3.6628521224784474
60 0.9981986200382067 0.0064218426348934265 0.008485950770057427 3.6619904344911225
65 0.9984270556897035 0.004840417267592656 0.002759626532962578 3.6618031236336117
70 0.9964793246200332 0.01383623684832802 0.006642915828677376 3.661474505506647
75 0.9917474435783177 0.03215430224922322 0.0002614104385008087 3.661720110283241
80 0.9978839564960752 0.006255266556457695 0.001769940848808771 3.6615252833595373
85 0.9969205093936087 0.010820724896469791 0.0009239110427905484 3.661134951804608
90 0.9989747355975371 0.0032830022509435786 0.00031083325041914023 3.660859880503945
95 0.9989107405578348 0.003286521672081655 0.004841986256591602 3.661015430619654
100 0.9967938002151543 0.012067786659638813 0.0029572782713913615 3.6596003391336827
105 0.9923187342146017 0.02974279624640097 0.005501843578006982 3.6604160315342007
110 0.9988846963640099 0.0035311112496394514 0.005943672546190104 3.6599974904097543
115 0.9980678809781696 0.007129703182191971 0.002272680065211974 3.6600375842872728
120 0.9979882580860957 0.007419628803406297 0.0012336177492855427 3.659316137370736
125 0.9989674514110911 0.0027272203739006073 0.0035534986623244613 3.659739364148321
130 0.9975154719652957 0.009381136136557 0.00311738951001006 3.6591070344764813
135 0.9986828686989961 0.004369894282745257 0.0021594523525803044 3.6594741408104126
140 0.9984935740086951 0.00551023215180102 0.003037120012314265 3.6594926550682145
145 0.9991097906539507 0.002917316312644136 0.0021646199966338653 3.660054191380014
150 0.9985677929103283 0.005231550926109385 0.0016200048321717286 3.6594571448871682
155 0.9987616099077974 0.0044417800526797 0.0006085239496580463 3.6582488700182445
160 0.9984833563892995 0.005527588928539995 0.0076623941033027165 3.6588373642976753
165 0.9988053854999359 0.004253785862414539 0.0007100494194203222 3.659189543447984
170 0.9977771440698147 0.008082507985166743 0.001405817773491691 3.658655474735785
175 0.994478685225985 0.022055457295774072 0.00402904640586077 3.6575303972992463
180 0.9982350297476411 0.006822784812256177 0.004871041269895793 3.657945198154442
185 0.9986805767610274 0.004656587161250059 0.001463562113719119 3.6582310861736875
190 0.9990862852746963 0.0031205241112930437 0.00044564954317483085 3.658973608325275
195 0.9975881742637366 0.009275618200307978 0.007068479652974302 3.6577838002426186
200 0.9993527941093973 0.002009483153527558 0.0006460618245951455 3.658519917655943
205 0.9993907852903381 0.0021642253843170423 0.0010909766087059403 3.659204236320248
210 0.9994588757086392 0.0018053367705213041 0.004379319317306285 3.6583169212627253
215 0.9990871189067321 0.0032935263716016294 0.0023093925850554697 3.657692794857563
220 0.9981649527120187 0.0067384082320582905 0.007829586890970575 3.657984056826877
225 0.9976462381470073 0.008206199071300713 0.006780180377858214 3.6575327055873066
230 0.9970703519799645 0.01092132378108035 0.0016764828881050686 3.6581907297583167
235 0.9990680814531205 0.0034959247874750687 0.004631815575502962 3.6581139515582852
240 0.99913773760887 0.0030537482992034626 0.0014883795473259465 3.658241725714272
245 0.9986068137607287 0.005475750910700405 0.0005815933979858023 3.658409901704258
250 0.9983410090765967 0.0059383063567066685 0.0023402932536442655 3.6577095452791526
255 0.9986153850010661 0.004452323910037137 0.0007718445422706388 3.6575347955714532
260 0.9991728158752113 0.0021769317510411668 0.0006080142343238837 3.6575158902291407
265 0.9982420064507389 0.00539358274017987 0.007251843849009898 3.6573338726073628
270 0.9792155930062962 0.050925634665152764 0.004979233964819585 3.657384249760319
275 0.9940303960289218 0.01592854319372794 0.0005703772014835629 3.657762299209635
280 0.9957572546933471 0.009564720960667294 0.0009843606751684941 3.657139947106915
285 0.9968111317871898 0.010444629647115455 0.00029660533584174864 3.6565136812382595
290 0.9980518617536275 0.0052036491437759125 0.0017676737419665134 3.65733980190904
295 0.9968915965286038 0.007732930567410534 0.003999054827667825 3.656574329094974
300 0.990448610724497 0.024462894848312544 0.005607691776137624 3.6569785024915076
305 0.9972802600675249 0.006682064627297368 0.00027518163897899406 3.656794281863176
310 0.9896491502523355 0.02195302467654825 0.0025927778304768445 3.656870395738472
315 0.9900252998138541 0.02164402680081645 0.006170441469308452 3.6567246993449367
320 0.9923886043131969 0.016174854408745 0.00282773767823552 3.65706450342076
325 0.989924308985388 0.023238967585215597 0.00265247703600191 3.656624212802024
330 0.9908692488293691 0.020114671465340628 0.002105193243921999 3.6565019067708175
335 0.9889675866421715 0.023532201181849732 0.004393881849803938 3.6565824791550234
340 0.990679608529441 0.019401317559331055 0.004645284183510068 3.656843888415845
345 0.9515919541475633 0.1017390195592216 0.003538260458016529 3.655945888286782
350 0.9868893246393271 0.027201928369783968 0.0021293533744950466 3.656812799917962
355 0.9759057984495065 0.050171696746879935 0.00474675888832965 3.6565463022814084
360 0.9808418226288136 0.040367000963205335 0.0025788525779433247 3.6565840818911903
365 0.9742119299164735 0.05365180368499933 0.002584069073929607 3.6568223182485706
370 0.9722656949213306 0.05704383090034959 0.002266577322392882 3.6567481924393412
375 0.985288143308751 0.03172642115318114 0.002177932378141234 3.656400762291203
380 0.9783149324289075 0.047727703906651264 0.0028740875142176936 3.656929157042689
385 0.9569413679021782 0.09022570842158473 0.0005789881205309211 3.656467538156784
390 0.9712177104236122 0.06099104214006479 0.003438267010526852 3.656551336415201
395 0.9742230398138207 0.05423920956126427 0.004716666629651867 3.6564677511971126
400 0.9522206151944007 0.10539573264464686 0.004937460349547784 3.656724933247239
405 0.9580508253822845 0.08954171724100357 0.0029581077634741604 3.6560715129243486
410 0.95407437333956 0.09778770841153683 0.00029802278692403483 3.6565949708696075
415 0.9494182579047447 0.10791143631158073 0.002822699037339227 3.656565007174432
420 0.9401814206053698 0.13002912745866224 0.006023650510098788 3.656053300206685
425 0.9202156042356837 0.17415297520349515 0.005399143059758416 3.6570465824865215
430 0.9433943772898745 0.11757886233750314 0.0038794847664735954 3.656137039901024
435 0.9439188620270014 0.11809565247778764 0.0010808848219270306 3.6563254980741275
440 0.9066053502265379 0.21174130050532414 4.809930491678216e-06 3.656059678512627
445 0.9456095434705138 0.11456666912103541 0.00602638661422672 3.6557536940712567
450 0.9387219198427494 0.12925743575695492 0.0006072799331551249 3.6556558310820235
455 0.8326549466024529 0.42183573833729593 0.0005892680555488194 3.6563766222631324
460 0.8612569020272731 0.3187868952181949 0.00015351042403288773 3.65596471354489
465 0.8443267779305037 0.382565265418342 0.003435014505792866 3.655615977881024
470 0.899821439297746 0.22169487900748752 0.002936661491584003 3.6561662644292663
475 0.8500491310657107 0.35765843728024116 0.001141511623415692 3.656407464207001
480 0.9138803553628518 0.18731072141161365 0.0017313682172597211 3.65612495703797
485 0.8786258218249036 0.2756882725409313 0.0010115134136541304 3.6558057141745683
490 0.9260583522509938 0.15975781509571618 0.002442236347462323 3.655646080864541
495 0.9098678386308041 0.19658485413750704 0.008335628736566791 3.6559698689157103
500 0.9363551042811035 0.13655037345559684 0.0007839408005787529 3.6558608192429527
505 0.9010404937798596 0.22392383025140816 0.0039227163134425425 3.6561049142328716
510 0.8819092277187279 0.27431317726485194 0.0009284863502043716 3.656244122931869
515 0.8764681246904281 0.2882553971948365 0.005291657883284451 3.655987796317124
520 0.853353442193871 0.34913334927605355 0.004947018231724165 3.656067574711993
525 0.9033855193357595 0.21539188369449835 0.0016039041546036525 3.655940750452859
530 0.9111183977401411 0.19201078846604913 0.0014852286916768875 3.6554556279772417
535 0.9003422663991614 0.21788187231698064 0.004900360397830594 3.656108933278249
540 0.870474353479517 0.29683666603593206 2.6145622709083938e-06 3.6554643123673127
545 0.8582867718824914 0.34050261460581366 0.0064823368535706916 3.6558135844210295
550 0.9165067476140146 0.17990720455627773 0.004914002746602142 3.655722715790964
555 0.8911682530908052 0.2500844567355882 0.00037181789026941026 3.656210245078043
560 0.7726435157124427 0.630718106652191 0.0031516067524939295 3.655785224079178
565 0.8310709575005911 0.41944440769077396 0.00013680103626678708 3.656226084835458
570 0.8201286599199111 0.44230626862891853 0.0018434957966095844 3.6561682926531263
575 0.9130380642397964 0.1901983422162843 0.0006551703741763948 3.655770121800661
580 0.899131447771795 0.21936699024362083 6.414854594405384e-05 3.6558985729734665
585 0.8390715204021484 0.3817394890774626 0.004089453097756657 3.65583071749289
590 0.8684702607189567 0.3060317659932492 0.0002250538083836684 3.6561144217785455
595 0.8468883492429269 0.36324013675621725 0.0009401699187274737 3.6553256820895537
600 0.8586199697278796 0.33371095835890685 0.0043880140119416655 3.655999443682046
605 0.8614640305221621 0.33530680168934257 0.001481666992087849 3.655629690351384
610 0.8174410347792176 0.4589766032448397 0.0011134314506209275 3.6557356673838046
615 0.812118478473193 0.4813342451203102 0.006884207775438744 3.655943461311695
620 0.906272194830287 0.2065709543511085 0.002857554244095173 3.655719912128185
625 0.8770266886467475 0.2887213328654985 0.0005517958848175741 3.655792076601861
630 0.8990898690372412 0.22968420693023628 0.004262158138282457 3.6559849712817822
635 0.8208040082698108 0.444535333508413 0.0015485783448732082 3.6560179032032276
640 0.8308519789599821 0.4171050936505356 0.0007415090289362158 3.6556838631717348
645 0.8525853798601346 0.3475645872226254 0.0013184092316838036 3.6560705589960376
650 0.8747938511358999 0.2953645190260077 0.00023959882849644565 3.655694616176368
655 0.8397987771495071 0.39437591452548837 0.007317356475330605 3.6552780366633275
660 0.8426969740305394 0.38391386089112434 0.0062089344674916 3.6555358472024677
665 0.8607732229109146 0.3374014049168492 0.002851158118455377 3.6557183407478813
670 0.8524684872051331 0.35229112394259765 0.007857411615393772 3.655584317277319
675 0.8228638946366111 0.4405233754079889 0.006624172976321452 3.6558941457043015
680 0.8168762262857647 0.4655241414645115 0.0009934679283851722 3.6558821253469933
685 0.8847112587740682 0.2590101058052361 0.007982086578981695 3.655960564939891
690 0.8467388565917933 0.3706456559089437 0.003364129126959714 3.6559441960476455
695 0.8771073137366372 0.2893441931235148 0.0020918099211435504 3.6554958073601953
700 0.9004652244378828 0.2189949848690702 0.00047129925475641876 3.6554618453725283
705 0.8715488869077588 0.2994406814027215 0.00030802383555483814 3.6554497039647074
710 0.7945893804047974 0.5263923066093126 0.0005487473699521406 3.6552599373911563
715 0.8923976603849959 0.237350578377983 0.0024545347130719986 3.655447692679148
720 0.8745454990375806 0.29816258206983637 0.007364228702721798 3.655962005989136
725 0.7674301333587425 0.6387424298331226 0.0008058795103893512 3.6553639516953083
730 0.8526786464557701 0.35621959579301254 0.0007973287326716871 3.655793197293468
735 0.8299485664253998 0.4227930499152057 0.003639391947861892 3.6552539990983615
740 0.8771132560203854 0.2768231883292067 0.007365173245780676 3.655815763601633
745 0.8576723507183097 0.33388647000370675 0.0013697705106756608 3.6553067841207056
750 0.8654834172825192 0.31966750972126734 0.00021606975215537894 3.6559012662553436
755 0.80812191895903 0.49971955401779944 0.0012467966067655212 3.6555176480946154
760 0.8537229868490677 0.3432785992347007 0.003975846826649532 3.655490675122054
765 0.8245433580294048 0.4229711733965118 0.009927307793073936 3.6556339333247827
770 0.8415443830596923 0.3861202846612253 0.0016989564483465003 3.6556473754603145
775 0.8678045295179067 0.3012361516767208 9.706770610162785e-05 3.655487883998221
780 0.8695108819310918 0.30213641192966856 0.0009328490858340199 3.6555631427159403
785 0.8296681032931679 0.4293424047541139 0.0018060120171732308 3.655546851516861
790 0.8471128367796624 0.3587757294859433 0.0033801162896063275 3.6553039981746656
795 0.8576526283314916 0.3317421096700395 0.003825226020873762 3.655508453512169
800 0.8821418666184416 0.25932663011594537 0.0009291966995568224 3.655254205654865
805 0.895880219364934 0.2233237486473607 0.0005733683788189392 3.6555762543970305
810 0.8799413056597201 0.265197427749321 0.0006102355888726319 3.655290078616341
815 0.8965824626568415 0.22920887737329831 0.001168671765962026 3.6557471392106873
820 0.8445903054546677 0.3697838292685418 0.004053816738994742 3.6554838098640463
825 0.8201631757968453 0.4544113895838038 0.0011808575527754162 3.6554849932139266
830 0.8202366275284688 0.44196208612802934 0.0028388690534897343 3.654815107929732
835 0.8429083267699007 0.3824318766997479 0.0007387952582769142 3.6554973383404827
840 0.8667119851214461 0.3052813653297335 0.006011657615608845 3.655684842686838
845 0.9025448661658657 0.21380345362678588 0.0025321898421493128 3.65535774146697
850 0.8508703993641993 0.3570119026893144 0.004122267030822524 3.6552373401858382
855 0.8829941957133771 0.26396737141202564 0.0007119519959049025 3.6551906334973454
860 0.8817121061333096 0.264748128360099 0.0062084575332386205 3.6554892763306093
865 0.8941114862909595 0.22702576114578443 0.00013610369438121772 3.655166749020383
870 0.8391207823362935 0.38878787421727345 0.0028921527515928247 3.655628621177309
875 0.8939324399820086 0.23306008916003895 0.0010891956038281414 3.6554263155827957
880 0.9039880494988983 0.20478600568233807 0.00352502518610609 3.6550285967113867
885 0.890263343750389 0.2457431086207098 0.002898481308009959 3.6554128301755218
890 0.8851137016924875 0.25850540348541484 9.454339366921083e-05 3.6556932248879805
895 0.8057814266423919 0.4838849892594732 0.001362160791077871 3.655353181091811
900 0.8828063852293222 0.2573088631652638 0.004099334232398499 3.655414820145075
905 0.8724771084162306 0.2930127556710018 0.001716096462313077 3.655103327722332
910 0.8812119282092004 0.27681330533165927 0.002562157289214273 3.655368776312451
915 0.861298439872556 0.32210034079238703 0.003573407653416627 3.655134643063522
920 0.8607893809417021 0.32786666969411105 0.003008404838095169 3.655220071971599
925 0.8762699357759597 0.283957184308107 0.00305172246512897 3.6554577221598716
930 0.875557841235739 0.2938742100904692 0.0018726941748496984 3.655142973605143
935 0.8663280004273357 0.31533372897123035 0.0037752007463305315 3.6552094682041507
940 0.8612683573148692 0.3273596200328317 0.0037670795401938406 3.655179032089992
945 0.8811061012229815 0.2747748992539156 0.004761209793643362 3.6554134575765818
950 0.8830233275942945 0.2632489778824687 0.005913413973868797 3.655286196028963
955 0.8869063882600133 0.25213122800208554 0.0039113260542793515 3.655309973066723
960 0.8848245592679579 0.26769730604424646 0.0018979595043091546 3.655055538796071
965 0.8756986365245367 0.28779515181157267 0.0007560727413022938 3.655461272681708
970 0.8834400271693237 0.26928911693338087 0.002939599816873306 3.6550883689195985
975 0.8542505815428724 0.3409502068933108 0.00027781303466212215 3.65542125112611
980 0.8820793747708022 0.27718542052354866 0.00716252414152696 3.6557451654022306
985 0.865292642792419 0.3125875863532861 0.0008432331476853072 3.6551729192603464
990 0.8685596042995475 0.30757536433570065 0.007175366295584906 3.655637280280152
995 0.8649189550881053 0.3146332880080043 0.0017682457958287934 3.655201712533491
1000 0.8765599065728775 0.2834706933064721 0.0015941736820346275 3.6549880877126792
