0 0 0 0.3437096505989865 0
5 0 0 0.017551453088059388 26.53087958125083
10 0 0 0.01915485548149487 26.368439194954178
15 0 0 0.017507564269260145 26.33918599456087
20 0 0 0.014856661668378734 26.339867020667125
25 0 0 0.011299725909427405 26.287005723685528
30 0 0 0.017959648376907555 26.29348941768153
35 0 0 0.019184348834902387 26.262104863350913
40 0 0 0.01709767303367138 26.2707909986515
45 0 0 0.01637019992314359 26.25067197888226
50 0 0 0.014921317946316348 26.260893308575316
55 0 0 0.017451458813512177 26.221847313893754
60 0 0 0.01689902542926358 26.22448315439378
65 0 0 0.019096175515491254 26.210604008390305
70 0 0 0.018432419782486553 26.20787165875843
75 0 0 0.01919855299741724 26.1894784623663
80 0 0 0.01929371827310611 26.191106190021916
85 0 0 0.018231773647518823 26.18496119100325
90 0 0 0.020768072054122344 26.173283548621534
95 0 0 0.01994880837727009 26.178035817038353
100 0 0 0.01987313260499257 26.167808961601022
105 0 0 0.019495152338513844 26.167877587081243
110 0 0 0.01799434716760473 26.160602185010198
115 0 0 0.017677288260014024 26.165125276961422
120 0 0 0.018881077900885668 26.161813586100465
125 0 0 0.01740195022908475 26.156882842480957
130 0 0 0.018199265145700805 26.160036652992662
135 0 0 0.02090607165128411 26.1621845440131
140 0 0 0.021014396299563254 26.163704331211953
145 0 0 0.019751287555256125 26.15180488279837
150 0 0 0.021362456778573957 26.163672049585763
155 0 0 0.019656662174499795 26.148167370938335
160 0 0 0.020614618835790743 26.150857232119233
165 0 0 0.020944662175806705 26.145842387455122
170 0 0 0.020366169533577505 26.141035401490836
175 0 0 0.019909858853492945 26.14273768501682
180 0 0 0.01816491252989838 26.150826291037767
185 0 0 0.020832347636896564 26.138049017788568
190 0 0 0.01773135230177214 26.13685573464512
195 0 0 0.020640066879435315 26.13900208911082
200 0 0 0.021537658127017467 26.137626332109072
205 0 0 0.020965066678260147 26.137876510694564
210 0 0 0.019713531279936802 26.13370763645781
215 0 0 0.020769922035950072 26.13658253263764
220 0 0 0.01741898307468004 26.13439448212086
225 0 0 0.018320836083110636 26.13371967255547
230 0 0 0.02143391465384381 26.129729500911072
235 0 0 0.019885236390748906 26.131857552752
240 0 0 0.020237843582407322 26.13103256785673
245 0 0 0.019997006797249917 26.129325302580355
250 0 0 0.019832578362528164 26.126492188664038
255 0 0 0.019518558092494365 26.128024276556715
260 0 0 0.01925655738023546 26.127129786670096
265 0 0 0.020404659344770426 26.130645585970726
270 0 0 0.014051568711713092 26.126203750422683
275 0 0 0.020176085242906483 26.129108772805292
280 0 0 0.020211214100904096 26.127860204541808
285 0 0 0.019039038063143332 26.11830110063894
290 0 0 0.021013976896195663 26.12378394790999
295 0 0 0.018085362992138476 26.127078958354176
300 0 0 0.019897356976801728 26.119648340473006
305 0 0 0.019796440642513513 26.123077692453062
310 0 0 0.0218391918183396 26.124007079171303
315 0 0 0.01942086359769446 26.117415005729114
320 0 0 0.01887777045746164 26.116722035179112
325 0 0 0.020565800325496264 26.113677275541033
330 0 0 0.017382574425768293 26.114850161684057
335 0 0 0.02014581374139679 26.11647379856946
340 0 0 0.01979970754049587 26.118184427590464
345 0 0 0.021443978848543654 26.11398496642139
350 0 0 0.01884186254746223 26.120619490887023
355 0 0 0.018951678305738184 26.115444485754768
360 0 0 0.018329607283861904 26.11648372428103
365 0 0 0.016907889266568166 26.1185179089239
370 0 0 0.01878396018021755 26.115344589836262
375 0 0 0.019662067308406916 26.115143626051232
380 0 0 0.01949494858968137 26.114794347796725
385 0 0 0.02028554425608009 26.114554286872036
390 0 0 0.01934281054680209 26.116079146185438
395 0 0 0.02074398092643115 26.11697926108929
400 0 0 0.02015710339408372 26.11330422868312
405 0 0 0.014263163941527601 26.11030903275408
410 0 0 0.02103933901177757 26.111121714994578
415 0 0 0.020997775803843988 26.11442355094442
420 0 0 0.017550011340855987 26.116826245691218
425 0 0 0.020076515127398276 26.10585602672581
430 0 0 0.01950375932325965 26.11069483702395
435 0 0 0.018171600268593213 26.106380499378588
440 0 0 0.01712540473271873 26.11031619087133
445 0 0 0.015436634563312568 26.11102004382648
450 0 0 0.017576708795142615 26.118549192947526
455 0 0 0.01981307893750639 26.114138097187165
460 0 0 0.01716859508368085 26.105923484949848
465 0 0 0.022381093073954306 26.106044087757095
470 0 0 0.019264693562885737 26.109480914407744
475 0 0 0.018562633251977045 26.104799239102327
480 0 0 0.02052172066383018 26.10701250263422
485 0 0 0.016315166047944807 26.106967505529564
490 0 0 0.016008690187043095 26.104219009017147
495 0 0 0.020881137191518295 26.099859488458
500 0 0 0.014195173109864179 26.203134412982582
505 0 0 0.017610602202457137 26.14999594286707
510 0 0 0.01678176713872248 26.14562434025509
515 0 0 0.017176218545713162 26.12889957086112
520 0 0 0.015402685414113604 26.119540331009954
525 0 0 0.018688603479266597 26.123161443133487
530 0 0 0.017263008889599973 26.112624417005257
535 0 0 0.01749828987336821 26.110092665636863
540 0 0 0.020395375821666617 26.108897962886555
545 0 0 0.018587288094362497 26.10740446181579
550 0 0 0.020661303236680695 26.10736707003756
555 0 0 0.01666665671312506 26.1062618312982
560 0 0 0.019350452316136746 26.104603192775457
565 0 0 0.014279287875981428 26.099429033762423
570 0 0 0.017838921988597267 26.099721344715984
575 0 0 0.01495505705107325 26.101026833547802
580 0 0 0.015135261438081082 26.09696132238665
585 0 0 0.016730198043022115 26.098247935533227
590 0 0 0.016073199104041702 26.098211746836142
595 0 0 0.021336274423870094 26.093054453955368
600 0 0 0.018076207359011498 26.09280918156535
605 0 0 0.019230558381664098 26.089275215738777
610 0 0 0.023969380404525786 26.091832565417917
615 0 0 0.01867926034413192 26.090538857165697
620 0 0 0.017069474836422183 26.0949584103753
625 0 0 0.023084838145324582 26.086814463817465
630 0 0 0.01571727090569297 26.088320200179687
635 0 0 0.016074973301112072 26.084391091026575
640 0 0 0.01988295132238571 26.084824679684303
645 0 0 0.01675495963648954 26.086494060901913
650 0 0 0.011839671753970604 26.08148937957822
655 0 0 0.018850884889848096 26.080534559847475
660 0 0 0.006532268570255129 26.080309951208477
665 0 0 0.01433614055626009 26.078074577273437
670 0 0 0.013641581083931431 26.075253395032565
675 0 0 0.015043293496952215 26.07494899841351
680 0 0 0.020281561596278808 26.069035740903786
685 0 0 0.021779662199262972 26.06845086895813
690 0 0 0.010004229986227742 26.070814947980114
695 0 0 0.016356461098835373 26.063191262239556
700 0 0 0.010108391459303201 26.065257442423288
705 0 0 0.01775019816121115 26.058826441844904
710 0 0 0.00950231884431263 26.055122087637333
715 0 0 0.008389086168473225 26.058110353572467
720 0 0 0.006690188410185982 26.05191978567425
725 0 0 0.020337790177345383 26.05202048899365
730 0 0 0.011386170977793597 26.044339359711085
735 0 0 0.012252737412131065 26.043417398927723
740 0 0 0.026835914033911834 26.03937277721008
745 0 0 0.01686615807410874 26.037025221557105
750 0 0 0.01660612149296048 26.033271969240253
755 0 0 0.013270511652232697 26.029395461926782
760 0 0 0.006143316757288186 26.022342488689283
765 0 0 0.009010786072344956 26.022636398568988
770 0 0 0.009155120078320644 26.01899987212019
775 0 0 0.015501581720932744 26.01373538541965
780 0 0 0.0029978228794547146 26.00579349610588
785 0 0 0.005697294143575338 26.005677742739532
790 0 0 0.006020826771888421 25.997204266235567
795 0 0 0.0013713916175852603 25.992008840753545
800 0 0 0.002954641981975481 25.989407216089354
805 0 0 0.0032237421870635607 25.98259072923339
810 0 0 0.0012327293333329603 25.976959980032564
815 0 0 0.0061205001255126845 25.973534733842577
820 0 0 0.011303696099105087 25.96942521621796
825 0 0 0.009462564296775833 25.96733629339854
830 0 0 0.009598988943339215 25.961234523517163
835 0 0 0.015413439866258871 25.954819673769215
840 0 0 0.010804621715373441 25.95028933545806
845 0 0 0.0052754496751248325 25.944147565575385
850 0 0 0.013733888361718405 25.941330945992018
855 0 0 0.021434039730746646 25.931842793129718
860 0 0 0.009036280336985447 25.927084886400266
865 0 0 0.024601307563825836 25.919944292503757
870 0 0 0.04380329010610473 25.916673078466022
875 0 0 0.00913474799600067 25.91135983827818
880 0 0 0.033719375404832386 25.903604912114858
885 0 0 0.01859586211350117 25.89984752212868
890 0 0 0.00909148935650328 25.89452443695695
895 0 0 0.03844031539562298 25.889699835309003
900 0 0 0.0031837000157304285 25.880923949817124
905 0 0 0.05465725675628508 25.87529478704474
910 0 0 0.03543271385511426 25.86939402511782
915 0 0 0.03485546676165652 25.861156090036225
920 0 0 0.0352565901094295 25.858212737310218
925 0 0 0.04919854268000057 25.853549279142488
930 0 0 0.04480084506782367 25.843218002475723
935 0 0 0.028171329693625013 25.83972621794018
940 0 0 0.021743087530164518 25.842599989885365
945 0 0 0.04634994492872346 25.83338886725353
950 0 0 0.031773376161003064 25.827471593485367
955 0 0 0.02639945820245293 25.823570151079426
960 0 0 0.07305289580030383 25.819544814831797
965 0 0 0.022941451467646257 25.80557125669517
970 0 0 0.03169059567706234 25.807128775307536
975 0 0 0.07301575526814164 25.798736397279043
980 0 0 0.04791912517855468 25.798214781535226
985 0 0 0.06049326034863989 25.79147811234837
990 0 0 0.049761702478826386 25.779611795060976
995 0 0 0.05716481096379189 25.780517062268114
1000 0 0 0.056464319886927905 25.773869473355603
