0 0.7049438947278961 0.6993287142208595 0.5005290754783204 0
5 0.9996625013088521 0.0007772825142473572 0.00020187603634713724 0.6953135308861685
10 0.9996390898191942 0.0011828339743693572 6.163208021314759e-05 0.6946581500367176
15 0.9994772816539716 0.0018338388421819118 0.0004516744149476448 0.6946681182655198
20 0.999829769084978 0.0005061054511479313 0.0006970216612591784 0.6944824335434224
25 0.9999069443010924 0.00020247052889710293 3.022532890195606e-05 0.6945320109259717
30 0.9989196353864767 0.004093462919847468 0.0031754807176882505 0.6944407961207273
35 0.9997935564619057 0.0006484317592738709 0.002305587020791089 0.69444127852422
40 0.9998717736206253 0.0003695375000686285 0.0010697426838159885 0.694523415964634
45 0.9993263728867713 0.002568941378695011 0.005949015718091477 0.6946162729536148
50 0.999812534835963 0.0005846353927330128 0.0027272146423245047 0.6942558428526913
55 0.9997787381483503 0.0007512662994889618 0.001316543247801727 0.694417006480094
60 0.9997072214014209 0.0010425898358901176 5.74395610732914e-05 0.6943521761682314
65 0.9996242842756765 0.00138010116437004 0.0017519316905887372 0.6944812486720187
70 0.9989199571762474 0.0041229620408709255 0.007472170172849735 0.6945648939676918
75 0.9990207307339158 0.0038068568495943644 0.00835163740020961 0.6945125647644638
80 0.9998574016585059 0.0004233004612386182 0.001598177525249822 0.694010347484653
85 0.9997610590284898 0.0008353679067804043 0.0007125079852750016 0.6941683913998001
90 0.9998195556814238 0.0005730135740746878 0.0013210211131527982 0.6940715354595701
95 0.9999248624196124 0.00016526320311593956 0.0008622857496201064 0.6944480540178382
100 0.9992566859503969 0.0027843441494850296 0.0017290842980104415 0.69404868612988
105 0.9995730711598991 0.0014923158207218457 0.00026093807208638076 0.6940632452857429
110 0.9995972154527144 0.001056973472010947 0.005257776197216901 0.6937133606016878
115 0.9989654200116065 0.0035916822635333467 0.0061174839557960325 0.6940238828704401
120 0.9985857115357345 0.004840008772440507 0.00039725292629988473 0.6937480508100948
125 0.9989879460420692 0.00205664382797055 0.0005957536017668907 0.6937964197363966
130 0.9985233109144882 0.0030595226112353213 0.000903704634352076 0.6936204235713445
135 0.997845568518315 0.004391800145095215 0.0017272991684114114 0.6939076838910602
140 0.9970052739472701 0.006124447775197939 0.0025489408747320086 0.6937615875996852
145 0.995856170691451 0.00845933895536688 0.00019555354374711786 0.6938434343463012
150 0.9949520123230403 0.010809649898162466 0.0007950216610052019 0.6935736133220839
155 0.9923228091006882 0.015506924951863565 0.0007180702242941539 0.6936772894875146
160 0.9882817235426402 0.023594370358353656 0.0010820869482237594 0.6935360528957121
165 0.9892973293846254 0.022099801087033244 0.0009391488298873263 0.6935202353746109
170 0.9830481240491757 0.03420561648938736 0.0007022161681280448 0.6935008938957336
175 0.9837534077506784 0.033307050994682896 0.0010546820024903703 0.6935394468753755
180 0.9762346289659405 0.04816635289898741 0.0031365177347214557 0.6934756628880154
185 0.9774817455340667 0.04641643020942321 0.004217195697980292 0.69362272045067
190 0.967499501723925 0.0662974813953916 0.0014334998776235341 0.6935383933995621
195 0.9715390052530635 0.05940582677141104 0.0014359243362651597 0.6934884364522788
200 0.9642576686440465 0.07403389780536862 0.0001015798887156194 0.6934865467016738
205 0.9557396497353903 0.09150771558301063 0.001632539410224343 0.6933540385954824
210 0.9557279244488535 0.09256001020499993 0.0006325805616917979 0.6936086345462243
215 0.9507162710536918 0.103325233766287 2.311455702697085e-05 0.6934253999953763
220 0.9517736206150789 0.1025141158039733 0.0013488952880842398 0.6933804592731344
225 0.9418268090721373 0.12297433566431759 5.039117314331598e-05 0.6934926072286328
230 0.9423574447185021 0.12308730056611505 0.00356766859353963 0.6934681216937918
235 0.9382001430870222 0.13253691720507665 0.0045161688906663056 0.69348916082665
240 0.9384581084676644 0.1335301398297113 0.008677701599919652 0.6933122377065475
245 0.9272874730574514 0.15661002535842727 0.00047947875985876465 0.6933438697990568
250 0.9190122236406468 0.17448952409673968 2.4915910521228213e-05 0.6933394840690156
255 0.9178091220450298 0.1781024077480181 0.0004749882362864444 0.6933621414050113
260 0.9109401599916047 0.19326925969513808 0.0008307626993702133 0.6932730935245608
265 0.89955585274789 0.21801104508751734 0.0036081305739266156 0.6932468845772786
270 0.8988802373325727 0.2203567424895405 0.00048533517531812453 0.6932815356792094
275 0.9069456234717859 0.2047112221374745 0.0021820779889241138 0.6932965478733445
280 0.8914603698031804 0.23778271126377915 0.0008357621731405196 0.6932900184691337
285 0.8897975020825266 0.2422294081158196 0.00011445971456947035 0.6931837286145016
290 0.887625225603915 0.2478434771196505 0.0018733064338307681 0.6933887497356109
295 0.8761572069647786 0.27330246793465274 0.0021982122798542836 0.6933616281641339
300 0.8860283451063697 0.25327182822666483 0.005198663935671033 0.6932285321073393
305 0.8683962005647575 0.2917456023272138 0.0019873961414038632 0.6932500106547212
310 0.86500248403896 0.29986775598307136 0.0010996484397323147 0.6932965180377897
315 0.8590368450869854 0.3136818784461872 0.0016545073717046943 0.693296137730958
320 0.8565439993422383 0.3198077127490615 0.0006857809754696742 0.6932167261932445
325 0.8483785258449931 0.3385937303895621 0.0027385107458739455 0.6931216827691183
330 0.8534064793878795 0.3279869493007346 0.00011976415341541369 0.6933380957684004
335 0.8513938761065087 0.3330045659395262 0.001451460289133344 0.6932590366911026
340 0.848577344708423 0.33972885176924117 0.0012120043314122197 0.6933867406538167
345 0.8465656016748415 0.3447003243657014 0.0013456869590475762 0.6933281964408772
350 0.8440084665006619 0.35084255791557584 0.0011872453359762503 0.6933118585832908
355 0.8332214947797889 0.37537167558141027 0.0009462515366529534 0.6931615218717786
360 0.8334265825097222 0.3752677580648107 4.447365344395493e-05 0.6932909086505795
365 0.8292651973050595 0.38499363810310205 0.0004417171514179419 0.6932345142080035
370 0.8302484618280651 0.38308953218328123 0.0008103676727612141 0.6932143853168893
375 0.8303527535370765 0.38312829297298334 0.003863525025130876 0.6932106200446286
380 0.8227978375533975 0.40046638778204 1.9181637389564798e-07 0.6932979867381712
385 0.8207731857544497 0.4053287455062833 0.00034956294437493707 0.6932345847740039
390 0.8137311983857374 0.4217419199334005 0.0013558773715374173 0.6931823331371477
395 0.8181855537984497 0.4116110579127652 0.00029986146342309006 0.6932913998634547
400 0.8169224707705318 0.41465700639255565 0.000276593450774687 0.6932577876133942
405 0.8150070770298183 0.4192170084806339 0.00039306721994747384 0.6932722596392665
410 0.8133638220576229 0.42313948430481507 0.00017107248764591798 0.6932946338008402
415 0.8106144852175554 0.42964193044721366 0.0006516169576209485 0.6932759367614506
420 0.8128922782005796 0.4245103553859042 0.00424040276901505 0.6932043787176251
425 0.802971481680036 0.4476878326479685 0.00017277984247698885 0.6932614906791437
430 0.8030677603328478 0.4475274215783389 0.00024232369792565045 0.693261088042026
435 0.8046750004228553 0.4438559662271184 0.0007916150533485711 0.6932560749666236
440 0.7945211292831764 0.4679014677605631 0.000830388522582215 0.6931516181675681
445 0.8010403512857114 0.4525111523856855 0.0004727370259054453 0.6932612881177708
450 0.7983858633855228 0.458816080236502 0.001505680040607249 0.6932300850432057
455 0.7909364787786171 0.4766045071202667 0.00042736473606042047 0.6932192736812377
460 0.7932826371468594 0.47102762774171847 0.00023857087305079183 0.6932609482990807
465 0.7925242032542877 0.47286713208170905 0.0001741581598802 0.6931548810190403
470 0.7895769264031658 0.47994103635968877 0.00027881546736485685 0.693199368144954
475 0.7833656080666614 0.494965871697159 0.0013460348555454082 0.6932047348151705
480 0.7868288519645676 0.48660860235012704 0.0010964440841554346 0.693200656517889
485 0.7838037184005211 0.4939313597005195 2.8632497141689583e-05 0.693191197997891
490 0.7836387715115678 0.4943598837945524 0.0002891616624434157 0.6932102977622101
495 0.7834383875166766 0.49486106830779164 0.001538567510289801 0.6932151894423464
500 0.7795742317491029 0.5042445085497556 0.000304654625452927 0.6932352731517859
505 0.7813040058067956 0.5000543332624372 0.00042680904817737897 0.6932089899244415
510 0.7761406194575342 0.5126420474351006 8.294232976990834e-05 0.6932095882076804
515 0.7778780368429137 0.508400375892669 0.0011739019006717921 0.6931742221041104
520 0.7710027790119702 0.5252962851702851 0.0006307505773144317 0.6931677061638275
525 0.77459256953425 0.5164440109611528 0.0017733482575337245 0.6932057571153716
530 0.7736618097457877 0.5187236670104987 0.00042537449987856135 0.6932034705876002
535 0.772256721179204 0.5221771442606333 0.00029975528241399374 0.6932035937750689
540 0.7666389913536031 0.5361061277952435 0.00038338883239419363 0.6931294690016898
545 0.7691808408882114 0.5297787124314612 0.0004327707058862096 0.6931951521820148
550 0.7673282527541954 0.5343714400874275 0.0010899440212973621 0.6932238291368449
555 0.7672516682623594 0.5345546100692158 0.0012861721205463805 0.6932032394640576
560 0.7658914966716197 0.5379363145826819 0.0023030437751507815 0.6932303032460396
565 0.7662646747216507 0.5370019217484536 0.001310236877674953 0.6932153706122323
570 0.7645577283589682 0.54125380489213 0.0006461201267979888 0.6932173503570077
575 0.7624114312880348 0.5466262446626429 9.57049417471545e-06 0.6932108271783798
580 0.7617459544635604 0.5482926076563617 8.982372932875293e-05 0.6931901376569557
585 0.7618859736177201 0.5479350699995864 0.001020199940643618 0.6932052698026151
590 0.7587316337116072 0.5558842902342378 0.000575571724131807 0.6931893177828512
595 0.7579170143967018 0.5579418323851153 0.0002754325078975217 0.6931084711392805
600 0.7593568861437288 0.5542838220960518 0.0001237663344237916 0.6932168719796981
605 0.7571359698007905 0.5598990673246531 8.440099469453344e-05 0.6931628937147353
610 0.7568358987621178 0.5606557071871352 0.00011191478923855414 0.6931946711897933
615 0.7586463434954209 0.5560580685313257 0.0006354079554855563 0.6931647408434128
620 0.7585961403252133 0.5561795056645202 0.00030853098252303646 0.6932069539438828
625 0.7566220763427061 0.5611803912526856 0.00019746523624686318 0.6931821787379405
630 0.7562186234680108 0.5622018437420859 1.9166886225718827e-05 0.6931881359068974
635 0.7539211780741075 0.5680538218393902 0.00038507294649026136 0.693150684317265
640 0.7563412544627426 0.5618804701586049 0.0008823943227618258 0.6931954708053252
645 0.755403845647999 0.5642581206455302 0.00011814404227916686 0.6932014864183929
650 0.7556605122274291 0.5636016806069608 4.62937205694125e-05 0.6932018236996886
655 0.7539766982415408 0.567891018641431 0.00042044565038912296 0.6932014846969432
660 0.7521293249135451 0.5726193898358358 0.00039677652756442416 0.69318729996537
665 0.7537523501943492 0.5684616706936017 0.00014451216173316794 0.6932001056009571
670 0.7510314671859607 0.5754351417749242 0.0002874664936194371 0.6931682180946163
675 0.7538003907092169 0.5683453326253587 6.650621720716288e-05 0.6931278786809745
680 0.7529409268790906 0.5705423110808283 0.0019157766815178778 0.6932106987734281
685 0.7509912730531494 0.575539583500452 0.0005074029481039188 0.6931861501479422
690 0.7505167140326374 0.576758199656874 0.0002656539150336368 0.6931932163620139
695 0.7511563264484504 0.5751189659972533 0.00248519925397106 0.6932082346691385
700 0.7504532632336084 0.5769242196056532 0.0007267421026866394 0.6931833745474801
705 0.7494187137523813 0.5795825987887369 0.0003624748587587323 0.6932052522539294
710 0.7502198433387796 0.5775234315921831 0.000652631071436538 0.6931816936471117
715 0.7499015845733361 0.5783418056697924 0.00011779462815564301 0.6931861187912491
720 0.7489946930273825 0.5806777000251602 0.00020099751833779766 0.693198222067846
725 0.7498505378786301 0.5784794889269818 0.001403537638438701 0.693162701420137
730 0.7496118504112296 0.5790931415617315 0.0016709926298674738 0.6931828965176331
735 0.7457321074064145 0.5891163810925621 0.0008567756365626122 0.693178705323626
740 0.7474652891363719 0.5846269656286887 0.00019276348116026298 0.6931684451750132
745 0.7473927154744786 0.5848151540753068 0.00012158863446543045 0.6931679123442206
750 0.7488788843216163 0.5809839526492091 0.001157470394579252 0.693182307498293
755 0.7467960649969302 0.5863612879483373 0.0003153637861899039 0.6931678956131584
760 0.747002421826126 0.5858290281184422 0.00045844819062490494 0.6931983933362064
765 0.7465231316506657 0.5870699193238382 0.0005101258580895163 0.693190354902428
770 0.7459156861066308 0.5886439064153559 0.0008494449772310508 0.6931857188167031
775 0.7449939193651339 0.5910347796295947 0.0007428762872785377 0.6931877784076207
780 0.7454525870929658 0.5898467656083759 0.00013610873108660382 0.6931948682516201
785 0.7457459210300907 0.5890877924514404 0.0009126222705591047 0.6931859625038811
790 0.7451595524061092 0.5906087349848446 0.001514069136391516 0.6931884814553614
795 0.7445925272203819 0.5920818492106283 8.93254209537453e-05 0.6931858051950448
800 0.7453544696931471 0.5901068276791772 0.0014385636447260541 0.6931810547394381
805 0.7452800562235176 0.5903004490420378 0.00016966480817282026 0.6931794086821986
810 0.745026815267589 0.5909602603937443 0.0007822021943904023 0.6931766074417665
815 0.7440944021464015 0.5933826434429257 0.00024659220684064564 0.6931952650089183
820 0.7455688709609833 0.5895603818199338 0.00045299553114253044 0.6931769306511864
825 0.7440901256467538 0.5933973917682922 0.0003772602224523247 0.6931960135407528
830 0.7451683819936957 0.5906000158868139 0.00028200635419550757 0.6931830115834127
835 0.7433023731243291 0.5954479168591393 0.0002549084884683195 0.6931686508497487
840 0.7436955116655961 0.594426284597593 0.0002328112463012566 0.6931797788013935
845 0.7444155113881312 0.5925596787079406 0.00032875928166253843 0.6931791985297283
850 0.7447748048623573 0.5916291855981173 0.0017574717031714204 0.6931812989695174
855 0.7439273867404457 0.59382938882407 0.0009603313456245655 0.6931778047723671
860 0.7451304974834125 0.5907124988535819 0.0015041318826489736 0.6931763892608438
865 0.7419116284557798 0.5990856242730669 4.54999299386305e-05 0.6931704833658477
870 0.7424238985430891 0.5977526837415652 7.512139106680138e-05 0.6931521702359672
875 0.7409138457427615 0.6016990990044178 0.0001410647907142959 0.6931600600773216
880 0.7444778276496291 0.5924173662963277 0.002928083557614869 0.6931380963291152
885 0.7433951463608094 0.5952286671963494 0.0003051969924647846 0.6931757005545675
890 0.7416135692706942 0.5998700752278783 3.899822470510017e-06 0.6931914001581931
895 0.7415877650181528 0.5999371336154491 0.0005795295363013597 0.6931848725584566
900 0.7411795449062701 0.6010040278050033 8.735356211486689e-06 0.6931773745505939
905 0.743227799668664 0.5956681888573248 0.002568697280063592 0.6931510162539763
910 0.7391251061010689 0.6063875416573583 0.0001665755981309358 0.6931344479101221
915 0.7411203762857308 0.601160004642785 0.00026716142073546223 0.6931843918406467
920 0.7407770115823675 0.6020581171930419 0.0005233300019102938 0.6931803854843842
925 0.7394362618164121 0.6055706184882546 0.0001251252725416041 0.6931722909290555
930 0.7416449128143199 0.5997935017501677 0.0009454123901415645 0.6931545780713526
935 0.7406086422138864 0.6024985197438313 0.0003701567295287811 0.6931627903828241
940 0.7393545079302913 0.6057830983535009 0.0005432942181196054 0.6931718924294137
945 0.7398721592658798 0.604425707477672 0.0009386067997313452 0.6931826895199958
950 0.7392903346982471 0.6059492062277823 0.00025297687635661426 0.6931786536836931
955 0.7392412943646132 0.6060780455959147 0.00010441522650528334 0.6931769316973687
960 0.7377702731218099 0.6099441069314699 5.768561667651717e-05 0.6931631758440692
965 0.7390437415502364 0.6065954728031782 0.0006874487700833098 0.693163753594757
970 0.7378162851718922 0.6098204838954273 7.859533270360153e-05 0.6931506301316912
975 0.737006506975697 0.6119544450610541 0.00011079998135643532 0.6931307190080261
980 0.7384762854254738 0.6080819409174498 0.00021421399617471693 0.6931870341478354
985 0.7391874440224875 0.6062145167348572 0.001600822105610522 0.6931708047470982
990 0.7387139737352464 0.6074557876178526 0.0009712884452683923 0.6931667906900824
995 0.7374860267690978 0.6106849496247868 0.00011719114021757626 0.6931591080195908
1000 0.7377085386222821 0.6100972295520268 0.0006830160447011124 0.6931759751645058
