0 0.4221425308321739 1.9442919256097042 0.3920496424187412 0
5 0.934459417483632 0.2570266292507011 0.03334450228248853 3.734760482608159
10 0.9350723271372885 0.26652529144180415 0.013277107138813582 3.7295239706161905
15 0.9385779597146628 0.24800747249331678 0.003493730531820116 3.7257686858552153
20 0.9427123012760115 0.2342729539141879 0.014600934569265922 3.7151491000116397
25 0.9591927101916073 0.19201288860161014 0.0014668182291155407 3.688495894840115
30 0.9516569820174215 0.23437142242101805 0.008496609102806918 3.6784622187779217
35 0.96387439660657 0.1741723962942454 0.00700527577282517 3.674526390171348
40 0.9616405377950172 0.18746872165408712 4.145286446033403e-05 3.6692267912127634
45 0.9659997622758134 0.1687983754538256 0.0028149015655554166 3.6689121616167326
50 0.9968748928769673 0.009031253479406587 0.006122249743696573 3.6822264939454556
55 0.9940373146815922 0.021993161899162672 0.0031399683511743604 3.665546205633975
60 0.9975645267647656 0.007496858538204698 0.004279354460890117 3.6639780736739893
65 0.9984441154442683 0.004733795096140803 0.004268167724833072 3.6636005551718656
70 0.9983886408189293 0.004917336845609022 0.003917566212682688 3.6634711490005984
75 0.997398921937646 0.008990281451535687 0.011973209409885222 3.6631597762343837
80 0.9982490728008894 0.005235270862573138 0.001097097805451197 3.6626793505079185
85 0.998560560833581 0.004183819985729809 0.0031182495330075444 3.6618557471734987
90 0.9986038653453684 0.004476822261591629 0.002218243720433888 3.6607180625657194
95 0.9987698893554746 0.003844572460374618 0.006116724980947064 3.6617008633190595
100 0.9989037900628656 0.003245259944073986 0.0005019637060166282 3.6608447571711555
105 0.998206061763059 0.006094368673127182 0.003101413778523243 3.660624339571927
110 0.998571443516262 0.0045715578118668 0.003241239633695381 3.6605166178269974
115 0.9982304822176864 0.0062611286501841334 0.0003441580976797365 3.6601159695568475
120 0.9987365776171473 0.004292524423621824 0.002720360127700383 3.6601231634086417
125 0.9991782136794252 0.0025563765856877474 0.004142691263425924 3.659213436341682
130 0.9984891189567378 0.005316247048533729 0.0018803028540965716 3.659279100626961
135 0.9989941160180982 0.0029178255455977187 0.0014647212657374897 3.6581995615519802
140 0.9980240217549661 0.007468544683696621 0.0033872372046277466 3.6596629038722095
145 0.9993558374450509 0.001860128068440492 0.0014931781180040904 3.6592308740407633
150 0.9984501213755617 0.005426927690424854 0.007241761437351668 3.658159748524268
155 0.9988292161812958 0.00401592460147171 0.0037795390109551796 3.6586244320142574
160 0.9992020119765269 0.002514887009771094 0.003800864832421702 3.659300899248042
165 0.9988564794352538 0.0038883585530817832 0.0013375080553701402 3.6590758909941745
170 0.9985531008593311 0.005072408053643507 0.0031332800867058808 3.6588648329488542
175 0.9992597808111177 0.002145309345311208 0.0025356516848107358 3.6583880747592654
180 0.9987074841706414 0.004580741511956976 0.0015700828047422455 3.6589700642480754
185 0.9985912938834902 0.005208094015938691 0.00013161401761108138 3.65813749426015
190 0.9983398270926549 0.0053641824973267305 0.0016824147619103336 3.657642058248391
195 0.9990130371205267 0.0031857820991874064 1.6636402217828916e-05 3.6575128850439516
200 0.9991152955114755 0.0030595622110314302 0.0028124459447080863 3.6580839962982044
205 0.9986153355269517 0.005134453400277295 0.009051137225959627 3.6581211105490956
210 0.999102185184533 0.003105063245765649 0.0010889203538004821 3.6576659018647035
215 0.9979154262377175 0.007625226301501087 0.0018877104274908074 3.657370334930402
220 0.9988579992654536 0.004118238108481442 0.0008341474424422568 3.6578488562585862
225 0.9989374173542238 0.00378942945735794 0.00203474206385712 3.6575145710891004
230 0.9976062716089011 0.008219420451835546 0.000978908859971206 3.6578582868766834
235 0.997722134732709 0.009363435469786019 0.00332815451087054 3.6572237024993566
240 0.99943072545196 0.0019551821493899446 0.003058439774277444 3.657827463841134
245 0.9989770211943634 0.0037028587239529287 0.00741383095061976 3.657970085829101
250 0.998388822326951 0.005832815615088638 0.0010990171255074177 3.6580263315421315
255 0.9993048031122552 0.002209725094711068 0.0035015015439809893 3.658120730627812
260 0.9994480778157523 0.001847112968131892 0.0009371632124239859 3.6581985147058593
265 0.9991350459074373 0.0031187153461056383 0.0018458275805290913 3.657380426929598
270 0.99890473720916 0.0039036321022889453 0.003027547968376121 3.6573183473975353
275 0.9992783120883941 0.002550394457040195 0.0004530064949646029 3.6574432420699865
280 0.9987364308339883 0.004365037441890873 0.0006838475854262782 3.657843889746891
285 0.9992949003661495 0.0024891531212523077 0.003343004111945991 3.657276057438841
290 0.9993903214172275 0.002063751460997576 0.0004840723639796263 3.6574942670278854
295 0.999409391161024 0.002027937765729959 0.0007476952243923307 3.6565568683717276
300 0.9893793124604715 0.04239072671296551 0.0013120840358569197 3.657460709696855
305 0.9992771654818209 0.002603045245519464 0.0017759660382934417 3.657262446446499
310 0.998522967737698 0.00552443179570572 0.0007769717680974342 3.6574760161650084
315 0.9982309535840571 0.006623681817405469 0.0002602358355510148 3.657129830454015
320 0.9987683301180157 0.004489014385983481 0.0033318728690923116 3.657574247029304
325 0.9990477722970633 0.003434849075439228 0.002174477890123372 3.657175485728971
330 0.9989344530614751 0.00393691075271807 0.001453976856908179 3.657325951364146
335 0.9991091488698349 0.003022571882214553 0.002871205551295164 3.65666206187601
340 0.9973520459394788 0.010380535210091857 0.0016214562090715035 3.6570778227476044
345 0.999120790729169 0.0032226018547651947 0.0007585067417923419 3.6576068003401554
350 0.9985181114728487 0.005532822553535599 0.0012721183571431371 3.6568394135786884
355 0.9977935740599957 0.008477173085529532 0.00041614642807474844 3.6568231592722964
360 0.9991829280818303 0.0030106312901074794 0.004038516352071753 3.65732903590856
365 0.9985674111683951 0.005229561656373338 0.0010887294222268196 3.6565650387616033
370 0.9993762246534716 0.002281665063331051 0.0017666874581045988 3.6568514032872947
375 0.9992979671757618 0.002474414290444038 0.0051142213500479095 3.656670090079071
380 0.9986252001310871 0.005262237288509386 0.0018189061377480442 3.656692627280142
385 0.9993197587094639 0.0022823990098097546 0.0023034107785584457 3.656588367514967
390 0.99936918982391 0.002208705455623683 0.0016944882474514422 3.6568937677255335
395 0.9970901246304631 0.011292511544483297 0.001504374382106377 3.656671616401218
400 0.997777060353824 0.008718555550968787 0.007479524516329938 3.656993864832592
405 0.9994240450723118 0.002053267558183247 0.002624461607630524 3.6565426995167263
410 0.9976904959211351 0.009397457823542954 0.0002594601775940397 3.6568456011938815
415 0.9987768411975729 0.0044614062389571885 0.0017047117552329016 3.656792116857303
420 0.9973150185918014 0.01060366310670613 0.0014712105721517155 3.657098330597943
425 0.9983034868027276 0.0063880733392398525 0.00040772115652032426 3.6564511489225957
430 0.999113621623743 0.0031481488288518378 0.0011540074906879472 3.6569145437213804
435 0.9989933164451219 0.0037925038587740545 0.007466643443587051 3.6563892845179145
440 0.9988631323969812 0.004403701404570803 0.0016078255322427015 3.65673490634476
445 0.9992229636990949 0.0027034088531521228 0.0011143029478561939 3.656562454269415
450 0.9992538129457995 0.002684116431368011 0.004162395486764003 3.656530844983932
455 0.9982488838662769 0.0065551029018307005 0.0014816772903214481 3.656033696993747
460 0.9987630074909477 0.0045083272325605606 0.0015639626936445605 3.65657231239425
465 0.999106768112678 0.0033945418882042055 0.0009415662270568781 3.6564704279667444
470 0.9987821654118866 0.004531639035740387 0.0020711671875262017 3.656565282055798
475 0.9989567776893872 0.0038260669439211803 0.002396971923487534 3.6564970491169464
480 0.9991840631542938 0.0030696990548433334 0.008420633321672533 3.6564998368732864
485 0.9992204487683928 0.0027447087981951057 0.0005570222689097459 3.6559023457358664
490 0.998960802555243 0.0038887539773155844 0.00251797574625523 3.656245066451562
495 0.997974330616267 0.00749131906232936 0.012403563518428973 3.6565888480061988
500 0.9973864211790315 0.009684217022260633 0.004505596502301978 3.6562015450953735
505 0.999165557198278 0.00309205095645515 0.004193156828752986 3.6565724214439985
510 0.9980661554927179 0.007452641131076465 0.005936010450374729 3.6564426513456203
515 0.9960900730113098 0.014863522582345468 0.002783775457898763 3.6561143260541895
520 0.9986185844460733 0.00532750704489926 0.002046977436924058 3.6563580246085055
525 0.9984905978079899 0.005763685228379334 0.0021304710114804504 3.656458015439153
530 0.9990940170898193 0.003315085912839244 0.0029702962691025014 3.656270376978151
535 0.9985280567475988 0.005655742403600783 0.003152191220303191 3.656308440401864
540 0.9990209257685058 0.0036697021866323176 0.0002132483555954412 3.6567422661213937
545 0.9986984751749882 0.004961312809813823 0.0008596562737794855 3.6560092534802373
550 0.9993398857231297 0.0023555465874287584 0.0022158360345907457 3.6559439695631952
555 0.9990796954945416 0.0034641872169896004 0.00784736650917206 3.656126581700085
560 0.9993078169518571 0.0024282139354587784 0.0003092395482882093 3.656571836725504
565 0.9986080798596257 0.005311614781086327 0.006434165763649746 3.6559160308640872
570 0.9991688055728611 0.002960179988734879 0.0036738833859262243 3.6559096981737955
575 0.9993897514057792 0.0020568828518916504 0.002515507378998416 3.6561982282288756
580 0.9984140546147227 0.006153438211081053 0.0055102271322129415 3.655579196218255
585 0.9994742748285039 0.0018861199333524148 0.0007259486554695993 3.6561773223980096
590 0.999218663145828 0.002922046828296665 0.002297598381633348 3.6560182900942007
595 0.9993642917317667 0.0023039842185075265 0.0038097345810654826 3.656434553058486
600 0.9992393303332663 0.0026434514974997825 0.0042631200307736705 3.6561294320499385
605 0.9991120023009493 0.003409342874705068 0.002439733632940033 3.655986977413367
610 0.9990692493551062 0.0033913041375068786 0.005002467747670103 3.656013376592567
615 0.9984021651000062 0.006151354114243723 0.0008476704972983917 3.6559795043995518
620 0.9995194179062896 0.0017176733039123704 4.57597801941656e-05 3.655838009126321
625 0.9994541082577355 0.001986289751038761 0.002246088968675286 3.656164838312726
630 0.9991552296143177 0.0030453668147809587 0.0025902835287880954 3.6559977849005225
635 0.9991753432906245 0.003108553461902197 0.011778428676956443 3.6557351874789417
640 0.9991261299512467 0.003191729678682087 0.0002102769635730084 3.6557313376398497
645 0.9991947915406674 0.0029521287238849503 0.0043363801020392945 3.6558724737881407
650 0.9991485240553193 0.003249618478938121 0.00855612962088892 3.656425290009265
655 0.9991975290692235 0.002916671824604755 0.00034807437086437076 3.655745495953283
660 0.9991195646982594 0.0032985432081220623 0.0019139547714419614 3.655698124131315
665 0.999408722023438 0.00214951674329944 0.0014625820709373016 3.655399736236743
670 0.9993584350737179 0.002322365531959303 0.00013456332920758207 3.6559512490411272
675 0.9995146542849913 0.0017666505519629006 0.0012869803089514686 3.6557961513155033
680 0.9988383278771888 0.004435656290705747 0.0014271925261291063 3.655880695211514
685 0.9984674347344861 0.005818574742041616 0.006467518625684621 3.6556684964935413
690 0.9991185376920138 0.0032685227452367016 0.00012155710166950051 3.65573861476079
695 0.9984208003468532 0.006073255926548171 0.005460423322171559 3.655795522617824
700 0.9987996681944475 0.004520052610613945 0.004425620756260518 3.6559839100109177
705 0.9991713561761197 0.0031870535230531516 0.01589906632172644 3.65579394630554
710 0.9992726065188684 0.0026987218699083826 0.0038792309774962064 3.6558194984320367
715 0.9986123316168304 0.005427195848666244 0.0047902630110172595 3.6557812874420548
720 0.9994622217318976 0.001948453064139155 8.91264463787067e-07 3.6559517524881704
725 0.9992545097995625 0.0027258141687585002 0.0024838090532395274 3.655537731097999
730 0.998918579605574 0.00418717644230604 0.00607429974403817 3.655781944104136
735 0.9989034447159304 0.004113998181917378 0.003958381110727771 3.6556523185236887
740 0.9992661554922537 0.0026786246601258057 0.005359248747501155 3.656174295052713
745 0.9990877715428526 0.0034184073872896015 0.0060705882356755225 3.6558228902161978
750 0.9991226640873586 0.003259648254686276 0.0006964620477305505 3.6554109479281442
755 0.9992932446760975 0.002614702285707704 0.001273403059052658 3.6560454359903582
760 0.9992698753803884 0.0027861699098639114 0.001959996343085635 3.6554889970991526
765 0.9986844875539054 0.004991311953210342 0.0061658620543030285 3.655615932270078
770 0.9990419984001855 0.0036401186547374564 0.0006113589222598304 3.65509670641193
775 0.9992046977699871 0.0029965094392325753 0.004454207166205926 3.655489241450908
780 0.9986304640121968 0.005335207583923474 0.002098469863122787 3.655612549104426
785 0.999431388791996 0.002032439588257162 0.0022643611214712145 3.655534393787672
790 0.9990911573056753 0.003177696217699477 0.0016618148712401748 3.655747879515786
795 0.9989430451445385 0.0040489455681025355 0.0012404473526255178 3.6563102544149184
800 0.9992442345147363 0.002786540245825808 0.0010903711600647181 3.6555151062986657
805 0.9988475132759349 0.004388997432395847 0.005466338520357716 3.655472916638791
810 0.9988366263994223 0.004386097659211163 0.002916167106063572 3.6558239068789344
815 0.9986099289229545 0.00537573270379621 0.009496855695998896 3.6554187515563026
820 0.9994330368854631 0.002014777436563975 0.00638265495587742 3.655938228013572
825 0.9989309153245716 0.004090172622353894 0.0010595555318353433 3.6557509334165155
830 0.9993681668117826 0.002242689238218354 0.00033508165405238266 3.655949869666196
835 0.9991540352846058 0.0030980110523204374 0.0022972559062881537 3.65534886833283
840 0.9992850164098954 0.002538142517346742 0.0007289553548728289 3.6559211124304274
845 0.9984501354717441 0.005966136598677618 0.001326760048429465 3.655525023599306
850 0.9994065850112026 0.002179143980688636 0.0008721504580115891 3.6555996006888645
855 0.9989423044813466 0.0040955935689863665 0.0020019022691670774 3.6557564303752916
860 0.9992102044235182 0.0029984007855761163 0.004139060382849946 3.65530928786569
865 0.9987134334261014 0.005085168041974786 0.0031418578637973926 3.655257633312989
870 0.9967996564183432 0.012804155183228083 0.006051589284321368 3.6553470340374656
875 0.999286042554975 0.002679604543057934 0.0058836358473519645 3.6555959593791987
880 0.999211178719738 0.0029349366210027483 0.006933754040745699 3.655707606952741
885 0.9992187877788978 0.002809333509892209 0.0001707088308404714 3.6557677888516724
890 0.9994677292863061 0.001900215717182796 0.0008341668122084922 3.6553292805300965
895 0.9992540987372025 0.002770050891309772 0.0019333495292130909 3.655728176144357
900 0.9990575240633122 0.0035060521534404643 0.0004893821589044833 3.6555458548504665
905 0.9990070310497526 0.0038623096933685375 0.0038867389023231613 3.655740688456993
910 0.9985130212462957 0.005811902449811779 0.0006815151885810611 3.6554920687548194
915 0.9984502362071318 0.006000661928113882 0.006364018912907499 3.6556414027590183
920 0.9995522582922467 0.0015942395088917038 0.002440556416586359 3.655541355019202
925 0.9989967415691063 0.003727365148499029 0.002641814056606906 3.655273702315839
930 0.9988409553348598 0.0044232205474012964 0.005490297950840661 3.6556448708591893
935 0.9992117096825318 0.002909003404691468 0.004540914307303412 3.6557801372509506
940 0.9982985760550568 0.006620955617882007 0.0013837815371731121 3.655198039193907
945 0.9993732492015648 0.0022685572775222873 0.004024150788060732 3.6555238453528465
950 0.9989104894194684 0.004142397158144018 0.002523801623440569 3.6560266709807605
955 0.9987230495732518 0.005060489642373156 0.001225864830783463 3.655718685564854
960 0.9992775907981482 0.0027464169354431966 0.001919441179034198 3.6552518243777876
965 0.9991925162953319 0.0028790801562044166 0.004631756559053901 3.6559354414661653
970 0.9993743553180439 0.0022776212438371246 0.0032658563137120122 3.655674063256084
975 0.9992327283710858 0.002843540245143217 0.002189991485771925 3.6558004443435923
980 0.9988089274276915 0.0038017503761866855 0.003350043419652282 3.6554204015344243
985 0.9988715913780086 0.0040632540416774 0.0010328491115683125 3.655503678665791
990 0.9991788688666803 0.003148280772528267 0.0061383784166120225 3.6558480997014247
995 0.9989140206369862 0.0040572985150939544 0.0022038212608241903 3.655312368507659
1000 0.9989932198828337 0.0037825919175196177 0.005850943261921371 3.655250820848485
