0 0.4457522671417718 1.8021244992782561 0.3356724992960938 0
5 0.9383108860246903 0.25414521863117745 0.01137926639956266 3.732716517791691
10 0.9278704179037098 0.2794948474507226 0.01782006972700656 3.7298685250691817
15 0.9299772731666255 0.26974289412288277 0.02222436007470563 3.723978256160622
20 0.9442211441116246 0.23281852671043568 0.004428265092450534 3.7147144432513373
25 0.9472607048269233 0.23506932085323662 0.010813328458746163 3.683745445157899
30 0.9603795490460427 0.18877923784636286 0.009319035649120622 3.6752369190773084
35 0.9607380810785351 0.1875458841545461 0.000364181955269105 3.67197872306227
40 0.9633186521333441 0.18015507542679776 0.00509859849001737 3.669921422299516
45 0.9634028582686773 0.17767033303412205 0.007337103316590543 3.6702653417558855
50 0.9956543842163728 0.013397323249761506 0.004540094518862947 3.682427356415173
55 0.9979532693632653 0.0059281054353941265 0.0006724429613269578 3.6644598355030706
60 0.9973843600835521 0.007325132944687507 0.006686866906469691 3.663952312385531
65 0.996003097267602 0.01300410655317119 0.0018298573991368805 3.6622960116379515
70 0.9977815729153039 0.006510601549146955 0.0006529763449434345 3.6623709536867874
75 0.9983709176045755 0.004640904451632011 0.006480642113781299 3.6619939290102663
80 0.9946400218628644 0.017510108244551237 0.0009361489178758564 3.661168283466144
85 0.9971481944125207 0.010374131029647238 0.00489618544657433 3.6608114564897254
90 0.9988005514748185 0.0032352853526513847 0.0016563903593200813 3.6607828717793804
95 0.9965305038944701 0.011622050100764003 0.0025852996755559854 3.660239491909512
100 0.9988081769143402 0.003845511478467234 0.005406416386041224 3.6605001854776367
105 0.998245628257471 0.0062570184694852315 0.009485031572364466 3.659706631890842
110 0.998679298016763 0.004129920622815142 0.0009750611317298485 3.6595317591726775
115 0.9991134509309503 0.002660175509299645 0.0018155817699421206 3.6598332033535526
120 0.9989037828694608 0.003294719421969905 0.0029253972997462796 3.6598855644977584
125 0.9978376908586013 0.007325615533575025 0.005170286342291108 3.659677301983355
130 0.9984075736684486 0.005264884482859777 0.0033715178550641767 3.6595930806203314
135 0.9990644242373116 0.00281417360662628 0.005974785140672845 3.6592038018625566
140 0.9985938146638136 0.0048691284927437906 0.002903112740039404 3.6592522457301353
145 0.9992519305771294 0.0025959406463744727 0.0004338361676785585 3.6588394335725933
150 0.9987045212527103 0.004521185689910556 5.2565814922411747e-05 3.658479905780143
155 0.9973220110420176 0.010220206000024934 0.003405638914364184 3.6584544788323576
160 0.9992443391957635 0.0023216067486728775 0.0011437609985784913 3.658305121591638
165 0.9990466988517963 0.003323715168713104 0.002772589143865245 3.658203202373988
170 0.9980793994107464 0.006940794942666972 0.006807714487598648 3.6581537806313458
175 0.9972435884905642 0.010164265431092723 0.0036630493941205433 3.6582082834981713
180 0.9968275310112993 0.012068727424225045 0.004814752769755071 3.657872511346889
185 0.9992835488732069 0.002445915649120778 0.005032011299034966 3.6573142755097208
190 0.9992562918116208 0.0025807068586303217 0.005516758627436502 3.6584436560937923
195 0.9994052958973461 0.001934609982936486 0.003232427113315728 3.6580761167375857
200 0.9980532105937487 0.007711332597919007 0.004946343074482051 3.6580978254820304
205 0.9989664653981919 0.003828305630290796 0.003325287505323571 3.6576827368445963
210 0.999294320395423 0.002209745059588375 0.0008707065351962751 3.657586942193583
215 0.9983386331521875 0.0061226359043740075 0.002649987626326178 3.657359504101858
220 0.999328513490601 0.0021327934977968255 0.001184067781344611 3.6577818583679282
225 0.998980824259039 0.0033691879049349005 0.010826856244382732 3.657249913622075
230 0.998845322141694 0.003996045630640932 0.0022309394330866095 3.6576905896725354
235 0.999124802178901 0.0032083678967977924 0.0036889970193163535 3.6573392600524506
240 0.9990459621851467 0.003586157038994564 0.0010864909234999942 3.657390474688687
245 0.9994843822291877 0.001782930464726995 0.002781901858492475 3.6576415434614455
250 0.9993243385884026 0.0024150843613823803 0.0015888392025413811 3.6568316173602087
255 0.9990727067956924 0.00293686825597117 0.0019450759849566346 3.6570919565633653
260 0.9991844650609024 0.002976601757358033 0.0016042975084893385 3.6571855496286356
265 0.9991624600690142 0.0031357675643013394 0.002797466471370358 3.6570693411015838
270 0.9991588742262332 0.002990490745484742 0.001693744016701526 3.657703229086282
275 0.9782001902872581 0.052736403922561514 0.025906009506047045 3.6570619691962896
280 0.9987190315950547 0.0050051764477982985 0.004647156095340499 3.657485775081615
285 0.9993470955256412 0.002326492650940537 0.00037197178908976447 3.6572295737184355
290 0.9987013089002839 0.004912944215187842 0.0024466317677405147 3.6572402402064896
295 0.9991798560496733 0.0028356249960390656 0.006440734516195201 3.6572793649910476
300 0.9992233488008854 0.0027898233625114344 0.00523922882659944 3.6569247293905196
305 0.9989938586301351 0.003669984197615328 0.0011349647113125805 3.6567560686144533
310 0.9985966076465083 0.0050243747681713025 2.4261712457729345e-05 3.6569180561922763
315 0.9988458757277476 0.004116747003149346 0.001824579355910405 3.656989248937367
320 0.9995201782055612 0.001621400035935583 0.004754635588222644 3.6566173644145192
325 0.999145821924007 0.0031535648585343523 0.0014814424740083876 3.6569818679916155
330 0.9992183539721091 0.002772227416403261 0.006683135905840798 3.6569600480395055
335 0.9980716677464455 0.007441362298708842 0.0026254818584012796 3.656788967261292
340 0.9988387789155708 0.0040668790901436935 0.00016612980764940666 3.656993570391806
345 0.9985227010321198 0.005330907449180966 0.0003060823412284197 3.657152465544729
350 0.9990159985472191 0.003629796180905309 0.002617054471208524 3.6571116883234267
355 0.9992753185460519 0.0026556453574504424 0.0049895179773118414 3.6567921647665975
360 0.9995859437549489 0.0014103735026820274 0.0025863953795310923 3.6571054280315387
365 0.9991672526145519 0.0030825435405064106 0.00655819438887395 3.6570143694446324
370 0.9982322341796614 0.006887663714450376 0.004329125400496903 3.657074866203377
375 0.9988205918928141 0.004406483593687227 0.0005250509697025674 3.6563895811920117
380 0.9991854407278681 0.0026641479149480674 0.0003901072500782643 3.6563409292005313
385 0.9989254407007371 0.0037958565158295876 0.00011619528431694448 3.6568031979968225
390 0.9993058292060288 0.0024224784725950244 0.004048518447877569 3.657227234046258
395 0.99805193007448 0.007155911701803408 0.0011423292165606558 3.656592153655742
400 0.9995382969678848 0.0015171444039845383 0.003984470021248354 3.6565985836868915
405 0.9993027825995258 0.0025053907896195327 0.0026149111788762447 3.6568977859045866
410 0.9989394261128185 0.004036734082341731 0.0028066839728304593 3.6561600855889225
415 0.9982697982361145 0.006413699975644338 0.004819992793353434 3.656695775804727
420 0.9984916631589993 0.005854782655974944 0.006308139652929201 3.656363336579035
425 0.9991282622625769 0.003076830986324275 0.00037749618076454716 3.656361052414047
430 0.9983709495359344 0.0061810653177447605 0.0009038262857572477 3.6562141005586755
435 0.9989169725463827 0.004082733777082126 0.000649829152951753 3.656868074490969
440 0.9990969936775086 0.003398503462482605 0.002448715481553565 3.6560138685315233
445 0.9990898823851968 0.0034765748352851844 0.0021230700970613636 3.6568256494142566
450 0.9992905780188978 0.0025458951070302938 0.0027781384914129514 3.6558123881718996
455 0.9993688082099081 0.0022662820961376617 0.0038624485461351554 3.656843375791348
460 0.9979572295181346 0.007532874015113933 0.0005815455519844193 3.6562865275455323
465 0.9992836496780275 0.002616258417111439 0.0013134471253468671 3.6565250825719424
470 0.9985072322699964 0.005639131136311537 0.006787967417176244 3.6564404248323616
475 0.9994217818395236 0.0020115695219993235 0.002504714865113833 3.656784870310754
480 0.9985878388579388 0.0056682440853510485 0.004455572175844802 3.6564283447192425
485 0.9990171643199057 0.0038571711057198144 0.003098569398989337 3.656288073053288
490 0.9988599785868999 0.004205253847229695 0.00210565502880411 3.6564792034540137
495 0.9991951745012557 0.0029816165174763043 0.0019285445979557725 3.656379774480829
500 0.999350623396876 0.0021982216423470646 0.0012670408481605389 3.6563079894978783
505 0.9990293290967661 0.003590355911382126 0.0020913838728280343 3.6564263443823397
510 0.9987229423927262 0.0049585586155767025 0.0016101523397575868 3.6562327975496927
515 0.9993350249608545 0.0024938578526709776 0.0006399588256777999 3.6562142402800406
520 0.9990069138117985 0.0037060976609533114 0.0004599637789473032 3.656217229820742
525 0.9985625791651866 0.005582453892844619 0.002162695065893727 3.656035689614045
530 0.9987289589544082 0.004663959364932246 0.0008965650104704181 3.656395119746051
535 0.9988175039746974 0.004551307607042698 0.0011525355173498397 3.6567279152578482
540 0.9975005636764522 0.009843855772062593 0.0003166703924992742 3.6565327758329924
545 0.998958889603488 0.0038960229151348003 0.0029724194321010255 3.6562838883922124
550 0.99903424148497 0.003687912773595148 0.0033298142734343728 3.6562776822336165
555 0.998836161940371 0.004491885367835291 0.003085606490036197 3.65642060097012
560 0.9993168579903757 0.002376689649651098 0.0006543684230213564 3.6562657151179616
565 0.9989329423724311 0.0038995996714312753 0.0043421701802270896 3.6563342702977066
570 0.9985274406207203 0.005706338604807737 0.0020029659374063424 3.656193799323081
575 0.9993160762985197 0.0024973787297910555 0.0022332254807049257 3.6560766945602
580 0.9992059954679535 0.0028865591989610806 0.0045582487072386435 3.656210852153916
585 0.9984214052031319 0.00584824137490747 0.0003691044895384188 3.6562624269474266
590 0.9990696961178813 0.0033799223464923145 0.00013882720013080885 3.6560106607361633
595 0.998854338221889 0.004303035594189097 0.00039072780244198135 3.656722806300915
600 0.999077415958833 0.0033998385915237073 0.002178131757251789 3.656416332784574
605 0.999433549951361 0.001980943851633832 0.001404811859656796 3.6561370605276657
610 0.9991783655000395 0.0029507962445221025 0.0020732457609795585 3.6558001412916905
615 0.9990761194977453 0.0033579365435132402 0.00423907080054664 3.6562768197441127
620 0.9994575513999315 0.0019038507754003398 0.001577504478247338 3.655744187433626
625 0.9992149627403781 0.0028505743747846424 0.004095983940860304 3.655964728800258
630 0.998948148209698 0.003951699252098262 0.0016165310089952811 3.65618989290641
635 0.9989678164515384 0.004000242741331483 0.0017512695034203052 3.655580592735368
640 0.9992040881845378 0.0029316912453949406 0.0007240402619854702 3.656009296621111
645 0.9984546547006938 0.006009776395694999 0.0023705317478033283 3.65579855272605
650 0.9992104148435293 0.002950044359258719 0.0077877022096053405 3.6558721889760246
655 0.9994449785058038 0.0019179543905791796 0.00041995808829931036 3.655556546698351
660 0.9991536096159801 0.0031045605567294743 0.002480125824166235 3.6560157880618225
665 0.9992569446484743 0.0027289914164247975 0.0016557481041699074 3.6563542590198144
670 0.9987611804129879 0.004768846929722237 0.0001605367332595531 3.6557827246298498
675 0.9988303986811079 0.004405983023631599 0.002710070134725573 3.6560412434588203
680 0.998358174959245 0.00615139862131775 0.0012148538540079912 3.655926969573492
685 0.9989679527342524 0.003815460021715733 0.002930319281402305 3.6559576779844183
690 0.9992483859013325 0.002789289641471626 0.004593547737584913 3.6560023590470534
695 0.9983807249869423 0.006325535776741109 0.0025766713612573877 3.6554047120553554
700 0.9991569531385963 0.003106936689821538 0.0015340202464357855 3.655869856090641
705 0.9985496254066746 0.005524078277575839 0.0061709919708570204 3.6555211326681394
710 0.9987125862847948 0.00484151987859649 0.0019323447765773327 3.655862783755258
715 0.9988848075665027 0.004211443583194363 0.0005752222017236797 3.655717371530621
720 0.9994338963819482 0.002053372784752927 0.001172159349238866 3.6557999532176613
725 0.999529801526958 0.0016699693161088547 0.005317329414801675 3.655744759954372
730 0.9989449293742408 0.003920323787107716 0.005362500062425557 3.655664694908158
735 0.9990670202395321 0.0033339526583811008 0.003703055117483256 3.6558276835530363
740 0.9994429408456913 0.002002929435221734 0.00039973291513328846 3.6557174467584446
745 0.9990550235884303 0.00358528594549945 0.0006305033520535019 3.6558914099398567
750 0.9993927030217795 0.002221914881971543 0.003359101534481823 3.655920443779296
755 0.999329554516491 0.0024547437100488345 0.0014603818914766808 3.6557670153595274
760 0.9989367082555238 0.0039947878438546525 0.003995843434029034 3.655400978500284
765 0.9995002085737553 0.0017265043468697172 0.0001556788835601619 3.6557271807437326
770 0.9985240550670561 0.00568325836260275 0.004771305330218967 3.6552071370323698
775 0.9993129476355014 0.0024867535180299605 0.0011584487529701093 3.655854594461996
780 0.9993656942321533 0.002302939440616214 0.005751949151090674 3.655615750902612
785 0.9994467147652587 0.001965281378494499 0.0005109502198064053 3.655575218113506
790 0.999214892900999 0.0029012796578316014 1.401213539375945e-05 3.6558106666450754
795 0.997578617989993 0.009445573462778967 0.0036690095942104595 3.6558160489219125
800 0.9991723910698851 0.002982636378736192 0.0036898897936057384 3.6556652740904365
805 0.9989986215223943 0.003777020936108322 0.0006147115780001933 3.6558474587212357
810 0.9994038620953315 0.0021495313585622178 0.0013619567844223024 3.6557021950441277
815 0.9995111385862546 0.0017413644394834726 0.0032721398664128376 3.655233388954824
820 0.9994667651721431 0.0019100306211279339 0.004180487649319664 3.655843698673177
825 0.9994441757978235 0.0019594616216691563 0.0023791321870736404 3.6554658727767086
830 0.9994282534705248 0.0020262462058120434 0.00022098887950616763 3.6559488512889775
835 0.9992241166097997 0.002906836898139087 0.0010568826556025535 3.6558108069582484
840 0.999068329976388 0.0035373935218294683 0.0002427414073726819 3.655548816103718
845 0.9992659725369362 0.0026338338872848865 0.0013414952649188905 3.655537798740414
850 0.9995171865410634 0.0017139892269244505 0.0025062613844499815 3.655561307451829
855 0.9988494166672257 0.0044260509408289295 0.00033600131708921843 3.6554520970497686
860 0.9993230965340123 0.0024785020541808755 0.0031677705896631103 3.6554737697158286
865 0.9993449836943815 0.0023169465235794995 0.001968441434254009 3.6554750803046714
870 0.9993610986121544 0.0023376746579826246 0.0004395540363701933 3.6556824665047505
875 0.9992723511191499 0.0026430088873268254 0.0005559032301358791 3.6558345934998413
880 0.9992611453302359 0.0027449974934343757 0.001586146278913736 3.6555139503186704
885 0.9992080479283819 0.00288418295799886 0.002676160865567878 3.655909720963609
890 0.99866800380985 0.00492048492371433 0.004705309341233699 3.6558128141345123
895 0.9992024118765843 0.002988905016164889 0.0020119480592988292 3.6552967974376895
900 0.9993744295523169 0.0022586415732410714 0.002958820919069627 3.655699712493542
905 0.999325933493854 0.0024500407700385196 0.0014076324001346396 3.6555420066892754
910 0.9979465032142381 0.007964650380644311 0.004417734284362096 3.6554904939515795
915 0.9994059432771091 0.002161866903769294 0.0038567544191872027 3.6557091675513176
920 0.9983262029615336 0.00636665215989396 0.00014478513900750833 3.655618765049235
925 0.9978164712793895 0.008401612946610015 0.0010864630622147153 3.6555488028142413
930 0.9992061479033083 0.0029062955355816378 0.00483293671443108 3.6559641701911714
935 0.9993708732585243 0.002229993554138332 0.0006853257521872713 3.65556744709131
940 0.999307397909098 0.002556228646188874 0.003379711758192405 3.6554665980425898
945 0.9993439236677953 0.0023908147407127878 0.002821582462180894 3.655800730793171
950 0.9985676328461607 0.005533010252619874 0.001124087754227121 3.655574282672555
955 0.9988246091605009 0.004478065382034657 0.0011777236555940984 3.655414102897918
960 0.998890477408463 0.0043022909158709766 0.0005706880558982164 3.655583757632817
965 0.999433738249717 0.002053344979151994 0.0016910105993255264 3.655371068731737
970 0.9991593272967595 0.003150385937124689 0.003215409498700028 3.655755000586552
975 0.9980393331919879 0.007722672173438472 0.0035531911923147863 3.655227065768567
980 0.9994237792692827 0.0020726026226562944 0.002140562336496288 3.6557675859564034
985 0.9991912830684745 0.0029158508888644796 0.003478943609780183 3.6554333851636382
990 0.9993463213681127 0.0023667898476507077 0.0028425989648481753 3.655334090704211
995 0.9991330586080904 0.003204065294148961 0.0009043209638213145 3.6551116989554298
1000 0.9988430792488664 0.004320640600494308 0.0026563803011934173 3.655068340528282
