0 0.4267511684670029 1.9185703947798611 0.3530308787892088 0
5 0.936986652638692 0.255583362487783 0.012484883458526497 3.7312608023737073
10 0.9388455573617658 0.2469603058386829 0.005306920987972363 3.7311268361461547
15 0.9344041848019919 0.26413579557363365 0.014494863572318328 3.726032649477462
20 0.9321736807245442 0.27389455234696936 0.01595657993531474 3.7222318142329187
25 0.9485802667605756 0.2150210488288926 0.013654742847929224 3.710931290769794
30 0.9609236006558637 0.1836759135680417 0.0012445709480619627 3.682363502144862
35 0.9591863018464297 0.1978448090400815 0.009847364585011675 3.6745532936067433
40 0.9646388585652373 0.1717270531156645 0.008107752031328186 3.6719868447666255
45 0.964113375323358 0.17917217593364176 0.0029380947087080944 3.668257189474218
50 0.9898290240812929 0.033726284049948596 0.004853926453854962 3.6853105685739025
55 0.9963366719468338 0.010677885218406402 0.005558899808375761 3.665448143128981
60 0.9965079888080803 0.010505066075952918 0.004286434457692501 3.6650684301730196
65 0.9967197504026553 0.009180294905093866 0.008327909510485343 3.664306322668663
70 0.9971275592628316 0.010202671111525952 0.0008048474800299577 3.6630225082735395
75 0.9980134482758918 0.005864937022895589 0.002011237256062337 3.6630748181396853
80 0.9968079140953564 0.011702453201121621 0.005104577348461925 3.6625618636553487
85 0.9987314134490851 0.003230771091430107 0.004804995819277069 3.6617878208677412
90 0.9982726795926462 0.005578466820218342 0.0007545242934303698 3.6612196337288783
95 0.9982867391139557 0.005136816054400306 0.00399350866282111 3.6611134953068443
100 0.9981990963622671 0.004999825253492407 0.0005690430519995626 3.661342735181856
105 0.9984276578984063 0.004582277362730203 0.0036338115503327106 3.6613533385929897
110 0.9988309308781453 0.0035162473834731145 0.002842219847765781 3.660892245953674
115 0.9987243860804141 0.004268956846460448 0.008814181141957533 3.660601511971306
120 0.9984968634791265 0.004925549434141807 0.00030412058004913867 3.658873675120116
125 0.9985301880603606 0.00489830787875567 0.0023250212453873598 3.660520595079068
130 0.998811300784909 0.0035214976714792456 0.00224313290820799 3.6598263087382
135 0.9944292705910418 0.02142001334998689 0.0026809229377640076 3.6597460738617946
140 0.9971089925195462 0.010220628587338076 0.005838983016716481 3.658226540822345
145 0.999000376121552 0.0033818551696191967 0.0007186758600556953 3.6596152132539896
150 0.9980193144139365 0.006956843194839468 0.008127621554987252 3.65826767877321
155 0.9987509308850636 0.004641390430319525 0.0005652236098647734 3.659385200113385
160 0.9966786405689015 0.012724306865683932 0.006240740173832693 3.6586949312948183
165 0.9986570158868515 0.004474959926565436 0.004984836951048566 3.6589259204159923
170 0.9988075956278464 0.004210072718474844 0.0035391396690167554 3.6582729951039186
175 0.998915656776908 0.003919182495249363 0.0014008753858874012 3.658121579911696
180 0.9991506820415408 0.0028824017372328647 0.0021646346207397915 3.6580729586502234
185 0.9964194628472379 0.013484584892531792 0.0004915283439779206 3.6586605438243187
190 0.9989096254761088 0.00398868118266682 0.001240630916959029 3.6582083494534703
195 0.9990365010082247 0.0030748883753961564 0.004723608389170186 3.6579536569071367
200 0.9961768164640022 0.014375067567812927 0.00135318477263624 3.6579656335945394
205 0.9989558858953307 0.0032403709835033823 0.0019637517342527833 3.657597870331766
210 0.99756511227021 0.009578739021622429 0.004504718632647009 3.6585033610334845
215 0.9990562693151758 0.003196742248480877 0.00242169830061556 3.6579187705683522
220 0.9986312782640128 0.005169421222461779 0.00035369490417669347 3.657200005882012
225 0.9989996341808306 0.0033123120188021105 0.002115858249294611 3.6578276118617405
230 0.9964836960674595 0.013725077182580758 0.00983623340300288 3.6575003336465532
235 0.9991105952146747 0.003124800897575053 0.00023614677205086032 3.657005158859493
240 0.9988789945562058 0.003717826688371062 0.003565331412086259 3.657751323612172
245 0.9993481145577112 0.0020430778813040895 0.00014813239756805707 3.6575144095420535
250 0.9971846357296059 0.01082594217927646 0.0008087954485731519 3.6577501663142886
255 0.9978980307651806 0.00753588909898939 0.0016183602953130372 3.6577469784409633
260 0.9977274350353234 0.008270992923076648 6.942299389867124e-05 3.6567363864123377
265 0.9994591765365913 0.0017999409940094857 0.002608903378946259 3.6578118167255247
270 0.9985114740161425 0.005990648411262178 0.004249499449275218 3.6565614501073047
275 0.9993163022269215 0.0023889100436145227 0.002293804203854055 3.6576955885544193
280 0.9990982202370926 0.0029277848770008497 0.0050090165567711065 3.6566324017282237
285 0.9986075003682421 0.005001920193835385 0.004957210369308518 3.656907308318596
290 0.9987280547553046 0.004304323378607311 0.0006331446662113382 3.6571795230635753
295 0.9990296590328166 0.0035464779577329963 0.003938693711290853 3.6570503853591743
300 0.9990010177424012 0.0037589570778910897 0.0019711836430180707 3.657293055394547
305 0.998953247598392 0.0036122938525751103 0.0018017013462405806 3.657265671591314
310 0.9989544626794107 0.003727254448387285 0.0003337387080362131 3.656982470873916
315 0.999200129928826 0.0028462364176902177 0.0020023269399565002 3.6572650216239975
320 0.9990551766295106 0.003377638653977222 0.0010691772785633713 3.6575445180973944
325 0.999378305979403 0.00211418674028252 0.004777223008628706 3.6575335537035234
330 0.9963677551283826 0.013938250057647483 0.004372809635629249 3.6567212773504423
335 0.9960855599782871 0.01585477400128088 0.0026875125800387423 3.6573643283221635
340 0.9991190622227705 0.002893323892839028 0.00034497727844140513 3.657135301802736
345 0.9991783596044541 0.002879804180145218 7.915074986963866e-05 3.6574426575731946
350 0.9992319275369032 0.0028819756837745736 0.003637983435622383 3.657114631214863
355 0.998165862564471 0.006836286952424331 0.001678352968111696 3.6569737598122236
360 0.9991077779099491 0.003323140719289075 0.009132123660448244 3.657139945211115
365 0.9962146321378451 0.015076291885261384 0.004569367380183653 3.657284859238494
370 0.9992190725978363 0.002887137614737245 0.0012129943896515005 3.6575435491523387
375 0.9989744844684671 0.003972318178239842 0.004076645417940172 3.6565506747113234
380 0.9984406562273764 0.006010129460396918 0.00013604442582404452 3.656656160720429
385 0.9987301613081958 0.005001536104148219 0.0017547424063923955 3.6563925217374837
390 0.9992855165519803 0.002641271583024629 0.004475293654323753 3.6567466781328073
395 0.9994825751410408 0.0017766022550946836 0.004848957791303121 3.6570996875904758
400 0.9986384464779501 0.005193359692861943 0.0008048761763139733 3.6571541345472993
405 0.9991557113748399 0.003174936651651805 0.0032496487477455815 3.6562173232337822
410 0.9994341217717648 0.002017672778375168 0.005734740996571119 3.6572589452125976
415 0.9992555794623563 0.002780418012259478 0.002326857543144767 3.657226273258946
420 0.9985121936566518 0.005877342259078322 0.003946651506448573 3.656769469067297
425 0.9991292464585744 0.0031613122388165493 0.0008355096460153089 3.6564448943200567
430 0.9991099769011307 0.0032596704483638383 0.0005548388101430657 3.6560429656470923
435 0.9983548433416376 0.005543789227834051 0.004539065125370945 3.6569566858462794
440 0.9988796964628668 0.004211533554859148 0.00374316837150257 3.656777391291898
445 0.9991721002063154 0.003022813966949922 0.0038315141721896318 3.6572636666643406
450 0.9984323432963624 0.005543317424276939 0.0022617690823290015 3.6561162154376436
455 0.9991911885184714 0.0029082369117316986 0.0008681564305985656 3.6570976622383777
460 0.9982536730635336 0.00684503389019353 0.00204907252859865 3.656766018939227
465 0.9992854388408887 0.0026397347173592323 0.0032387121288228737 3.6573711045497084
470 0.9990429171347317 0.003620791958155678 0.0025559415692586462 3.6561837398638835
475 0.9986772989769964 0.0050776452465441935 0.0060828113581576915 3.6566681892062802
480 0.9987140855611116 0.004871240200424509 0.003208465106996128 3.656176004219972
485 0.9988841217955714 0.004202456151253031 0.0008311383101198278 3.6570471876906994
490 0.9988906430548636 0.004227685958769989 0.0024229920475860034 3.6569281119475203
495 0.9983967113549227 0.005729128502718339 0.0004249260070874339 3.6566991184019098
500 0.9984963636006443 0.005736920310980054 0.0015931475513983884 3.6568054343463343
505 0.9990141511003028 0.0037246786956162126 0.0036962359862759975 3.6568624659794127
510 0.9989275589604542 0.003950685600012882 0.0005301042321896876 3.656545260246889
515 0.9995303438313808 0.0016864520625441415 0.003392793508866676 3.656581637327635
520 0.9993835307195608 0.002160702207747889 0.001903448333760993 3.656305013901533
525 0.9980978921140624 0.007339775816837868 0.004430276903923058 3.656529500482448
530 0.9995095146871195 0.0017328123470679024 0.002645784589305311 3.6563444189532395
535 0.9990536953242513 0.003671026393674115 0.000290416863973908 3.656109552436506
540 0.99913222294679 0.0032927300634866263 0.0041410292335206655 3.656433287806948
545 0.9987603195952959 0.004570265431782072 0.0007547439319512961 3.6564450641053345
550 0.9992214602548471 0.0029263885223280717 0.0037115935603051486 3.65647680233493
555 0.9971747441646084 0.01069909980714634 0.0090935777804666 3.6563946512827776
560 0.9993055491283791 0.0025766279410728288 0.0005903825480022551 3.6563239127173484
565 0.9989827050643629 0.0037239886755950913 0.0016999906647743313 3.656436520210182
570 0.9983677877991943 0.006171679563858223 0.005102909201936123 3.656486629641691
575 0.9989321219217542 0.004088924750421441 0.0036528557140127482 3.6565591421324375
580 0.9982167183823103 0.0069467458131637905 0.001095251864400959 3.656078305035663
585 0.9993076265003482 0.0025944654954579427 0.0017276466825451031 3.6567563826423766
590 0.999386079689672 0.0022803482235120853 0.003926837959825624 3.656480602995142
595 0.998356237729611 0.006579568769862654 0.004776938489617688 3.656549850623553
600 0.9994207871498386 0.0021390774754057595 0.006128194948830323 3.6562368354256396
605 0.9984939295525413 0.005809133433048341 0.0031438026062855506 3.656389211445803
610 0.9982574610303139 0.0066243104901557714 0.015384207677469952 3.6558421336836573
615 0.9982662602161585 0.006829545884732724 0.0033606087409741026 3.65642425719122
620 0.9992198353737027 0.0029154929919181782 0.006494435234403406 3.656270781370846
625 0.9984426599357683 0.006073971320714744 0.00015090462658906567 3.6559765109127413
630 0.9986450646056247 0.005194381437266138 0.008468258461128864 3.656370765397621
635 0.9991712509022344 0.002885731713837547 0.00406219364268412 3.6562167531579366
640 0.9994016139020976 0.0022216758787676483 0.0014263278783153144 3.655967718107503
645 0.9990501300877503 0.0035884287494516443 0.0022179224754508287 3.6570653358483143
650 0.9990279182609572 0.0038083445478473976 0.005809432844870566 3.656309178286892
655 0.9990657152325555 0.003443595722921966 0.001836469763842663 3.6563055821702104
660 0.9993926953291046 0.002284137492237104 0.0012546982388903505 3.6565283944351763
665 0.99942531827426 0.0020991657556415078 0.003220248290064065 3.656577976147821
670 0.998495624041559 0.005871044462124164 0.002777835337656853 3.656341366647347
675 0.9989917496094737 0.0038503973941956815 0.0021915868934589966 3.6578115886462657
680 0.9990145470602749 0.0033450822813430037 0.001287953561158739 3.6559016221948855
685 0.9992988385680388 0.0025744206827580385 0.003741693377858013 3.6560012462737346
690 0.9991868043792933 0.0029898012278164465 0.0036417538711859265 3.656425389484139
695 0.9992078789609621 0.002901002891257942 0.0024187869458025535 3.6562847378348824
700 0.9983082661786744 0.006478778943864505 0.0008749790723070472 3.6558655024930387
705 0.9990827140579868 0.003454227887138117 0.0038909216605147456 3.655767895484708
710 0.9989965312945128 0.0036743876842275647 0.00033619265102724505 3.6562775469818014
715 0.9988436609789819 0.0043169543505352515 0.0009800214609012592 3.6559016816321743
720 0.9989906015930442 0.0038155178569363457 0.0055159368088224525 3.6562920462883155
725 0.998666543210535 0.004818867747556688 0.0049235079432312645 3.655889334326387
730 0.9993936636748753 0.002214938903307484 0.003215002981828974 3.65584332277881
735 0.9988918985307425 0.004234309967238836 0.010624198544178398 3.656418298683209
740 0.9990303844562698 0.0036800453469791883 0.002749256345660145 3.6565091169188504
745 0.9995286259641006 0.0016587667282452756 0.002008205115266337 3.656125897759952
750 0.9988061421349032 0.004399594801892448 0.010935586645100415 3.6559226597901553
755 0.998803799048079 0.004615668171996212 0.002781711417980004 3.655934223646724
760 0.9993309815368834 0.0024007688565497176 0.00813497116671047 3.656381037288146
765 0.9983667922962123 0.006340471856641994 0.002371188341035557 3.656552261541847
770 0.9975076264483769 0.009894274838699868 0.005830425678582829 3.6557201368083754
775 0.99944276209189 0.0020178060711648627 0.006240963856334991 3.656162139668486
780 0.9992083866751906 0.0030293915741674837 0.003780524647790884 3.6558394422166987
785 0.9994085043979883 0.0021938817434152824 0.001937007824866166 3.6561846672829814
790 0.9988078589733198 0.0046108301489518055 0.00646089811343975 3.655863321016932
795 0.9989179405473174 0.004257547264674866 0.002527488481194551 3.656038440588391
800 0.9994994404665648 0.0017989692319502204 0.002343628619871252 3.6557581610638534
805 0.9992437184790937 0.0027968262914992437 0.0022125423049155213 3.6556407847486456
810 0.9985709025458203 0.00559365374219567 0.007499653820699725 3.6572428880818753
815 0.9992835251461545 0.0025938947705586024 0.007507362103884363 3.65599402660937
820 0.9990290676295157 0.0035110627756802515 0.00198914581643006 3.655759623444531
825 0.999438374775411 0.0020850504433558292 0.006075942916544896 3.656098912378021
830 0.9989108956374169 0.004006582211377285 0.005652392928007677 3.6564791130027343
835 0.9987499484923708 0.004768579899076197 0.007156294732906465 3.6558688434043107
840 0.9993562273913283 0.0023196544627972493 0.0023714412921023165 3.656219045977252
845 0.9988591039635014 0.003979048501145055 0.005431532963459551 3.65549091662536
850 0.9993309606512034 0.002482424461288435 0.005470889126017342 3.6556339504978905
855 0.999058016457024 0.003577281534352217 0.0007268137435521016 3.65599226069817
860 0.9993707431722194 0.0022961092456457166 0.00037278900998583 3.6559290231809856
865 0.9990773323579124 0.0034618595644348993 0.007692344903685644 3.6559857724870954
870 0.9993187110078199 0.002409215209654647 0.00023754033805745145 3.6560080471541956
875 0.9990907799598069 0.003274964409925918 0.000914201399238701 3.6556772133675435
880 0.9993119912413089 0.002582789232413951 0.0010969336789299344 3.656469548079566
885 0.9990628255446161 0.0036195222318253784 0.0009089923760143837 3.655721763061578
890 0.9988404150550395 0.004314880496265161 0.003791191142838768 3.655810574567104
895 0.9994269924746819 0.0020658080760447284 0.0019836949474998367 3.6555997606858543
900 0.9989865486241799 0.003892564376285268 0.004630408744020098 3.6553074866035336
905 0.9992896991995136 0.002623230398594689 0.00429049919501967 3.6561842443756665
910 0.9983606624952284 0.006437222013937038 0.0003969102869119112 3.65559969219801
915 0.9987218457794715 0.004848995540156498 0.0031733717975288567 3.656053880675302
920 0.9992364734692267 0.0028957316359115026 0.0011951663597522533 3.65585605296091
925 0.9991059254862003 0.0035188371074186264 0.0005009663019173161 3.6557305211091555
930 0.9974044373416262 0.00985043657202489 0.0011546690291603934 3.6553942907812216
935 0.9994344305522165 0.0020655891753005307 0.002993004427182422 3.6554969325758417
940 0.9966852905881972 0.013235390632802435 0.003409110423048478 3.655561245054232
945 0.9992561274683474 0.0027609634296092977 0.0012878050229341298 3.655747916053617
950 0.9990807523667947 0.0034412618732257982 0.005220811826136984 3.6556945945458614
955 0.998657012038495 0.005114605960834684 0.002480182059008351 3.6555553569898773
960 0.9984043479461361 0.006245689949342381 0.0006056731445560626 3.655659503505599
965 0.9992493530685844 0.002829401715587654 0.0025089478575781587 3.65656286520868
970 0.9992716467137647 0.0028010320706983727 0.0026385771681554093 3.65555149937621
975 0.9993115492543572 0.0024476376924171817 0.005023044025602941 3.6560769146004812
980 0.9988300268217536 0.00448748617777639 0.000672202038947356 3.655706304206266
985 0.9984316935847508 0.00611090411715054 0.00052601919034867 3.6556618999317543
990 0.9990325834134227 0.0037244228275779 0.00590518515830829 3.6557468086333076
995 0.9994111093909899 0.002158755186956185 0.0023946944286283856 3.655843298371322
1000 0.9994574295747924 0.0019493429426811204 0.00030698912232796083 3.656040141968766
