0 0.41120231021403836 2.0183412893998662 0.4004898671778854 0
5 0.9321345743189324 0.27084352535907597 0.013560095433218455 3.736429070287776
10 0.9372550333018044 0.2555080725936798 0.012393992409132304 3.7316140340439943
15 0.9364819164111186 0.24865366719814697 0.014722018151640759 3.72895152093997
20 0.9412735422814853 0.23394281291090468 0.015184712744369389 3.7203760246587354
25 0.9602042070401546 0.1753339898795212 0.0013352597109599351 3.6916171965655455
30 0.9616207485464685 0.183047920583161 0.001654660092825555 3.678095088335398
35 0.9611174655499819 0.18726908067331705 0.000621049986017308 3.6740904006817328
40 0.9615260696132737 0.1935912279902614 0.0010229449571308447 3.671458533562668
45 0.9573052608582194 0.19944708910390974 4.488675531311159e-05 3.6689002321774318
50 0.9961959200238674 0.011892643882903897 0.002112941388127787 3.684381207164632
55 0.9966040744769933 0.011547526756936932 0.007316857475796468 3.6648442443132643
60 0.9976511225690765 0.007648314508692522 0.007860306831284802 3.6631470481327164
65 0.9976439919262448 0.006568193325624971 0.0035636112706427525 3.6623263278935614
70 0.9970277888405661 0.010883747679478528 0.005472706893035362 3.6623882561982226
75 0.9918175071636884 0.031207086583784793 0.0017024134457692686 3.662231177749563
80 0.9979893703374653 0.00577973435569934 0.0010621372174963728 3.661784549010726
85 0.9967737816223372 0.010772144243285542 0.000821360651931391 3.6614296823747803
90 0.9986905439037231 0.004198542807996919 0.001340927660405944 3.6612890835796565
95 0.9987194395095128 0.0035455456906889893 0.005322158860630699 3.66134018522874
100 0.996638132237873 0.012487300315958016 0.0009164424595937692 3.6598590829351036
105 0.9940908738253984 0.021999616206419326 0.004449436701493337 3.660218202239083
110 0.998875579631548 0.0035952234558949137 0.0067904289912950055 3.659736830110305
115 0.9979025861853489 0.007079623767402232 0.003403073023447778 3.660111312133613
120 0.9977066680331678 0.008356871821786349 0.00012977832803295897 3.65942873182405
125 0.9990904136800779 0.00279284448259709 0.0042348053406953134 3.659770597998799
130 0.9982399146521895 0.005947385618231937 0.0027561634361636944 3.6589118049968117
135 0.9984166407071569 0.005591418304973228 0.0028048452777114097 3.6594924770703816
140 0.9983879913582506 0.00534421233359561 0.00022004184555401984 3.659452495265595
145 0.9988945170451011 0.0036034173923029655 0.0063472222058282846 3.6600671129183384
150 0.9986400298782452 0.0050432877068256055 0.0002905634968828341 3.659285528714509
155 0.9988207224556327 0.004004193440016568 0.0014885666443180678 3.6583338883418888
160 0.9987564503185735 0.004313948686502478 0.006987970681249678 3.658806974425364
165 0.9987619859662706 0.004425190511410992 3.982921412082341e-05 3.6587345999976097
170 0.9980347230068694 0.007358714926420262 0.0005980232833044941 3.6584677464682165
175 0.9945959525160681 0.021654922168799384 0.001597280588829797 3.6573196814684548
180 0.9983499634812532 0.006218799587794699 0.002879272606454819 3.657701168633906
185 0.998471728644571 0.00529722648525599 0.0016375315356949027 3.658142072633095
190 0.9991329571595815 0.003051022759773314 0.0005645412062047495 3.6585760839485406
195 0.9975654505527831 0.009009903913895556 0.005541104721144441 3.65770245437398
200 0.999248395356859 0.0025954013096987083 0.0005327273823920731 3.658330048153729
205 0.9992630179180438 0.002677053183715028 0.00040155753834358876 3.659039803761355
210 0.9994196086033011 0.0019321780327308247 0.003890418785715166 3.6582205286050695
215 0.9989849473303647 0.0036733834330995307 0.0003574209346184354 3.657878309006586
220 0.9985636961809895 0.005231860545258371 0.0027093472435009147 3.6577725954222897
225 0.9985410841957267 0.00514061790892395 0.005507405791568498 3.657375851497032
230 0.9980959029783657 0.006828238049205737 0.00028955515533612974 3.6581874036363153
235 0.998905692715993 0.004216389915137064 0.004115330367229442 3.658146205526071
240 0.9991674569515403 0.0029647419575060674 0.0008436542962024784 3.657891044473697
245 0.9984527885949397 0.0059524906926209376 0.0006442835132027813 3.6580268512185223
250 0.9988862845325355 0.004091548694523439 0.0021294822625856913 3.65799536327922
255 0.9989923921326097 0.0034383056838747095 8.440951292643106e-05 3.6577035639025666
260 0.9993959276060252 0.001899736815850872 0.0007110022283769446 3.657570412281148
265 0.9984315021801613 0.005581567480401617 0.008067024613967133 3.6573901974173366
270 0.9963203266859477 0.013155499375014035 0.00038915678082340754 3.657562576843052
275 0.9978251178330068 0.008351814161306592 0.00318849834221413 3.658047558353872
280 0.9988778524009063 0.004179835357399853 0.0024084744220262966 3.6579388388963228
285 0.998442134691268 0.006187379089678036 0.00028469784307261214 3.6576898368105826
290 0.9991030809890165 0.0031686043478575954 8.912446956466091e-05 3.6577413510735317
295 0.9989143350246763 0.0038977159579713927 0.004618051874129003 3.657184804650923
300 0.9974361927957889 0.009985024344422389 0.010066945715623943 3.6576110330223384
305 0.9993393819231122 0.002438765218865324 0.0004831891641858821 3.657448300913091
310 0.9990237768350978 0.003529137478954336 0.00224926314181495 3.6572896246917788
315 0.9988077504116368 0.004426595082773321 0.007073385452838421 3.6570149086556554
320 0.9990889850237663 0.0032922216453115105 0.005960189620072276 3.657532381732967
325 0.9976031594565857 0.009360272272741721 0.0034078084803950137 3.657019799342787
330 0.9988243751412746 0.004556456689833066 0.004714517176091837 3.65695117658404
335 0.9990924184166707 0.0032906358006763448 0.004131102998294223 3.6572977578290358
340 0.9993713827392814 0.002235705299948876 0.004130853108434973 3.6573977684440666
345 0.998006931940954 0.007456421425068971 0.0003043452572060179 3.6566640963955934
350 0.9993602687037609 0.002312989084241046 0.0032144226446291224 3.6571634941468742
355 0.9984306528597456 0.0058537276412313766 0.005559416507476822 3.656897270383589
360 0.9987958701168418 0.004566124920863057 0.0026002240667002408 3.6570207348023858
365 0.999289964735335 0.002594030691284832 0.004597779400140167 3.6573147052517614
370 0.9989131594874687 0.003542792435546005 0.0017297290490738693 3.657274444828433
375 0.9991813828543461 0.0029734578541469325 0.0027496885662716686 3.656960368002533
380 0.998755309958439 0.004627542864450884 0.0013298229893501379 3.6575556039727957
385 0.9971299451854789 0.010620623425147357 0.0007989814146545093 3.656847497828583
390 0.9989790610911016 0.0038940820805013487 0.0024078309766479844 3.6567182297807324
395 0.9992673939633501 0.002488149231222536 0.002093760144075585 3.6570928391426536
400 0.9984235456329986 0.006036678535561446 0.006244771447746489 3.657110276825285
405 0.9992497318923971 0.002771227499186679 0.003946420367187953 3.657602140377507
410 0.9993919625692719 0.002097333073816099 0.0006591552520316402 3.6571362440938073
415 0.9995748043802432 0.0014435320593140233 0.0034191860330694546 3.6569997723717025
420 0.9984899532260981 0.006007602605370366 0.009639798383448861 3.656270857725849
425 0.999103766427907 0.0033328688835778664 0.004371375896859986 3.6573614655743283
430 0.9991897844572992 0.0028227217258027792 0.004082132395262894 3.657742837794528
435 0.9987671787923361 0.0046045757630168715 2.9423509552595206e-05 3.656906377654749
440 0.9989280397711251 0.004140731697880096 0.0013270186978784348 3.656290260702872
445 0.9994187340151065 0.001895795622390839 0.004377602033846406 3.6564224099268317
450 0.9990395693064279 0.0035019827945643733 0.0006668449619893213 3.6564024345491504
455 0.9993676793911488 0.002214735035318771 0.002682294413091757 3.6570081146712723
460 0.9981976514227178 0.006593234575146045 0.0001643570212956913 3.6561417217956422
465 0.9991069148029326 0.003015845954802643 0.004979226879866516 3.65606621775024
470 0.9992390598216887 0.002675426719860763 0.003434567189671389 3.656831254845404
475 0.9991977263649215 0.0027582382850526166 0.002838932822631479 3.656891512435996
480 0.9986774294798302 0.004985426250819991 0.0003119021077298001 3.6565935774264697
485 0.9985992736793237 0.005383391886177424 0.0005183734721450062 3.6563135877964394
490 0.9992492738268817 0.0026960191550906565 0.003239786570547132 3.656169166540495
495 0.9987643763442754 0.004733435317203938 0.009888934093483792 3.656220751430331
500 0.9993675961531558 0.00232960031641527 0.0012884466636908787 3.656712286966073
505 0.9992237902309887 0.002788273923775897 0.00422553082435595 3.6568405709898677
510 0.9995276107846802 0.001589025133053923 0.00021406141764712672 3.657038079507277
515 0.9994248061011388 0.0020822908273636642 0.004587210832745825 3.656685866866204
520 0.9993376991235475 0.002450824159165421 0.003914212045654564 3.6564278732141067
525 0.9994200382764131 0.0021243340741241568 0.00098530248225015 3.6564706123216753
530 0.9994052090422507 0.0021138162703424612 0.002851110868479445 3.6561590846736527
535 0.9990930954620367 0.0032973603978256882 0.006230092667797171 3.656491528203603
540 0.9993678470446645 0.0022621323836191642 0.00047266383944588597 3.656000163144672
545 0.9987031565653172 0.004746357248446298 0.005911799093979875 3.656352817532382
550 0.9995301282122767 0.0016452489541656234 0.0029784608930349954 3.6562475967255517
555 0.9992217842072296 0.0029896241719775674 0.0011807686589608846 3.6564513437615926
560 0.9994476811761756 0.0019983281285460563 0.0034866369349650927 3.6562670260770394
565 0.9990939937591665 0.00318802958744957 0.0006471053408831917 3.65662163158826
570 0.9990780349651553 0.0033452440802572703 0.0029338890410322005 3.6567029540572666
575 0.9985575180537452 0.005040272640785659 0.0021936311980630396 3.6558780805357656
580 0.9991926469982398 0.0028569552769521778 0.0014242521639806771 3.656220003908234
585 0.9993799048679115 0.0021874057783861645 0.004260733281004292 3.6561535258301205
590 0.9992374897988182 0.0028979652513525522 0.0005071972529686608 3.6562494168539716
595 0.9987992863024413 0.004534010128502963 0.0009168677063211561 3.6559802751742696
600 0.9989356692593139 0.00410469676308356 0.004137466221136421 3.656432814380478
605 0.9988921800520729 0.00428937767487092 0.0021272117409534275 3.6561239350745898
610 0.999328724362788 0.00249357094506486 0.00018586812465204439 3.656130205860588
615 0.9993480198122406 0.002422158545728692 0.006213657981620768 3.656472129163008
620 0.9994156627687656 0.0020630399117367304 0.0007682863594522527 3.6560431697350997
625 0.998485481154986 0.005903596714944115 0.002067374229224095 3.6561890223374163
630 0.9988635895182649 0.004214693253089763 0.0023197679984212627 3.656413366946114
635 0.9988325339590324 0.0044919210575269375 0.0025005297850191344 3.6565000255589593
640 0.9993118080690976 0.0024970994179431827 0.00019238487341444177 3.6562980919723866
645 0.9985739583320019 0.005556862475788016 0.0037958985436405968 3.6564084783591317
650 0.9978013165202053 0.008208140737597347 0.0006274679031670338 3.656117274083562
655 0.9988762846373965 0.004375556779898204 0.007313247104749898 3.655700878917607
660 0.9992356773774119 0.0028937099122021692 0.006643226527972557 3.655809272858087
665 0.9989901886823251 0.0038400360798562794 0.000928259865319303 3.655986570541481
670 0.9992216565770065 0.003049347127674462 0.00727715936818174 3.656006706312324
675 0.9991411526322029 0.0032441877977715805 0.00838936208647345 3.6563199995783795
680 0.9985572502925315 0.005621097628094152 0.0010830753411184002 3.656301172140321
685 0.9992507857146098 0.0027224753848549277 0.007863891341006068 3.6563786112004437
690 0.9987375436196348 0.004778022338826293 0.002990104402755156 3.656183528969842
695 0.9987780682043222 0.0046627085199508755 0.0026929080042448206 3.65592120650462
700 0.9993835516865612 0.0022811717397814846 0.0014387189155915525 3.6559103218504005
705 0.9992963741086188 0.0025767817067023913 0.0002963501079231712 3.655824438915775
710 0.9994106923687636 0.0021808775909830658 0.00035555742178106087 3.6554405929366127
715 0.9995286548592512 0.0016627415108159127 0.0027231430972469717 3.6557532485306172
720 0.998227232074058 0.007117691321760766 0.005942037116632992 3.6562289393108784
725 0.9989089471279714 0.004024764850328655 0.00014930472580365617 3.655836333886246
730 0.9993480172249567 0.0023937132002953554 0.0005882294065404636 3.6561490366720393
735 0.9994595912209582 0.0019374514428540657 0.0051682254335525535 3.655832826511045
740 0.9986835723228926 0.005081347182897655 0.009861679202084028 3.6561570998708777
745 0.9987192709551692 0.004837591198901148 0.0012597785739394407 3.6556587978072277
750 0.9993247808055812 0.0025456217073549503 0.0005132904642159986 3.656276704955634
755 0.9994868560307208 0.0018178263082084811 0.001776952545039956 3.6557520735258526
760 0.9986487221501364 0.00495983436146652 0.0027350737584947993 3.655794214261111
765 0.9984985520578608 0.005821557058578453 0.00884863366437183 3.6559028853956153
770 0.9992945320446625 0.0024302415645376385 0.0013387189694877843 3.656061023299582
775 0.9991170484293176 0.003268246621016768 0.0009864810164408322 3.655821082535451
780 0.9994516989299193 0.0019364030851432013 0.00025104124989838716 3.6559352148494435
785 0.9993365332237204 0.002464791842187175 0.0012634231380883598 3.655896175336596
790 0.9994523135917439 0.0019494125436492205 0.003695928121755676 3.655663148396676
795 0.9991228357290196 0.003160626685410506 0.004434355032732595 3.655940359524196
800 0.9992610737333261 0.002714675157470481 0.0003384311600720391 3.655478219517031
805 0.9989812520357688 0.0035431312544176308 0.003107737127207466 3.6559140792599227
810 0.9986953614637689 0.005033649734863754 0.00015795369810178705 3.655625239911562
815 0.999223311463739 0.002893697466840983 0.00027765899701059915 3.656163276425853
820 0.9992729793645106 0.002651182328651025 0.003906603374543627 3.655650819358436
825 0.9993424944793925 0.0023744470546969154 0.0013689345783027829 3.6558603183782354
830 0.9981417894633808 0.007091521656497957 0.00036275408190844516 3.6553178897093357
835 0.9991987959101428 0.003028098665394552 0.001968515199905374 3.6556861466388533
840 0.9994491170204748 0.001948486502773239 0.002727876912099303 3.656117407262536
845 0.9989269455034215 0.004090033639591262 0.0011218727191208977 3.6555762059676393
850 0.9991037751710621 0.0034786993052260407 0.00255849226122562 3.655645414560163
855 0.9990103440940709 0.0037206563162461848 0.0013760668701694456 3.655696275701452
860 0.9989448922261039 0.0039833272900051675 0.0046643222587929856 3.655765282801125
865 0.9992105174966814 0.0029433900080055864 0.001730445250388124 3.6555209285396573
870 0.9990407131005626 0.003559515694258497 0.0021879982140371457 3.65583738323653
875 0.9993151771763338 0.002569343290941717 0.0015844277934646822 3.6558101198328425
880 0.9991881636517201 0.0029330189579614974 0.0010374024927284342 3.65547539584791
885 0.9991436766421323 0.0031934408612923626 0.003622189125674913 3.6556347117358494
890 0.9993929114412585 0.002293673508463101 0.0012806090853441088 3.6559446878617816
895 0.9989354461471904 0.0040478459863178 0.0006209382446089595 3.656014308277262
900 0.9982559297377498 0.006597533241441855 0.0036649752415389703 3.6557838623702423
905 0.998691384333658 0.0050241769783605505 0.0003032989276443576 3.6554620758246816
910 0.9980947285640185 0.007422392648810838 0.00034153212573961866 3.655804268541126
915 0.9984447618355701 0.00591273216717747 0.006739795385535041 3.6553966605267836
920 0.9993454479436212 0.002382612460507527 0.003050873036479329 3.6555270881910853
925 0.9993786195363019 0.002226032530221911 0.003717050568532443 3.6555265608043577
930 0.9983884547948385 0.006301999759468657 0.0004579888136893029 3.655326461942367
935 0.9993150351598669 0.002571456646426107 0.0030456069395812246 3.655756967526454
940 0.9993005153149238 0.002604218007633108 0.004474396641359846 3.655523800021326
945 0.9988516890572352 0.004375047677137811 0.00450431841203236 3.6558122050338766
950 0.9989587736338013 0.003926946956137378 0.005172832660762516 3.6554932188695206
955 0.9994547543150281 0.0019355905525419992 0.0034903849166803003 3.6557624861421787
960 0.9984860061340384 0.006016834281967309 0.001726172806078452 3.6554414619931714
965 0.9992305554492472 0.0029074523269776442 0.00019081041281454603 3.6559922977233255
970 0.9989345842687084 0.0041606086007281995 0.002305462203244124 3.655449027139988
975 0.9986088553265442 0.0053016982425155845 0.0009891681232241378 3.655745925607412
980 0.9992554155319828 0.002822151500942116 0.007519642437135765 3.656076321397705
985 0.9989596867477941 0.003918969066007971 0.0014385647924821665 3.6554414909598734
990 0.9994615026366337 0.0019427119462918085 0.00678023616654766 3.6558526104467557
995 0.9984934076158744 0.005916540759209887 0.0024363652595480456 3.6552766785971538
1000 0.9980403527692234 0.00761937674414348 0.004453742931133986 3.655108558611417
