0 0 0 0.34541706350095713 0
5 0 0 0.01378418226267586 10.041828467345294
10 0 0 0.00374141904163805 10.030383684277538
15 0 0 0.01173753618423401 10.02462653590667
20 0 0 0.009709021291067543 10.022237519713364
25 0 0 0.007179123472072391 10.012943906668639
30 0 0 0.010262372370865913 10.014643690997042
35 0 0 0.012877411409419448 10.010254846985132
40 0 0 0.011428637554202314 10.005593689663826
45 0 0 0.011378053607868699 10.006350279313082
50 0 0 0.01229719602394086 10.002734180902742
55 0 0 0.012060093352837642 9.997139293466727
60 0 0 0.013383915891665987 9.993433412888734
65 0 0 0.012307677316640397 9.991383768234124
70 0 0 0.008434357346945642 9.99158336871886
75 0 0 0.013303127943923077 9.990264013295372
80 0 0 0.01222241992951556 9.98765367713567
85 0 0 0.012510629370950266 9.985362228152265
90 0 0 0.013725610202643068 9.9876358468373
95 0 0 0.012663406452745773 9.986852359159446
100 0 0 0.01150234608841183 9.984391521346415
105 0 0 0.010794956443551218 9.983217116692936
110 0 0 0.01566162686992123 9.984057516014785
115 0 0 0.006542824158806804 9.986149698317018
120 0 0 0.013958893567843855 9.983690220875467
125 0 0 0.014480363289048004 9.983508048297983
130 0 0 0.013404480942631025 9.982355634029618
135 0 0 0.010782709793346834 9.983697179421178
140 0 0 0.012605187624655345 9.9815295936486
145 0 0 0.01250399413970027 9.979585979350128
150 0 0 0.014110088446886548 9.98004057922505
155 0 0 0.012261928473055628 9.981937331791924
160 0 0 0.013535660264862415 9.982258434667706
165 0 0 0.011464295240412925 9.979334070323823
170 0 0 0.012480279933412497 9.97839390346781
175 0 0 0.013555307931641947 9.97926601136515
180 0 0 0.011301167642027377 9.980991045803922
185 0 0 0.0131123777750779 9.978496871706923
190 0 0 0.012913839263207105 9.978003537179715
195 0 0 0.011190798176738292 9.976809841949759
200 0 0 0.014772643220822834 9.97878824962855
205 0 0 0.01235165239724223 9.976782864878162
210 0 0 0.009803416337950788 9.979221687877594
215 0 0 0.011936756197468146 9.978524265881642
220 0 0 0.013243488543500437 9.9779487777799
225 0 0 0.01030282065738719 9.97884782534578
230 0 0 0.012966141814399368 9.976229331950487
235 0 0 0.014452611527591808 9.976242609018135
240 0 0 0.019424500005321477 9.97560653525515
245 0 0 0.01591759386734881 9.979130248030634
250 0 0 0.01015319911882906 9.976398300536095
255 0 0 0.013277848367579725 9.977516709283044
260 0 0 0.014285422251617774 9.976777525258195
265 0 0 0.014663011164854467 9.975378475074375
270 0 0 0.013308629806849881 9.975385381698542
275 0 0 0.013682064127534144 9.974771605817113
280 0 0 0.012316561505813173 9.974224649431745
285 0 0 0.01328210837409527 9.975706814767019
290 0 0 0.009042082078339897 9.97418550810504
295 0 0 0.011735835751763846 9.97466335666251
300 0 0 0.012542628490597618 9.974307418269634
305 0 0 0.010122610471305693 9.974221430802903
310 0 0 0.013300188640904098 9.974267221955136
315 0 0 0.013833379087670794 9.972723107526704
320 0 0 0.01737782327041848 9.971894505849574
325 0 0 0.012726788460317495 9.973710205983153
330 0 0 0.011050800934110372 9.973077241511422
335 0 0 0.014882468557236628 9.973165133842274
340 0 0 0.01102740212266018 9.97335290423998
345 0 0 0.014649180008528662 9.972116698506866
350 0 0 0.012693651911976023 9.973244657132797
355 0 0 0.02028849169993241 9.972996654905545
360 0 0 0.011469853130483543 9.97272778455689
365 0 0 0.013524355007272781 9.972229984406646
370 0 0 0.014007660588187143 9.970862908328154
375 0 0 0.01614147995924431 9.97056709036008
380 0 0 0.012331480082009572 9.970624732272691
385 0 0 0.01665736481125535 9.971158954776204
390 0 0 0.01562683171764534 9.971682350588964
395 0 0 0.013830446472366642 9.969508406355855
400 0 0 0.012407171772103265 9.970557673883095
405 0 0 0.014080918228458916 9.969655740125921
410 0 0 0.01295439323252201 9.969601795501509
415 0 0 0.011331666900196602 9.969616354290775
420 0 0 0.013036163715936633 9.969138976627791
425 0 0 0.00755909009108735 9.969955598458768
430 0 0 0.011379883616289721 9.96947085241881
435 0 0 0.017372686050733943 9.968575358083267
440 0 0 0.015102168374438563 9.967886523187147
445 0 0 0.016105266689083075 9.967753970569209
450 0 0 0.012231255956943077 9.96752875462448
455 0 0 0.01681976623401593 9.967986484952794
460 0 0 0.010576289954526086 9.966369426343023
465 0 0 0.013419392538505548 9.967056097839997
470 0 0 0.01197422003483739 9.967873759399248
475 0 0 0.012402047639793246 9.967150732586344
480 0 0 0.014100580427183207 9.966446400858935
485 0 0 0.00305113369438037 9.965589723157594
490 0 0 0.012775389553596916 9.96480408753321
495 0 0 0.013979704335389531 9.965677523207455
500 0 0 0.016077355054840092 9.964389145248603
505 0 0 0.008163434792092472 9.964421785371389
510 0 0 0.012423356378567618 9.962861870582424
515 0 0 0.01807486898151689 9.963325314895279
520 0 0 0.008536020284134471 9.963144656598478
525 0 0 0.014894755116663383 9.96280193761342
530 0 0 0.0035655473624112144 9.960630651592162
535 0 0 0.007353158520724046 9.960493007380855
540 0 0 0.005660621239225616 9.961098022573756
545 0 0 0.014233657848319536 9.959852877892892
550 0 0 0.0064152118681573 9.958365388501342
555 0 0 0.015661095116563883 9.95898727014057
560 0 0 0.01451652030971129 9.957915177108324
565 0 0 0.01363539909203948 9.956390713998323
570 0 0 0.0002186740681124899 9.956015344103179
575 0 0 0.004999916401559723 9.954040293400915
580 0 0 0.008678628680844458 9.954171973480108
585 0 0 0.012810119431005296 9.95234593509434
590 0 0 0.0030546093761776305 9.951065341922984
595 0 0 0.01458256759079779 9.95067193436312
600 0 0 0.0063633843186985395 9.94819210181872
605 0 0 0.004189976082543678 9.946036675290635
610 0 0 0.004081046441673397 9.94601439017218
615 0 0 0.008307454995265307 9.943326102310017
620 0 0 0.004949073741515431 9.941986292905145
625 0 0 0.012847900043200244 9.939508871502591
630 0 0 0.005279905800971374 9.937596412811327
635 0 0 0.027552322626521963 9.934854289403013
640 0 0 0.0059618576202731255 9.9322617681424
645 0 0 0.006348470089005298 9.92956305915845
650 0 0 0.002568874505717078 9.928222650087534
655 0 0 0.0034061655204882246 9.924724068807468
660 0 0 0.01665061561553416 9.92148148742708
665 0 0 0.008539451124098374 9.919520578322462
670 0 0 0.009887853532401625 9.915762608813488
675 0 0 0.014867338685798481 9.912386341535266
680 0 0 0.009199772551715224 9.90928445889053
685 0 0 0.0271780045948673 9.905976066879465
690 0 0 0.01278665018521008 9.900238856314223
695 0 0 0.012016450192375627 9.896970782171746
700 0 0 0.011694763648853579 9.891601020215921
705 0 0 0.04157062470086226 9.889481915426622
710 0 0 0.0640564209894825 9.885129093542293
715 0 0 0.0028984404928749097 9.88008881151899
720 0 0 0.03917954525279166 9.87498041411918
725 0 0 0.029090799741303464 9.871221335439403
730 0 0 0.016343954326627275 9.866753208837372
735 0 0 0.015229295139485455 9.86189329719685
740 0 0 0.037264851562229584 9.857002044995534
745 0 0 0.035747746665693914 9.853693980381632
750 0 0 0.051774450645528436 9.847663997719657
755 0 0 0.06835312531152993 9.84407888965938
760 0 0 0.030798528923107416 9.837936204613968
765 0 0 0.031664884293346685 9.832022416686774
770 0 0 0.07220565051473193 9.828498628109102
775 0 0 0.08121006020375554 9.824442923035603
780 0 0 0.04571069574201503 9.819522778765378
785 0 0 0.07247817416379676 9.814947780976599
790 0 0 0.0008460441087907444 9.809710030927366
795 0 0 0.035674080726653346 9.806206895174663
800 0 0 0.03730130936375464 9.79974692878198
805 0 0 0.10048562817940798 9.796626768474585
810 0 0 0.12523100815997745 9.789792326782383
815 0 0 0.05244064460904596 9.78610158899392
820 0 0 0.09374662792075461 9.780779143933652
825 0 0 0.10872631378748387 9.775151322790805
830 0 0 0.04121480727474447 9.77169617342351
835 0 0 0.05838689798446883 9.764889667104775
840 0 0 0.08009056845273044 9.762054181556808
845 0 0 0.04714232991612777 9.75610843889086
850 0 0 0.09868915355166008 9.751774515032613
855 0 0 0.03991357619947222 9.744914648803272
860 0 0 0.03653736560536602 9.741421835030573
865 0 0 0.07221163105413764 9.737450147744772
870 0 0 0.08771176088891708 9.734348151215498
875 0 0 0.17609392265219004 9.728585141974698
880 0 0 0.07265140941668702 9.723038492863896
885 0 0 0.08045548416507198 9.719793473529789
890 0 0 0.11121867030321853 9.716239601155834
895 0 0 0.1627636084182409 9.712742341024885
900 0 0 0.15981785075831678 9.707885621642866
905 0 0 0.1341847776743923 9.703158856111276
910 0 0 0.18444479080982457 9.696349835080277
915 0 0 0.13301213815110358 9.694437566670981
920 0 0 0.11136834499025161 9.68619847521469
925 0 0 0.146388171077664 9.684944451272626
930 0 0 0.15189259617649697 9.682071447721663
935 0 0 0.02406329305364796 9.677604984299958
940 0 0 0.1436820790359432 9.674808563929542
945 0 0 0.13613395971444353 9.671917262665323
950 0 0 0.126620489574079 9.666985133613654
955 0 0 0.25476332952994896 9.664920146173962
960 0 0 0.012061226014788984 9.65515847275775
965 0 0 0.18315115648922342 9.656008394444024
970 0 0 0.15906024466087043 9.653968360200365
975 0 0 0.1844026680446782 9.647887101533106
980 0 0 0.0472686508405169 9.646795632685684
985 0 0 0.13385198208517513 9.64373476028068
990 0 0 0.14818100356939423 9.636968638678816
995 0 0 0.1374085795631277 9.636021275412947
1000 0 0 0.1455416635534741 9.631907241603859
