0 0 0 0.3077311752941613 0
5 0 0 0.01305932924821307 10.042279936352745
10 0 0 0.010925910454296028 10.029631625895728
15 0 0 0.007735833926056701 10.02373662446887
20 0 0 0.009883822262257258 10.014894062272937
25 0 0 0.012092618391934762 10.013751184369298
30 0 0 0.007912003651891597 10.013634177696574
35 0 0 0.010951207785532935 10.004903097649246
40 0 0 0.012926382440065609 10.001758276853435
45 0 0 0.008039417234238844 9.997536528635013
50 0 0 0.009134286566271133 9.999793652773644
55 0 0 0.013158264208203097 9.9964171361959
60 0 0 0.009423428523161359 9.994974915844272
65 0 0 0.01527358608285967 9.987758131912871
70 0 0 0.013506761684178858 9.992589504878167
75 0 0 0.01488724473161418 9.990375196728177
80 0 0 0.009915660196156306 9.989269228847679
85 0 0 0.011519816728388532 9.986104687738397
90 0 0 0.01163872446418357 9.983366536546127
95 0 0 0.012792577303301522 9.984228661066
100 0 0 0.01336128903700029 9.984529073868309
105 0 0 0.013323570094488257 9.985043587463155
110 0 0 0.015166858919695603 9.984301511833424
115 0 0 0.014113917775342655 9.983182593609921
120 0 0 0.01147280314467003 9.983582775691339
125 0 0 0.014330686999479036 9.981839499938525
130 0 0 0.01336032865583725 9.981088683914434
135 0 0 0.013879204326638694 9.982582555790415
140 0 0 0.014184711003767836 9.982545327286651
145 0 0 0.010193829152083111 9.979735248696741
150 0 0 0.013341570345020815 9.981910371240275
155 0 0 0.010476268731456795 9.98057656795842
160 0 0 0.012476516817638394 9.980937978298419
165 0 0 0.013999299321169945 9.979849229377372
170 0 0 0.010709724384741603 9.978264674985315
175 0 0 0.014487524314636069 9.978583561934403
180 0 0 0.01398855811584232 9.978448141422659
185 0 0 0.012278560363630842 9.979046497968074
190 0 0 0.015933799380242197 9.979362386796133
195 0 0 0.013268139763511488 9.979639719748317
200 0 0 0.015881009274419267 9.977152114840898
205 0 0 0.014657585051389477 9.978637431267542
210 0 0 0.009065356015245385 9.97673163193238
215 0 0 0.015037803073918443 9.97955870528832
220 0 0 0.015102915984184673 9.976703641793037
225 0 0 0.012544641546085256 9.977053309766209
230 0 0 0.01288177029001436 9.976473560416121
235 0 0 0.009676779094477173 9.977688267266295
240 0 0 0.010045927355678108 9.97589273292328
245 0 0 0.011333304510435571 9.976063418254627
250 0 0 0.014350289843422903 9.976226489823398
255 0 0 0.013385903628553963 9.974858174265353
260 0 0 0.01707515283699479 9.97653239156622
265 0 0 0.017917305186708088 9.972962545302217
270 0 0 0.015867043474265374 9.97523356863475
275 0 0 0.011011968690231466 9.97628597666805
280 0 0 0.013698502796939849 9.97422901961551
285 0 0 0.010204859820803325 9.973843939929981
290 0 0 0.013841041790427777 9.974412017298597
295 0 0 0.013975089378249317 9.97393811383123
300 0 0 0.015109718325995392 9.972933660076267
305 0 0 0.010541577097660904 9.974857562239999
310 0 0 0.014755326393208756 9.97399943212367
315 0 0 0.01246241046086416 9.972089154210693
320 0 0 0.014845467669688084 9.973677442802392
325 0 0 0.01408179845200741 9.973626552025266
330 0 0 0.013970728041051483 9.973396704778802
335 0 0 0.012831686627986283 9.973421065194266
340 0 0 0.012148728776124385 9.973121752681804
345 0 0 0.009479456600239411 9.971823121671193
350 0 0 0.014167503592736441 9.971573539739065
355 0 0 0.012032819763554858 9.972027739333127
360 0 0 0.0151843427462508 9.972306692679753
365 0 0 0.00999216651104895 9.97140981144164
370 0 0 0.01154127450917053 9.97212326921321
375 0 0 0.009290004685159836 9.970998390791243
380 0 0 0.02029874975901569 9.97154818203133
385 0 0 0.010341222563220898 9.972257576670923
390 0 0 0.01652593770237143 9.97029586014437
395 0 0 0.013837874192203836 9.971478384432315
400 0 0 0.016499652418259014 9.97040212611921
405 0 0 0.01291884279004707 9.969983376075389
410 0 0 0.014228835159183939 9.97039988462478
415 0 0 0.019661405712413815 9.970168462005974
420 0 0 0.011082893379089409 9.969152059538066
425 0 0 0.01450944776347618 9.969255595043514
430 0 0 0.010372375526169098 9.968580304319945
435 0 0 0.011839537073202067 9.969167511028495
440 0 0 0.007633262296494969 9.968080195075526
445 0 0 0.013497734807116135 9.969166046009686
450 0 0 0.012127801862568788 9.967510594598206
455 0 0 0.010469855174506382 9.967710632099575
460 0 0 0.009114833251748111 9.96651855966363
465 0 0 0.013674935271736688 9.967118897758592
470 0 0 0.012572353932369662 9.966819856213466
475 0 0 0.013848250827701802 9.96669958819752
480 0 0 0.008662891296645991 9.966693296385726
485 0 0 0.015534779499512208 9.965819117207783
490 0 0 0.01744708884817725 9.96656382831159
495 0 0 0.012622579558609903 9.964832059142605
500 0 0 0.007084508580643911 9.964192808283116
505 0 0 0.0060686072311040284 9.963089016169207
510 0 0 0.012891680150303841 9.96300482181688
515 0 0 0.015634770418529342 9.963487780584506
520 0 0 0.009675986349834576 9.962376168630689
525 0 0 0.009078929952977433 9.961637658962207
530 0 0 0.008811267376069187 9.962330130071088
535 0 0 0.010108151330523896 9.961358311384359
540 0 0 0.015827632734448205 9.960397510180314
545 0 0 0.008787730300091834 9.958942924544319
550 0 0 0.0015912595086546855 9.95896512837063
555 0 0 0.006063540643222343 9.957393130526913
560 0 0 0.00145568627603887 9.95655932535901
565 0 0 0.0005076332150240059 9.955807382676324
570 0 0 0.005642562305186782 9.954773633994225
575 0 0 0.00942369778020713 9.954248726539092
580 0 0 0.013415896943596906 9.95261774072693
585 0 0 0.01745726555423932 9.952086324436017
590 0 0 0.008550032730754609 9.949660664143051
595 0 0 0.008151614379021233 9.949565544282317
600 0 0 0.0020908526594936028 9.946261850393379
605 0 0 0.0017372950998255643 9.946197912644829
610 0 0 0.0040472708243479705 9.944454692484157
615 0 0 0.01180873677605887 9.941970974477654
620 0 0 0.00176530374759154 9.938836934950096
625 0 0 0.011779083118841793 9.938209805773722
630 0 0 0.0021292544275397507 9.935176210386835
635 0 0 0.012113489614199668 9.933536601789745
640 0 0 0.006633826568405832 9.931799825083521
645 0 0 0.00821511850285317 9.928827994060216
650 0 0 0.008152091789993099 9.926611766908541
655 0 0 0.008635924513158866 9.924599480835129
660 0 0 0.011149840006912992 9.921136819272062
665 0 0 0.01390575542329131 9.91647911047897
670 0 0 0.010892309363987884 9.914864267127388
675 0 0 0.007976284029008962 9.911889782620728
680 0 0 0.019274954228613472 9.90780749982511
685 0 0 0.020841671687687136 9.904456389299426
690 0 0 0.02541341982552736 9.900210529684697
695 0 0 0.024851613992799226 9.896021993174973
700 0 0 0.0081355733455033 9.890394857419274
705 0 0 0.06504183231789429 9.888587858607622
710 0 0 0.03710765795815485 9.883418484168905
715 0 0 0.005719412693405035 9.87972789975896
720 0 0 0.04674588645944122 9.874437253244759
725 0 0 0.02002110461740836 9.869960468987806
730 0 0 0.0026708772450472207 9.865339639085084
735 0 0 0.056370626230251686 9.861069678882322
740 0 0 0.051581571126023684 9.854820768236465
745 0 0 0.029921595091068953 9.851025605944164
750 0 0 0.051595586914342295 9.844582403262885
755 0 0 0.01656000298347049 9.840805418492003
760 0 0 0.03876361212725521 9.835130786238764
765 0 0 0.07025227798830191 9.832110778465033
770 0 0 0.06020676409172787 9.82798076831441
775 0 0 0.06712355458560149 9.822395387461807
780 0 0 0.037414780984754925 9.817442937013977
785 0 0 0.11324085726995259 9.811472696228053
790 0 0 0.03417168404525306 9.80724057958935
795 0 0 0.06540021066747936 9.801704326105773
800 0 0 0.12157806572449315 9.79560497362537
805 0 0 0.09333920078453706 9.793420160496735
810 0 0 0.05578258939259406 9.787441620975754
815 0 0 0.034531500499460854 9.78155516669931
820 0 0 0.07685757809022564 9.779281101384232
825 0 0 0.11768520436297258 9.774310634898113
830 0 0 0.11400884906417197 9.770630795027898
835 0 0 0.06477520936650927 9.765627396523145
840 0 0 0.05931964554113911 9.760408955515251
845 0 0 0.08628092545681065 9.757334498599327
850 0 0 0.05034512165440552 9.752956253442417
855 0 0 0.08767723934774141 9.746302893054942
860 0 0 0.1071016875104216 9.743807224188352
865 0 0 0.13908301403026835 9.739606665753008
870 0 0 0.1054659716475832 9.735213586007658
875 0 0 0.1625632910089938 9.731215937799464
880 0 0 0.057650154357292926 9.725586742877015
885 0 0 0.15093644288133046 9.72021367720984
890 0 0 0.07288147987436955 9.719014889868635
895 0 0 0.10614398099388223 9.711842165677982
900 0 0 0.15054972611180273 9.708200218236742
905 0 0 0.028730921992147218 9.705014084090362
910 0 0 0.13684340525036198 9.701882821513266
915 0 0 0.10314950092871511 9.697453834114032
920 0 0 0.14905094125747653 9.695123435644321
925 0 0 0.11323723751660131 9.689958078736138
930 0 0 0.15011108747375523 9.687454941764903
935 0 0 0.15886455939546407 9.68195993559124
940 0 0 0.2016988017267627 9.681087677473132
945 0 0 0.13542332984382166 9.672239830760372
950 0 0 0.188475778783316 9.671717249727761
955 0 0 0.13950421878365238 9.67122280003939
960 0 0 0.16302353265234926 9.665078253618082
965 0 0 0.10448213091933112 9.661113975753329
970 0 0 0.18402368963027405 9.660432294779987
975 0 0 0.23845145252934563 9.657204036387347
980 0 0 0.13378762604383665 9.651570931640396
985 0 0 0.10334457236285788 9.648137044170742
990 0 0 0.15300692711820196 9.644618622917312
995 0 0 0.16993400398904623 9.644701239638444
1000 0 0 0.15524361003877973 9.63859828955143
