0 0 0 0.36685168187104067 0
5 0 0 0.00938458205618753 10.049232407230553
10 0 0 0.012710959227964391 10.034692600446315
15 0 0 0.01197776612379986 10.028360302614221
20 0 0 0.003169901159512545 10.016450003989362
25 0 0 0.009444952162808606 10.017006248973935
30 0 0 0.011277148564359463 10.011229182019719
35 0 0 0.007109558555537188 10.007302481962451
40 0 0 0.013538287197457866 9.99909042211818
45 0 0 0.013293930005263244 10.000305150466168
50 0 0 0.013135408115728886 9.999541255814808
55 0 0 0.011561386828680353 9.99301336024185
60 0 0 0.014166325759961573 9.996764149379246
65 0 0 0.010786032695841996 9.994287581119147
70 0 0 0.011121665321639274 9.991320236341139
75 0 0 0.011681229588696551 9.991446208333308
80 0 0 0.012905570421527734 9.988023255659538
85 0 0 0.014141677737574465 9.988309801160646
90 0 0 0.014496484429594503 9.986874151073483
95 0 0 0.011508901589114995 9.985524323469862
100 0 0 0.014068727537116521 9.984605345402251
105 0 0 0.013784684250861767 9.986330228387082
110 0 0 0.015244342412266576 9.984880391041322
115 0 0 0.011834392551569595 9.984397531546954
120 0 0 0.012208429914867258 9.984772462166804
125 0 0 0.012288969662237248 9.98465721735439
130 0 0 0.013945765827903855 9.982854458027212
135 0 0 0.014891644694426942 9.983809139466564
140 0 0 0.011003123245376445 9.980244372259193
145 0 0 0.013844074780811955 9.98044434286486
150 0 0 0.015154872197117308 9.980670923819146
155 0 0 0.011675053126261048 9.983152902286657
160 0 0 0.01323774395164179 9.98059598123009
165 0 0 0.013637942238517109 9.980334149494402
170 0 0 0.01234930016775282 9.979587267353681
175 0 0 0.014715234708060132 9.980993678637292
180 0 0 0.011146045697693063 9.978675699972026
185 0 0 0.01474639407683509 9.978631068543125
190 0 0 0.014316750756624641 9.97935906838007
195 0 0 0.012690368265848795 9.97855525527352
200 0 0 0.01566517359817743 9.98082218540468
205 0 0 0.010055786496199648 9.978757031834583
210 0 0 0.013214598676954292 9.977053544382043
215 0 0 0.011657993163751268 9.978050922248448
220 0 0 0.010116976568879554 9.976766030922553
225 0 0 0.012491407040855274 9.97665733255676
230 0 0 0.01869866663364461 9.974897789005823
235 0 0 0.010545153562983911 9.976737669871595
240 0 0 0.015882619733914805 9.976125313822724
245 0 0 0.013742103735683742 9.974794593922036
250 0 0 0.009329863370094449 9.977870231259265
255 0 0 0.012839048577694578 9.97487627686776
260 0 0 0.012649294166340308 9.974630402342761
265 0 0 0.014886391810853716 9.97570232960584
270 0 0 0.013295417680718513 9.975556706792098
275 0 0 0.01618655961276194 9.972692232144341
280 0 0 0.01449094040142418 9.975882437678907
285 0 0 0.01402200604604964 9.972676793508366
290 0 0 0.015205757077942916 9.974431600410485
295 0 0 0.00983161242322983 9.972483243132787
300 0 0 0.0127624612901438 9.9739098366934
305 0 0 0.010376937260343944 9.973478255637481
310 0 0 0.016116626442646664 9.972438372003765
315 0 0 0.016288848121942756 9.97289940076794
320 0 0 0.013864372070538478 9.972324689367369
325 0 0 0.016615918252467 9.972296809615255
330 0 0 0.011480136106925887 9.973685461007596
335 0 0 0.013630071394629795 9.971870810508959
340 0 0 0.012046851092243127 9.972130993687442
345 0 0 0.01822350698060493 9.972298745096687
350 0 0 0.014842342831119737 9.971177108991778
355 0 0 0.008983855260770612 9.972729749001983
360 0 0 0.014185534778115683 9.972185164848742
365 0 0 0.01600666835810083 9.969667597170169
370 0 0 0.01330786042901444 9.970426049047653
375 0 0 0.012068787450128848 9.972157082293032
380 0 0 0.01370566713549648 9.97117395020057
385 0 0 0.011404461864771287 9.970188526406968
390 0 0 0.00848337183632042 9.972049723058516
395 0 0 0.007269948381720015 9.970296428933075
400 0 0 0.011087885946608367 9.970278645815345
405 0 0 0.012610365639103449 9.969651701197613
410 0 0 0.008771109914788022 9.968945582387096
415 0 0 0.0154627138189245 9.96767905448128
420 0 0 0.0151645169901784 9.969483539825491
425 0 0 0.008411543329100102 9.968409297460477
430 0 0 0.0054652522674296655 9.967955962058412
435 0 0 0.00851059418031097 9.96730798117138
440 0 0 0.008363937778792963 9.967846735933978
445 0 0 0.008180460282512847 9.966287948289386
450 0 0 0.011508645398021988 9.967866326619346
455 0 0 0.009037169564976022 9.967991048385137
460 0 0 0.012829700506640673 9.967141466606575
465 0 0 0.012607777603535819 9.96699354589809
470 0 0 0.0112705155173205 9.96561193485511
475 0 0 0.00872331073619459 9.965599369233825
480 0 0 0.01086835653445073 9.964904863972093
485 0 0 0.006448732948364011 9.963750461917067
490 0 0 0.010643019497951878 9.964976978856235
495 0 0 0.009374818552478681 9.96379388888921
500 0 0 0.009253084914546683 9.964060371267914
505 0 0 0.011309928383623769 9.962797965457389
510 0 0 0.013494162429750656 9.963212545440763
515 0 0 0.009385516099351232 9.962338788512643
520 0 0 0.010340400861762467 9.961330881547454
525 0 0 0.013558307510953993 9.961777152127103
530 0 0 0.010062623973326579 9.958254110651946
535 0 0 0.017285367267102503 9.95995578031122
540 0 0 0.007160915517328892 9.958470752687912
545 0 0 0.005715884869879506 9.957484138493015
550 0 0 0.00873517858448336 9.957903296578614
555 0 0 0.004939719101470619 9.956036846498296
560 0 0 0.002905145152777955 9.95466575760496
565 0 0 0.0037267131587708224 9.953545657829427
570 0 0 0.01763752069934954 9.953195426184637
575 0 0 0.016130302072146163 9.951792296215384
580 0 0 0.004778727946090022 9.950243520803445
585 0 0 0.0088270284407721 9.947353953888582
590 0 0 0.0006143803483225074 9.948734831935536
595 0 0 0.011814216010906708 9.943317513083393
600 0 0 0.0021353839343780656 9.942776327500882
605 0 0 0.008247808492115372 9.941433762637716
610 0 0 0.0027402703268051276 9.938252204651517
615 0 0 0.011968472967697208 9.93796504508153
620 0 0 0.0017872447904845323 9.934604761170453
625 0 0 0.00710544324000173 9.932167448170064
630 0 0 0.0017858648892892237 9.929832897338121
635 0 0 0.012922873494807252 9.927761523276772
640 0 0 0.004651001616055472 9.92267520042979
645 0 0 0.023955824575475404 9.921282326740458
650 0 0 0.004793657822016462 9.917654885069343
655 0 0 0.006401315648921546 9.913380490284656
660 0 0 0.005831546921171826 9.911024549722733
665 0 0 0.011001232010529938 9.906724724814241
670 0 0 0.03147040581666127 9.903008251919056
675 0 0 0.028574260481147196 9.899889640606926
680 0 0 0.007802171059136054 9.894586126362038
685 0 0 0.003473238075713425 9.892610146946812
690 0 0 0.0006299414127415304 9.888422923116702
695 0 0 0.010284888085874577 9.882899429677696
700 0 0 0.026674244554931947 9.879804611238576
705 0 0 0.04601924313872563 9.874472661834297
710 0 0 0.0733537010892511 9.86865792839912
715 0 0 0.02487500056724734 9.86564525951391
720 0 0 0.03628168215676508 9.861217405417703
725 0 0 0.04011874841775209 9.855440340313725
730 0 0 0.026097338511588575 9.850467073638693
735 0 0 0.03696783029329542 9.845776133160003
740 0 0 0.006186602980620348 9.839604027196053
745 0 0 0.04572578893753998 9.83466244920241
750 0 0 0.0413707078437302 9.830063802081925
755 0 0 0.043556039543356295 9.824555679979856
760 0 0 0.03886324547490316 9.821050556888222
765 0 0 0.012551094816601438 9.815852080566016
770 0 0 0.08924197719361127 9.811105120515798
775 0 0 0.08231577309585303 9.805670546554177
780 0 0 0.07656965747659727 9.801983950521691
785 0 0 0.06373955068327475 9.795435918867414
790 0 0 0.049414456185100875 9.787225432383286
795 0 0 0.05040739399780292 9.786160511358554
800 0 0 0.0956985981820393 9.779152320174402
805 0 0 0.07971389426263231 9.775946828135957
810 0 0 0.11443289441691595 9.769043011993636
815 0 0 0.07899713791421492 9.766329636774397
820 0 0 0.06456459316300611 9.760914043533704
825 0 0 0.08397415702369537 9.754910854328596
830 0 0 0.04915994403512913 9.75101827786469
835 0 0 0.03976463762044591 9.746154200887366
840 0 0 0.11191568476305425 9.741910410577647
845 0 0 0.10110538604996977 9.736977344396744
850 0 0 0.17670628331810567 9.730613951230056
855 0 0 0.11135763168670576 9.72665596176475
860 0 0 0.1277059335344537 9.723073032733945
865 0 0 0.17765372762443654 9.715860523271367
870 0 0 0.04119567622072351 9.713884321286297
875 0 0 0.11897247619400964 9.706734263963591
880 0 0 0.1105169336466183 9.70258673990312
885 0 0 0.09968465719777275 9.698065041468078
890 0 0 0.0971977347153441 9.69697062473818
895 0 0 0.19309930958350296 9.691369591480433
900 0 0 0.152653991738948 9.688327170045653
905 0 0 0.1257233637477302 9.683831072111042
910 0 0 0.1259132701397232 9.679985012325401
915 0 0 0.16086457483862593 9.674026665143776
920 0 0 0.12488825431128192 9.671852422679896
925 0 0 0.15723959966413203 9.669680407220893
930 0 0 0.17222302634105846 9.661219249765013
935 0 0 0.16009588324310675 9.6621719316532
940 0 0 0.10680403320602672 9.658256164927755
945 0 0 0.18556574897092948 9.652038285098136
950 0 0 0.0863319062886343 9.64893930996831
955 0 0 0.18671652727548493 9.644173813914877
960 0 0 0.15750582023092052 9.641234571654632
965 0 0 0.15678122181293208 9.640398623815594
970 0 0 0.08567873579969265 9.630982245046159
975 0 0 0.13801554973035612 9.6319659457586
980 0 0 0.15959520518027825 9.626097649921133
985 0 0 0.1527203818511964 9.624995518591327
990 0 0 0.18039164353521686 9.621582862923495
995 0 0 0.11764254779745076 9.619858899981294
1000 0 0 0.13369858822732517 9.61582805883761
