0 0.4457522671417718 1.8021244992782561 0.2700152540225844 0
5 0.9525166812784376 0.10921800396301373 0.026473208896428346 3.7843933179683726
10 0.9783447166196707 0.06238629131492068 0.010043291822669387 3.6976059197380136
15 0.9837901923116635 0.04654871125160298 0.006851993136500534 3.6786485848370347
20 0.9908685906177814 0.024787839140522294 0.001227123881752279 3.673039045605785
25 0.9877672732706025 0.04444123824194346 0.00813113238782126 3.6682005675563216
30 0.9957084735590636 0.014419581141178917 0.010287237582515818 3.6671612927489976
35 0.9961435139244998 0.013364850097683956 0.0011236377155332544 3.6662211580893955
40 0.9987890698070913 0.0031019299300845127 0.0037367670571173406 3.6658044259795797
45 0.9974614605200407 0.00770998342232021 0.005472100700460558 3.66604811605919
50 0.9973813401879275 0.009149631004491177 0.00097410835507028 3.6641751810475354
55 0.998475376019755 0.004775249987049701 0.0012962838315946357 3.6636316962884523
60 0.9974565902255164 0.007623582820935226 0.007020121980852334 3.663447923464048
65 0.9963681103746524 0.012508236808259188 0.0020607080932608657 3.66225431132419
70 0.9980686198321282 0.00594173777089857 0.0032508524786203363 3.6623271425683726
75 0.9988687491384016 0.0033660365149836835 0.005018513999065721 3.6622243025672274
80 0.9940870784609265 0.020552731058088636 0.0038262380190816625 3.6611029862406435
85 0.9974349339551059 0.009758435501956875 0.006246708045893001 3.660975941619769
90 0.9990436894701654 0.002743516469371876 0.0013908832094513546 3.6607866034760463
95 0.9958154384098453 0.015223692266658873 0.002121836795924148 3.6603266731625705
100 0.9984931845942417 0.004038881697716157 0.0034229570525465824 3.6599095173116867
105 0.9964596657543794 0.009218132296471282 0.007093969786545751 3.658845140286177
110 0.9964405995341011 0.00899177825427211 0.0002431200772616826 3.659372574813089
115 0.9888589824539944 0.0237183399309715 0.00031553647297699605 3.659017173912323
120 0.9807484779626198 0.03995596701022741 0.002548589136019075 3.6593379984497165
125 0.9674806879952614 0.07002750021693283 0.0037759072087042433 3.6589330705018233
130 0.9878005650119352 0.026853092375254572 0.002401277349871389 3.6590177829046815
135 0.9844615401100951 0.032585610077599636 0.002097328196259962 3.6584975711407184
140 0.9739270607389678 0.055522768155491065 0.004212178234750619 3.6586116368328616
145 0.9867064579729594 0.028637586566155893 0.0010491255795010979 3.6582330311283213
150 0.9558045313608196 0.09340371031480732 0.00010770860254338821 3.657710129716815
155 0.9748669774126612 0.060628462004329364 0.00338548143635764 3.6574427665111373
160 0.9641431364945269 0.07821667434190482 0.000646560490267456 3.6576629228806654
165 0.9591908328059717 0.09706329193952978 0.003908117206784523 3.6575835387008184
170 0.9491781684151637 0.11778171348444166 0.0056879833991951845 3.6576853418678197
175 0.9339899800961062 0.1484216505007696 0.0020354464752803114 3.657404671185739
180 0.9346742038579499 0.15624216156400994 0.0035155397660859844 3.6574162143557585
185 0.9295399479679662 0.15507921600047903 0.004582162521991728 3.656800767448666
190 0.9190638764550478 0.1805272288491766 0.007562551928124384 3.658005315419845
195 0.9039217852387678 0.21496576212805474 0.003121534458755848 3.657653289286549
200 0.9169225182375196 0.1932991160512878 0.004207138718858028 3.6576928374848503
205 0.9033394579268781 0.2168234829248199 0.004058757244414846 3.6570206258044635
210 0.90195045634044 0.23753739288484343 0.0022916834708870404 3.656984490061026
215 0.8987936068207532 0.237104860111776 0.002710682258555641 3.656696679189848
220 0.8869391270065723 0.25608379129412606 0.0003547401131320793 3.6572752181155352
225 0.8782926699438951 0.2682582819134529 0.00862210254595408 3.656675828039443
230 0.8691659838759798 0.289365076027166 0.0016661070527104194 3.657095038627354
235 0.871054050538576 0.2866586614126021 0.0019318262206358128 3.6568360069958903
240 0.8761347611834063 0.29344179595070186 0.0026225009240830044 3.656790179780675
245 0.8719724688358752 0.2941129947623975 0.0012838142448645673 3.65716896341843
250 0.8632748205843295 0.31248268920859656 0.003852879367619577 3.6562573057501853
255 0.8488665467869188 0.3318432726040328 0.0035834813860078363 3.6565749073293934
260 0.858219062466224 0.3182154643370172 0.003181607946532772 3.6565464240547154
265 0.8524204716892148 0.33545020906570944 0.002744174039765346 3.6562699488079606
270 0.8414396528230645 0.35145941022106886 0.0015183658850634885 3.6568002711513357
275 0.8497529074808053 0.3548190145030814 0.000937521519657869 3.656774301543943
280 0.851288075180118 0.3556161623632832 0.00272095798491212 3.6567160769297566
285 0.8506744626335889 0.33973077934840346 0.001320248665122925 3.65689587279252
290 0.8505646879539959 0.3407419641228331 0.0003281687233143149 3.656601766411913
295 0.8354156475750867 0.37351623996668515 0.007475725301550495 3.6566267949367135
300 0.8409147856940893 0.36681630710613966 0.004668385288483234 3.6561783137963046
305 0.8415483288141041 0.36888072634362246 0.002049605602990834 3.6562452429389265
310 0.8250387402284283 0.39244659843549545 0.0003017336346402555 3.6563900225061645
315 0.8388365405521512 0.3643056144757164 0.0016021201798128715 3.6564931563431675
320 0.8357375885349045 0.38269967941252503 0.005587467576877891 3.656284339319418
325 0.8374477265922738 0.3945187633121483 0.0018979617974019813 3.656291067873963
330 0.8281208079150202 0.39581547384342475 0.005996568832801641 3.6561726799897243
335 0.8240826437899426 0.40241098601997916 0.0045448181300011825 3.656236475090929
340 0.8259692744568263 0.40119774646164874 0.002542409450267069 3.6564604398485683
345 0.8265554307357883 0.3920697268442668 0.0004629441261458922 3.656514488339344
350 0.8279206489045022 0.3979774382804102 0.0032432038160226107 3.656420359177349
355 0.8270465217455489 0.3915605519592038 0.008915146484669512 3.656391641338851
360 0.8179920361340249 0.419066347223608 0.0008325753778699596 3.656538803968874
365 0.817221402952148 0.4195771401156918 0.004905345637016945 3.656720480960922
370 0.825002868088897 0.4089494094905346 0.004621609287522643 3.656315722648529
375 0.8124705707949658 0.4273132488724025 0.002179677582458739 3.655991105773717
380 0.8147876060994785 0.4234514704811687 0.002605951339891721 3.655882682346192
385 0.8147562385425587 0.4249672422281936 0.0005240954870191494 3.6565705569934277
390 0.8108201127092443 0.4331819715703631 0.004055257200928031 3.656705331852387
395 0.8008745392349967 0.45875508488991557 0.0004602648920730701 3.6561708973578715
400 0.8111310225824682 0.42914240966483774 0.0036336307667466095 3.656080695717681
405 0.8153090086104018 0.424422061772205 0.0010678244624400257 3.6567170228370514
410 0.8143058484922878 0.4164179833491577 0.004370405508627329 3.655919838815018
415 0.8135294882310675 0.43042439800981036 0.0033482929999040234 3.6563777686307115
420 0.8055962988667674 0.46835401895654183 0.0039668478432404175 3.6560669733407063
425 0.7961908911450377 0.4785327961451493 0.0006974070224257112 3.65604648351212
430 0.8102579086010118 0.4274803966289138 0.0010743447221233104 3.6558524477473373
435 0.8134839388439554 0.4294027853228517 0.0019013459860990345 3.6562256814638037
440 0.8071450687865647 0.4381765780326905 0.002012489387178018 3.655907007397115
445 0.8010528971361469 0.47454611149315085 1.6676662373482642e-05 3.6564857382464253
450 0.8007310994246729 0.45888100298365764 0.003058216889159082 3.655330870707799
455 0.8072478534838954 0.4523729463644921 0.003069231393854066 3.6563081604135594
460 0.8081522650808468 0.4309062654469704 0.001518612171840017 3.6560052774459324
465 0.8040300053028435 0.4564261092043873 0.0012668133456312791 3.6560334589815757
470 0.8008485855086072 0.4655437738863979 0.0055542166343818256 3.6559359688105304
475 0.8008981481785706 0.45736717540181093 0.00438126696678065 3.656307088498987
480 0.8054848889600892 0.4589104324962152 0.0036903365872758 3.655901438937111
485 0.7978284161761334 0.46727407863821036 0.00020151905904941536 3.655973427528787
490 0.8071296503420784 0.4472489577795553 0.0026466452528652873 3.6560542399285962
495 0.8054097966319006 0.4444076145824356 0.00481362408295305 3.655957161959461
500 0.7911662495082574 0.49165902811696327 0.0007720162528230823 3.65600313220923
505 0.794474821730202 0.47935679564135114 0.0022691391585070164 3.6559702753337984
510 0.806702227169003 0.44709023221593824 2.8310811579723705e-05 3.6559765348084654
515 0.8047165060380685 0.4498644484324972 0.0012677250675592333 3.6557847834491035
520 0.8009498120423176 0.4659779206549093 0.0005100330772236372 3.6557857385248917
525 0.8001850958129813 0.46027294157651877 0.0008330314091629099 3.65588501726276
530 0.7949381145345409 0.4717680619997111 0.0027451097887354337 3.6559198752860533
535 0.8013742734413714 0.46257246155246623 0.0010993345415091227 3.6563236454436208
540 0.7958825754224838 0.47019091294413506 0.0020234425903509212 3.6560887688775296
545 0.7998985601080161 0.46269435808483905 0.0005505662699343272 3.6558643209458417
550 0.7899111777150036 0.5022357975006404 0.0012697896809554798 3.6558796219946608
555 0.8009653011839908 0.4577619484034008 0.0033305824316105515 3.6560047348562783
560 0.7950992175041942 0.47170048704003165 0.0010113771360582557 3.6558535903877027
565 0.7908939189195099 0.48460094540719467 0.006425723180692122 3.65587197019602
570 0.7786441735879914 0.5408972120280717 0.004921032253886626 3.655777798728063
575 0.7914625409885274 0.48992656279168134 0.002142523494429227 3.655971979323096
580 0.7910985848604448 0.4824288415522675 0.003107935918413851 3.655718862868627
585 0.7923694596095159 0.47121681362142276 0.0022116768505964224 3.655970073303992
590 0.798036928427371 0.4636548080966083 0.00018245447021025818 3.65585763163088
595 0.781940818530713 0.5173769029068733 0.001608554466835166 3.6564162004331964
600 0.800488445013261 0.4601994654085617 0.0024626812606360904 3.656077632989222
605 0.7974680445964507 0.46348143380893436 0.0008022605359032653 3.6557988288907888
610 0.7960369498164241 0.4693706814687806 0.001639979784509249 3.655670271357438
615 0.7932864857732983 0.48215307539836605 0.0029333583380439787 3.656173015089737
620 0.7941720556879277 0.4772788228806091 0.0043363430526166535 3.6553093865810866
625 0.7827201761003595 0.5155805416848 0.003733071570319213 3.6556079374656254
630 0.7897096283393367 0.4958066954645277 0.0032479148562758464 3.655927528429189
635 0.8013986465628395 0.45931364723497037 0.00030044996183642425 3.65537161974046
640 0.8003057529043633 0.45777830573751377 0.0006775451535896426 3.6556388365648975
645 0.7995827750698232 0.4725169732985961 0.004650181571058676 3.655431401130559
650 0.7926913858258935 0.47813375873282205 0.007182746339646551 3.655732438929222
655 0.7888571280999996 0.4993346288899021 0.0019319772750661102 3.6555042066354066
660 0.7948560419503318 0.4747415186055015 0.0038691131965402636 3.6558004979395173
665 0.7928971133905296 0.47867316977348384 0.0018874614121866529 3.655956135217208
670 0.7947339701570721 0.48568174685528565 0.0001748811069832712 3.6555825671711877
675 0.765678214826483 0.5667778427648305 0.0009386621626876757 3.6556944330360177
680 0.7927911372146561 0.4760541097254709 0.000388955688834125 3.655578112061864
685 0.7979785733222631 0.4677314585611301 0.006802419675135285 3.655813946996186
690 0.7981926547283611 0.469757601970203 0.0049150594938458525 3.6557977453450703
695 0.7921098111206849 0.4887340880827571 0.0028846961840429675 3.6552255839635244
700 0.7867478896471933 0.4986866013215483 0.0034075518980218877 3.6557034969761277
705 0.7881129347063978 0.49666589270206263 0.0047380438321440455 3.655298729547356
710 0.7958053574566502 0.4883352321515746 0.003231619782343431 3.6558045427154546
715 0.7939801891945897 0.48346380286104296 8.414775168863464e-05 3.6554017330031883
720 0.8030517121025926 0.4560851547658169 0.0017049770727812774 3.655709903370775
725 0.79419162671274 0.47886165572792194 0.007201414897855862 3.6555381916578598
730 0.7848912744133177 0.5108447020366125 0.005433429078411489 3.6555687750422283
735 0.7938710087536596 0.4834012376073584 0.0038906158930855916 3.6556107473806554
740 0.7866071907294951 0.5156314402213704 0.0007984267098504194 3.6554911995223796
745 0.7875448840469 0.49912139441211956 0.0006217637584473579 3.655753363520686
750 0.7966562804284756 0.47390049714590887 0.004255084203246051 3.655803147249285
755 0.7911264216923162 0.4883199742121578 0.003922045089692627 3.655543936790757
760 0.7929216169089033 0.47753598964530486 0.003320887586607757 3.655132989775392
765 0.7906734442583853 0.49354354952990676 0.0025749308813272087 3.655641299868069
770 0.7962808818109177 0.4691218965080832 0.002921297131776912 3.655187328146616
775 0.783608284179981 0.514017419099785 0.002276916496057213 3.6557502623515057
780 0.7927317231156651 0.4798430921561705 0.0054295450935364364 3.655536374485656
785 0.7992952837644693 0.4597276774379351 0.0017374389470217189 3.6556425479108974
790 0.789787384237476 0.4889119360723093 0.00039948230369968307 3.6556117723201043
795 0.7999832226683731 0.4699847294563835 0.0015952642150467433 3.6555521673701286
800 0.7927368085201261 0.48344861887363777 0.005633031078130513 3.6554479893178677
805 0.7905147714984931 0.49010352901900234 0.002072951014126634 3.655572614344913
810 0.7834353517652921 0.512156064425211 0.0006976536864613525 3.6555117118156506
815 0.7879816866427864 0.5032970091268192 0.003921345784414276 3.655091841879645
820 0.7975356018732545 0.46894911254153104 0.008450964410662731 3.655646532399455
825 0.7905210539524301 0.48508201816187846 0.0038406632888317027 3.65546117198527
830 0.7861778600720739 0.5053865306990897 0.0018187228647914555 3.6557613504194473
835 0.7995751529080876 0.4588632154062413 0.000643953488344895 3.6557325655609247
840 0.7977990469107092 0.46359073334528755 0.0006689503726435841 3.655488056573406
845 0.7921646041851966 0.48511503738183226 0.0020615724320989237 3.6552850273287785
850 0.7922847304133769 0.4831650853955285 0.002882546739250591 3.655346202697268
855 0.790294111646823 0.5006289815884486 0.0008953131080591259 3.6554750766124173
860 0.7913631321383556 0.48476305431303945 0.002905877290441561 3.6554890606241908
865 0.795087119493717 0.47261142490622543 0.002392834083464246 3.6553233606704776
870 0.7832761081426789 0.5095361009167778 0.00033565374096977685 3.655508910380009
875 0.7808330477485406 0.5175320290692396 0.0008015241643890558 3.6556706835262145
880 0.8009086894366422 0.46515555423960553 0.0027271327705056247 3.6553548350101943
885 0.8010277896398722 0.4508063751771427 0.005014297774152077 3.6556830416782735
890 0.7958638916185071 0.47471999125387665 0.003708145882208358 3.6556070744802853
895 0.7847809221656066 0.5052519659153107 0.003895622906624041 3.655341480950611
900 0.7906036859587133 0.4867545626721501 0.0008789433711926531 3.655602320749176
905 0.7946893025161794 0.47578692083430063 0.00014049445398045535 3.655417640071924
910 0.7855013663312569 0.4999880918761992 0.0056709034751682985 3.6553629445375186
915 0.7949745890256316 0.4790542406295657 0.0023761604449261675 3.6554519174246125
920 0.7866905296096716 0.4962913137749885 0.0007557457733844419 3.655472835280729
925 0.7984550147962466 0.46412992084662097 0.0016028273304236063 3.655525550775772
930 0.7919091727583842 0.48226990361162336 0.004108809425320548 3.6556670995980913
935 0.7786650838523959 0.5309077279923393 0.003009226271014853 3.655312170524768
940 0.7994353220729531 0.4605515600927852 0.005564870690754065 3.65542446864468
945 0.7959161829224817 0.4703982041079735 0.0029372374289351466 3.655669740938835
950 0.7976495266536814 0.46850037053849647 0.005599762564786781 3.655484068663034
955 0.7886556861947276 0.48814279603202504 0.0012329887001811812 3.6551333016222434
960 0.8034977648780814 0.45144993199890937 0.0003132464849702199 3.6555668576519817
965 0.7981308212932674 0.4680159909182322 0.0021377711449264147 3.6550513488555403
970 0.7932157823337431 0.4788061881808936 0.0017671293977319369 3.6557034164876034
975 0.7984110933860284 0.46697365059393636 0.0024133973480970905 3.6550630177413903
980 0.7957168867595401 0.46536513002575663 0.002520302980576039 3.65583941322228
985 0.7979873019941133 0.45788459031529705 0.0028489621870928517 3.6554331729057905
990 0.7949429756620325 0.47361782256255314 0.001979576977934494 3.6552637681927735
995 0.7938342278623578 0.4764423479842286 0.0007925396696599751 3.6549267805089034
1000 0.7927340371407108 0.4782487426858255 0.0030980558841939843 3.6550892472841565
