0 0 0 0.3386716620420557 0
5 0 0 0.01624713495970842 21.436229588966253
10 0 0 0.01110373834638767 21.298939844667647
15 0 0 0.011122502074915941 21.23182091919061
20 0 0 0.006198204186979472 21.170665003291155
25 0 0 0.015308771118744957 21.12275349129824
30 0 0 0.02014534341051588 21.07544274541096
35 0 0 0.017050111486090813 21.04052738324061
40 0 0 0.020774243182687835 20.996475679417696
45 0 0 0.019451121935330384 20.973207698525535
50 0 0 0.020945411919218282 20.930494071244333
55 0 0 0.021471427302615975 20.917417354401366
60 0 0 0.024567910084532407 20.88985527276844
65 0 0 0.02045084746891157 20.866030762673873
70 0 0 0.0232934655926873 20.860721537421547
75 0 0 0.02397485599613569 20.860118273290528
80 0 0 0.023683255077431298 20.842263293774913
85 0 0 0.023111121470880125 20.83071808344804
90 0 0 0.022548714742014697 20.835499172517107
95 0 0 0.021224932282014386 20.826841696289264
100 0 0 0.02079716196400172 21.094428017791827
105 0 0 0.0159122770820046 21.091438629186
110 0 0 0.018083943510473155 21.079003308466962
115 0 0 0.01972809214782334 21.071663803530736
120 0 0 0.0192190737169442 21.067393391550482
125 0 0 0.01881761301607443 21.05867170429776
130 0 0 0.02053715749574625 21.050207244157924
135 0 0 0.020446768297785134 21.04664338996531
140 0 0 0.02106134834176321 21.04761790917697
145 0 0 0.021247122435914534 21.041920642494023
150 0 0 0.019418783864398215 21.030751534988713
155 0 0 0.019338482677697222 21.03183079014613
160 0 0 0.017866426938414337 21.02962834031106
165 0 0 0.018219611428992977 21.028685317589638
170 0 0 0.01894866510056392 21.028375747367434
175 0 0 0.02274913447415794 21.021770850492484
180 0 0 0.019915454557059453 21.021585371953993
185 0 0 0.019001880992453257 21.018222580709477
190 0 0 0.015130853395451282 21.015257059270212
195 0 0 0.019408722316628158 21.01281884852303
200 0 0 0.018333237736493535 21.016539275175607
205 0 0 0.01811745410004839 21.013147529078516
210 0 0 0.0195983043685779 21.014342165737514
215 0 0 0.01928058697722479 21.01679906577212
220 0 0 0.018527670584197464 21.010725740282474
225 0 0 0.023071493442971214 21.005838473442644
230 0 0 0.01892652800301642 21.002930229934982
235 0 0 0.020783239525029806 21.00358525767642
240 0 0 0.018512637424221268 21.006499199563
245 0 0 0.017082793826679765 21.00440359857466
250 0 0 0.0177770735362619 20.998387400408102
255 0 0 0.015683350248203887 21.004381201549617
260 0 0 0.01868419396667642 20.99886093669516
265 0 0 0.017014558493634757 20.996047424811408
270 0 0 0.01875981172739749 20.997453345900546
275 0 0 0.020598716885896984 20.997086623792498
280 0 0 0.019048473927341547 20.992799075365593
285 0 0 0.019585213212814256 20.99319755035024
290 0 0 0.018014544475179584 20.993700819164115
295 0 0 0.02096942884086128 20.989899691034143
300 0 0 0.020231500113874645 20.99269132525596
305 0 0 0.018871901624810228 20.990597033222087
310 0 0 0.021473218473066602 20.978655608545793
315 0 0 0.015376697489095648 20.983664585672614
320 0 0 0.02006706125943669 20.98213138190275
325 0 0 0.021790838705808113 20.980492838050488
330 0 0 0.021889291799731092 20.978943679102734
335 0 0 0.01899645052831067 20.976629606825483
340 0 0 0.020755629783820284 20.977290451628114
345 0 0 0.015268181838581585 20.97366178135867
350 0 0 0.01810652761411946 20.970877853290382
355 0 0 0.021523067122174666 20.96684866964006
360 0 0 0.019325795190394235 20.959149773284707
365 0 0 0.02068400860794739 20.96460119015007
370 0 0 0.019514748564314566 20.96197183850667
375 0 0 0.021228423792318152 20.956237331085244
380 0 0 0.018727543796267954 20.955787099624676
385 0 0 0.023815427216778096 20.952850986207636
390 0 0 0.01758675488972372 20.955308777476088
395 0 0 0.016664651170757994 20.939853470930785
400 0 0 0.018834703706015254 20.940015742268205
405 0 0 0.01811202833287706 20.936789636759137
410 0 0 0.01913727906170748 20.919323047915828
415 0 0 0.02260714280461329 20.909763992074453
420 0 0 0.02021876719473159 20.906284797583243
425 0 0 0.020512424676685903 20.902529666755825
430 0 0 0.022694499291781467 20.88230595109042
435 0 0 0.0178860332316908 20.900396543710045
440 0 0 0.01890255413804187 20.87927290876468
445 0 0 0.021579025822546782 20.871688013035993
450 0 0 0.01850905931142255 20.864516071647646
455 0 0 0.020352544281559082 20.85222037524425
460 0 0 0.022678071661192734 20.84277475256209
465 0 0 0.02546162689598419 20.835540852058156
470 0 0 0.01745629784387437 21.107675892946048
475 0 0 0.017293193488566283 21.03114419707624
480 0 0 0.021452472858858762 20.996873838183063
485 0 0 0.021826669698390422 20.992482854642958
490 0 0 0.01900305776914557 20.975032507837987
495 0 0 0.021985109375220357 20.965362213383752
500 0 0 0.018282621901506424 20.961762361299357
505 0 0 0.02129132703975256 20.952768764279817
510 0 0 0.020355725494103805 20.947327626813376
515 0 0 0.023138975887873947 20.941337078679748
520 0 0 0.02111419021393779 20.935451358611157
525 0 0 0.020369840269405026 20.934799758009103
530 0 0 0.021446906667417664 20.935219602636195
535 0 0 0.02126274732543032 20.92627576262724
540 0 0 0.02127574173377189 20.91824112877147
545 0 0 0.018255951677553117 20.91251690172946
550 0 0 0.020070535291750513 20.898455736708332
555 0 0 0.020690128490088 20.899760014973396
560 0 0 0.017612233688571566 20.888973597384258
565 0 0 0.019575998922159776 20.888315711113652
570 0 0 0.020984896406412767 20.879266204133486
575 0 0 0.021040945564825497 20.881523066146155
580 0 0 0.023105890449652833 20.878478135149827
585 0 0 0.01941247878641783 20.86814616820881
590 0 0 0.021349929794651556 20.862177784449624
595 0 0 0.021068738365039863 20.865171360287277
600 0 0 0.023529198878990076 20.86374383923062
605 0 0 0.019154867473155868 20.856638125943356
610 0 0 0.021986904100355975 20.850429669231584
615 0 0 0.021553686942340056 20.844994545774263
620 0 0 0.01900871746929389 20.84049194174156
625 0 0 0.025313320926091176 20.840868964081647
630 0 0 0.02120407154760895 20.817656609500126
635 0 0 0.02218911015528291 20.809363026907235
640 0 0 0.020993957612689407 20.814465047824992
645 0 0 0.021254130134206628 20.803521540358748
650 0 0 0.020565787398679536 20.80981529092716
655 0 0 0.019340449487492695 20.79671958030942
660 0 0 0.019887041881830658 20.791105954247804
665 0 0 0.024203930590276812 20.783163637930308
670 0 0 0.02041342684755376 20.794816586665412
675 0 0 0.016286548449189198 20.783074893828175
680 0 0 0.0227190854457191 20.783055207000757
685 0 0 0.019218417176053215 20.78594273316817
690 0 0 0.024666151704701544 20.776161441144108
695 0 0 0.024407866331642714 20.779731471727718
700 0 0 0.023746204821649464 20.767170312408098
705 0 0 0.02392052453520277 20.781345141698715
710 0 0 0.023567507658136755 20.763778516829458
715 0 0 0.025910122940302482 20.768172645762647
720 0 0 0.02626030851512917 20.764834857372602
725 0 0 0.02709985084544808 20.763697657212838
730 0 0 0.025325293085592726 20.760498256058167
735 0 0 0.023068499538875464 20.767710008685206
740 0 0 0.020588567400288582 20.753289958841552
745 0 0 0.025209295929135678 20.7537503554147
750 0 0 0.026319588831629437 20.761116456503217
755 0 0 0.021401828942797296 20.7426653958173
760 0 0 0.026483320615369177 20.75019770419941
765 0 0 0.024710921116421147 20.750273303342702
770 0 0 0.023144979484829076 20.75912476327559
775 0 0 0.022645166831614105 20.745239129063226
780 0 0 0.024190531205197097 20.76392041233718
785 0 0 0.02440770396217662 20.749619490191662
790 0 0 0.024138152993375517 20.740176891453434
795 0 0 0.026364674776552466 20.746715084536834
800 0 0 0.02386203194270231 20.73018806266763
805 0 0 0.02595434912258021 20.737193583710596
810 0 0 0.024019675236606863 20.731911467933585
815 0 0 0.025006143700584404 20.734849291043748
820 0 0 0.023948325094337752 20.733909900167227
825 0 0 0.02562132045490184 20.733603035332457
830 0 0 0.02524140039765088 20.727492702254658
835 0 0 0.024753199048589414 20.73226659037311
840 0 0 0.023885624696948105 20.73479181596552
845 0 0 0.024486867675871826 20.730304010509496
850 0 0 0.023751056282123706 20.729881075757227
855 0 0 0.024386067317828886 20.729174234281903
860 0 0 0.02599620155148674 20.732508131622136
865 0 0 0.019861371965083974 20.731195115019762
870 0 0 0.02473456551372788 20.72550474171298
875 0 0 0.025410875497171137 20.724825609526615
880 0 0 0.023215807041218284 20.727438673114502
885 0 0 0.026120615681261228 20.72617225138208
890 0 0 0.025546497044482974 20.72670858909009
895 0 0 0.025499378103165604 20.724426946420955
900 0 0 0.02434551640489957 20.724996325869814
905 0 0 0.02463719407833742 20.723354230800997
910 0 0 0.026876411967447833 20.721783874833555
915 0 0 0.02549994600338401 20.72131214952002
920 0 0 0.026804632053246236 20.723390514797025
925 0 0 0.023254210005654974 20.722312675120605
930 0 0 0.025359843322971143 20.72963237285792
935 0 0 0.02464609721589328 20.72171743906375
940 0 0 0.02508590260390675 20.723658700864554
945 0 0 0.02539135122008207 20.723503084520075
950 0 0 0.025714926500925328 20.720884685199408
955 0 0 0.02632878898474389 20.72438306161501
960 0 0 0.02451857252957268 20.722231338649962
965 0 0 0.026070598304320347 20.721656068698348
970 0 0 0.023738676378943557 20.720144536638156
975 0 0 0.025125794568854998 20.71780405286026
980 0 0 0.025076310879447616 20.719331967635473
985 0 0 0.02687474014053559 20.719116092305924
990 0 0 0.025110185765461424 20.71936516643374
995 0 0 0.024636457559951586 20.720823377955654
1000 0 0 0.023351546941180246 20.72158580103923
