0 0 0 0.386495460072924 0
5 0 0 0.0042436157469119 21.405866089136158
10 0 0 0.0104409083404986 21.255306861775146
15 0 0 0.010366611901547751 21.180843239551777
20 0 0 0.011757274798091633 21.13697643804734
25 0 0 0.013909293465836914 21.08844665657096
30 0 0 0.01673675532115193 21.048459511783452
35 0 0 0.015849884469805176 21.009507957256666
40 0 0 0.020234116369733934 20.97592012871149
45 0 0 0.01968057888799013 20.94510229087929
50 0 0 0.02000943415407974 20.92399163189613
55 0 0 0.02135218946983075 20.893954040749183
60 0 0 0.021821150395751943 20.877233833675195
65 0 0 0.020202725013549916 20.865212229852762
70 0 0 0.01865493441604471 20.847876374774838
75 0 0 0.022596554825797366 20.835611732698368
80 0 0 0.021011537247032752 20.8354828377189
85 0 0 0.010890593983035268 20.831729577936354
90 0 0 0.022109492051647583 20.824714099716957
95 0 0 0.017085640064475882 20.810587854544938
100 0 0 0.018521795160424404 21.07933636104049
105 0 0 0.019530098225211567 21.08121669468665
110 0 0 0.017727848376289046 21.06345173105813
115 0 0 0.022423243182738917 21.06157896126673
120 0 0 0.019090534151086302 21.053084309688728
125 0 0 0.019088309745510568 21.044361415540425
130 0 0 0.017564581000343082 21.042266212268604
135 0 0 0.018601764440337565 21.045244479629833
140 0 0 0.017736000532198926 21.03427766408106
145 0 0 0.01626574061372743 21.035874299155797
150 0 0 0.023421534439869607 21.022344612574667
155 0 0 0.02129818870948874 21.02629252422531
160 0 0 0.01823550251262196 21.019017945475053
165 0 0 0.01637262698003683 21.012499120353088
170 0 0 0.023619823406020757 21.021589637879885
175 0 0 0.01585737185842362 21.01837391590551
180 0 0 0.022254143170727714 21.019920120277323
185 0 0 0.017751504158593168 21.016440024171867
190 0 0 0.018726217838369807 21.011691889178067
195 0 0 0.019082092294775643 21.01108101881691
200 0 0 0.019720310076321468 21.01288565037841
205 0 0 0.018065136341783417 21.006385296433155
210 0 0 0.020450172424223645 21.00531009021896
215 0 0 0.018649759995947868 21.001300451777215
220 0 0 0.018825608292708962 21.007702487149864
225 0 0 0.018414566905711194 21.004851512420725
230 0 0 0.0200822203250155 21.002044783449875
235 0 0 0.019196280512699282 20.99740096220792
240 0 0 0.020088793382174508 20.998380911940497
245 0 0 0.01982946049384804 21.001037974393267
250 0 0 0.01686508015115762 20.998575670139868
255 0 0 0.021028590610005615 20.99385683048351
260 0 0 0.017081668893752955 20.991063437307503
265 0 0 0.02255536423993454 21.001672672492408
270 0 0 0.020980355045655763 20.994662225778892
275 0 0 0.01870364675918479 20.992280594674163
280 0 0 0.018879900759258827 20.995234967447303
285 0 0 0.017891037090108863 20.98535356124916
290 0 0 0.020036934067866774 20.98614242397092
295 0 0 0.020196625974542748 20.98883228077581
300 0 0 0.016406618057438926 20.988429980107316
305 0 0 0.019033881076120807 20.979823205801857
310 0 0 0.019875661621998608 20.97789401389828
315 0 0 0.02182022938638517 20.979982572770233
320 0 0 0.01963998997466998 20.979882045015394
325 0 0 0.018166665447325592 20.97538811576018
330 0 0 0.02072000609025082 20.97484577139267
335 0 0 0.019170794440841465 20.971463712629088
340 0 0 0.016689375306317755 20.96855395531665
345 0 0 0.0205511517164656 20.9698330758359
350 0 0 0.021375200129422067 20.965693011431252
355 0 0 0.021776172955394024 20.957008459572545
360 0 0 0.019186433029630967 20.951041680323847
365 0 0 0.02171043614398971 20.954491443209815
370 0 0 0.023733287493283406 20.957511044149236
375 0 0 0.022015663105578565 20.946987870499797
380 0 0 0.020463148322479086 20.943428252281223
385 0 0 0.021565505423347675 20.932767714966147
390 0 0 0.020553392403663162 20.94054997744699
395 0 0 0.0188161072335864 20.921216185471643
400 0 0 0.021361630632356743 20.928496614123954
405 0 0 0.020451078495810515 20.915935052326045
410 0 0 0.018168874739383556 20.903816216492178
415 0 0 0.022590348159422957 20.899324813788436
420 0 0 0.021057835671734138 20.88839423717437
425 0 0 0.019348952649594686 20.885096902362662
430 0 0 0.02278839735409921 20.878841323789793
435 0 0 0.019865794322210695 20.86962908427266
440 0 0 0.020754394491399264 20.8651814960608
445 0 0 0.024943692325471112 20.856425370202516
450 0 0 0.02243210860310385 20.862652253410406
455 0 0 0.02412674549611782 20.860248076138813
460 0 0 0.022275418793202384 20.840348218663372
465 0 0 0.022237943225929868 20.835850801575024
470 0 0 0.02418738660633868 20.82018166939936
475 0 0 0.021313238859413053 20.82272871096966
480 0 0 0.020968553510189114 20.80425920390909
485 0 0 0.017989265223351758 20.805127402346024
490 0 0 0.02284185532222005 20.789324899627037
495 0 0 0.02564054813818384 20.798361170933443
500 0 0 0.023314498272947626 20.792623634726333
505 0 0 0.02412735212972872 20.7921773900071
510 0 0 0.026003085231061096 20.78880004417965
515 0 0 0.023974593467293692 20.786355912551688
520 0 0 0.019531372506143008 20.781618549948597
525 0 0 0.02336448055905027 20.774651299938796
530 0 0 0.02325750116409253 20.776279959853156
535 0 0 0.02209512845274131 20.76578619538064
540 0 0 0.025351977449131535 20.76531025403333
545 0 0 0.021756527762287536 20.7650710779569
550 0 0 0.022632324029801865 20.767660677609225
555 0 0 0.025369734973478497 20.765888007528392
560 0 0 0.025309380895647493 20.764205355235376
565 0 0 0.023338893448116904 20.760033328360247
570 0 0 0.02471674007683622 20.763374509133612
575 0 0 0.02384344552196005 20.752886906931472
580 0 0 0.02420188591219552 20.755849518412866
585 0 0 0.02605147230022009 20.757383838402994
590 0 0 0.023050372293034638 21.09928696529103
595 0 0 0.018981697097250505 21.127446179436205
600 0 0 0.018893808636134324 21.008441353080894
605 0 0 0.02150543142366934 20.99657994341034
610 0 0 0.022825464178451993 21.00232304965173
615 0 0 0.017270853671910613 20.984538323069604
620 0 0 0.017378377757546026 20.9772461641527
625 0 0 0.02148678662416814 20.9695823577561
630 0 0 0.020739476531151935 20.961701651655503
635 0 0 0.017462659177930773 20.955955023125785
640 0 0 0.02036288416143428 20.94815378164282
645 0 0 0.022346530891552474 20.94763202166257
650 0 0 0.016915177533637804 20.93737143590681
655 0 0 0.01894266343046125 20.94344061844993
660 0 0 0.022604426169941183 20.930518275310277
665 0 0 0.018738579359069973 20.928616354600855
670 0 0 0.02132087339475075 20.922983813375126
675 0 0 0.018798765539580486 20.91918107709867
680 0 0 0.02306698570687815 20.919823293008836
685 0 0 0.020864808687709235 20.913839698947154
690 0 0 0.02098148866330618 20.89996753072168
695 0 0 0.021364434765009044 20.889948967862537
700 0 0 0.019849109789498165 20.876280698891563
705 0 0 0.021569075079806543 20.881785960879228
710 0 0 0.01923574794177285 20.868711457998803
715 0 0 0.02191288547406467 20.863074766368133
720 0 0 0.023297373908628627 20.84918033476012
725 0 0 0.022372112152672763 20.833594637572627
730 0 0 0.02064161714125312 20.837158503922755
735 0 0 0.02291662262622496 20.845755034999776
740 0 0 0.02543869389456077 20.814780155589645
745 0 0 0.02553094460157035 20.8147278996609
750 0 0 0.025170216390977274 20.801939526326557
755 0 0 0.021709871480993126 20.80207631963094
760 0 0 0.02535282139881634 20.794057309400436
765 0 0 0.0240894719597895 20.79396574740209
770 0 0 0.028080823922662868 20.782096136628414
775 0 0 0.02337077266599974 20.775453963013526
780 0 0 0.021257838763285797 20.784450901817635
785 0 0 0.024260562641978956 20.767073400960648
790 0 0 0.022040770886690764 20.80054831987486
795 0 0 0.02341414109816209 20.769155059595686
800 0 0 0.022356235968694183 20.77668056744557
805 0 0 0.024040765058505054 20.75999590594039
810 0 0 0.02391000663003906 20.752591928764094
815 0 0 0.026015839992723944 20.753076003777686
820 0 0 0.023487497899842946 20.781369950913145
825 0 0 0.022138542463950195 20.758272721075095
830 0 0 0.025349967268904372 20.748638788051895
835 0 0 0.022613370748373107 20.741492182877963
840 0 0 0.02187001436512337 20.760410852678593
845 0 0 0.022428342993118022 20.748548975734693
850 0 0 0.024664063699551875 20.7600552265556
855 0 0 0.023303300762645973 20.737149618294882
860 0 0 0.024943960960640554 20.737644449747876
865 0 0 0.024495670129608182 20.74140154037639
870 0 0 0.025802437157499192 20.776341347180534
875 0 0 0.02659063317163124 20.739589669948035
880 0 0 0.026282999482077907 20.733030710217516
885 0 0 0.025221593408446097 20.738332038497905
890 0 0 0.025818024616123036 20.733622078777735
895 0 0 0.024551677599244925 20.732406887598554
900 0 0 0.02586653911976744 20.73104328350586
905 0 0 0.025914750556971677 20.735340378920043
910 0 0 0.025669193010021907 20.73398956593522
915 0 0 0.024792732703480924 20.745519653489026
920 0 0 0.02351300446612803 20.732467644065547
925 0 0 0.02644044945128443 20.729379569803264
930 0 0 0.02413005498778875 20.73028457377579
935 0 0 0.02453663263211814 20.783409358471125
940 0 0 0.02553145473525742 20.73566353678794
945 0 0 0.023905163031120447 20.726308546742366
950 0 0 0.024458763883779655 20.727079791161117
955 0 0 0.024789411562350594 20.735290096911775
960 0 0 0.025289326534278622 20.725590313304075
965 0 0 0.026481863950948537 20.727218822817782
970 0 0 0.024633343894213677 20.729228885748288
975 0 0 0.025829580549712627 20.726905739162248
980 0 0 0.02510888360433161 20.722271485125308
985 0 0 0.024614843974055667 20.72358274364492
990 0 0 0.025201839475710308 20.726263710503463
995 0 0 0.02704215240345209 20.724138447998488
1000 0 0 0.02518500002882984 20.723165947851026
