0 0 0 0.2902077210380196 0
5 0 0 0.018167068051984536 21.258382573568767
10 0 0 0.01568271633587215 21.193637700527542
15 0 0 0.016788509598728796 21.133191987302215
20 0 0 0.021100789302527234 21.125669546305275
25 0 0 0.01927633287252184 21.096800852969576
30 0 0 0.018801609823380083 21.082513999408697
35 0 0 0.018162195321119956 21.0516188389921
40 0 0 0.015493799189875146 20.99660299959006
45 0 0 0.020350295375572536 20.953199104269796
50 0 0 0.02466186867991893 20.91334854088145
55 0 0 0.02212980769951045 20.899598115528942
60 0 0 0.0230059611334259 20.886838429649764
65 0 0 0.02455829835682599 20.875146085061456
70 0 0 0.022396365752893832 20.845698561448494
75 0 0 0.02456421885438642 20.843547067426815
80 0 0 0.023523351504852075 20.824567759404662
85 0 0 0.01809006724939599 20.817201477426906
90 0 0 0.022155616835358716 20.81822128896314
95 0 0 0.025986315845830887 20.80567049360134
100 0 0 0.023640304707490678 20.765109282547872
105 0 0 0.023730461615696363 20.772447622868654
110 0 0 0.025824005847502773 20.765095816750918
115 0 0 0.024739321569976935 20.753620115540265
120 0 0 0.025360081765701814 20.760583003729167
125 0 0 0.02190291388774246 20.756267205501445
130 0 0 0.025412907273471008 20.758472898671037
135 0 0 0.024432168879431115 20.753199402991353
140 0 0 0.02269614359462402 20.756895612742436
145 0 0 0.023183762311443035 20.74926986781502
150 0 0 0.025552385988161008 20.74333786126687
155 0 0 0.023553069880091648 20.75495631599013
160 0 0 0.023978490801454866 20.74476505942721
165 0 0 0.024741053560410897 20.74474945504867
170 0 0 0.023459935663604936 20.74873923753859
175 0 0 0.023194085113985574 20.744967896614927
180 0 0 0.02666761950320984 20.742496786395073
185 0 0 0.026165700388133928 20.742345167847965
190 0 0 0.023658026501856 20.743055389546807
195 0 0 0.02294676710916388 20.742861557383193
200 0 0 0.023037281947270394 20.74229337230489
205 0 0 0.02430225527125618 20.740655614050514
210 0 0 0.02567526332598602 20.736880816202653
215 0 0 0.022138793635227305 20.740150643262567
220 0 0 0.024738163603770458 20.739682491598632
225 0 0 0.023382170406833547 20.740547198573527
230 0 0 0.0249735948541423 20.734927435991608
235 0 0 0.022953131326780785 20.737820659504177
240 0 0 0.024382669159017878 20.740545016798816
245 0 0 0.023815334563825674 20.73672345350602
250 0 0 0.02282489133238541 20.736343110003045
255 0 0 0.02354723938423753 20.736655759087917
260 0 0 0.024529136027214626 20.735912085263948
265 0 0 0.023482900171578613 20.733798885366024
270 0 0 0.024552129735869732 20.736170268817794
275 0 0 0.025731327696846495 20.73496999810508
280 0 0 0.023137689097551428 20.731174213118887
285 0 0 0.025262465997345718 20.72895729926402
290 0 0 0.02598794832125484 20.729495966625727
295 0 0 0.0258864035019144 20.733395471440357
300 0 0 0.024602660880260974 20.732080535355223
305 0 0 0.02435392877676046 20.73186233554744
310 0 0 0.024348819764229868 20.73128574507994
315 0 0 0.02448440230793958 20.73038118774216
320 0 0 0.02436350606746518 20.727204347002964
325 0 0 0.024255483484508122 20.729352969705268
330 0 0 0.02557787677821577 20.728452401051385
335 0 0 0.023199885333651915 20.727680320867304
340 0 0 0.02705224122684613 20.727958396773897
345 0 0 0.023892588350677757 20.729571869201994
350 0 0 0.023060432493595018 20.725912387315283
355 0 0 0.0248384600311633 20.726357661696166
360 0 0 0.0257885071724977 20.72299906395187
365 0 0 0.027360750114123977 20.724602515072732
370 0 0 0.024962742362382606 20.729737451332454
375 0 0 0.02161967720267577 20.724267096348015
380 0 0 0.024507063129441065 20.724318028580786
385 0 0 0.02263009382721104 20.72516651930481
390 0 0 0.02413164137486934 20.72304979871963
395 0 0 0.022698937184980172 20.72091554538416
400 0 0 0.026351782607670904 20.722774570445072
405 0 0 0.024876126406369492 20.72017993400859
410 0 0 0.02176745488868459 20.71993447070582
415 0 0 0.028329026796348966 20.720367706437877
420 0 0 0.024201069570829237 20.720001677386925
425 0 0 0.022832754988460602 20.71770862201382
430 0 0 0.023393212952892872 20.718804021324402
435 0 0 0.024522081063699463 20.718486149992508
440 0 0 0.02429136160682277 20.716800269289394
445 0 0 0.02264378990505067 20.715738365041744
450 0 0 0.02532096380069615 20.715643908217245
455 0 0 0.023581285244578476 20.717236858849784
460 0 0 0.02666387989807073 20.71554813365177
465 0 0 0.027842809507680588 20.714838930516702
470 0 0 0.03019948210314194 20.713150170884866
475 0 0 0.02330875089905926 20.7146772099138
480 0 0 0.024964051993119796 20.710349935689965
485 0 0 0.022250996704874737 20.71057939197266
490 0 0 0.02135688320097362 20.706853472429597
495 0 0 0.02954592619193175 20.706177398016756
500 0 0 0.023377241587285713 20.70542697180159
505 0 0 0.023152153897910033 20.704240548006407
510 0 0 0.021487614775695052 20.702328435666114
515 0 0 0.02104591399313782 20.700482430582415
520 0 0 0.025421768670897738 20.69901853300365
525 0 0 0.012511022892598422 20.696084206788502
530 0 0 0.020791507261891162 20.695679094208796
535 0 0 0.023296360892801182 20.692892889898626
540 0 0 0.023977945917520005 20.691569087643046
545 0 0 0.023202511038808327 20.691747807825426
550 0 0 0.017811869943143765 20.687996350272616
555 0 0 0.019830001955574383 20.686272537937498
560 0 0 0.022473110228696136 20.683603842374076
565 0 0 0.022488354836421642 20.681052488521562
570 0 0 0.018261893546442032 20.679210513610418
575 0 0 0.016533433455470314 20.67571146932914
580 0 0 0.00976579708274028 20.67372288000331
585 0 0 0.02705746453814606 20.66987450246992
590 0 0 0.009574796709491906 20.668039349834565
595 0 0 0.01452275258965452 20.66477011718531
600 0 0 0.00978053811973112 20.66065741674273
605 0 0 0.008176074637764597 20.657606284102798
610 0 0 0.01578052253981288 20.654016404225594
615 0 0 0.011875905408815113 20.649559261439823
620 0 0 0.01211991132490109 20.646276476302152
625 0 0 0.010489789489842138 20.642979473878025
630 0 0 0.02654641134656166 20.637640785159814
635 0 0 0.00521464136635208 20.632346015848224
640 0 0 0.0028643566369581652 20.629341159538782
645 0 0 0.014551215849972099 20.622463089921226
650 0 0 0.010414797886920901 20.618340936531844
655 0 0 0.01570088177292095 20.616019119282846
660 0 0 0.0033662545872306104 20.608789523671895
665 0 0 0.004066816256202976 20.60194946052993
670 0 0 0.007895717376674272 20.59754018966591
675 0 0 0.013933186309427414 20.5921347638921
680 0 0 0.006914852266502125 20.589706771019465
685 0 0 0.0031758610666134945 20.58168008221876
690 0 0 0.01449670584803453 20.574496371358595
695 0 0 0.013111818527079988 20.570906644653572
700 0 0 0.019548391215038485 20.565331662059386
705 0 0 0.03504717174561378 20.55923425077767
710 0 0 0.03160448522303638 20.551917158057925
715 0 0 0.04767424828801081 20.546875532859275
720 0 0 0.04571808082520801 20.541090505474486
725 0 0 0.0023468630835403737 20.53340578135065
730 0 0 0.0243514090187682 20.529781828842623
735 0 0 0.00898295377237357 20.52606177792953
740 0 0 0.026845822443016587 20.521119247428288
745 0 0 0.012167258931496061 20.510341730126047
750 0 0 0.029564114451102297 20.50523630727666
755 0 0 0.00730023318494788 20.500735701462585
760 0 0 0.04419553026035494 20.49488353352953
765 0 0 0.054707872955061854 20.48684307588316
770 0 0 0.020410767455130596 20.480765676053387
775 0 0 0.06507514124025437 20.478467316750777
780 0 0 0.015145380836382838 20.471252486671958
785 0 0 0.08076325080275781 20.4633820409467
790 0 0 0.034738641615073895 20.462189715080957
795 0 0 0.05024682870848385 20.45453768075549
800 0 0 0.048936743903662094 20.450770175432947
805 0 0 0.04311581078482374 20.439472607515256
810 0 0 0.03600351709758187 20.432689815476973
815 0 0 0.06451671461807318 20.433863915074316
820 0 0 0.032850036649918035 20.427057361193132
825 0 0 0.08337731916926439 20.42238692583852
830 0 0 0.08626769546902291 20.413691403712996
835 0 0 0.05147912186314141 20.411766689853057
840 0 0 0.1091266417137442 20.405308167861932
845 0 0 0.08824509063588604 20.40019412473338
850 0 0 0.0908764661509105 20.396513896486322
855 0 0 0.0361734623252028 20.388144045676906
860 0 0 0.07097160119649981 20.383597781679406
865 0 0 0.07925444029379314 20.37579165123187
870 0 0 0.021295855880154146 20.37164438315468
875 0 0 0.09222300717882148 20.36903844767244
880 0 0 0.07163444712980316 20.361496270883887
885 0 0 0.09381569016619018 20.358237423044514
890 0 0 0.11258040165713523 20.351627426725887
895 0 0 0.10477693749184946 20.343693046241768
900 0 0 0.0910547418720482 20.34659974542689
905 0 0 0.08088903515172863 20.335098194670746
910 0 0 0.07093688487644201 20.33640392239251
915 0 0 0.06330381217971648 20.32854638857771
920 0 0 0.11961452170090947 20.323656804748122
925 0 0 0.12578691136864228 20.318739839945895
930 0 0 0.09906209206319971 20.308212276428083
935 0 0 0.1253576619437391 20.303259215257906
940 0 0 0.09814790191320766 20.30409671631057
945 0 0 0.10833321874630997 20.292214150975173
950 0 0 0.11604800285299821 20.298801981026283
955 0 0 0.1668637718621342 20.28579536163524
960 0 0 0.1239766597880736 20.291215158486843
965 0 0 0.1001699273509673 20.27493924344681
970 0 0 0.13502239278372485 20.274543559019065
975 0 0 0.11074985309987984 20.264561961357963
980 0 0 0.16693753036006198 20.27183463390361
985 0 0 0.14387521235669354 20.257426393772977
990 0 0 0.12526855126984526 20.254302341821287
995 0 0 0.13320533995366168 20.254096717694022
1000 0 0 0.10032696109939221 20.245721562152607
