0 0 0 0.27257592222711946 0
5 0 0 0.01479701107428455 21.25466894404601
10 0 0 0.020901884698930395 21.168978144925788
15 0 0 0.02122002877591722 21.121341037548724
20 0 0 0.020359502315836497 21.117643039946117
25 0 0 0.018102859274721883 21.089791243122434
30 0 0 0.021776237275851873 21.084978050986912
35 0 0 0.022655862327334964 21.06419494884096
40 0 0 0.015901903296345 21.052211312014887
45 0 0 0.0190773731284144 21.045317443294003
50 0 0 0.02145709552337638 20.96790991569079
55 0 0 0.02198632234927489 20.942552406910572
60 0 0 0.021152148573096996 20.891499373689488
65 0 0 0.023073101447550037 20.869762122614574
70 0 0 0.021402290848786087 20.854117483887922
75 0 0 0.02179551851936612 20.854047405930924
80 0 0 0.023436003929150795 20.831941008271457
85 0 0 0.019925705695236884 20.83544058456547
90 0 0 0.02521156748349007 20.804494756211803
95 0 0 0.022049070629172718 20.797328346087298
100 0 0 0.023935695068690643 20.758463531010012
105 0 0 0.024356559255364063 20.760397167051295
110 0 0 0.023793656198162205 20.759152605521287
115 0 0 0.026014563803725688 20.758222951857018
120 0 0 0.024810981205320992 20.753233621155182
125 0 0 0.02548092321866946 20.75454607974249
130 0 0 0.024372664806955546 20.752072442252928
135 0 0 0.023635691152581684 20.75157280623809
140 0 0 0.02435863124774973 20.75038443471708
145 0 0 0.024385260864598468 20.749379515403692
150 0 0 0.023678965098884674 20.750582190872095
155 0 0 0.02477815519168658 20.742974875043565
160 0 0 0.0250151852442686 20.74287047656888
165 0 0 0.02414710004276932 20.740166809447615
170 0 0 0.024669413815823882 20.738600843951147
175 0 0 0.02407131000058138 20.742449327792734
180 0 0 0.023306262528809185 20.743123406886106
185 0 0 0.023798849814231415 20.739921744807656
190 0 0 0.025299805107438234 20.744545596216
195 0 0 0.026418030133674497 20.737624977579614
200 0 0 0.024636886260697155 20.738949500346884
205 0 0 0.024074116280697222 20.738825820596617
210 0 0 0.024114061466266712 20.737452229956553
215 0 0 0.023574922529149944 20.74052645363922
220 0 0 0.02355204685448875 20.736930102243086
225 0 0 0.0234716436631921 20.73436697454042
230 0 0 0.0249719353532587 20.73508419100603
235 0 0 0.026896830304237618 20.73404208460826
240 0 0 0.02397961066950538 20.734754372837266
245 0 0 0.02424174606213847 20.733706591794927
250 0 0 0.02372364771584956 20.732220553071087
255 0 0 0.023415371552752973 20.73184417132095
260 0 0 0.024339565969166754 20.729008337622194
265 0 0 0.02421670624973249 20.729189613799754
270 0 0 0.024188986490725206 20.729524350236556
275 0 0 0.02514408262207324 20.731506289711724
280 0 0 0.024796936441715545 20.728750582170424
285 0 0 0.026129066521955124 20.729436261456236
290 0 0 0.02315992094826691 20.726945958650276
295 0 0 0.02415792925198179 20.726759511165355
300 0 0 0.022589149275686005 20.730189959917496
305 0 0 0.025522528111743936 20.730750904798636
310 0 0 0.024012287824455747 20.727278966999567
315 0 0 0.02365270427438504 20.72951907046835
320 0 0 0.022055449166482832 20.728822618034737
325 0 0 0.024190389029017156 20.728857677440036
330 0 0 0.02259297642318736 20.726516138773736
335 0 0 0.022825241899549376 20.72477927509744
340 0 0 0.025014795202919826 20.72588169032957
345 0 0 0.025246672295047956 20.72604037951058
350 0 0 0.023740101778088496 20.72751786921975
355 0 0 0.02183454304944088 20.723291477119766
360 0 0 0.021468420402501964 20.724060541965617
365 0 0 0.025522542151128258 20.724817986717895
370 0 0 0.023673764991495982 20.724636939053543
375 0 0 0.024835435762040836 20.72248401258402
380 0 0 0.023933644420603528 20.723404826708105
385 0 0 0.023678438401525392 20.720489746606724
390 0 0 0.024642852257598324 20.723205075251034
395 0 0 0.027315495937961565 20.721159693035226
400 0 0 0.02413190383797037 20.722093023901675
405 0 0 0.02450051853482904 20.72028953864061
410 0 0 0.023313498707509872 20.724631364578617
415 0 0 0.026478796813368177 20.722559855264244
420 0 0 0.024671144665573852 20.719867207735383
425 0 0 0.020843731156709566 20.71915859350164
430 0 0 0.025869272489869255 20.717977193150745
435 0 0 0.025413160974491866 20.716856728084835
440 0 0 0.025422117261778787 20.717854123072996
445 0 0 0.025434605385328046 20.716357263137002
450 0 0 0.022680767198067775 20.71951694202437
455 0 0 0.022929679564110073 20.713740031165045
460 0 0 0.02655604639641762 20.718338053291017
465 0 0 0.024516562367779215 20.71859942857943
470 0 0 0.026229001922611905 20.716250801840957
475 0 0 0.0238379218244833 20.716103580348175
480 0 0 0.023448433880860042 20.713728138210076
485 0 0 0.020665039932687534 20.714055180162788
490 0 0 0.022375412424050722 20.711476553202086
495 0 0 0.023817095651667897 20.713724141264784
500 0 0 0.024323233835670255 20.71237024018426
505 0 0 0.024509722646730125 20.710792761271883
510 0 0 0.023837785126478828 20.71372447797567
515 0 0 0.023517946798574663 20.711973166045123
520 0 0 0.023041397681538234 20.71334830252617
525 0 0 0.021211906228772115 20.70943694717447
530 0 0 0.019101322322645276 20.711025220241318
535 0 0 0.023701329106287083 20.711058274892842
540 0 0 0.025947957548854816 20.706199395611176
545 0 0 0.022793626294038916 20.70600598329057
550 0 0 0.01779984500345666 20.70700244610607
555 0 0 0.01995689071583051 20.706497257628268
560 0 0 0.024610344226670744 20.70682745714182
565 0 0 0.01787538862924709 20.704106053658933
570 0 0 0.018947531621477554 20.702792130885797
575 0 0 0.026741009357301282 20.701560424617387
580 0 0 0.012382379665541787 20.698815625304878
585 0 0 0.013776789256194188 20.69827693706014
590 0 0 0.013661122075114607 20.696620619453896
595 0 0 0.02203104603896411 20.69893230087424
600 0 0 0.022630171943900823 20.695138889680624
605 0 0 0.015832034224675162 20.69422881261712
610 0 0 0.02807344066513151 20.688884616314063
615 0 0 0.021550274927087054 20.686783520027898
620 0 0 0.021186128066826182 20.685842265381247
625 0 0 0.02068609554785561 20.68454594413236
630 0 0 0.029308773004222965 20.67888017053009
635 0 0 0.01094511529380604 20.67738472994563
640 0 0 0.012215133012008828 20.675961003043884
645 0 0 0.005194927109013925 20.673792297962674
650 0 0 0.007627191320963345 20.667891441535158
655 0 0 0.02085111098343484 20.66504035831741
660 0 0 0.0017304726892155564 20.660919856251116
665 0 0 0.0031970392132145697 20.657421862262414
670 0 0 0.0163523039897866 20.65637499316131
675 0 0 0.013971100179924312 20.651124810444003
680 0 0 0.010998974942236117 20.64595871448746
685 0 0 0.02043662625740006 20.643473325469653
690 0 0 0.016117659154198716 20.637184662173397
695 0 0 0.013734578825389088 20.633379337046435
700 0 0 0.0023330152548615146 20.625796396471184
705 0 0 0.0026102122548437023 20.623496926825023
710 0 0 0.00342276548720144 20.618895133856032
715 0 0 0.006842190615317101 20.61341834214615
720 0 0 0.017722714216830804 20.609545072253056
725 0 0 0.011727238501743287 20.602295146294686
730 0 0 0.011439150255897701 20.59981411867142
735 0 0 0.0057834454739520424 20.591097188186037
740 0 0 0.012450379719858518 20.58423363252645
745 0 0 0.024669684307979445 20.57813211414831
750 0 0 0.002628430764943568 20.573224285298306
755 0 0 0.009517308057626739 20.570289497173693
760 0 0 0.027738086259975647 20.561130469211413
765 0 0 0.016767571159824968 20.552829696508876
770 0 0 0.028875500115441488 20.547364912517214
775 0 0 0.01067764028164131 20.542687391049398
780 0 0 0.015996264583280073 20.53216333320423
785 0 0 0.02723536518058456 20.53066530919291
790 0 0 0.012823667271656625 20.521469131285006
795 0 0 0.01026054694657752 20.516449779889175
800 0 0 0.031521220241183645 20.5096448679103
805 0 0 0.03392259993754787 20.498830737053378
810 0 0 0.02181001038243746 20.49846621313865
815 0 0 0.07432538326034122 20.494812715364063
820 0 0 0.04554213283967856 20.484654066107577
825 0 0 0.013451004236425312 20.48435674410684
830 0 0 0.04903413859171191 20.48005858317986
835 0 0 0.052628114063709486 20.466519729877504
840 0 0 0.04481773190821148 20.461521281681232
845 0 0 0.0499574365415163 20.454976981342995
850 0 0 0.010134061094423608 20.452094033073184
855 0 0 0.03921378182383739 20.447148073466238
860 0 0 0.029017611903327634 20.44078874060318
865 0 0 0.08376497141286343 20.430660279612347
870 0 0 0.04760206392063604 20.430012338178013
875 0 0 0.043392769087984284 20.422398856486904
880 0 0 0.07477654238147591 20.419470489578263
885 0 0 0.04332313776396024 20.41214386003903
890 0 0 0.05391283829282756 20.405053709675045
895 0 0 0.04445821067652078 20.405760180640705
900 0 0 0.027545022936287245 20.393500728516855
905 0 0 0.07820338434340246 20.39695889808691
910 0 0 0.06505941744229049 20.380633865039968
915 0 0 0.0777243565370287 20.37788023123685
920 0 0 0.0786485321286694 20.37293450388877
925 0 0 0.07733522025235184 20.371873410525087
930 0 0 0.049237007290859225 20.36709898518374
935 0 0 0.08850162922472715 20.355787770123833
940 0 0 0.004652874389015738 20.35412223206091
945 0 0 0.08351363375154697 20.3514174894246
950 0 0 0.09514391273537814 20.34412669887411
955 0 0 0.08925444066092325 20.337971459981702
960 0 0 0.13208804051459033 20.339957292007114
965 0 0 0.11415801579071894 20.33254309306953
970 0 0 0.11158499253345178 20.323334900363264
975 0 0 0.09997466972501945 20.31975136146709
980 0 0 0.08343201104097364 20.315604632612303
985 0 0 0.0960886702940913 20.314313347154968
990 0 0 0.10467767712869058 20.308905873081063
995 0 0 0.09991804911766766 20.30868318990421
1000 0 0 0.08510553228118001 20.301079248143175
