0 0 0 0.24982058565196585 0
5 0 0 0.01757233107116507 21.249616823108525
10 0 0 0.020012879036620967 21.151632631885235
15 0 0 0.019787016862532703 21.167199320016493
20 0 0 0.017969099214618645 21.115601316295525
25 0 0 0.01862093543291543 21.07538375959528
30 0 0 0.01924507849766477 21.08906698359937
35 0 0 0.020342300522805168 21.0273343971319
40 0 0 0.02041771753630539 20.968276225040455
45 0 0 0.021148843800000483 20.925725030315178
50 0 0 0.018525977793325543 20.913828614468606
55 0 0 0.019354985964501026 20.891897727299224
60 0 0 0.016709552720794774 20.88731440092226
65 0 0 0.022145953347751934 20.869991516411172
70 0 0 0.02544303549536453 20.88165763001523
75 0 0 0.019398512801776402 20.83940694470443
80 0 0 0.02348721923548136 20.846533403340676
85 0 0 0.018954492826699587 20.831754147681995
90 0 0 0.024455598249049304 20.814539556227363
95 0 0 0.022976903203587362 20.81922216720891
100 0 0 0.0249203662665336 20.774539461188976
105 0 0 0.02235644223303601 20.765100133718658
110 0 0 0.023296782741778044 20.769438918673178
115 0 0 0.022946650964388526 20.767539250591764
120 0 0 0.026293277635366374 20.756767858205727
125 0 0 0.025328898422559476 20.754439212991862
130 0 0 0.02636415090351285 20.752472189249083
135 0 0 0.023666695623493217 20.75780575817802
140 0 0 0.025294208012958563 20.751498239131887
145 0 0 0.024811854590938376 20.749732512693186
150 0 0 0.023666255549446236 20.753502185216952
155 0 0 0.02527691122454301 20.751126840133225
160 0 0 0.02224390236757312 20.746644383633424
165 0 0 0.02428634506031302 20.745057863387373
170 0 0 0.026867489873044548 20.749127566043963
175 0 0 0.025801534598875353 20.74489232601743
180 0 0 0.025021015195024976 20.742990886939715
185 0 0 0.025295722145346256 20.74280490035555
190 0 0 0.02441467352260762 20.740745681570843
195 0 0 0.024406579870024814 20.74497015340578
200 0 0 0.02516704110100365 20.738305582375496
205 0 0 0.022888866437847932 20.74025182071469
210 0 0 0.02389658392004712 20.738162065463587
215 0 0 0.0256392247618058 20.7376609405406
220 0 0 0.02759468785130803 20.73892486900297
225 0 0 0.025669758761392103 20.737081853981195
230 0 0 0.023718244595166027 20.73518543735685
235 0 0 0.025292336389906467 20.737801903450173
240 0 0 0.02403214974787682 20.7341426015544
245 0 0 0.02448502087418225 20.73819508028654
250 0 0 0.02479357005345406 20.740577594260944
255 0 0 0.024904993546232213 20.73437206970956
260 0 0 0.024825625881592872 20.732500855802652
265 0 0 0.02771774330450505 20.732909897351277
270 0 0 0.024755106244809033 20.734339427341123
275 0 0 0.025403798544580303 20.73279907891401
280 0 0 0.02416726073292441 20.73381374022877
285 0 0 0.02426941327540355 20.729259488106532
290 0 0 0.023347885228814924 20.736555036581855
295 0 0 0.02474215830080495 20.72999381823887
300 0 0 0.024646320835630453 20.72929045640085
305 0 0 0.025794091009940123 20.7301253088791
310 0 0 0.02497591048560044 20.729080131711306
315 0 0 0.026038299436351275 20.733603200508345
320 0 0 0.022673827235526467 20.727395015910478
325 0 0 0.025701088768393276 20.725433830729017
330 0 0 0.02451314646274705 20.733832246249435
335 0 0 0.02487242023583036 20.729367991083347
340 0 0 0.023587681198282695 20.7287733132988
345 0 0 0.02401398365650942 20.724291644468686
350 0 0 0.02714892464793106 20.72783324639086
355 0 0 0.024317674894673846 20.725837235351058
360 0 0 0.02559948652194244 20.724451387246134
365 0 0 0.026240350859752848 20.72655574144677
370 0 0 0.027420067345584664 20.726977980813523
375 0 0 0.023159727447879863 20.723627045066436
380 0 0 0.025134853089159304 20.722496288739045
385 0 0 0.024249180366132883 20.72455788643366
390 0 0 0.021159108101606927 20.722624576335114
395 0 0 0.024869705124524355 20.721621650242465
400 0 0 0.023873104251540767 20.72209339991683
405 0 0 0.023331806906390362 20.722309667841223
410 0 0 0.023730564809245847 20.720474028816362
415 0 0 0.024718117009961738 20.72148709319348
420 0 0 0.025097349593406815 20.7185694861395
425 0 0 0.02255926000980324 20.717672582659784
430 0 0 0.023084792174870694 20.715964527105
435 0 0 0.02380380783631164 20.720657095769415
440 0 0 0.02141867498018879 20.717992750626166
445 0 0 0.023937955030128633 20.718878798408074
450 0 0 0.021234930671032437 20.7156746326758
455 0 0 0.02585313334753092 20.715696693616618
460 0 0 0.021245012294012433 20.713772146859718
465 0 0 0.020261608883005877 20.713509812154903
470 0 0 0.028065478976035063 20.71030194473638
475 0 0 0.023794964728266255 20.711515387423972
480 0 0 0.027162804934597995 20.709494297471384
485 0 0 0.021063446594734136 20.71230011100839
490 0 0 0.02680123732667017 20.708777157092317
495 0 0 0.027847169409625394 20.707999401765896
500 0 0 0.02159746401125351 20.70430731603465
505 0 0 0.025899936981837124 20.70705340598202
510 0 0 0.022525213280752965 20.706293830800984
515 0 0 0.02436301697726062 20.70587599280943
520 0 0 0.020559556774263132 20.70614413257458
525 0 0 0.020529970510528184 20.70259680478908
530 0 0 0.022349362457402933 20.70250416831761
535 0 0 0.021351236882280578 20.699856030400902
540 0 0 0.0192650078123644 20.698209485066872
545 0 0 0.020371862067782853 20.698863743387584
550 0 0 0.020298747521939386 20.697118058380976
555 0 0 0.025639801279872643 20.69369798952316
560 0 0 0.01967297374999144 20.695452086250324
565 0 0 0.022231506826571934 20.691459621799883
570 0 0 0.025773171801513728 20.688769857481244
575 0 0 0.023541561123816557 20.68871799874522
580 0 0 0.017088073621453148 20.6832381934177
585 0 0 0.014460269363931966 20.680417263461013
590 0 0 0.018019471404194576 20.67809250484309
595 0 0 0.015856478316967904 20.674381493197252
600 0 0 0.020505834849186222 20.67059514180153
605 0 0 0.015034489438144671 20.669364312755068
610 0 0 0.025560010387601917 20.664715545566125
615 0 0 5.5193047304946674e-05 20.660951827909663
620 0 0 0.012718338922275363 20.658421543300705
625 0 0 0.015427681005479865 20.656629655224293
630 0 0 0.008602769411155009 20.652271549105343
635 0 0 0.01236832510442687 20.646658910153604
640 0 0 0.01424974528703049 20.640786864693677
645 0 0 0.01794421672323354 20.637925202679234
650 0 0 0.003559026806931209 20.633457576315873
655 0 0 0.01618402194941737 20.62689877367909
660 0 0 0.0026993243323689686 20.621743894872765
665 0 0 0.010408309373762137 20.619408224752576
670 0 0 0.016137122551971528 20.61109351655109
675 0 0 0.006872325680190805 20.607579035546287
680 0 0 0.004400136990240444 20.601572410793732
685 0 0 0.001222099808815491 20.59610229128721
690 0 0 0.001145245896085001 20.59163130881981
695 0 0 0.012481774105572496 20.585238467880163
700 0 0 0.0025383662403721807 20.578604724706885
705 0 0 0.011349910898509563 20.572342909315598
710 0 0 0.020202280635850167 20.56404914031454
715 0 0 0.05108973769592562 20.558455868162973
720 0 0 0.004799693771116553 20.5516470321611
725 0 0 0.028018905249068027 20.546728408991243
730 0 0 0.04780008255627277 20.538045679761435
735 0 0 0.010222181302734334 20.536839266614763
740 0 0 0.02618305304870172 20.53219858416758
745 0 0 0.013412025289362806 20.52357225815971
750 0 0 0.04776993337342428 20.520969469803294
755 0 0 0.0005372569709551911 20.51249649067844
760 0 0 0.047867866989231844 20.50555743974368
765 0 0 0.07185478205155915 20.497426479864586
770 0 0 0.008491776229962333 20.496253147451366
775 0 0 0.0387793782195085 20.48977482446485
780 0 0 0.047998632837730204 20.482297527649035
785 0 0 0.040947979765354914 20.481374585165895
790 0 0 0.029560071791826514 20.474725052033406
795 0 0 0.047966789336137516 20.465818625465182
800 0 0 0.04670440976411738 20.46391428158617
805 0 0 0.05958995550654267 20.457579890021613
810 0 0 0.049724909333709544 20.45648491844302
815 0 0 0.097820632581892 20.44287354697951
820 0 0 0.027314140512797014 20.440462660537563
825 0 0 0.031073190045347587 20.43539582605059
830 0 0 0.047750654577330964 20.429740702965486
835 0 0 0.054248612147479 20.423926261023816
840 0 0 0.045358325452667714 20.41509936946322
845 0 0 0.036716785682259445 20.40858344086403
850 0 0 0.07090230419835475 20.408949489155535
855 0 0 0.07729197854019865 20.401585281726557
860 0 0 0.06834796066496107 20.3973471941952
865 0 0 0.032981994207404774 20.387940108934817
870 0 0 0.07887501700915389 20.383823243432033
875 0 0 0.10488292718133074 20.379177594999504
880 0 0 0.07559251486452823 20.37622088973146
885 0 0 0.07928249356540018 20.37122611549629
890 0 0 0.12799198673962797 20.365204725836605
895 0 0 0.03822887430605504 20.36021954153413
900 0 0 0.06871726457183391 20.352366624928848
905 0 0 0.10105077321561518 20.35131872741111
910 0 0 0.06388531491030025 20.3452744643313
915 0 0 0.07664550899984901 20.339562653726556
920 0 0 0.09986619522356643 20.336479266655246
925 0 0 0.10044056203805973 20.326499783642337
930 0 0 0.07236864033430201 20.332284689781837
935 0 0 0.15223558310641838 20.313915094623493
940 0 0 0.12239919140434452 20.306699867592066
945 0 0 0.12139301818166093 20.318289096593215
950 0 0 0.1300165913703708 20.312526762000733
955 0 0 0.11281438919924103 20.307557262729105
960 0 0 0.16672625152860499 20.29761462487642
965 0 0 0.07259200821933853 20.295105537616468
970 0 0 0.12943838568248656 20.290353983895223
975 0 0 0.11213032014953606 20.28518173786083
980 0 0 0.15954197711811613 20.2811412601108
985 0 0 0.13956470121118247 20.27669538401132
990 0 0 0.11768254825712066 20.27026021969254
995 0 0 0.19569556040844716 20.253490860481932
1000 0 0 0.07609264831427054 20.26585877668469
