0 0.4221425308321739 1.9442919256097042 0.3920496424187412 0
5 0.929227061214377 0.25279482462150105 0.008198211408801948 3.8249127311608744
10 0.9347165783428579 0.2599056883710178 0.002633573623252339 3.749813471351775
15 0.9366756978335442 0.255291013420345 0.0024594860864521895 3.735431199245103
20 0.9366413068467347 0.25669555890689244 0.010827935735593153 3.7296427832306898
25 0.9370042152398881 0.2567881488173427 0.020111362567778013 3.7263578326100246
30 0.9368632854228047 0.25519513395184523 0.004887722017839158 3.7243214160416995
35 0.9378858437710444 0.25097589510592444 0.012541998530361642 3.722624369294977
40 0.9352977125426984 0.2632320953956726 0.005165198538689353 3.7223063495709927
45 0.9380849180723856 0.25192229968258717 0.006860398633472098 3.7215506604618627
50 0.9381699460923668 0.2523669306232925 0.01073795589405302 3.721005827007651
55 0.9368640479717592 0.25613813575033806 0.016442164154979677 3.722134762781518
60 0.938164698700244 0.251006055531831 0.011949376762257602 3.7215502497935398
65 0.9386107904004226 0.24995007853247397 0.0206013839106296 3.7207413175741544
70 0.938347095013901 0.25301340522056126 0.0027907927694554857 3.720370954629166
75 0.9378496979100899 0.2511884249018945 0.011307338881168638 3.7214608429382103
80 0.9374240998252934 0.2569035728766278 0.0014765717489182428 3.7205645050192673
85 0.9375955331431508 0.25610616310797063 0.009797464619498042 3.7200621539147893
90 0.9388655969530775 0.24845567581666472 0.013981975979274308 3.718776086547374
95 0.9386825084345455 0.24994915612972246 0.001248143980172145 3.7195356811896567
100 0.9450001937830338 0.15948448290109862 0.043231516176373 3.847356032735811
105 0.9428490534043232 0.1337682962159059 0.014234688858159483 3.7893703254620306
110 0.9426545469062292 0.1326145397083942 0.02215410649230587 3.7876798314261233
115 0.942961814780859 0.13033006095170796 0.03269812345206802 3.78608317265226
120 0.9433694695108628 0.12877340781770608 0.021644510712785836 3.7851104138335114
125 0.9432124042475966 0.12870376191413602 0.021283821107466627 3.7845557753385317
130 0.9442329047723832 0.12695544669970626 0.028821274718130674 3.7838437703506753
135 0.9445460191881636 0.12660545175575866 0.03031614533687721 3.782039156066286
140 0.9439293801045562 0.12884354643456097 0.02852380178576941 3.782234572557298
145 0.9448564789363976 0.12527078934354563 0.02037938665510941 3.781597144877855
150 0.9451655044447993 0.12407298469181383 0.02759991592138422 3.780256216474588
155 0.9457547952829028 0.12320034042767736 0.0018481809950769978 3.7798502434969214
160 0.9464943838547271 0.12187091733215638 0.01681441584842225 3.7789080578879743
165 0.946570553589778 0.1218853815004004 0.02772485097672317 3.777941361111211
170 0.9474676596071285 0.1196641740211124 0.013160756851776645 3.7756024178548255
175 0.9481841597142913 0.1175241224503778 0.025004653618522887 3.774521217209894
180 0.9472782487927707 0.12025038172005642 0.028024384415721526 3.7728655572552925
185 0.9466514823980562 0.12348115256246173 0.019064435234583232 3.7701313728104737
190 0.9500471808110986 0.1141357672100538 0.02750871622036688 3.766244865129225
195 0.9526390326224435 0.10712685407143407 0.031521296618280514 3.7628825069801626
200 0.9545761734758433 0.10295656032921885 0.022957355955306014 3.7588660525877104
205 0.9559795911572455 0.10064826686966821 0.019432156448888627 3.752470826942107
210 0.9586836258781174 0.09502659072236286 0.026532581327372018 3.745640190881673
215 0.9639386745676238 0.08231069593842566 0.025083330977437868 3.736478092497908
220 0.9688878799053007 0.07095991886359387 0.015190896237451401 3.7289289663713974
225 0.9678112957048973 0.07713613249990958 0.0037197533143007444 3.720674966801267
230 0.9726449385718758 0.06803344825279867 0.01453724998710415 3.712559581106461
235 0.9800832166232569 0.04664115912850697 0.009120370328174143 3.7054438592443235
240 0.9832706935562142 0.039171598282433884 0.018869944498837388 3.6987247065888083
245 0.9714037281226349 0.0824872595010997 0.026129074702412325 3.6925696782245994
250 0.9860805361603427 0.0338696435722694 0.0025059471400810107 3.689264061330657
255 0.9840690786346262 0.041931995766752106 0.0259183570450483 3.6868577348281657
260 0.9897636917351563 0.02510909700134878 0.005995733472293097 3.683334725991727
265 0.9900079011158726 0.025730740010265762 0.0032326205630266447 3.679600747216991
270 0.9889232486034818 0.02953633058549654 0.0008128339306481269 3.6784254401184007
275 0.9930530661600078 0.016958766776689504 0.008848428653986495 3.674996646277565
280 0.9927004543991972 0.01772350859362648 0.006917853202464297 3.673362347900702
285 0.9941409042404922 0.01448430399323053 0.002130345377020282 3.6722517679954993
290 0.9947823950094042 0.012775943735306328 0.005802203472434542 3.6708833452220815
295 0.994824383462031 0.013800635681454398 0.010965152520283628 3.6687145404853725
300 0.9952312718523667 0.01219023605636993 0.011999658283640136 3.6702978288988852
305 0.9950890220558055 0.011891686448818106 0.001493560246641934 3.668318519980011
310 0.991905552700108 0.024400887743488475 0.005732674768790691 3.6685618356320844
315 0.9899261547290235 0.03174165834000542 0.01483083827584375 3.667619235532092
320 0.9952956201798191 0.012950124334073276 0.006075808842703312 3.6671217582496785
325 0.9959168314447246 0.010814645676181733 0.0007585385780126686 3.6664372196074164
330 0.9966647261589903 0.008811761203603385 0.003405388847727897 3.6662072327474364
335 0.9964864283135003 0.00926181826737782 0.0036270544244747516 3.664517845377179
340 0.9944742402872125 0.017587734496943952 0.005969692139259353 3.665371804034207
345 0.9972146650492723 0.007100446224190815 0.006186506659490831 3.6657995342366307
350 0.9951285990910511 0.015145887313381401 0.005907949096754628 3.664091337276684
355 0.9975406299866394 0.00633847091221984 0.00018471385428808773 3.6640162191143846
360 0.9971456436157873 0.008291931017590404 0.0061181580539189095 3.6636627635612258
365 0.997376066399661 0.006651888359493707 8.623387174488961e-05 3.662709598878135
370 0.9971765937571253 0.008592949214122125 0.0031375050754138822 3.663387212392201
375 0.9951058950955319 0.015864402233942698 0.002198035639648266 3.662458520005543
380 0.9969925646402551 0.009108615611235216 0.005217096682530675 3.661884561343125
385 0.9978423679904177 0.005975760087281401 0.0030829574748127975 3.6621149845186793
390 0.9976973501385623 0.00662042673044505 0.007927975650135144 3.6618969563222983
395 0.9974241077407258 0.007542342209440278 0.0053122946066639365 3.6626318978318757
400 0.995466594910966 0.01594320621140488 0.0035977871455197263 3.662331775997453
405 0.9965498579400671 0.01154707183175896 0.003926743427075774 3.6617185662344114
410 0.9981211203840888 0.005563061313641704 0.000980113757767631 3.661612480040341
415 0.9938943581261847 0.021343766395170327 0.00106687372091252 3.6612516279416623
420 0.9946807178934304 0.018809964859724637 0.009200131475274764 3.660450638894095
425 0.9961226783585574 0.012764611615720955 0.0032759797850714367 3.66030049487655
430 0.998092516064907 0.00525333594880717 0.00432771613641969 3.6605580648272
435 0.9983783610523315 0.0043271261441564235 0.008630992103751733 3.6603946427381446
440 0.9982076113502101 0.005380585936660687 0.001045222824429537 3.661088785014674
445 0.9983272972139553 0.004570858150051205 0.009142015838573325 3.660343475858285
450 0.995180757662138 0.01674828624948299 0.006154816884879066 3.659898174847411
455 0.9978158669525318 0.006337031442871233 0.003937015500192542 3.6600359184852262
460 0.9974452750932565 0.007146768849850993 0.0042001101883804015 3.659995023895923
465 0.9984971818343882 0.004573354153812215 0.0017358244785283805 3.659726964360963
470 0.9976463672480294 0.007138840351638809 0.0027458807516571593 3.66029507347503
475 0.9985253791386102 0.003914878832026236 0.001436376041860088 3.6598006391801112
480 0.9984064654135253 0.0045783115096278415 0.005665635315106998 3.6595954980144483
485 0.9980673449044681 0.0063425502403173795 0.000686086421660681 3.6596515876874083
490 0.9985084920715733 0.004199089779945986 0.004151843899941943 3.6593980702236477
495 0.9985133379391988 0.004116347253082964 0.0024330654752435787 3.659113703424627
500 0.9968930470378617 0.010069148100405823 0.003689374697760206 3.6594396330125507
505 0.9984056130484538 0.00449046397871955 0.0053979418612899455 3.658640633287237
510 0.9985382305455305 0.004058284086627673 0.003761201277442394 3.658726174248492
515 0.9981961409894409 0.005335038405468673 0.0017058367575712996 3.658883830269303
520 0.9977783597958134 0.007355395494526906 0.0024706017106657097 3.6588548472411646
525 0.9975360966892974 0.008297064426121104 0.00322195586401941 3.6590744878731054
530 0.9972402721859247 0.009387903667600561 0.0099514135497909 3.65867968393618
535 0.9964736766598119 0.01237467178420859 0.0016696941702107893 3.6587701409240543
540 0.998715870884033 0.0036386793492044767 0.0027225534042703003 3.658783944165731
545 0.9976521119596161 0.007599301406657322 0.007741588603002114 3.658347999107173
550 0.9987854954666343 0.003335447118635315 0.0013481134024992958 3.6585179273477677
555 0.998311192279758 0.005340256454678727 0.0030673094903959086 3.6586189601876047
560 0.9988914327094769 0.0028786589698155396 0.0008711600420778787 3.658153607975774
565 0.9988145178237395 0.0032680873870063465 0.006402449908425201 3.6585970746233203
570 0.9988580516961263 0.0031226096502718903 0.0005422753863157936 3.6582702515599554
575 0.9988823311568639 0.0030586656614413066 0.0024481435884795566 3.658680572236503
580 0.9987539604103333 0.0035040885050476867 0.002278724877869065 3.657280084098515
585 0.9989729192566201 0.002886279878565823 0.0031127104657133753 3.658090200146802
590 0.9990643541369104 0.0028338143695094686 0.0036178431320759152 3.6579246388023803
595 0.9990462564106317 0.002735581347579341 0.0020244458987503933 3.658038075372836
600 0.9986184421518991 0.003660754215234263 0.004593882526304549 3.658219405981202
605 0.9988632879647383 0.003148193714708647 0.0016959422872255825 3.6586161259944645
610 0.9961616211158886 0.013710235737651288 0.00470825459893498 3.657985227419138
615 0.999026952622385 0.0027336475492756307 0.003428341374007937 3.6580003171480566
620 0.9990913191026363 0.002523584996144912 0.0009317112567566177 3.658103993863652
625 0.998777651133256 0.0038426454963125245 0.004283674408917193 3.658039269401641
630 0.999073562722588 0.0027211841038852214 0.0019063141604533929 3.6575843303932793
635 0.9991499246461338 0.0024633120905028782 0.006412292591646995 3.6576442105283977
640 0.998299712449404 0.005499237868317408 0.004288862479909339 3.6577407421657995
645 0.998940327420917 0.0031154866573470663 0.003452895746956397 3.6579262735736524
650 0.9984787627198005 0.005060055360922355 0.0032265797029535914 3.6581017601661263
655 0.9982312513412157 0.005972593636578871 0.0011320515920718588 3.6573633637606355
660 0.9973554572023344 0.00919783634391802 0.0048593646904444565 3.657198297304368
665 0.9992097067750059 0.0022754559010547126 0.0005339095299199403 3.6572658992882405
670 0.9992352326884875 0.002302571728302283 0.0011003513497551687 3.6575433301703857
675 0.9990626643442955 0.0025469738767496253 0.00034218955446685406 3.657302235959218
680 0.9979092611032491 0.007712182850224014 0.005569665908904842 3.6570141058795587
685 0.996965292525795 0.011019497793023803 0.006595486309326493 3.6569827974859157
690 0.9992183335697434 0.0022149333203760335 0.0024690051737843444 3.657207481515778
695 0.9944634502445372 0.021036883729711686 0.0031823592762669772 3.6572969264100856
700 0.9989161319646082 0.003060490244958025 0.00219539812481373 3.657398759968169
705 0.9991724065192669 0.002412552075031993 0.00036669501121244785 3.6575183639139595
710 0.9991393097598199 0.0026496248735057293 6.160674262201127e-05 3.6571221621978056
715 0.9987011129214862 0.004370031267150409 0.003541939214150247 3.657517001133905
720 0.99913396694594 0.0026432933082776167 0.00124609315213986 3.6573190153575053
725 0.9987688303247935 0.00380827499426184 0.014169109491666498 3.6567743145611824
730 0.9980043791891562 0.00746909883685154 0.005221711898581338 3.657173810326847
735 0.9982954086210232 0.005662649090631522 0.0030656433746854006 3.656973836585608
740 0.9992123969768523 0.00230141510116022 0.00702327253093693 3.657446328596619
745 0.998455794255966 0.00535518712229166 0.012746555575681828 3.6572279304752304
750 0.9988617542358622 0.0036380179628219267 0.0006368540162826619 3.656442043394023
755 0.9988221109268547 0.0037900938028476716 0.004597932233713076 3.6569711818808552
760 0.9991688668528159 0.002638587153507732 0.006460107731349085 3.6570455680723466
765 0.9962382456392072 0.013990033551872116 0.005507488567009 3.6564999883662574
770 0.9986981432353417 0.00446967915032026 0.0018109407023578772 3.6569534565136603
775 0.9992270302194814 0.0023824761564670283 0.0009946125106226056 3.656368523646403
780 0.9982638058862013 0.0060253599426722815 0.0010902976645319473 3.656679001645581
785 0.999316935319367 0.0021227209365966004 0.004190270758152259 3.6561018531736935
790 0.9989730667511032 0.002991761416812455 0.0024824949229296234 3.6567171834773506
795 0.9973764798610559 0.00939341702523766 0.0015169869685536241 3.656828699543314
800 0.9990808320388692 0.002999340952252183 0.002930572725806657 3.6571985580833974
805 0.9993329859149143 0.0020993695717699268 0.004124732467438275 3.656546741080922
810 0.9981645213273475 0.0065107738846714724 0.0023452180914280696 3.656856162571556
815 0.9985582228595691 0.004949534376830211 0.004931626568316361 3.6562929532087427
820 0.998983921359976 0.0032667320589618853 0.005082402573336253 3.6565794027436516
825 0.9993698366487543 0.0018502389421914955 0.0008948660352603444 3.656217161037168
830 0.9991713737987684 0.002599491232811335 0.0009823426922241918 3.656804337275665
835 0.9993261468030821 0.0019881004768622645 0.00025029232290396664 3.656455138563258
840 0.9992390293327339 0.002092815336168119 0.0014647154912090787 3.6564085951116856
845 0.9992847271506211 0.002231315262795519 0.0007659485412778722 3.656490728140646
850 0.9989178791426789 0.003558136381967003 0.0002138369930739792 3.6568866556178103
855 0.9992222527797154 0.0024823408987750817 0.001024182636468307 3.6565942471614545
860 0.999091706499039 0.003101280699372211 5.293701821207364e-05 3.6561671704477003
865 0.9984129570470586 0.005736036512150378 0.0003077757800431513 3.6564953246182483
870 0.9989711823207125 0.0035580054940123063 0.001976357834012399 3.6563341657896613
875 0.9992122149547529 0.0025544792568754637 0.003407805989574575 3.656071720129856
880 0.9991645126581972 0.0026788137581030824 0.0026421698786107672 3.6566669458843943
885 0.9994207329340321 0.001739138826333697 0.001648247881620879 3.656604441033071
890 0.9984497304051656 0.005154885666770692 0.00015604244968270287 3.6562227796533673
895 0.9991836519670868 0.0024121439948006085 0.002761904353188127 3.656404903354179
900 0.9993331289540803 0.0019747934990395066 0.001443495300532005 3.656327957432697
905 0.9992791748779999 0.0022721489678407814 0.00020513970217983513 3.656891565334904
910 0.9985496551037564 0.0054865361333549245 0.0029459657300503483 3.6558346171095555
915 0.9987421967738479 0.0044617284102059784 0.0043106327269470945 3.656371775121607
920 0.9990226915943964 0.003368642766017338 0.0016939787752618951 3.6563711700460173
925 0.9993616891608189 0.0019928252925383028 0.0015053150304757956 3.655891214810225
930 0.9993944118472122 0.0019258344093757707 0.0058496167784818365 3.6563385879432815
935 0.9993801126679451 0.001839451568787176 0.002185978744443595 3.656747843501468
940 0.9992389219546809 0.0023514000045690153 0.0013626741769758866 3.656134009949072
945 0.9990858586406345 0.002936234737241694 0.003070595551471378 3.6562322541115986
950 0.9976617731627544 0.00865793984266805 0.002581485611079515 3.657001034012505
955 0.9987128245407814 0.004580644192055949 7.833639486598543e-05 3.6559902447995607
960 0.999362340170487 0.0020678795844761844 0.0004698794583470889 3.656068412569837
965 0.9987420694095062 0.004140701088547694 0.0036212076658332926 3.656583484974874
970 0.999003123671343 0.0034558086039737645 0.005020582587251132 3.6558513241375876
975 0.9992950349770977 0.002186744788576611 0.0029449948080715327 3.6562627757587127
980 0.9993238724282778 0.0019673803321906824 0.0009190993928227531 3.656969672001623
985 0.999431615738698 0.0017674062447241567 0.002956425341600344 3.6559939187111063
990 0.9993461174341121 0.0021116281022086625 0.002449017627915495 3.656399978687884
995 0.9982913088876617 0.006298441972710123 0.003412065137958553 3.6558788918288947
1000 0.998842241369415 0.0038502785972553966 0.00042853209781612556 3.656189805940704
