0 0.41120231021403836 2.0183412893998662 0.4004898671778854 0
5 0.9275970452414541 0.2583146686101787 0.012340431757999148 3.8279670594734863
10 0.9343232303274229 0.2599363735109863 0.001210398046662009 3.7548302045741297
15 0.9360634176911738 0.2582447662753604 0.011763435139549694 3.738411576197673
20 0.9365333593213874 0.2559268929101157 0.01743144412784159 3.730458185812635
25 0.938427400630733 0.247470145292219 0.023085153512787393 3.7271488422154646
30 0.9340995024078707 0.26654762213829697 0.01371127652253712 3.724747367147546
35 0.9375041982558117 0.25428384330021236 0.011959544550953938 3.724981626629123
40 0.9382640153132307 0.252074129497176 0.00868873276907034 3.7233827205862298
45 0.9238571495389127 0.3015233453646502 0.011024447343447097 3.723003236750455
50 0.9383979419892239 0.2510141910550088 0.00940266023483649 3.7226290988252737
55 0.9379009562988851 0.25162530144972317 0.01668474075104709 3.7214690839513667
60 0.9385497749629039 0.24975628871814637 0.00808685593225933 3.7213882894818533
65 0.9381537904366983 0.25259573426502246 0.018775363050009153 3.7210010916166265
70 0.9381360036852282 0.25166835531600507 0.010505491245805576 3.7207528814583797
75 0.9327134665528523 0.27079709722283196 0.005395081960951842 3.7215794141239793
80 0.9383107390086809 0.24998075630543592 0.013784237485082729 3.7205583575206465
85 0.9361546815541668 0.25834414972727604 0.007336533004904888 3.72095020104893
90 0.9389929197734559 0.24814185061576266 0.005097815462086208 3.7204446881658755
95 0.938923531287559 0.24876656748754922 0.007261104717664502 3.7211472722647247
100 0.9438770729129826 0.16336344124664137 0.019687469389553014 3.846902118963819
105 0.9372417904810761 0.14876950296164626 0.03228052848966101 3.788887834598266
110 0.9429874561961975 0.13066942706687934 0.02604772643789377 3.7868842963033646
115 0.9429193059369991 0.1303788727885422 0.019768819513550584 3.785943081592035
120 0.943389237125352 0.12976508540223586 0.01983428104137852 3.7851974699142206
125 0.9439671628408379 0.12756855430478442 0.013447998812087247 3.7839169439333586
130 0.9440522069884916 0.12780771579191086 0.03648917291372489 3.7829504163339855
135 0.9445445329549558 0.12644135895927366 0.02033333090206324 3.783012778222259
140 0.9439928206261179 0.12756499648073527 0.039455776764558026 3.78169978169807
145 0.9456194643746364 0.12397416341739698 0.03058118583956726 3.7817649865396947
150 0.9460520678983853 0.12301633166174852 0.02265455070458433 3.7798168301075004
155 0.9459825112774447 0.12322096332501786 0.008604207022515187 3.778354113411946
160 0.9446206264184642 0.1282190611775853 0.03868293031567549 3.7775145588765753
165 0.947482906867636 0.11922467959017835 0.0174871410566817 3.7754967669814072
170 0.9441430856664099 0.12921047963381582 0.020719696930364684 3.773916546276857
175 0.9425966228281937 0.1355633661240092 0.029253415603042177 3.770700491383605
180 0.9493334907671791 0.11501669466122388 0.024910896272205107 3.7680869369061636
185 0.9522948513278217 0.10741830713156064 0.043205221724374576 3.7642973337002372
190 0.9541334859980115 0.1039027234516765 0.020964539386470582 3.7614165293356234
195 0.9547834112884985 0.10360366719007175 0.01155301903489514 3.754030083118841
200 0.959339991940305 0.09217957826297019 0.021084854310401413 3.749206839715992
205 0.9636001607505116 0.08283021824397929 0.014825132160513066 3.7423910372351052
210 0.9655053869935295 0.07926087514358082 0.02594087716521498 3.735506362137532
215 0.9704092818362404 0.0673213035447846 0.03200932243900012 3.727454031601184
220 0.9739644362161437 0.058983414170719506 0.0014307631998828896 3.7192047406191433
225 0.9713958837228993 0.06952622941390185 0.0076520238896020665 3.711892206280088
230 0.969741828814348 0.08117640998220388 0.024468117426214242 3.7036621916678936
235 0.9813946960292095 0.04580352781710406 0.02202429070057521 3.698919513996909
240 0.9832881039574117 0.042018337738801925 0.0009445176548190659 3.693761399530952
245 0.9869384090508129 0.03082985972890251 0.001807446418508496 3.691191454523584
250 0.9870660022786568 0.030865261739815963 0.018079750628042568 3.6880019264536084
255 0.9879063780623359 0.029348844808803065 0.008554743719203506 3.6842699554021765
260 0.9900676595706439 0.02403337658417648 0.007212787363780615 3.6818312445090924
265 0.9910614555254836 0.021821748671868146 0.009495833918452323 3.6807400603899265
270 0.9845416216310908 0.04555611489665168 0.015940745511917154 3.678796016589065
275 0.9921036319834384 0.019919369733982784 0.0001743249846701822 3.6781993623698255
280 0.99117890408209 0.022673169975306884 0.0037712555758055988 3.676595295407357
285 0.9919549764239494 0.021017128239163352 0.0021301749501871914 3.673086491959529
290 0.9929859310500186 0.017686422765515353 0.005367086138579724 3.6750079146983086
295 0.9924061346817455 0.02116406989954056 0.010158540971249685 3.671124858519036
300 0.9932250066314494 0.018688500401257357 0.004272915591868154 3.6707144321143734
305 0.9952980581985297 0.011879705909949578 0.00021172033063265872 3.6698276955482765
310 0.9949312819811869 0.013153647387748268 0.00211888671574334 3.6681353909559458
315 0.9949658743019467 0.013053594915081401 0.014600822537087055 3.6688639620132704
320 0.995373078603165 0.012352248972869795 0.00822536651490835 3.6688283841176297
325 0.9922103348897755 0.024048428612657435 0.00046351206804851053 3.667033495921725
330 0.9961215180677411 0.010126264027272569 0.010558229743778735 3.6677339945669836
335 0.9964249132551749 0.008728185181964498 0.007826037566158739 3.666557692394024
340 0.9952705888371072 0.013448862201707268 0.007484584683454143 3.6657322610473284
345 0.9963289348169974 0.009177671443621804 0.0079964862658215 3.6652736803402552
350 0.9958541761532862 0.011847330898538733 0.006817272218248016 3.664623249598024
355 0.9956620440474796 0.012426907732240533 0.000627864068041939 3.664702015204931
360 0.996647687400055 0.008927551089937591 0.009187167127164608 3.6642802630430036
365 0.997086445936869 0.007156607718656893 0.0024129718564311897 3.664856342752531
370 0.9970636830644695 0.007201651363981654 0.0007513455232344146 3.6645248483790556
375 0.9962062347586187 0.011115611947530635 0.0008474552251016565 3.664061852745311
380 0.9961407006688668 0.010806365082072666 0.0001811680176764252 3.6644010401130167
385 0.9953325868521665 0.013853649769159038 0.0008962739796878338 3.6634062392283355
390 0.9935221516827959 0.022355259883281242 0.010394283023655637 3.663259839867065
395 0.9970925555839487 0.007832714763879256 0.00248311116652844 3.6636031284108093
400 0.9955246773703974 0.014465923374980427 0.0011492259161798302 3.6634506751301363
405 0.9976897375503841 0.006080335563419581 0.003314071772388738 3.6613894295598697
410 0.9978235858959545 0.005823498152032869 0.006190793756665203 3.662429327024323
415 0.9976436673120126 0.00654641836639458 0.0023123083039364722 3.663103411174829
420 0.9976995908315255 0.006992897353934602 0.007032378180947152 3.662021808037299
425 0.9951586331817859 0.015620581380044296 0.004910222049448576 3.6624081036790153
430 0.9975805690778645 0.0064827521301626945 0.0027892178778599064 3.6610058885780665
435 0.9980755863628303 0.004988893369534786 0.00028876488874618467 3.661457842548277
440 0.9940564154450862 0.02057850947278217 0.009652590950636863 3.6615030299824007
445 0.9980531658009442 0.0050885130753313135 0.0010510468692170871 3.661253099902949
450 0.997197356505413 0.00850770571869841 0.005147621155933146 3.660996430695871
455 0.9979557684752467 0.005735980621455639 0.0035110462298708622 3.661908114910024
460 0.9957007066991983 0.014312624214670056 0.008264996244544243 3.6612756789295706
465 0.9979824960522344 0.005298850167689384 0.0025469526446868507 3.660356837146097
470 0.9981550618021808 0.005438149978377993 0.00478767096524213 3.660228519431507
475 0.9968088631784973 0.0100821370635642 0.0001757354182838622 3.660687645909211
480 0.997990556371276 0.0059115705856322975 0.0026747425425670546 3.6601025460508567
485 0.9974417476601815 0.007866675673926515 0.0010210388423748107 3.660552894712264
490 0.9969130653236199 0.009701351794953794 0.000430359017934423 3.6604264693566084
495 0.9982590799769681 0.00528494885895725 0.014734690126867678 3.6597937688405597
500 0.998080777988317 0.00586403508763178 0.0018671116774697794 3.6601202862184845
505 0.9985958855381408 0.0036771900122443135 0.001205932365480722 3.6606766895022282
510 0.998252766379655 0.0049514789456157615 0.005662704185299683 3.660352393756441
515 0.9980757755742404 0.0059735486879324284 0.0008321257596926035 3.6596511080028105
520 0.9983618308715096 0.00445133677777676 0.002100447664222793 3.6602088820651857
525 0.9980107524536173 0.005611826280064847 0.0031584534988222668 3.659729993740765
530 0.9985335996115874 0.004125121968574508 0.0037692136463269854 3.6594327899014574
535 0.9980239097904712 0.005801710877528343 0.0029518188296815406 3.6598380147869984
540 0.9979205480760188 0.006482531618021259 0.00010181197914582718 3.65956109948084
545 0.9984947287870133 0.003979044347174998 0.0016644978918585185 3.6591217907956355
550 0.9980968367043455 0.005808643625205168 0.0029848448596654364 3.6596415945286993
555 0.9985283599567738 0.004415090900241836 0.0036258074743211743 3.659497325231206
560 0.9987047235111743 0.003449980175586287 0.0026622992318672267 3.6591159768469703
565 0.9943541712745174 0.020460570025063074 0.0035651353281085374 3.659938057039825
570 0.9980271690288893 0.006085092146094873 0.0024041453263494716 3.6596231023972092
575 0.9970535419514619 0.009528827699355258 0.008243833598104322 3.659392594264598
580 0.9983421950130063 0.005026910090248471 0.0021531714695579574 3.658790995260795
585 0.9973411692178236 0.008743121470023762 0.0064980891788373185 3.659028373358104
590 0.998730274334639 0.0034052517964617834 0.000744147555636232 3.659112594169794
595 0.9988000686259155 0.003322747680098992 0.0034121030103320127 3.6582362838149027
600 0.9936083157099982 0.023607206350203747 0.00030321353088180736 3.6588012665796965
605 0.9989300689051166 0.0031119535970249856 0.0014022601684062774 3.6584311780728727
610 0.9988038978202721 0.0032510274270394213 0.0018456960606900719 3.6583718973644572
615 0.9985995527709336 0.004481202166925158 0.005610938099605223 3.65908501074406
620 0.9985708837835318 0.004269370161342323 0.0012414311796073996 3.6588684255992643
625 0.998585435024192 0.00459563692746201 0.0002370760166126029 3.658044519780577
630 0.9944458724714222 0.02097394194309654 0.004150506407222254 3.658277074713885
635 0.9989199230605179 0.0029414777900877986 0.0016396706282264528 3.6589581123982793
640 0.9988145698064055 0.003068264954115385 0.0016538187542416427 3.658680113305256
645 0.9987036376033137 0.004098050684533838 0.00319442150997018 3.658485941897855
650 0.9978007054798091 0.007470298899889372 0.001881895836367331 3.658403283894328
655 0.9989478488992867 0.0029882582290792215 0.008509159612786199 3.65774649792101
660 0.9986126259745123 0.004046393331167408 0.0036544076660531832 3.658624708976974
665 0.9967776246240853 0.011619010553434173 0.0017273285726486787 3.6583031287991394
670 0.998450128970662 0.0050356374378166535 0.007901475102118471 3.6579586210965487
675 0.9983373819326549 0.005120764790856214 0.00114912026620817 3.658840037962788
680 0.9988948220055612 0.0032356840144802668 0.002789938523143798 3.6582727490586437
685 0.9986898577545913 0.003977833892548244 0.0017630526963274828 3.657912229532227
690 0.9972719464726167 0.009701866163916772 0.00935719588116557 3.6580810650495397
695 0.9974553146140059 0.008760901089932549 0.009099302042619328 3.657952462822887
700 0.9990594073335407 0.002675665863895116 0.0008224909506049372 3.6575746052694087
705 0.9981945903644517 0.006128027189705509 0.002569021792169446 3.6577085843825783
710 0.9990007108825907 0.002724272240534731 0.002987200531162193 3.657212037811064
715 0.9984381516716877 0.004919935829364341 0.004193299278125062 3.6574791185718114
720 0.9984896189669235 0.005227367133866512 5.194537503028229e-05 3.658091425376451
725 0.998979542111817 0.002664847313726071 0.0005307576240916045 3.657928201300802
730 0.9991360296349763 0.0025133346112480304 0.0005430726404882513 3.657360492974183
735 0.9985006385905687 0.004974853292721626 0.004619421690712722 3.657147926317444
740 0.9989955084235795 0.002977201483008507 0.0036465209284326505 3.6578285024250112
745 0.9990579093566758 0.0026337700039005263 0.0002901696598451853 3.657546147341067
750 0.9990918386598838 0.002691952660339947 0.0026728636415902507 3.6578978366006174
755 0.9984889271314558 0.0047811771453196705 0.0005947862203454779 3.657914440811073
760 0.9949283492633069 0.018818927174736988 0.003087437606590804 3.6577389378826344
765 0.9971853228270916 0.010128999138319994 0.002032182708878505 3.657132310795589
770 0.9981284959634001 0.006123305792305356 0.0008376150397095827 3.657210212560362
775 0.9988060082986764 0.003655116146046744 0.0017652964772689739 3.657599264634172
780 0.9985874538505042 0.004524977488308934 0.002452893058934924 3.6577630678130246
785 0.9989683575915081 0.0029038060371582297 0.0025171025713803807 3.657359713064933
790 0.9984185417623082 0.005315360512131662 0.0015813212743187588 3.6573737872897736
795 0.9990072923259437 0.002866196782212782 0.0017248197681991595 3.657760617971598
800 0.9990151621501364 0.0026271574927241303 0.003068060112573212 3.6567731504125103
805 0.9990589112526884 0.0025935513263104504 0.000656189368848592 3.657467994704098
810 0.9972748427489821 0.009836421270851936 0.002297252968526564 3.6569057564757492
815 0.9989722185241023 0.00341348989735879 0.0007367081893401295 3.657337680474482
820 0.9975061135981383 0.008924047815729086 0.005424247903658808 3.6567201532171962
825 0.9990593681116897 0.002593430746905767 0.0010298203135616912 3.6572284673739777
830 0.9961815231362949 0.013830482832718705 9.3589562148777e-05 3.6568306310763967
835 0.9990923370287922 0.002667737508375456 0.0034795896056829534 3.6576728461157724
840 0.9990827941487398 0.0025283928926200794 0.004418649296393129 3.6575107889592133
845 0.9978299412185891 0.007777090182827795 0.009246216556609399 3.656469971666595
850 0.9991923853211064 0.0022082666797769157 0.001145143956537309 3.6572178511061026
855 0.9991651602951777 0.0023005304703844764 0.0031131037176399534 3.65672693615577
860 0.9981241830094765 0.0062426326306535 0.006624281600315696 3.6566636413638296
865 0.9981720818720482 0.0063199875747264045 0.0016775791243517357 3.65647545742061
870 0.9989329576710945 0.0031176338038756413 0.005989754487792709 3.657116972316178
875 0.9987929716523098 0.0038547656693657117 0.0008145070950715816 3.6567167028091228
880 0.9989577376374378 0.0033387276517693465 0.0009741836564305384 3.6570759563797965
885 0.9989690961970457 0.0031184379541131513 0.0027091540116064294 3.65660060914767
890 0.9992597100139482 0.002311796913418984 0.0024426260761536422 3.657112945048263
895 0.999057587428382 0.0029155463165002615 0.0008928613024814513 3.6571606566741015
900 0.9990162852226223 0.0029430329091248986 0.002669497102799845 3.6568100844615214
905 0.9989641906701079 0.003146988804562767 0.0026282875814538365 3.656793160194975
910 0.9966150733482448 0.012783560660728277 0.004209183816268114 3.6569114248265704
915 0.9986886141762835 0.004126481720311492 0.0011375832156164112 3.656366220177313
920 0.99918863919246 0.0023127596305876352 0.0006276205940149993 3.6568220757453633
925 0.9987248302915575 0.004303249869803238 0.0021270785904876632 3.656811113306093
930 0.9977728205190388 0.008231839474685199 0.005615139197099994 3.6564575579556573
935 0.9993062319638485 0.0021012633274688497 0.0021035182591750967 3.65668782063746
940 0.9992917205899692 0.002012447595979072 0.004025221391519507 3.657022175485302
945 0.9990695079683527 0.0029315645939442803 0.00172380545614792 3.657210886366691
950 0.9990968318817326 0.0028988436534307382 0.0004214535203053149 3.656411438580505
955 0.9974673769102143 0.009267881722096138 0.0009140397904510156 3.6567479547797275
960 0.9987065869457532 0.004530666789873017 0.0022252623222047685 3.656494198456428
965 0.9991848434754991 0.002546843957118128 0.0022074755362309073 3.6566330800710976
970 0.9991249757978388 0.002860719453423588 0.005417369891141055 3.6567191288315235
975 0.9986943639444312 0.004370847967138047 0.0008964433167422126 3.6565374432726543
980 0.9992023601689631 0.0025935309182489874 0.0006097225835797193 3.6568154219395184
985 0.9992325285182311 0.002388958550345155 0.003774702765500182 3.656456411627922
990 0.9992281545534135 0.0023886479098713664 0.0008253582292236938 3.656537013813994
995 0.9975362152700739 0.009153423988782272 0.00545058919196495 3.6564742592298813
1000 0.9992144493520133 0.002600619590310771 0.0011884662370671428 3.6566223398640734
