0 0.49490347796548334 1.5464721031598079 0.36494003872111236 0
5 0.7487837700532805 0.6408409975320883 0.13925524696419656 3.3164502827418585
10 0.9391058034300144 0.13678960485822733 0.01289867756147145 2.781509268277585
15 0.9476673898138805 0.12231977005012462 0.026903022350624584 2.760962068356326
20 0.9495548647556047 0.11930030426174687 0.05089551154069949 2.75700293258597
25 0.9508033793021129 0.11571797268564721 0.03837745676678184 2.754197582201422
30 0.9511775036877008 0.1151164325757672 0.01670787135933849 2.751638965975875
35 0.9519501441851859 0.11260692266644678 0.04166851219242873 2.750000897051741
40 0.9507502369363354 0.11591965321269981 0.05421512003228712 2.7483656614323295
45 0.9531806911401615 0.10928705134016337 0.01300300917851005 2.747792735288624
50 0.9532191237658019 0.10888306692673488 0.03297906463635347 2.7468484675134586
55 0.9531583180105047 0.10920627461865218 0.03627988396341997 2.7460165952810467
60 0.9538772759396358 0.10746849559370153 0.015004526418632258 2.745287984736771
65 0.9539214886843983 0.10746239065108343 0.025697874014642297 2.7448191599605822
70 0.9545124678750365 0.10630622672321577 0.02534903367454011 2.7444861400108556
75 0.9547451562087704 0.10556001484992317 0.028294371082719483 2.743899628383285
80 0.9546610036928328 0.10598141604614542 0.002387768554513947 2.7434701319162347
85 0.9550932044205763 0.1045591377454067 0.03560481765512069 2.743156095543365
90 0.9548079069450044 0.10495682079796298 0.015430289027829058 2.7423508170157094
95 0.9551263569173243 0.10427336085942507 0.03119215927368546 2.742112506948299
100 0.9557314079394026 0.10288134415078343 0.02920544626800492 2.741263534801892
105 0.9559916995828696 0.10212222115551306 0.009859970840014443 2.7406734328795888
110 0.9561880363875148 0.10172998910193254 0.03618262702389119 2.74051698070855
115 0.9544418608266312 0.10593177816527977 0.03908922255331815 2.739506412786403
120 0.9561451970280772 0.10156833253828257 0.04123135031789471 2.739165295020008
125 0.9570573917853226 0.0992705687637323 0.02820012949478734 2.7379939785122485
130 0.9573800372407865 0.09861270475191874 0.03158564770248584 2.7376171544186536
135 0.9574911438088466 0.09808798189509771 0.024425802399698826 2.73654872323478
140 0.9576126894673755 0.09854956551038407 0.039702555893436964 2.7358742592467733
145 0.9586079728583481 0.09560717767745697 0.027249405628981815 2.735154743281725
150 0.9588804749361705 0.09534538877593768 0.03974658805253917 2.733913782365174
155 0.959194941062802 0.09443923428732326 0.03498886918699573 2.732079667309102
160 0.9597601634230175 0.0925455071080803 0.039353668043830003 2.7314507106639816
165 0.9597645598245403 0.09337683677994724 0.018836074930571378 2.730312080712049
170 0.961406682148486 0.08860135933971991 0.02148733222407695 2.7284793949715294
175 0.9622611345426265 0.08663825201827535 0.02343799841714511 2.726554130142041
180 0.9629802508566161 0.08535523776202414 0.04373264030838109 2.72459472948155
185 0.9640343385623993 0.08270377776632154 0.01987982812929623 2.7222021294531062
190 0.9651810990186628 0.07985174077097801 0.018229356722305523 2.7197306868216793
195 0.9661092361109576 0.07777373128964493 0.017759368936256514 2.7162360618280106
200 0.9676785233797474 0.0750743493847108 0.018191114542086995 2.7130894568038206
205 0.9687311975079729 0.07230785398950035 0.025925766071005718 2.708924466589194
210 0.9722538385405295 0.06357661331339326 0.028282269114306535 2.704647659628642
215 0.9738502015282051 0.06056901389348779 0.0173025119905883 2.6999836379005773
220 0.9771387556263234 0.05297591596859741 0.0014226514289623626 2.6938764680885834
225 0.9790407601110229 0.04865353182818888 0.03717749090654521 2.6886463656166644
230 0.9813995373861036 0.04389452773930591 0.023238711121618794 2.683412473024512
235 0.9844755667117648 0.03719089094191963 0.013683645619633422 2.677798775653171
240 0.9842034214657769 0.04036650530446195 0.013969240586455767 2.67381921893802
245 0.9861488880408869 0.033861127818350045 0.010253969452447942 2.6705326335278023
250 0.9825919950145336 0.045772294882203024 0.0088125868614084 2.6677741455604105
255 0.987129022183572 0.03342027703057804 0.025464339881595244 2.665234571128445
260 0.9909745594575269 0.02195683242765689 0.017022410566710278 2.6634671361759263
265 0.9847046945675023 0.04159751583966109 0.017172755092662584 2.66059666682808
270 0.9915280067355019 0.021123137225916633 0.01385554348007445 2.659483876900981
275 0.9884639331134712 0.034672174170300885 0.02427600205345759 2.6574885966944226
280 0.9904539492269229 0.025328587722655893 0.016576114816667653 2.6556443674655053
285 0.9942239930345227 0.014058874926363707 0.0029063353929610347 2.655902066242439
290 0.9946262257441248 0.013747544266304867 0.003757807425197379 2.653201818383187
295 0.9945395025063146 0.013038320404990866 0.012093323689448043 2.6523897223029014
300 0.9953882755181076 0.0115525453862797 0.003752998528945728 2.6518902303060425
305 0.9958435124891806 0.010004893974087992 0.0022009180193600653 2.6502642109111645
310 0.995590756017988 0.010625362858673881 0.01056976231771567 2.648920508137637
315 0.9962532438129708 0.00895375156794076 0.0028305350873460977 2.6490101537600452
320 0.9939903833761407 0.016502218296803317 0.0006002758651046936 2.647468607949489
325 0.9965914227460371 0.008132429588101342 0.006498466060659958 2.647199165943422
330 0.9968752272941073 0.007581837714534245 0.007034291834773887 2.6464823742201484
335 0.9961653272281004 0.010599703209229538 0.0075819262057541525 2.6464639162752492
340 0.9972755999673242 0.006538023778615454 0.003638836714451532 2.645887093407844
345 0.9974984740375957 0.006246706579251082 0.0011342743434183955 2.6446911921336014
350 0.9955934953595199 0.012659572844834432 0.00041425616213341954 2.6445712187505563
355 0.9976911349245934 0.0055505914382703025 0.004844569956341749 2.6451226617289323
360 0.9978499974240953 0.005120468627078711 0.010290626895459898 2.645011542564088
365 0.9981471687944483 0.004357920057775466 0.001590986059159194 2.643783818095742
370 0.9965940438800313 0.009813503804206647 0.0032392823894524803 2.6428864437475137
375 0.9981597785203042 0.004603696764192922 0.004137708134942963 2.6432069188736547
380 0.997724933498991 0.005853042426947841 0.0009923524021351326 2.643522767744742
385 0.9983748268894388 0.0037562869737928217 0.0011658201473647711 2.643303143786108
390 0.996593589594782 0.010346928276960377 0.0009736748316926391 2.642184353434337
395 0.9984636496066569 0.003693842350867005 0.003922730532942342 2.6430649277015568
400 0.9982577160300403 0.0043078148347537315 0.007760876338628986 2.6427601299339307
405 0.9981927784336859 0.004783097848274576 0.0014879087153476522 2.6412012354264545
410 0.9986813897547473 0.003315543200664184 0.0035865093210969423 2.641177541742584
415 0.9943419855932937 0.019130330572514787 0.0010000195954456004 2.6414770894027435
420 0.9975704376546926 0.00731357083294748 0.005303723352034995 2.6413931054008515
425 0.9985086594139759 0.0038526453583127562 0.0009499032119075768 2.642023810319495
430 0.9986027100702195 0.0035576058789676956 0.0015313977470143847 2.6416732973844352
435 0.998747602413357 0.003132516053603762 0.0006100415323146979 2.6409303389316188
440 0.9978009868719799 0.007175151871125163 0.0021374520090453597 2.641165503094517
445 0.9989311447868194 0.002556568044569829 0.004457640860225043 2.6412024788368775
450 0.9986620539202614 0.0037202920605947654 0.0019130659356465518 2.6410343689288585
455 0.9987136981536044 0.0034063168896780738 0.004488037358263641 2.640763531098815
460 0.9989327756388648 0.002651563832204662 0.002309744015461357 2.6407817799694455
465 0.9989338776262598 0.002784938708997764 0.005333502048834093 2.641974829887161
470 0.9987545561481119 0.00356210140684432 0.00043669607847740544 2.6411404108953374
475 0.9988088421489477 0.0032822727937902307 0.000496932571340869 2.6409072131130613
480 0.9985149588915576 0.004278079922117595 0.00482466072833887 2.6409390661222925
485 0.9985780243673695 0.004061272572905672 0.003606738221839878 2.640634388316316
490 0.9983529324652659 0.004992153084897755 0.006190683258452845 2.639797278242524
495 0.9991363624802251 0.0021064307336033927 0.005489362576353463 2.640417290132679
500 0.9981271507418 0.005932345270411421 0.0064660182576912195 2.640614895385969
505 0.9977501864442269 0.007292976811331009 0.003481078510890745 2.6403362335143985
510 0.999172431959062 0.0020931041402403316 0.0041269597840616346 2.6402332633022714
515 0.9987873327206181 0.0036529850336961545 0.002984319093798593 2.6403268502851645
520 0.9989226381215791 0.0030009247074231915 0.0007951736728060155 2.6402588138489644
525 0.9989504736230481 0.002889387167881896 0.0008472094861753376 2.6402683194259104
530 0.9991762889212215 0.0021298476777644737 5.815973929990115e-05 2.6401256506887103
535 0.9990704836626929 0.0025289465317448467 0.0017701291740874758 2.6405015395305735
540 0.9984414598024274 0.004795610220701629 0.0006242897987311924 2.6395449249494733
545 0.9986273321337888 0.0043980535040111235 0.0039889686412120096 2.6398601254453187
550 0.9989962077602017 0.0027722517903026045 0.0006989757401061336 2.6400179894115876
555 0.9992446697860164 0.0019076521829286541 0.003085418853931765 2.639761095310716
560 0.9987516980191506 0.003830726750411184 0.004546527384154508 2.6393957666472523
565 0.9988552262481984 0.0035024003010506455 0.003960156631135581 2.6400976460934227
570 0.9992245491346963 0.0020350675124678475 0.00020714595236337452 2.6398186317926853
575 0.9993309401359018 0.001707917067434117 0.004104091803999843 2.639443251556855
580 0.9984894546313587 0.005045249691947973 0.003256226616240143 2.6394144858822397
585 0.9987251973189677 0.004129257815785881 3.8450215224195006e-05 2.6397151771566065
590 0.9990635632724496 0.002642790675728257 0.0014873830646489061 2.6395576110686227
595 0.9989113850085264 0.0032251576226398626 0.0005094191279191307 2.6394085023612393
600 0.9968466693513465 0.011670395972481096 0.00012220098804327506 2.6392337517463704
605 0.9992092255690559 0.002189964298327851 0.007590292740646598 2.6390614516918127
610 0.9980046395554006 0.00700508748058537 0.011250200219417694 2.639669736674646
615 0.9990070241535198 0.0030763961506425908 0.007101735534328579 2.6395371700168266
620 0.998516050071634 0.004962012063971066 0.003918654286153567 2.6396453518543233
625 0.9992604442133535 0.0020664862657095995 0.004674463393357309 2.639584537284945
630 0.9990015819652838 0.0031410954356743126 0.0010930828368691525 2.6392414013623084
635 0.9985347937515782 0.004789128719441482 0.00016811759221102562 2.639033306742553
640 0.9986429709069375 0.004572597879387796 0.0030348564161182257 2.6394024331451154
645 0.9988598875976528 0.0035690749007164513 0.0009212814484993448 2.6394556558533617
650 0.9988384730156371 0.0037214531171394505 0.01332239320969042 2.6393878674947615
655 0.9994304870912367 0.0014549376274417547 0.0007846014880499297 2.639285532267775
660 0.9992703078194389 0.0020845151401620576 0.0032440374500477542 2.639589499253773
665 0.9987663454186447 0.004167587302376319 0.00047866798189111215 2.63947975673983
670 0.9982400990711604 0.0061045819506628796 0.011333288841941735 2.6391164145679102
675 0.9991045551618065 0.002682544555614008 0.005026018165427137 2.638754093968059
680 0.9990464804576731 0.002934476415209719 0.0028573345335356493 2.6386670228937925
685 0.998373744522278 0.005723306023877495 0.0022078733023940256 2.6394215100203473
690 0.9993635762705149 0.0017457328601282462 0.0014400083042371836 2.638837755962021
695 0.9994695889344609 0.0013681060070429574 0.00014958219433669484 2.639143976257361
700 0.9991110186802986 0.0027646321909533533 0.009009212859084847 2.639381358381345
705 0.9992382876849584 0.0022818813401208615 0.002193438606491016 2.6391604564527587
710 0.9994899393843523 0.0013098711618075853 0.0012086579367611705 2.6392127431546824
715 0.998995544133839 0.0031871918085122353 0.004167909555739646 2.6390312436724046
720 0.9986003085527133 0.004733299041208561 0.0032120181791530644 2.6388366438266373
725 0.9989666845573828 0.00327880020976945 0.003527805275751028 2.6394562816717935
730 0.9994537898262666 0.0014671766669014374 0.0015596292960979863 2.6390461230414486
735 0.9985549692091173 0.005082477642095018 0.002568574349421482 2.6390342490938554
740 0.9989782550528779 0.0032686917604678456 0.0006153131460844286 2.6389225877876648
745 0.9994654119014417 0.001417103872742409 0.00461171041119024 2.6389194515615855
750 0.9984237384989441 0.005334406069739117 0.004122791248050817 2.638838554744837
755 0.9991653584265074 0.002535402798208519 0.0010057648833805555 2.6392291027078807
760 0.999550491122299 0.0011838133948427476 0.0012241343172163521 2.639206025736753
765 0.9975047644230816 0.009312484683352107 0.008946237967372594 2.6389570519190517
770 0.9991816491235874 0.0025403429759531804 0.0011988960043081143 2.6385809390024826
775 0.9991481343427225 0.0026456523227373907 0.0002971369000188684 2.638918667732865
780 0.9993695956801301 0.0017516034655011836 0.001500242258479778 2.63914460784212
785 0.999298394427957 0.002111635658435418 0.001048232613025668 2.6389464850632605
790 0.9993289474325967 0.0020105165038160067 0.002049868999465465 2.639051606761568
795 0.9990014691123185 0.0031280263644917206 0.0010640034108675422 2.6389472104225487
800 0.9993931816376775 0.0017153504505973416 0.0024376894186139975 2.6383917880790517
805 0.9995373421407068 0.0012323047507507567 0.0027668972762604493 2.639089537829787
810 0.9994267011619663 0.001583319029256458 0.005656595793555708 2.6388925744869987
815 0.9983359395493532 0.005938795405992181 0.0003539698445569339 2.638669965999865
820 0.9991221202615832 0.002863576921877442 0.0006345994208307726 2.6387911125236876
825 0.9990064966645832 0.0032466700480160426 0.007022084245908555 2.6387555490343635
830 0.9995847785916501 0.0010851696964442326 0.00143064657519143 2.63846040869344
835 0.9990061019985425 0.003228160124577606 0.003114233645207909 2.638677029994408
840 0.9992228135745812 0.0024435969884590847 0.001279264805454039 2.6386082492492813
845 0.9991178451883862 0.0028257543905332305 0.001958377958987789 2.6390613076961245
850 0.9992506241362386 0.0024022076099443623 0.0002392842755958302 2.638482517727993
855 0.9994326127436849 0.0016791110006710852 0.002375550791271941 2.639137249912019
860 0.9994013613660329 0.0018140510804869336 0.0032600010051986317 2.6389864065541504
865 0.9995446809365822 0.0012205084697605173 0.001459421077773193 2.638407455780727
870 0.999515071171926 0.0013460786877064201 0.0015760190043054845 2.6385812197139416
875 0.9991289160098927 0.0028217375501942144 0.004490061983184246 2.638802362683323
880 0.9989117275505928 0.003708976176605372 0.0033869249653735167 2.638130990848071
885 0.999528290502397 0.001307922718452481 0.0003902775854522922 2.638581873041527
890 0.9971452182119985 0.010815087670294155 0.0008771307980099952 2.6384075241713663
895 0.9992070966170644 0.002492630871575141 0.003197658246415047 2.638437946764319
900 0.9980683548437029 0.007114411275406685 0.0022863904497152365 2.638512515761181
905 0.9992920995699347 0.002201347753241656 0.0037588974490641025 2.6387769363471305
910 0.9990791572774874 0.0031318415098895436 0.0015353730625604634 2.6384426365471
915 0.9987720940933511 0.004237723505390978 0.005028578431774955 2.638504056245822
920 0.9994663014871592 0.0015281374933313607 0.001453130418623827 2.638567349777317
925 0.9985099924609229 0.0053944896616928695 0.0075833685376360815 2.638293614146271
930 0.9994396785830576 0.0016180573039297208 0.0024838010818433176 2.6379614268974736
935 0.9995180799882164 0.0013414451409534678 0.0023251968045292504 2.6381083825900076
940 0.99950991305059 0.001436668864523316 0.0007973892043795505 2.6383526458764175
945 0.999543458682824 0.0013342470969210929 0.0002512790118645025 2.638159558289428
950 0.9993761107841167 0.00197303387982517 0.007206872983556378 2.638445894227282
955 0.9994315789432264 0.0016998301316024644 0.0046451818874941875 2.6382959701222446
960 0.999433549673475 0.0017635266298756669 0.0010688517922139429 2.6382520650294117
965 0.9996213453598839 0.0010714299904135416 3.243247572015662e-05 2.6384390726301024
970 0.9992841595313899 0.002304063463807182 0.00010012553483229603 2.638009085663418
975 0.9974778274465835 0.0094877011403951 0.003395203619805054 2.638024999269673
980 0.9995244885893863 0.0013396529581135574 0.00025216290316443235 2.638345557561544
985 0.999528263628446 0.0014110341231958756 0.000657290566790314 2.6382681108392423
990 0.9983191421448638 0.006125259504750513 4.4078676254111215e-05 2.638275340394897
995 0.9991929288296882 0.002757308245379342 0.00021002594581154277 2.6382449598993376
1000 0.9980297704084908 0.007396581679561365 0.0009750327614905796 2.638664450743386
