0 0.4803182554278569 1.6235788361806303 0.3513134458967415 0
5 0.7514833400646821 0.6295712605936896 0.09333819698947443 3.30796509582281
10 0.9375418834490326 0.14120763562613936 0.03779199250312737 2.785326014322878
15 0.9469594586576608 0.12474683427170108 0.0416875743953955 2.7638607945673765
20 0.9491918123738081 0.11934979768227905 0.033241087473931286 2.7576844659680053
25 0.9508607331848005 0.11514087362249414 0.028705340996420192 2.7535126248964743
30 0.9517280697821988 0.11284402420034034 0.04477041723543196 2.7511862038271033
35 0.9518189008921579 0.11278803888086619 0.027719143858132567 2.7491523242994447
40 0.9524678570469398 0.11134405080060272 0.01688483339980884 2.747317215763088
45 0.9531276184757005 0.10963540959974294 0.03388550392771994 2.746382710467987
50 0.9541808424621605 0.10701875826668905 0.045222587464868846 2.7454685651655257
55 0.954546750832622 0.10606932901536714 0.022419107332246835 2.74468568538366
60 0.9545897351904491 0.10583870885928626 0.0310832848222784 2.743299871484244
65 0.9551626240402287 0.10421671384807452 0.022560919159573034 2.7425791495942553
70 0.9552113989538993 0.10396794946226562 0.002271289268503951 2.741895923696484
75 0.9554761244672259 0.10347465429110381 0.019470304409195505 2.741061271728147
80 0.9556566466215731 0.10294900646638583 0.027867395620222224 2.7405109256332985
85 0.956611152672513 0.10040258452738815 0.02790433508856771 2.739190127584732
90 0.9569859381131945 0.0994868399912443 0.02541530007336701 2.738636773722644
95 0.9573032836572463 0.0986788565955532 0.04036695235236176 2.7370565629017
100 0.957976162863655 0.09701425606934544 0.04603131114892611 2.73628212045162
105 0.9580407111379138 0.09726023870497391 0.03431240815973391 2.7353929809045887
110 0.9585637096318662 0.09555380101159683 0.0337866799116191 2.7342714721043415
115 0.9593319714368294 0.09349383410468226 0.01897529706058787 2.7323961733729023
120 0.9602177489531833 0.09111519352250497 0.030844574011741566 2.730568711322037
125 0.9611031928496054 0.08915926555742049 0.02633742901248981 2.7288452215638794
130 0.9620534444981403 0.08691548578075503 0.021593714609204673 2.727136543903502
135 0.9630993422688391 0.08438553856525699 0.020588883828540183 2.7250093857977737
140 0.9633235431353139 0.08407019671862015 0.036060925924630505 2.721459188230377
145 0.9643578994146793 0.08233339386695482 0.021889448825956448 2.717795201312786
150 0.9676818335734476 0.0737560396760597 0.0324815543480792 2.714141627322832
155 0.9690034236312535 0.07069019647096342 0.021883068048961896 2.7097750012567956
160 0.9716304246007824 0.06483600933133138 0.017786459208877226 2.7045190247613378
165 0.9742516468070567 0.0593634559918903 0.007354679575240164 2.699934060745483
170 0.9763759395254861 0.05537027598152866 0.008831366683913044 2.6942275679340018
175 0.9779247473057409 0.052124749900186895 0.02638342090895507 2.690761464892579
180 0.9802310909867992 0.04602200347369845 0.01957468213393576 2.6861745975284306
185 0.979865914071851 0.0504398084064519 0.01923502236851693 2.682541530676809
190 0.9837832455894082 0.0388505082472288 0.019799611568530162 2.677768704418811
195 0.9855606762844062 0.03476762788144594 0.011701195973481626 2.6743977414308153
200 0.9866828509207629 0.03162433300607281 0.032241229483955136 2.6710632483615786
205 0.98778117076074 0.029433366957318352 0.007490434795148326 2.667651537731026
210 0.9876355067224619 0.030019096534078304 0.012302629034525614 2.664679345826359
215 0.9903457764758218 0.02358691611960584 0.002167041208098519 2.6617507573818586
220 0.9911912391220556 0.02083380628790721 0.005089991772815994 2.6601448484986503
225 0.9896416228412668 0.026543215547586207 0.007153305879043392 2.6590917929456013
230 0.9921558673054897 0.01922778701726946 0.00910254219857598 2.6558968974321595
235 0.9919952723916144 0.02119683955755214 0.010051148994507209 2.6534606238108864
240 0.9942144916163755 0.01385869523842942 0.0010367205617167752 2.6540350504953722
245 0.994838263483639 0.012264759834025973 0.012551538911056648 2.6518510243906444
250 0.9938038435333685 0.01644633768119741 0.00047458093662133827 2.6501576941718974
255 0.9956368480869662 0.010341353940123366 0.007201624326346412 2.6494764325244677
260 0.994606964234655 0.014623879835686804 0.0012209777106759745 2.648365091167743
265 0.9962119063613382 0.008992371183309977 0.013538624453278914 2.648276699047625
270 0.9964252118904936 0.00856103907401673 0.0019240066400374456 2.6469101239483224
275 0.9950973207931462 0.013642973903318811 0.011465361062487078 2.6472002526449865
280 0.9919713367153329 0.025379238677148308 0.008690148392132446 2.646472828753039
285 0.996654273822432 0.008171111036965328 8.177344418736077e-05 2.646289684250864
290 0.9939330309019259 0.01885405030604481 0.007914108855790358 2.6455249500860947
295 0.9971074585618975 0.006872506961915548 0.004814918478905694 2.6454880660539852
300 0.997279466853815 0.00666003932831849 0.005127259578268761 2.6443571774977186
305 0.9973378954866323 0.006447324732651083 0.0007320192752346966 2.644220158934664
310 0.9947518712724153 0.01667756209579796 0.0036136465423801667 2.644854708945124
315 0.9954042881493355 0.014143790840383641 0.0009013709600784736 2.643646654624057
320 0.9977932042314565 0.005279812693495423 0.007602670917719712 2.6439764875305873
325 0.9981327531240578 0.004264522027277451 0.00025010898654920233 2.6435742579490005
330 0.996201719372283 0.011524427109448343 0.0018769188019633898 2.643375682125544
335 0.9981957704382606 0.004382563574118148 0.0011341801294075804 2.643114633154939
340 0.9982814309644469 0.003982517295345822 0.011699935274376516 2.643315121202718
345 0.9982692549775805 0.004225109927252113 0.0013984965028621676 2.64299958478527
350 0.9962476700829838 0.011771747093540341 0.006388119800428971 2.642457163380672
355 0.997925603346729 0.00558071301612717 0.013280236374431764 2.6422680357337653
360 0.9984386138074908 0.0036919214888180285 0.006269611346826798 2.64164380274037
365 0.9984799342501836 0.0036463432453071043 0.0030494298335332903 2.6419718470639664
370 0.9962630311071232 0.012225850740137378 0.0007844700588075515 2.6418013736126857
375 0.9985825152972649 0.0034472337674524844 5.4459638912485175e-05 2.6414027556871473
380 0.9981477810563006 0.005036292499347006 0.002457427130347467 2.641256451307957
385 0.9986125959119627 0.0033068213854039463 0.00035930427371400064 2.6414160063048167
390 0.9984266880092679 0.003977208963063195 0.0014655092336417486 2.6418588531425233
395 0.9988598111837654 0.0026447276760506178 0.0024418997499577877 2.640833406171631
400 0.9986531931444995 0.0033621924418483218 0.002524304173297187 2.6411957194067726
405 0.99882625790752 0.002762484980520785 0.002320241824420588 2.6413150565787675
410 0.998504395866326 0.004173675902497731 0.0015021881865320275 2.6414887956354054
415 0.9965328198646871 0.01189871021143718 0.005985873672400777 2.64067853748799
420 0.9983364259654401 0.00456997740235332 0.0005509602567055349 2.640703269646805
425 0.9988471946888238 0.0027580349503928403 0.000566143183500234 2.641442083592238
430 0.9987672701291511 0.0030623437733070524 0.001472463981867289 2.6402537266785977
435 0.9988950870707243 0.0027320307906966157 0.0030275254044422883 2.6408887393184677
440 0.9989513508716421 0.0025718982691107506 0.00056365018237714 2.6404894581589478
445 0.9962427374401976 0.013169073781325036 0.009457697787055297 2.64081704046604
450 0.9989040302577115 0.002711987608442268 0.0019022885863815286 2.640738811487832
455 0.9968870083326914 0.010784707790006731 0.010982801971016753 2.6409214930212865
460 0.9966645597122299 0.011399443390609942 0.00222276897210949 2.64108746141226
465 0.9990949979964328 0.0021370684757191505 0.002898829733406716 2.6409863391083332
470 0.9985698500207021 0.004144546914747416 0.0032899555940066882 2.640456024402537
475 0.9989541528658334 0.0026242692055524763 0.004594467729005736 2.640222008406131
480 0.9988972793911518 0.00294490423323035 0.0018992947638583058 2.6406704865267874
485 0.9990533915142827 0.0023860624150886522 0.0005719755215227718 2.6398211379049115
490 0.9984408465587495 0.004672630072820816 0.0012862556789678958 2.6395639897345755
495 0.9983393358141948 0.005074347628387876 0.0038544432143781115 2.640092770077473
500 0.9988090104990566 0.003297039110235822 0.0027975703682330266 2.6402663570990548
505 0.9992219083936629 0.0018597035350960134 0.0025170287940776692 2.6399697244903324
510 0.9990407307034652 0.002610439533161202 0.002582679936816712 2.6400105447489777
515 0.9991716382953886 0.002023607462142696 0.0015229592736292208 2.640055803398269
520 0.9987205505096461 0.0038010980071887523 0.0009416622615632253 2.6397868754445764
525 0.9991798007685997 0.002080527452227532 0.001226764378233547 2.639711439671467
530 0.9991889738923037 0.002055811141745245 0.0058694180710856525 2.639457980849175
535 0.9973597932847145 0.009404465927474348 0.014351838818095652 2.6400446356296463
540 0.9991640070385607 0.00206928383806515 0.0002481638140539033 2.640409486494152
545 0.9991292438263919 0.0023529311898156102 0.0011876398744092853 2.6393776570016896
550 0.9990544953016572 0.0025778319046994014 0.0004187832104389777 2.6395115159217992
555 0.9959930335485485 0.01441061555845069 0.012326157957825545 2.6393693423035045
560 0.9985330316762397 0.004818442819155333 0.00015119144232222936 2.6393822109390896
565 0.9991529931068022 0.0022208686836102665 0.0008201940000918118 2.6400340796895017
570 0.9991378709594028 0.0022753562811743677 0.00202933431608332 2.6395937502449867
575 0.9984907162728895 0.004988406463979356 6.893940497598727e-05 2.6398784577589645
580 0.9984502860712634 0.00515163501066862 0.00330015958921126 2.6398195219844944
585 0.9991929426944741 0.0021430188913780235 0.005242461477067195 2.6395316952327867
590 0.9993214888864438 0.0016966068828874192 0.001161069055019448 2.639648734959158
595 0.9984358348508322 0.005045143544708974 0.004558198477820463 2.639719257241234
600 0.9979842705079245 0.00708334401113353 0.0005885720509712922 2.6395955720959905
605 0.9991875522514793 0.0021827562164440373 0.0020789695570271327 2.6395091442418783
610 0.9993419743594192 0.0016773551036632917 0.0006367936305802235 2.6391729605789025
615 0.9988055041755259 0.003656211002508236 0.0004775884914736128 2.6396926743813443
620 0.9989033563056562 0.003304085970560422 0.0021899716865663166 2.6393947153799506
625 0.9992728619741833 0.0018782887515231828 0.0009357471881015211 2.6393639541651224
630 0.9992170314076618 0.0021351487260767854 0.00025844872105462713 2.6393447813177273
635 0.9991802807261846 0.0023366040087209328 0.004218767338658447 2.6393228261395443
640 0.9990935556682508 0.0027234406316871684 0.002263084315428543 2.639118585530541
645 0.9991180082583917 0.00248490338189411 0.0017750991124112492 2.639664385640197
650 0.9970631575645276 0.010505285475790771 0.0011382523235143882 2.6395768407536777
655 0.9991239191948655 0.0025900539950183266 0.005272008294154862 2.639201072283324
660 0.9992286829791983 0.0021062169429377775 0.0031666188571779497 2.638554715121423
665 0.9986760035498392 0.004297751190122323 0.0013765911072849413 2.638934649959824
670 0.9987144010999007 0.0041333956283930995 0.002217840015076744 2.638955351949079
675 0.9994265339110786 0.001456292031286388 0.0006068440434177091 2.6391643240935063
680 0.9988527446554061 0.0035834637813851877 0.000876819468051071 2.6391884806965873
685 0.9993869646775382 0.0016136837010050087 0.001430700220038661 2.6387054530694383
690 0.9992677623817164 0.002060250667281327 0.0005764862744961352 2.639436328700614
695 0.9993887745432091 0.001638723953937049 0.004543596193212318 2.639505321378481
700 0.9984477676293857 0.005237368107588125 0.0046735051176647335 2.6388920386821932
705 0.9975338095580017 0.00875954277629809 0.008689552560332325 2.638957668438402
710 0.9987369936539652 0.00414868741070995 0.0025816379518643906 2.638740808125156
715 0.9986197087167693 0.004696420470412299 0.009278929128230917 2.6390791573807952
720 0.9993552286098897 0.0017416652591006887 0.002548356691476572 2.638729674415723
725 0.9969635724122144 0.011047538560767567 0.001168344892432449 2.6388074155663848
730 0.9993456466204187 0.0017560228436441783 0.00827736715336358 2.6390038351842087
735 0.9994299386935754 0.0014695750159892107 0.00017970430370395363 2.639134795266182
740 0.9991679881843252 0.0024876045390533896 0.003478385905095971 2.6387911855144948
745 0.9993252043711945 0.0018770035676745067 0.0056418242180376055 2.639124843232439
750 0.9952093636375243 0.017986898024817677 0.0005872740380881147 2.6382270625036615
755 0.9993324476794214 0.0018802474916497225 0.0013329303757105837 2.638797546611016
760 0.9994131965344973 0.001635611848504137 0.00018160071849560033 2.639407404328566
765 0.9993392578139999 0.0018648547577528873 0.0009277677051202637 2.6387413040558214
770 0.994464677889423 0.021026185426598065 0.0022049186872339366 2.638257171384201
775 0.9994282278437432 0.001572448419328687 0.002354201584173987 2.6388939418128836
780 0.9992658981901124 0.0021719513371141197 0.0019192917841384105 2.6385729234852433
785 0.9993786497742887 0.0016955588780178665 0.0012228649866259378 2.6384171450221583
790 0.9991523625015772 0.002532123333081948 0.004363405123863684 2.638724324917764
795 0.9993899419734629 0.0017415695113900398 0.0037636680364805386 2.6387536730547283
800 0.9990883459937067 0.0028844053823351423 0.0003362092098073699 2.638534954962253
805 0.9994586248907564 0.001453537420931017 0.0006813373278873325 2.639238535641174
810 0.9992297895540758 0.0023096847995955905 0.007580509425354043 2.6390264809874457
815 0.9994438614710491 0.0015195353849239979 0.000863439613318695 2.638896213551068
820 0.9991282776478217 0.0026767097108271187 0.0041583636951607605 2.6390471471315022
825 0.9993834941674677 0.0017641334425371191 0.0033827575796852027 2.638652231065393
830 0.9991868196578806 0.0025384392456575533 0.002912933032123144 2.6392118555704234
835 0.9992778213209694 0.0021895216603065037 0.0008133215847629938 2.6385129628914736
840 0.9987572304190842 0.004248446630501057 0.004239398199867628 2.6387207975186255
845 0.9989374099299633 0.0034898394879210315 0.0002628067143723989 2.6388129756301617
850 0.9993229517331175 0.0019795907590629547 0.003001821898720225 2.6384909047945446
855 0.999399489679418 0.0017440009735234518 0.0001255075252817317 2.6390416597144486
860 0.9989927360302193 0.00323449633336903 0.004178682621135632 2.63854470435856
865 0.9973975021592609 0.009518523255578781 0.003934763057251933 2.6381423367720758
870 0.9991030460534982 0.0029107643349974843 0.0004897323567971679 2.638532613997158
875 0.9991858837355301 0.0026471819612812197 0.001329922019614127 2.63853083858449
880 0.9994360609343746 0.0016690711100166844 0.005302450164788919 2.6380786981098496
885 0.9995071133247118 0.001332137523236021 0.00010312299488202115 2.6388153831323025
890 0.9994444397300073 0.001552946947221745 0.0023726989471382076 2.6388843932878343
895 0.9993473143064757 0.0019362750263516304 0.0008536412719946096 2.6384906472949727
900 0.9994945954835435 0.0014389241333829794 0.0032400241658414597 2.638085539353286
905 0.999510446642565 0.0013137283393289678 0.0017939018721049305 2.638025321946323
910 0.9988768020419367 0.00380035286272129 0.0010398357049004048 2.6384859366172537
915 0.9990673982852416 0.00303163334414025 0.004655284524115011 2.6384154342308785
920 0.9983249653238475 0.005994407390921719 0.003483084682195825 2.6378538834905836
925 0.9995350248556591 0.0012782005426483778 0.0014127483108559158 2.6383437782252384
930 0.9994860409175989 0.0014513649156300268 0.0008892257294126349 2.638796659545729
935 0.9992642837740752 0.0022777641749871513 0.004076080191696585 2.63853140717261
940 0.9995470368326288 0.0012156553940378956 0.00855583594125675 2.6384658091627697
945 0.9991968489309688 0.002598332117712321 0.0006461431122926076 2.6381975662072477
950 0.9994766927344809 0.0015273201108807477 0.0025141610558931937 2.6381660354012393
955 0.9994458490750204 0.0016006333622557989 0.003348918551987712 2.6383673454216265
960 0.9996072550880002 0.0010407336293742908 0.00044846129084707975 2.6383042538833434
965 0.9995460094653112 0.0012305357541264605 0.001441302961490587 2.638434244122104
970 0.9982190508144277 0.006392942485843545 0.00045312673598219 2.638590830151524
975 0.999610115815526 0.0010520295790779066 0.0025630581899331872 2.638412892448084
980 0.9995027034229022 0.001416863792012446 0.00017252597635208922 2.638589456033929
985 0.999407694621935 0.001798880761965549 0.0009909562966865515 2.638541690890386
990 0.9995105996735354 0.0013771730712881514 0.00034340857449421947 2.6383721033430034
995 0.9993147415810052 0.002122266935776107 0.0048675048731263715 2.6381419368323495
1000 0.9986203645433613 0.004829267799733916 0.004813114183736422 2.638213297732229
