0 0.4457522671417718 1.8021244992782561 0.2700152540225844 0
5 0.9525166812784376 0.10921800396301373 0.026473208896428346 3.7843933179683726
10 0.9783447166196707 0.06238629131492068 0.010043291822669387 3.6976059197380136
15 0.9837901923116635 0.04654871125160298 0.006851993136500534 3.6786485848370347
20 0.9908685906177814 0.024787839140522294 0.001227123881752279 3.673039045605785
25 0.9877672732706025 0.04444123824194346 0.00813113238782126 3.6682005675563216
30 0.9957084735590636 0.014419581141178917 0.010287237582515818 3.6671612927489976
35 0.9961435139244998 0.013364850097683956 0.0011236377155332544 3.6662211580893955
40 0.9987890698070913 0.0031019299300845127 0.0037367670571173406 3.6658044259795797
45 0.9974614605200407 0.00770998342232021 0.005472100700460558 3.66604811605919
50 0.9973813401879275 0.009149631004491177 0.00097410835507028 3.6641751810475354
55 0.998475376019755 0.004775249987049701 0.0012962838315946357 3.6636316962884523
60 0.9974565902255164 0.007623582820935226 0.007020121980852334 3.663447923464048
65 0.9963681103746524 0.012508236808259188 0.0020607080932608657 3.66225431132419
70 0.9980686198321282 0.00594173777089857 0.0032508524786203363 3.6623271425683726
75 0.9988687491384016 0.0033660365149836835 0.005018513999065721 3.6622243025672274
80 0.9940870784609265 0.020552731058088636 0.0038262380190816625 3.6611029862406435
85 0.9974349339551059 0.009758435501956875 0.006246708045893001 3.660975941619769
90 0.9990436894701654 0.002743516469371876 0.0013908832094513546 3.6607866034760463
95 0.9958154384098453 0.015223692266658873 0.002121836795924148 3.6603266731625705
100 0.9989387226499526 0.0033481919856228615 0.003643001000215751 3.660728020438776
105 0.9983515642461231 0.005874118844614529 0.008061320398802696 3.659971260597771
110 0.9987682203811387 0.004013786945839648 0.000229441242505235 3.66040336812259
115 0.9991080912386514 0.0027702595107412797 0.0001095333072285154 3.660217947965171
120 0.999020636937583 0.002762984625298781 0.0024775172791269284 3.660541588061472
125 0.9973503495290916 0.008585989499419355 0.004395920381832896 3.6599902633203807
130 0.9983628881544258 0.005590469194142411 0.0018198122394021965 3.6599581958168237
135 0.9988903293254003 0.003558724147447734 0.00846853791481128 3.6595370372375804
140 0.9986037242874554 0.00469709600198831 0.0037149195343320063 3.659816824495376
145 0.9993256329220384 0.0022770151377327075 0.0004388833878679055 3.6593979610698306
150 0.9989931217760768 0.0033147206604815516 0.0006598500961356724 3.658644091872981
155 0.9963122309620303 0.014462941909213267 0.0010189226087204961 3.658703059896843
160 0.9991121602298038 0.0028181361083423617 0.0007939783336070594 3.658586458302594
165 0.9990112839049329 0.0035785962421526207 0.00422443886284829 3.658451310649324
170 0.9982984893686291 0.006268997093562767 0.006826951509571133 3.6585308467726994
175 0.9966075112126371 0.012111004461309527 0.002955063996504803 3.658387579109533
180 0.9960180617876144 0.01529637361622127 0.005436194845060305 3.658282249795727
185 0.9990312316936492 0.0032346330088119934 0.004669235573214525 3.657453494025546
190 0.9993392585789587 0.0023017215628771126 0.006795135249225259 3.65875421970493
195 0.9994254440374001 0.001802616980387306 0.0034154011877245427 3.658643474392491
200 0.9982804332468498 0.006697757307470464 0.005479630359659815 3.6584895754342717
205 0.9990495309104133 0.0034229124055826787 0.0036771555534609313 3.657781345551216
210 0.9993367077417409 0.002204787416570042 0.0019352682143631839 3.657577849473526
215 0.9981759388191906 0.007012891386092512 0.0025888046269222365 3.6574203183336764
220 0.9993265833942215 0.0020531993936661053 0.0005841175009326793 3.65801926842099
225 0.9989129606160067 0.0038118263627637816 0.009011461779506957 3.6575059599412367
230 0.9988858334855303 0.0040065874764749765 0.0016001777349226032 3.6577583583530218
235 0.9991101347209668 0.003377573633836395 0.002365977704098521 3.657662501057157
240 0.9989506803024347 0.0039919553112590656 0.0010320798889444927 3.6574642983187022
245 0.999402494190148 0.0020718565492408025 0.0010987682694620915 3.6578574646110593
250 0.9994483356939203 0.001886168221731932 0.0015664839496336569 3.6569449614413183
255 0.9992559900549315 0.0026063459601144423 0.002732903741604842 3.6572033942690387
260 0.9991096916932036 0.0032774925605156824 0.0017705851980693854 3.657367667936817
265 0.9991622334182009 0.002924913284099606 0.0029760130588227796 3.6572624828792737
270 0.9985260331127398 0.004704164190528104 0.0008016006105668882 3.6577200145569333
275 0.9975146081919558 0.0095560141410167 4.816487326997354e-05 3.6573132515726705
280 0.9985169573937686 0.005727205114130385 0.002783911282552509 3.6574734184004574
285 0.9993802238682625 0.002161348157434073 9.69849649348209e-05 3.6574063037890268
290 0.9987733270740494 0.004605313562743518 0.0029227048419573354 3.657360078710468
295 0.9991746292143784 0.0028139186894891033 0.0061264581652566985 3.657626164120172
300 0.9993064545782118 0.0024953010800885522 0.004598715939005071 3.6569989278670674
305 0.999023422155658 0.003585848555213822 0.0025525440966087665 3.6568194091589943
310 0.9984823209557087 0.005467193985728702 0.0006357648803132498 3.657335703188261
315 0.9986951792167371 0.004537589848402135 0.0006217675461401839 3.6571857451995475
320 0.9994576437383575 0.0016783040097183566 0.0039458732085115855 3.6566624183085508
325 0.999210184883357 0.0029684791537962774 0.0015942540564986007 3.657115540540932
330 0.9992101145727844 0.002706429501313501 0.006471636016402549 3.6570577724274558
335 0.9981148675552715 0.007398364914344313 0.007112541518622839 3.6569608294336935
340 0.9984164797308419 0.0050659250409235135 0.003245809458760629 3.6572321136615447
345 0.9985390035095618 0.005222696449894038 0.00042374461232230765 3.6572500937167685
350 0.9990948917201263 0.0032678016510545582 0.0031547657420827324 3.657392504708997
355 0.9992774062613232 0.002539559406672165 0.00779769891361215 3.6568615352424256
360 0.9992682210236413 0.0027634203793027723 0.0012808467215370545 3.6572549983345595
365 0.9988560743593049 0.0043625552621717745 0.005157314218045217 3.6574100182296148
370 0.9983794070236811 0.006218814472214618 0.003772201594850033 3.6571693966926255
375 0.998703961225925 0.004663367635599158 0.001343673109112986 3.6571391426808715
380 0.9993300806393285 0.0022531590995740203 0.003199787616557037 3.6563724527385655
385 0.9989957029073531 0.0037144537708195813 0.00016323286607167198 3.6573779676828297
390 0.999195818135767 0.0027783887248618022 0.004116740674656727 3.6572122405080667
395 0.998122774881584 0.006988221102278036 0.001475048190047401 3.6579407490547315
400 0.9995360467910923 0.001485715667419285 0.004199897234113292 3.656892604191539
405 0.9992338079691261 0.002710880413972383 0.001049720490227779 3.6575270145553413
410 0.9987404343234564 0.004739047114366457 0.0035452313303130367 3.6564622163123066
415 0.9988055311442772 0.004346308925495368 0.004030613256414961 3.6570107885298064
420 0.9987590696882258 0.004754526912274404 0.008014585760678372 3.6567575697834203
425 0.9993860393458822 0.0021750263055650976 0.0010621502335834698 3.656809919695145
430 0.9982753828457149 0.006356578827980908 0.0009021573202867561 3.656425310592925
435 0.9987054644827554 0.004864123864390724 0.0026683404877074768 3.657085568428548
440 0.9990631509369577 0.003548703159125477 0.0033789510423536395 3.6566975518914315
445 0.9993892790308826 0.002246273792682718 0.001008548066424142 3.6570067762662113
450 0.9992114932114672 0.0027705490891327678 0.0026860542288216216 3.655808745740538
455 0.9994422595956254 0.002013832048677777 0.0032234256988250554 3.6569952699417514
460 0.9979040095572661 0.007725310917532813 0.0006650550418541012 3.6567278069453613
465 0.9992552218257085 0.002708683587004046 0.002499001094538267 3.6564788644322386
470 0.997789478453735 0.008544020286553877 0.007517235604456829 3.656525736551243
475 0.9991690873751529 0.0029440612591149495 0.0030783174350152986 3.657210626637497
480 0.9982093529116673 0.0070579089931981365 0.0028256287613164233 3.656559657856544
485 0.9991819998171207 0.0029120647373823694 0.0006108908473276831 3.6565991374381794
490 0.9986838444799042 0.004952105553755359 0.0029774270750937415 3.656685861459353
495 0.9991233954035559 0.0032273601594159373 0.0028132405040472985 3.656613618404499
500 0.966783093982175 0.16540325227469177 0.0014133617309413093 3.67330093778411
505 0.9681172643138958 0.15763114016226965 0.0034670309215680817 3.6585874011652693
510 0.9643420445119181 0.1830752681358776 0.0029734466004176507 3.6583766192167833
515 0.963660981608324 0.18510230788340643 0.004478396196690104 3.6582345777915517
520 0.9653926530512998 0.17327599856903353 0.0021825307750911183 3.658009160293467
525 0.9622787674509669 0.19026198257172044 0.009174106211732536 3.657764296120129
530 0.9665871641351763 0.1650341616846558 0.000958333026730207 3.6580552031669686
535 0.9636670046450504 0.18108559463305474 0.004795099032055106 3.6584509365297784
540 0.9628177511373015 0.18708177489739297 0.0005003143075257288 3.6581919728800325
545 0.9664515760974675 0.1657270909947992 0.006382195557096626 3.6577530576749133
550 0.9658279571759639 0.17099013089310722 0.002150803570519333 3.657894543246974
555 0.96450444888126 0.17876976704034764 0.003558499022702888 3.658050704566281
560 0.9675656297121747 0.16093835056344652 0.0005154864251866176 3.657951310181801
565 0.9652293451116534 0.1724128795163815 0.0018131418413254163 3.6577491842176157
570 0.9641471162700674 0.1798869082423482 0.0010762941791326863 3.657673276271538
575 0.9663497556388145 0.1684404443229921 0.0003755859175531562 3.657926707705924
580 0.9670553922713756 0.16334076693106825 0.00043367407367411737 3.657502608835135
585 0.9710075064007249 0.14072544071322302 0.0024745100951646393 3.658030723310385
590 0.9684825928813969 0.15377803737138596 0.0013574037921444404 3.657836868467939
595 0.9662490033632893 0.16771704869794402 0.0009685738807523325 3.6583960068116386
600 0.9668085892490671 0.1661234185299727 0.00341523684279732 3.6576960842650736
605 0.96695492763731 0.16591730529261062 0.0014755376525086294 3.657504175947293
610 0.9685035219851472 0.15583655206781932 0.001367738914631822 3.657256209184298
615 0.9681001441147462 0.15791144664029133 0.0025030900953200153 3.6577420636630857
620 0.9671366357550193 0.16381211732063106 0.002262043867419683 3.656789597009409
625 0.9677753151799926 0.16005614355452158 1.7526950473190084e-06 3.6571293584186857
630 0.9655024530281235 0.17354127670666042 0.0045411712664860104 3.657612287609242
635 0.9626669074648957 0.19019555459645154 0.00761764923686048 3.656712331796163
640 0.9645936622669276 0.17686181675624457 0.006569067642610227 3.657423679188653
645 0.9641522281880706 0.1802812061516006 0.0005819584816777468 3.6570581134918
650 0.9633685978780606 0.18421864263778254 0.002015488232805396 3.657214106064109
655 0.9691011695686231 0.15196003461329077 0.0014086972018017008 3.657169182711868
660 0.9648887651521473 0.1758863047596413 0.006356694768230975 3.657635640854938
665 0.9660572263879283 0.168294560915061 0.006914371495102767 3.6573672618889175
670 0.965352265834681 0.17414299267791922 0.004472783760158139 3.6572384789771606
675 0.9655517845053805 0.17241025236247776 0.0013088604930209247 3.6572171432411675
680 0.966606018817556 0.16530962593811793 0.0009726348798946294 3.656994472604871
685 0.9655215742198737 0.17220248707002073 0.005985300473120736 3.6575049629909686
690 0.9654053388058573 0.17442975483037504 0.00355820706650789 3.657337106172836
695 0.9628468323685859 0.18653416013930002 0.006630176970662038 3.6566989104956757
700 0.965587823209243 0.171763054885111 0.005388605459392348 3.6571012843386406
705 0.9658788167267323 0.17012654640742886 0.005518023387642401 3.656698711865017
710 0.9669227425881453 0.16414463159119963 0.0012691292954583044 3.6574368801252866
715 0.966036810534223 0.16850795288712694 0.0086538541541048 3.6569524983288044
720 0.9657900154273448 0.1707991767782513 0.0013235568764351502 3.6572736745942427
725 0.965635221493651 0.17305470159257652 0.008241981985487312 3.6567100194504136
730 0.9692666266172565 0.1509049457040299 0.001650924869765369 3.656844236783477
735 0.9676725906057932 0.16045928273985233 0.0005124430632292842 3.656927451313268
740 0.9665545011102527 0.1672343203347335 0.0013732190841693193 3.6568184394434273
745 0.9650513893582392 0.17646669231660317 0.00018017892872435048 3.657191925626039
750 0.9652637405210961 0.17512459395579993 0.00045385536086905987 3.6571648068356524
755 0.9649807872824102 0.17668834976832848 0.004114674352809766 3.656822119604883
760 0.9654244705769947 0.1718486849736527 0.001839228538552229 3.6565341579803086
765 0.9673051491652699 0.1627148839690018 0.002636435459126618 3.656898459008966
770 0.9654137626148998 0.17123439145915498 0.0025553215959313036 3.6564305146301472
775 0.9664500929201647 0.16776540903463344 0.00037163707198684115 3.6570733084031644
780 0.9654244892105812 0.17381613615374114 0.004619377714513373 3.65689610626362
785 0.9669128486103564 0.16552802498680652 1.0726497220225895e-05 3.657087016997532
790 0.9658700403107982 0.17083782094930422 0.0005033173294697324 3.657124580368316
795 0.965007115439349 0.1771993975022892 0.0008302543941425267 3.656636679806011
800 0.967087586442706 0.1644842941887834 0.00554557065603567 3.656778051086921
805 0.9655578715854387 0.17419021675548008 0.0008220468622626154 3.6568104802923203
810 0.9672034416305861 0.16320427128756698 0.0015118212612035276 3.6567314771507715
815 0.9659403701962241 0.1719725143742279 0.003964205670196952 3.6564440278319794
820 0.9655464500905914 0.17298143619262518 0.006473473573852306 3.6571006243110764
825 0.9659387130506698 0.17182572643179617 1.4989722906699754e-05 3.656782181243344
830 0.967555256048724 0.1611432922751317 0.002208569240076619 3.657032874133025
835 0.9659309726647488 0.1693237498396587 0.00232917047468173 3.6570747737226417
840 0.9666206624572118 0.16621293058737585 0.00427331275438525 3.6566939869349504
845 0.9676135603234401 0.16070084639365856 0.0022464290803478892 3.6564517110865706
850 0.9665468426815849 0.16902365493648208 0.0006954520627635574 3.6564308167437702
855 0.9658964798246126 0.1714721743819192 0.00013210744351122017 3.656819125814601
860 0.96637379934056 0.16760146482665217 0.0015222425509988646 3.65673881984494
865 0.9655916544694996 0.17115543697905444 0.005236144238087936 3.6565965499385293
870 0.9663355464807832 0.16805077807774493 0.0013172924811624132 3.656770502060539
875 0.9661278426157143 0.16995972082458266 0.00046566227156352724 3.6568667544369737
880 0.9652770295601056 0.17468654458281563 0.005075464542227515 3.656569232397459
885 0.9677107127875187 0.16081175944822057 0.0028640105595738596 3.6571022264463497
890 0.966832984727247 0.1648554496796515 0.0035799793110575795 3.6572780030845378
895 0.9671462671201698 0.16400717356611016 0.0037793578912879155 3.6564442524404375
900 0.9674600384977201 0.16274802435192104 0.0025384212627872493 3.6569350826641873
905 0.9663907524146116 0.16812929251746223 0.0018374046196834026 3.656682952927732
910 0.9677116894276893 0.15994073791161467 0.004755476885027532 3.6566094280274046
915 0.9651793190320168 0.17415911449268462 0.005077322506897408 3.656729575090233
920 0.9681857388567678 0.15717668533325702 0.0042994173786132794 3.6566672034596577
925 0.967781867779616 0.16068779406900324 0.0024516168206925038 3.6568218456540564
930 0.9661947839579607 0.16838432742774678 0.0037314937842343188 3.656908195272154
935 0.9679678668803661 0.15911337861885722 0.0013821542399241604 3.656589819184837
940 0.9665549488840863 0.16599925351801126 0.0006651973649860476 3.6564460715141194
945 0.9661573129244792 0.17127582746860837 0.0023031670969915208 3.656793773584778
950 0.9638791878605352 0.18219108445328835 0.005709592691370391 3.6566646779322127
955 0.9654345242208828 0.17316790190048215 0.00023974128867565447 3.6562509824082583
960 0.9631102692447331 0.18633203351456284 0.00560270363228077 3.656725862675724
965 0.9658191895751267 0.17147699023571805 0.004924195907053841 3.6561331936049237
970 0.9640862166134636 0.18108120016161333 0.0031116091708247584 3.65683871368668
975 0.9633659446269071 0.18337383908033456 0.005031138207901575 3.656167375237578
980 0.9668145620551716 0.1656260255207278 0.0009481235640949048 3.6570558898720473
985 0.9686472221791553 0.15603994040764402 0.004391284106931792 3.656434112654409
990 0.9676513279049044 0.15944509614321012 0.004410671962163493 3.656140533822209
995 0.9668495295699938 0.1657029682241169 0.003136438864297819 3.655972482992111
1000 0.9686983919367411 0.1554033735899818 0.0021404187177793688 3.656121157174131
