0 0 0 0.2657445556139154 0
5 0 0 0.015757789573713987 26.822008505187963
10 0 0 0.013760990247214 26.634814280050385
15 0 0 0.012748976957359437 26.59348905412664
20 0 0 0.016219876367205455 26.57901178718881
25 0 0 0.01756337331834046 26.546659028801933
30 0 0 0.014504720065836363 26.566615600185695
35 0 0 0.016137725558431404 26.517126349915316
40 0 0 0.01481539542809096 26.51908322154174
45 0 0 0.013581210537946031 26.49279580228979
50 0 0 0.015744955239036296 26.493630936196418
55 0 0 0.014670802221860457 26.39952041158729
60 0 0 0.016161104250373093 26.354582119652747
65 0 0 0.015785462020804886 26.333855721630677
70 0 0 0.016500010471827364 26.343735041023994
75 0 0 0.01681718911514074 26.33835049308608
80 0 0 0.014466472083835225 26.32135436622937
85 0 0 0.016597572278616246 26.29383840809305
90 0 0 0.01886692098364784 26.30064713050139
95 0 0 0.01765995083309191 26.289128581452566
100 0 0 0.01625924178508864 26.262691355591805
105 0 0 0.019185283539953524 26.26166786394459
110 0 0 0.014541310427100163 26.239209810631237
115 0 0 0.012914341585356315 26.229529267102684
120 0 0 0.015699918056437667 26.208955451122456
125 0 0 0.02061404750282181 26.211085355717923
130 0 0 0.016403753655445996 26.198585448031693
135 0 0 0.021087832833817544 26.23795393080753
140 0 0 0.019445529343176338 26.183226141507806
145 0 0 0.020664154240454424 26.176524717984943
150 0 0 0.016954235260286055 26.194461595925276
155 0 0 0.020570632746477635 26.189142951758463
160 0 0 0.019990495681430298 26.192596410839407
165 0 0 0.020300946906482098 26.17172740579922
170 0 0 0.020065707732829674 26.158003543013134
175 0 0 0.018899420920096555 26.163187240793995
180 0 0 0.019132635450029634 26.170360870938197
185 0 0 0.018665891512507304 26.170798189075004
190 0 0 0.020868299009202618 26.153533619185065
195 0 0 0.019427291329501495 26.15262096238282
200 0 0 0.022023576271234413 26.150660314814726
205 0 0 0.021233347107734613 26.15654788587261
210 0 0 0.01757782632446725 26.142753288141297
215 0 0 0.02085240915972575 26.14196204264009
220 0 0 0.018446340902158465 26.137397983857355
225 0 0 0.019081491978177212 26.139988978753607
230 0 0 0.017117128375666146 26.137017053499356
235 0 0 0.019269889691333697 26.12794049340825
240 0 0 0.02095786787736209 26.133600962048472
245 0 0 0.018857667813245937 26.136779152715544
250 0 0 0.017659705603785714 26.121237221529615
255 0 0 0.0198631303491561 26.134773644937066
260 0 0 0.019561034744160155 26.12939489113829
265 0 0 0.019250550188509186 26.133906755292998
270 0 0 0.016883013955435455 26.130546745559503
275 0 0 0.020253505457614507 26.134852725466143
280 0 0 0.01980522342950275 26.12950589402858
285 0 0 0.01867284291937854 26.12006390916424
290 0 0 0.021324189699672313 26.126316669434406
295 0 0 0.01747956990276056 26.131224720595377
300 0 0 0.01952112279409146 26.121393765868614
305 0 0 0.01807348296982414 26.128005901325835
310 0 0 0.019355834188646615 26.12177681984217
315 0 0 0.020201343491997648 26.118523771822503
320 0 0 0.019847952145932712 26.1164568773091
325 0 0 0.02008460375812615 26.113652397012192
330 0 0 0.016749984242381277 26.115820348508645
335 0 0 0.021394825973936937 26.117255539103198
340 0 0 0.018822294413371354 26.118424694599543
345 0 0 0.0209094367113829 26.110646881547005
350 0 0 0.018162699910950764 26.119033971761738
355 0 0 0.018131051534781006 26.11668912688142
360 0 0 0.017897470445915165 26.115900595695365
365 0 0 0.01733983937374517 26.117553597465868
370 0 0 0.019626443962620588 26.111843644431996
375 0 0 0.019302219518984254 26.113880631307925
380 0 0 0.01982256090916401 26.11312186082551
385 0 0 0.02046066309378758 26.11452300925852
390 0 0 0.017901316345974472 26.113218615468686
395 0 0 0.017178284058918303 26.11258382095994
400 0 0 0.01920048411092501 26.11253241511903
405 0 0 0.017348509469143902 26.110155550260764
410 0 0 0.020544978875802755 26.11130549065706
415 0 0 0.018848892958973185 26.11423550457377
420 0 0 0.01963935689723617 26.11518479005226
425 0 0 0.01864780002523947 26.10685757461153
430 0 0 0.019697151414235003 26.108529603928993
435 0 0 0.018150405099462974 26.106504404055116
440 0 0 0.018808893001111437 26.108557758286956
445 0 0 0.015689135020048317 26.10814597863401
450 0 0 0.01847363592991469 26.110294963025307
455 0 0 0.0181339688140556 26.112531467166235
460 0 0 0.016429946801350903 26.103932968518283
465 0 0 0.02085633790245467 26.10198030103178
470 0 0 0.017019563378410707 26.10663400177977
475 0 0 0.019026905964046437 26.103584042440083
480 0 0 0.02143885304580384 26.10428048444851
485 0 0 0.018488371975001527 26.104105306384284
490 0 0 0.016828058421447967 26.101821573239434
495 0 0 0.020786295219499706 26.100863918495357
500 0 0 0.01747884438355851 26.09740503046573
505 0 0 0.01935105676708937 26.098443632998222
510 0 0 0.017661574871366215 26.095645205351417
515 0 0 0.020746850875076328 26.099470790786818
520 0 0 0.017355538183828623 26.092305920722666
525 0 0 0.018586203084606012 26.094355670363587
530 0 0 0.017933024953232124 26.090197337558102
535 0 0 0.014886812078829026 26.091447606889524
540 0 0 0.019657231300180156 26.09139772548032
545 0 0 0.014545691191800714 26.08931332432873
550 0 0 0.02055976062199094 26.087765046920104
555 0 0 0.020516301464946318 26.08888061285126
560 0 0 0.01759151336130027 26.086144952885032
565 0 0 0.018101223141709477 26.086815508801916
570 0 0 0.017620392229773074 26.08449345592073
575 0 0 0.017610074195127057 26.08417652919256
580 0 0 0.017302160141700718 26.083828789883693
585 0 0 0.01769605953851139 26.082249698389138
590 0 0 0.015878827652317185 26.08349638331881
595 0 0 0.018844498919142527 26.07775035783037
600 0 0 0.02063958020225276 26.07507904719294
605 0 0 0.018191371773951026 26.07476429264518
610 0 0 0.020566239217189475 26.074736843728406
615 0 0 0.025069095821736553 26.07055725617163
620 0 0 0.011493848046663091 26.076134000855053
625 0 0 0.014464979745206774 26.069246651309737
630 0 0 0.019501367900619293 26.06783707454874
635 0 0 0.01529871937928129 26.064712680166394
640 0 0 0.019478454883001817 26.064503120285053
645 0 0 0.015240333375479587 26.05943130062548
650 0 0 0.01304242150007151 26.059134033377717
655 0 0 0.0181556974853736 26.060005205169933
660 0 0 0.012444707707088165 26.05530999170274
665 0 0 0.015484628918989163 26.053104232140008
670 0 0 0.014955836006850465 26.050958582963094
675 0 0 0.014275016884713443 26.04854953499507
680 0 0 0.018710668452542878 26.04568618522723
685 0 0 0.013966971982935394 26.040269021539444
690 0 0 0.013172152916788082 26.041479631084165
695 0 0 0.0173292295695624 26.03662033368646
700 0 0 0.008843255618314005 26.03408202388685
705 0 0 0.014415643967397918 26.031127807266152
710 0 0 0.0026547726494701163 26.027113664278467
715 0 0 0.01546498406035135 26.026354131271923
720 0 0 0.010804396220970958 26.02097803399563
725 0 0 0.005091222862712019 26.0163523515039
730 0 0 0.012936660449630155 26.015806047223546
735 0 0 0.01609224239505269 26.01160002016914
740 0 0 0.009237860207140569 26.005336029198624
745 0 0 0.006990828673442362 26.000828882817842
750 0 0 0.0054730894387580165 25.997987249820508
755 0 0 0.0061320520949388335 25.994646990606025
760 0 0 0.0048329579078354445 25.9938119410525
765 0 0 0.010968094036819531 25.98551235824165
770 0 0 0.030047190253656764 25.982627128944358
775 0 0 0.02055854614276531 25.9802696213843
780 0 0 0.00014175137157446116 25.971354814888105
785 0 0 0.02117317231613236 25.97105081158387
790 0 0 0.014110031558671077 25.962700736118382
795 0 0 0.006375655906844413 25.958685473055763
800 0 0 0.019345560169541587 25.955851525774573
805 0 0 0.005998799607674465 25.947674371799867
810 0 0 0.015362109538856528 25.948459927712676
815 0 0 0.018007629188155905 25.94239558867532
820 0 0 0.009769204074104199 25.93527220508487
825 0 0 0.013293221338592565 25.93585753874691
830 0 0 0.024321125093097473 25.92368594833369
835 0 0 0.0017336061802866176 25.925192116586167
840 0 0 0.00845356347709214 25.91078910813611
845 0 0 0.002981811781453736 25.90903518359689
850 0 0 0.017499074087553135 25.909524475384988
855 0 0 0.030023457979364787 25.903051488979305
860 0 0 0.015463923213880015 25.8903586926814
865 0 0 0.02897963224766098 25.89064505278091
870 0 0 0.0317324528736862 25.88900207671127
875 0 0 0.016042259152306837 25.88336191222344
880 0 0 0.02431816805552156 25.88512382101749
885 0 0 0.02350248358257745 25.87308593255887
890 0 0 0.003090719685606036 25.8661215918356
895 0 0 0.03346578230827113 25.86542346582048
900 0 0 0.014516834731128192 25.859838273663872
905 0 0 0.02711758385568519 25.857405355358487
910 0 0 0.0258266225508883 25.849981023207143
