0 0 0 0.24677356674453244 0
5 0 0 0.01517837424244739 26.76615597162659
10 0 0 0.015612909911138173 26.67551365219716
15 0 0 0.015223066770259086 26.627299489244656
20 0 0 0.014180005373664484 26.608764047931036
25 0 0 0.012272485893903617 26.58332693511687
30 0 0 0.013728357050790896 26.538001238017742
35 0 0 0.01641886521935909 26.54070235984204
40 0 0 0.016028372407064007 26.508455629183132
45 0 0 0.016659047774692848 26.494470380376402
50 0 0 0.013480379695135492 26.43949237677347
55 0 0 0.013597506353020039 26.378787384857798
60 0 0 0.016027507753281656 26.371686918061364
65 0 0 0.015702840094070192 26.36090766277056
70 0 0 0.016390098646384965 26.31223754314189
75 0 0 0.017141562907230234 26.331318957224504
80 0 0 0.02001857837265053 26.29406746075475
85 0 0 0.017686130391437738 26.28357394723693
90 0 0 0.017647502601426668 26.286653798478813
95 0 0 0.020216373612196525 26.275900045899025
100 0 0 0.0135857779932691 26.270992189070775
105 0 0 0.014957796085104613 26.25649306898672
110 0 0 0.017352692622056187 26.244010933538434
115 0 0 0.018119799886882726 26.229141336053743
120 0 0 0.020623887092324322 26.217126319425493
125 0 0 0.018222813346429945 26.22299062915562
130 0 0 0.01678136892892579 26.18660205970587
135 0 0 0.01956261499517775 26.193325785403996
140 0 0 0.020714443504971314 26.181562663933814
145 0 0 0.021629775531840645 26.174545117430394
150 0 0 0.01809554943162417 26.173926790160575
155 0 0 0.020657828997064476 26.175440286700223
160 0 0 0.01861540893137148 26.1812424887706
165 0 0 0.020847745065141865 26.16699613274535
170 0 0 0.018176795615855168 26.15741472172647
175 0 0 0.01798870197928193 26.165652166577352
180 0 0 0.020436375169913923 26.16872013378375
185 0 0 0.014712369381910229 26.152534631644606
190 0 0 0.019654892936333823 26.141878123514662
195 0 0 0.01848091867348778 26.150603986000064
200 0 0 0.019499403186392428 26.152106606832923
205 0 0 0.018375175176136738 26.137672578761517
210 0 0 0.01819907849148472 26.135748833444612
215 0 0 0.020603087456934954 26.144957242310497
220 0 0 0.01744561406723788 26.135497115763084
225 0 0 0.01959058631403421 26.13622883193113
230 0 0 0.01607850707995917 26.13600824636145
235 0 0 0.019184010258330275 26.134976106467537
240 0 0 0.02000477169805559 26.12856067685069
245 0 0 0.02114195237661587 26.12480663992002
250 0 0 0.01777843231581655 26.12915815294977
255 0 0 0.02061336518695267 26.1299081378252
260 0 0 0.019732914993332074 26.12122895041646
265 0 0 0.019809977358370423 26.130160003318338
270 0 0 0.020129625778944504 26.122792135387467
275 0 0 0.018688582941663867 26.126077410903708
280 0 0 0.020004000116778275 26.12509698301457
285 0 0 0.020713776237550663 26.12196390646565
290 0 0 0.019859280661671752 26.11842967871244
295 0 0 0.019229109592732385 26.117378566198912
300 0 0 0.017350955989693384 26.11477378695467
305 0 0 0.020371183899509315 26.119992468853038
310 0 0 0.019629993531483425 26.117299555070364
315 0 0 0.020002502038226844 26.11955321300806
320 0 0 0.020955180878797552 26.11227399717218
325 0 0 0.01991774658586154 26.115165178589564
330 0 0 0.01909798475033675 26.11319335361915
335 0 0 0.020542966766607496 26.10771033715258
340 0 0 0.018491484580877238 26.110524111543196
345 0 0 0.019862061832024214 26.11268478550057
350 0 0 0.020898395053486674 26.108869644307266
355 0 0 0.020484568922746194 26.10608271366458
360 0 0 0.019466089493316296 26.103843434395344
365 0 0 0.021287639983766482 26.102430466870565
370 0 0 0.021489232055119434 26.105426077740045
375 0 0 0.01835293487565104 26.104580982855506
380 0 0 0.020788743367415208 26.097577855554633
385 0 0 0.020434124564562506 26.096204127867328
390 0 0 0.017274280188874336 26.100342848809667
395 0 0 0.020248937067615103 26.096256208555495
400 0 0 0.01839379689910503 26.09569098542067
405 0 0 0.01965945511355538 26.092980551570186
410 0 0 0.018921788754012958 26.093343200330082
415 0 0 0.0188271272341074 26.092126652831574
420 0 0 0.02085562532264773 26.090204395405554
425 0 0 0.021655301162475382 26.090132738619282
430 0 0 0.021908867159243783 26.08792813919601
435 0 0 0.018803374876936507 26.08850978015169
440 0 0 0.017330582080381296 26.087272301761995
445 0 0 0.019024391935166474 26.08433597098137
450 0 0 0.017064254940909684 26.084218725261252
455 0 0 0.018962549630957115 26.083408151860343
460 0 0 0.018285966212878924 26.081795569134197
465 0 0 0.01882485721457905 26.08077373641025
470 0 0 0.02206663367486872 26.080537325326777
475 0 0 0.015340920034206285 26.079101549384173
480 0 0 0.021249260358720212 26.077559332282682
485 0 0 0.022938951779534422 26.07755730377252
490 0 0 0.022844329086367576 26.076456501375887
495 0 0 0.01903499173908041 26.07412332929653
500 0 0 0.02037003843426577 26.072981202106057
505 0 0 0.015610408689186839 26.073507634023432
510 0 0 0.016469252229520448 26.071612057292153
515 0 0 0.01654239642259081 26.069867767247548
520 0 0 0.015267088193529288 26.068654161075013
525 0 0 0.0171703611363192 26.06639644735553
530 0 0 0.008657166741177447 26.066859892085148
535 0 0 0.02142766240062599 26.064545621880576
540 0 0 0.02483623000792945 26.06203405092032
545 0 0 0.015725417145940668 26.059851047022377
550 0 0 0.020495844263331398 26.059305760197372
555 0 0 0.009508954415343718 26.058245532324815
560 0 0 0.02124966640464976 26.054673390890656
565 0 0 0.029312074919833675 26.052716199458224
570 0 0 0.012998390849464858 26.049426159717736
575 0 0 0.01696154944539985 26.04846168227646
580 0 0 0.007011794949943528 26.044989647235635
585 0 0 0.013128635062143346 26.045397629936325
590 0 0 0.01852403242201972 26.0414488724347
595 0 0 0.02204424503078095 26.038716739136024
600 0 0 0.01745241422273014 26.036844551690855
605 0 0 0.014835035524745743 26.032633811453966
610 0 0 0.016547202425818863 26.030295628399493
615 0 0 0.014724797656467947 26.028145362030635
620 0 0 0.010189297173502698 26.022697982709964
625 0 0 0.010480961980420256 26.0232273989588
630 0 0 0.017184758467193806 26.01869844534146
635 0 0 0.01262972998599321 26.016875120335225
640 0 0 0.014892573732344871 26.0110230329598
645 0 0 0.007104839925267115 26.00772407976461
650 0 0 0.006999731751004434 26.005772205626467
655 0 0 0.010680958295754994 26.002417889408644
660 0 0 0.012550454855693616 25.995640092726475
665 0 0 0.013828152682788142 25.993674071343534
670 0 0 0.009779449367307347 25.990401249530315
675 0 0 0.00809692579942456 25.984493315139904
680 0 0 0.00853190155352701 25.984272725470674
685 0 0 0.005233657789978974 25.976018437653238
690 0 0 0.027829610442176467 25.974959814372358
695 0 0 0.005879678765795759 25.966827348564117
700 0 0 0.006071685123111514 25.965733452675885
705 0 0 0.010936465548498697 25.959051421022874
710 0 0 0.0050981033871364545 25.95900312978691
715 0 0 0.00369962215204489 25.95107658533337
720 0 0 0.015080202292374612 25.94201757445632
725 0 0 0.009077688813969198 25.944937202418362
730 0 0 0.014419855371307966 25.942669405087763
735 0 0 0.0029393668939332596 25.93290923081608
740 0 0 0.016345080179415383 25.927640856997645
745 0 0 0.005016634089322958 25.92399897277493
750 0 0 0.0035900295450570496 25.92000434618753
755 0 0 0.02305935413820226 25.914544071349184
760 0 0 0.009972037310593818 25.908701477251476
765 0 0 0.016051447977725397 25.90511633312074
770 0 0 0.03380829239119687 25.897797728133487
775 0 0 0.013960766821924153 25.895534132381464
780 0 0 0.022235574056870266 25.890426977238377
785 0 0 0.0012711837638428314 25.881985520197976
790 0 0 0.05613396549089944 25.880804716543437
795 0 0 0.03928468564445464 25.87840001026987
800 0 0 0.022683811079304395 25.86715802210119
805 0 0 0.033769251130284283 25.861771236527634
810 0 0 0.027843260066941378 25.859400662989156
815 0 0 0.03927898194100354 25.856999811419833
820 0 0 0.036990432352785874 25.850062566888937
825 0 0 0.03697344986695783 25.842583303936355
830 0 0 0.010254241582166035 25.835866075093897
835 0 0 0.03741925253392897 25.837046201787942
840 0 0 0.017846609531523727 25.832437731525715
845 0 0 0.023814146934149294 25.824920965634057
850 0 0 0.06628506886454022 25.820865910121164
855 0 0 0.0591956826600184 25.81781881951609
860 0 0 0.0253282247285056 25.808985812161197
865 0 0 0.04776511811728601 25.80733814565103
870 0 0 0.09686607172845196 25.806001046912087
875 0 0 0.0544845736170847 25.802975694220482
880 0 0 0.0661629568178288 25.795099683373564
885 0 0 0.06289513835979976 25.786632114862783
890 0 0 0.043652462347673726 25.786537256743312
895 0 0 0.04224205360005051 25.76873077173856
900 0 0 0.057811239533378744 25.77553788942796
905 0 0 0.07122862047151868 25.77451272574613
910 0 0 0.04860106024386801 25.771139374517265
915 0 0 0.0628228169630276 25.762865083486563
920 0 0 0.008871481081137222 25.802696700072374
925 0 0 0.038098630179024484 25.74566259307933
930 0 0 0.09549026547989148 25.76195168486207
935 0 0 0.06121974054264401 25.747597436583096
940 0 0 0.05639980757407281 25.737288968411566
945 0 0 0.06762216465994575 25.737850369610328
