0 0.6095288155033245 1.3716924900084217 0.3426606148231268 0
5 0.9966291901850681 0.013548630937631145 0.003242726472477475 4.708753680507791
10 0.9979661963758766 0.008007449220019502 0.00040179055407851827 4.705218276580972
15 0.9981574040367729 0.007431429413063739 0.001280810575818414 4.701972203569888
20 0.9979772197565271 0.008098299403461517 0.0018550185486094772 4.699540213977811
25 0.9970071729068253 0.01193446404599463 0.005555216950461572 4.699535482508396
30 0.9977318017418862 0.008975691248763518 0.0006555068552602794 4.699608321285099
35 0.9984022491508449 0.006329990727336643 0.00019358767681154632 4.6971000751426235
40 0.9976693385729928 0.009066937860249702 0.0033171141824124284 4.696384421188626
45 0.99890497175724 0.0043014626983168824 0.001964329762644157 4.695444085368215
50 0.9988279869680823 0.004645270289170611 0.0018123509346057443 4.694813582212967
55 0.999016505508221 0.003917985275700531 0.004277994524176432 4.694537438315602
60 0.996574698237721 0.013321913269901842 0.0003364761934183669 4.6925618053421925
65 0.9953627116385578 0.018146032901217524 0.003910419837307666 4.694218703683458
70 0.9968471699827579 0.012810905155821395 0.003142330374727109 4.69329324715677
75 0.998535815740347 0.0059498336025480825 0.0024811434978855296 4.692168241815756
80 0.998829420269451 0.0044600286131473155 0.0013355525782960953 4.69203357402977
85 0.9983019989015335 0.006707595986211068 0.002908221067016381 4.691424996941222
90 0.9983787427987738 0.006513748180593915 0.0009014999604075591 4.691798055911914
95 0.9984996474622632 0.005984903547733289 0.002538468483008316 4.6919949991754075
100 0.9957223472747725 0.01778955952390948 0.004907683437564314 4.690987642814407
105 0.9991173155817462 0.0035285714576644978 0.0008824583546847009 4.6907209757325345
110 0.999473251771318 0.0020629510777521176 0.0008048357013206164 4.690578361793725
115 0.9991146692224351 0.0034754052523275902 0.0011939572815466981 4.691421925429674
120 0.9947370012213558 0.020856363931772925 0.00025237729107097095 4.690763513745166
125 0.9987996037056511 0.00477374216775317 0.0035850250868125766 4.690520680996297
130 0.9989134992427188 0.004258019375888544 0.0006695851587061874 4.690622627889928
135 0.9990728383955477 0.0036058364790552133 0.0015893528219188546 4.690932935581469
140 0.9984881205140127 0.005940404097811047 0.0010145554513214528 4.690603577401899
145 0.9982782973899316 0.006879002519633914 0.001633933712545943 4.689633185984319
150 0.9980790063622798 0.007577780524408162 0.0033636588033625348 4.69052093063635
155 0.9985921689894242 0.005667446948573129 0.0009607906862438842 4.690238804297134
160 0.9987682858623927 0.004808162490388845 1.5250721707715797e-07 4.6898165764304345
165 0.9985445227313259 0.005823016902273714 0.002115792289352436 4.689965518784974
170 0.9982025005824611 0.0072033047300976705 0.0007650662472777903 4.68992622579422
175 0.999488317615571 0.0020168817448835696 0.000990972606782492 4.689436642379272
180 0.9990662890254169 0.003722450479187067 0.0007268457620479563 4.688777392377333
185 0.9987944903892922 0.004745738510314013 0.0014337822543883938 4.689521109240872
190 0.9978137071052856 0.008542823485337081 0.001279947343078458 4.6889527869197725
195 0.9981245813000906 0.007585357311961083 0.0001304624831826029 4.688826299190469
200 0.9978574457696923 0.008858673767297987 0.005344526501994906 4.687933382197305
205 0.9991002410999503 0.0035849395229243797 0.0005814306815952186 4.688121551101327
210 0.9990480351390326 0.0038166529216177025 0.0035910285845077716 4.688809869679981
215 0.9993113644976405 0.0026905234654508448 0.0033508506397266213 4.6890423422077046
220 0.9990463145011202 0.003798935976890405 0.0015791582272473015 4.688008818108063
225 0.9986771561047151 0.005248794620923647 0.0029041545682988446 4.68766184709781
230 0.9990144007212552 0.003991123538437336 0.0012148730677505881 4.688039006507412
235 0.9984030633945487 0.006399066594060088 0.0015215390809819596 4.687559599936839
240 0.9993443962054847 0.0026275172484888643 0.0014275049882797042 4.688011511311363
245 0.9945728833096374 0.022138760029560167 0.007925409719061527 4.68809972894531
250 0.9994306483629309 0.002251652196140874 0.004991456329261457 4.688420605039397
255 0.9991941787777818 0.0032383877885600043 0.005177054765829636 4.688493483447599
260 0.9990001174937582 0.004018394882052689 0.0021440505924288367 4.687369806014393
265 0.9958672793092891 0.016336192976635466 0.005811423175186459 4.6878039667688
270 0.9987194784716991 0.005138786143289664 1.062252321193391e-05 4.687148507547362
275 0.9993061468290929 0.0027853968591093903 0.002006663102202877 4.687492443038758
280 0.9987368655223163 0.005053929413324276 0.00040231719406125244 4.688124560755904
285 0.9985779488463968 0.005670863247427604 0.003341725396732498 4.6874720051067635
290 0.9989210428775002 0.004313782689626677 8.740923875660833e-05 4.688122998564611
295 0.999236437099871 0.0030673314407794194 0.004164548543929225 4.687107609237199
300 0.9990266970053514 0.0038517892331153547 0.0019506687910637588 4.68775972878832
305 0.9992209065756441 0.0031020866175461848 0.0053251088160837234 4.687398772711193
310 0.9981789663137461 0.007267986908826352 0.0011576492411602413 4.686754874726138
315 0.9986210003186488 0.005452599126637203 0.0019619381634481403 4.686843229782912
320 0.9985433701213524 0.005855086485970773 0.0022727610612500726 4.6882837081831745
325 0.9971335854672823 0.011543960413807675 0.003029702353781971 4.686720277508541
330 0.9990386911311153 0.003908962383210479 0.0037819371152454373 4.6872537676896755
335 0.9982128526653682 0.007273861287893091 0.004520398494126665 4.686740716361635
340 0.9992124050195283 0.0031466063984515458 0.0042454949895014416 4.686136060177612
345 0.9991662024890723 0.0033420945096329646 0.0010283601723561908 4.686557877532894
350 0.9990278737832494 0.003956162909497962 0.0013919132615543006 4.6863133994539945
355 0.9989681594395576 0.004177758729182912 0.0017047464559865055 4.686736163822565
360 0.9979270392635755 0.008291864615169509 0.0035190635152106964 4.6862827623967185
365 0.9992391431504218 0.0030743500177372596 0.001649529668418248 4.687174668657782
370 0.9993876549580727 0.002402023547761978 0.004746354346607307 4.686750901047557
375 0.9987739142846626 0.004906463036719266 0.003652787435193705 4.686941900235965
380 0.9983321446318076 0.006847384731540451 0.0009231520617445366 4.686445444826939
385 0.9990210243383635 0.003944391052647767 0.0023874060270485664 4.686195734952736
390 0.9992268332077026 0.0030759591810483045 0.004871295428721556 4.686137985755699
395 0.9989885612441579 0.004062307476781157 0.00024537471341945505 4.6860585256104486
400 0.9983854086341445 0.006533266128851523 0.004529230639451098 4.685883873361363
405 0.9980364862229031 0.00788955881097575 0.005446221829013442 4.685877106511237
410 0.9984219684561599 0.0063783069411771365 0.00799805841411727 4.686284904131487
415 0.9980230531498503 0.007827768772307842 0.00010174151790742769 4.685615730516443
420 0.9987524923500325 0.0050586437862554234 0.0021367339701903187 4.6858605455637825
425 0.9982043860469441 0.007190091317626823 0.00426445074598325 4.6856971328110495
430 0.9983455778133781 0.006596384940152689 0.0019660080915426814 4.685850856730333
435 0.9984257573463052 0.0063306011030688225 0.00018896063418916142 4.685945066630153
440 0.9983052352207402 0.006791888540897517 0.007150148426825709 4.68581473717061
445 0.9972493979322385 0.011356817286600318 0.005793388353035667 4.685218501613533
450 0.9988637376332523 0.004557847234311296 0.004025464590835304 4.685321196482091
455 0.9981510025758753 0.007327494477370244 0.0011399430201264327 4.68532153539498
460 0.9990909467302984 0.003652653176932752 0.009672167855719227 4.685567484686937
465 0.9988856972543247 0.0045147657409092545 0.0036073426833946876 4.684983207296446
470 0.9978412760786284 0.008812610896208106 0.003154999945750303 4.6844400885046245
475 0.9980759754771973 0.007814198626397761 0.003010972862907746 4.6856948701015275
480 0.9988792088585736 0.004432545088585371 0.002857869125967749 4.68464188827822
485 0.9982735053742149 0.006921282400561779 0.0036890050028342003 4.685214810271101
490 0.998171866143627 0.007444258166561468 0.004635880713463214 4.684540777892125
495 0.9984048682082945 0.0065126368280301605 0.0016133720415718589 4.684704146407671
500 0.9985114153720646 0.005812221521274807 0.007529055806564822 4.684410218533846
505 0.9966599637595499 0.01353553585778311 0.0009713896248046971 4.685239557591309
510 0.9944216900866661 0.022587526317963125 0.010986965038850993 4.684200066146367
515 0.9985076569869735 0.0059919085411799244 0.0010545156300652003 4.6847705670792665
520 0.9989208184893528 0.0042922316652624914 0.006821860418130932 4.684377506259113
525 0.9986014466739324 0.005645690355841282 0.0014703667690212363 4.684094309353545
530 0.997942879113928 0.008237715709298321 0.006317128627836288 4.6849703573414
535 0.9980877505978556 0.007781889239758755 0.009496446896559929 4.684655573842545
540 0.9983584337916666 0.006443365806585888 0.005506815887524663 4.684347509252153
545 0.9983991284019467 0.006460831890246155 0.008566687643017934 4.684351273013559
550 0.9987061003469295 0.005219704956482829 0.0016455771981735978 4.683885755799474
555 0.9985081198354766 0.006013891594045084 0.00048232460277608524 4.683606177225323
560 0.9984347751021371 0.006397315159776262 0.0024792637958988006 4.6842432393607645
565 0.9962325731994144 0.01593192782965147 0.0017508980766918203 4.68394130055779
570 0.9966028847360522 0.01364575092001985 0.011424885554536912 4.684477699914818
575 0.9974571901209401 0.010334879450719647 0.006562713554232991 4.6839616268740025
580 0.9987778004759421 0.004903863093728589 0.010112033963275868 4.684427694691108
585 0.9985287674464955 0.005946349957610231 0.0029462305195766536 4.68382192993632
590 0.9983749762807548 0.006565867351204346 0.0032983333238385537 4.683864259562664
595 0.9987828489370972 0.004906300355424165 0.0015933592376702332 4.6839558664789775
600 0.99860619390065 0.005562327989430571 0.009897409901467924 4.684049676421965
605 0.9986369037280142 0.0054911392375629475 0.0047352523395134405 4.6837914235702005
610 0.9988092373850032 0.004747309463397187 0.006819110048200017 4.683440140166671
615 0.9984399204254457 0.006306296408109979 0.007477072419323605 4.684020383634271
620 0.9987383887027762 0.005171634137929537 0.0027079983785693873 4.684069393951367
625 0.9984389784834298 0.006312679137289834 0.007065979952215695 4.683825414734576
630 0.9977233214040453 0.009195858163838722 0.003672078802412715 4.683474635693139
635 0.9979050577999844 0.008413273815087052 0.004382703949886935 4.683538833140328
640 0.9986276833954362 0.005470503584685815 0.0021971165298471096 4.683663740217199
645 0.9982963509683657 0.0070477694413844105 0.000908400374285856 4.68375583530477
650 0.9984489517052604 0.0062516829325760526 0.004850959608578842 4.683641778252861
655 0.9981174696535213 0.007557617667782068 0.0049956591587831944 4.683657277019448
660 0.9982240468171556 0.007105336401550311 0.0014778110857616156 4.683463064079568
665 0.9986199935324598 0.005513426725675785 0.0012733607821659998 4.6835605719777575
670 0.9985056280551415 0.006031850844705033 0.0046454177447505796 4.683886805359964
675 0.9984517351547284 0.0062204710926625495 0.00322272761601039 4.683633108412189
680 0.9983084220538043 0.0068375977774657315 0.012688697891038991 4.683773673991337
685 0.9972633279561405 0.011144942007590863 2.3714657940265838e-05 4.682892657684857
690 0.9982583281328736 0.007091260541612243 0.011784773703614304 4.683626633754413
695 0.9953954134040217 0.01804063004701284 0.015709194477137034 4.683651402538789
700 0.9960239793759639 0.01648801601442429 0.005103104645697076 4.682466543696741
705 0.9986436098907934 0.00546435514200283 0.00220282669881966 4.683050029267372
710 0.9971884579197887 0.011369729539001838 0.003970072523644674 4.6829932611647145
715 0.9983415697884261 0.0066028116498904055 0.0029531860571256896 4.683545186203698
720 0.9984567821370351 0.0061300628380900335 0.00948780587160658 4.682868243352593
725 0.9985484420523079 0.005818878937534855 0.0012657990207860514 4.683496202423753
730 0.9986029439259083 0.005703500170396225 0.008995837422313357 4.682938321144535
735 0.9977663344965008 0.008882111252979996 0.0013027813319448356 4.683438724380364
740 0.9981039647468511 0.007662622995764146 0.012703036807403922 4.682950784524961
745 0.998391638488573 0.006340320812099343 0.007942690615116543 4.683565190570722
750 0.996218738196563 0.015520887285697782 0.0007059435139828985 4.682635473132695
755 0.997641986283796 0.00942933654352096 0.005470779068579956 4.682758984420738
760 0.9986516286854694 0.0054623905837853926 0.006639428366337796 4.683308206733837
765 0.9986111884510991 0.005604460889681029 0.00393465366014234 4.683377395268212
770 0.9987215652617534 0.005083205780421096 0.004233580419966243 4.683652519199539
775 0.9978912525381094 0.008458389454515824 0.0014401382020063913 4.682997611758276
780 0.9984138241754903 0.0064093965866103275 0.004355708095853172 4.682984500913355
785 0.9985923750095428 0.005538290111076982 0.00279204110632425 4.683816475975461
790 0.997694163613786 0.009204038570132411 0.014191973974938987 4.68292997799001
795 0.9986061555910373 0.005629755638518752 0.006846975499775088 4.6830189391882575
800 0.9986684521584681 0.005327538754156258 0.003972855833311417 4.683439284251725
805 0.9974982710839521 0.010019298583133107 0.002144728863820111 4.682681449222393
810 0.9984079642491508 0.006327875406524797 0.01402461319753523 4.682936217604187
815 0.9986525390399135 0.005372836668266601 0.008991828642843203 4.68330487246052
820 0.9980633266128682 0.007832078314364388 0.0051967251856326335 4.682586560420771
825 0.9975865589149939 0.009943535561177441 0.0006922839219078991 4.682774151809216
830 0.9980734668333219 0.0077125591200939425 0.0027201414956721237 4.682833043843024
835 0.9983447966327228 0.006631339068783326 0.002133199942856212 4.683051216142934
840 0.9984150988628776 0.006267807568248962 0.01593622423284624 4.682818563610013
845 0.9976764042114639 0.009205008244666857 0.006253133270977429 4.682461954833801
850 0.9985419824044234 0.005823042685664248 0.006983626618018324 4.682839766522675
855 0.9982796646291838 0.006852388340981008 0.005293191168935341 4.682850041532182
860 0.9968773342841143 0.01262560719527972 0.0024759013396145058 4.682401933223727
865 0.9982740036860789 0.006974200339451286 0.003382889990196869 4.682984716111878
870 0.9985049992026571 0.006074491484282518 0.0150773271833482 4.682749103272673
875 0.9981445019310973 0.007144391810239625 0.004652104816080138 4.6826499331146865
880 0.9982249966824651 0.007099628026141502 0.00032892816757357224 4.682385501065459
885 0.9978325111588202 0.008663516494665124 0.006321160780994095 4.682587947483854
890 0.9959197189034571 0.016458309987200437 0.007185638595332389 4.682669158050717
895 0.9984151145928721 0.00639964696364359 0.003225472481673153 4.68215196474051
900 0.998385023019811 0.006336439453392906 0.014133063490904263 4.682612718310462
905 0.9984289541463857 0.006184489695406192 0.0025530834244116285 4.68268945635833
910 0.9980625564936314 0.007937274237974634 0.006183175198352764 4.68203405152493
915 0.9984466884051096 0.006234736769844318 0.005921443630273027 4.682635759631867
920 0.9981856346117604 0.007342952166684569 0.008018557019265016 4.682609409700442
925 0.998393690046113 0.006440270186568675 0.007561024783640846 4.683040917895923
930 0.998040636327278 0.008035817521665933 0.00033239653260563884 4.682515087982696
935 0.9985732457537326 0.00568781589193712 0.005925166050237518 4.682315038596687
940 0.9982773432305438 0.007025749510316537 0.012981229131038496 4.682360678967575
945 0.9973246760401986 0.01052319344887831 0.0006223395934383813 4.682410254640595
950 0.9978220684593582 0.00870558264554866 0.002648397925872903 4.6823103550139535
955 0.9980476807904572 0.00791730140461322 0.007535262918260122 4.682264011047649
960 0.9983011290806427 0.006645590209923391 0.006860758593217886 4.682642025855873
965 0.997932147985725 0.008536005067762531 0.004236436930785903 4.682443510627435
970 0.9975630985871555 0.009903189063805051 0.000567423408375678 4.682348319886888
975 0.9982103829572426 0.007182928981284142 0.0024305678957996513 4.682374739877306
980 0.9984585860215546 0.006289578045539201 0.013212810742969427 4.681926582579155
985 0.9983272224967139 0.006854589544237122 0.00671575354717957 4.682293874239512
990 0.9983253008822148 0.006695756777419959 0.007938844695571046 4.682320900365478
995 0.9974292469702453 0.01047614499428029 0.019140613167670795 4.682148183197976
1000 0.9982402026344617 0.007076896604235827 0.006016982620554501 4.68237670605219
