0 0 0 0.34541706350095713 0
5 0 0 0.0029731909103241083 10.224168077670685
10 0 0 0.010751102749603003 10.110304137518094
15 0 0 0.01069138707269035 10.077923507788338
20 0 0 0.003836346618315556 10.06076027943554
25 0 0 0.002830026722355772 10.042603550146248
30 0 0 0.0099832189807747 10.037843615001657
35 0 0 0.013350227387162406 10.031719707703601
40 0 0 0.007796852588969561 10.029979034458716
45 0 0 0.00706833192507883 10.026205994401984
50 0 0 0.010656987529059858 10.031740897362143
55 0 0 0.009539284502144696 10.028134312237304
60 0 0 0.01633285890857783 10.022434459280216
65 0 0 0.007346676252285578 10.022608652641615
70 0 0 0.006366478215105609 10.022203888647082
75 0 0 0.013197412019274157 10.018983761120277
80 0 0 0.00822902386048674 10.014300811405782
85 0 0 0.01198587156432529 10.01552614070536
90 0 0 0.013387396733241852 10.014420683586655
95 0 0 0.008968134858684307 10.015483717787204
100 0 0 0.000495446619694917 10.221626021474112
105 0 0 0.0012656264727470834 10.21888394710323
110 0 0 0.007739868117965454 10.216740453065587
115 0 0 0.0011534205065553138 10.216182137759525
120 0 0 0.001445489228872221 10.210153757525012
125 0 0 0.003480645248251646 10.207437688602294
130 0 0 0.0003446436717908785 10.203624558204956
135 0 0 0.001643340963193074 10.206325000226599
140 0 0 0.000117896019224073 10.203584661645065
145 0 0 0.003149038148559269 10.196415944670417
150 0 0 0.0035983270368302733 10.197989781144052
155 0 0 0.0040154785861270526 10.198789215394724
160 0 0 0.00038890628036303276 10.198949534975528
165 0 0 0.0030979390665641926 10.195291963816286
170 0 0 0.0002557189249796643 10.194410965149277
175 0 0 0.00047721922336796396 10.196040036682808
180 0 0 0.005544583160883354 10.196366427723985
185 0 0 0.002517995957564745 10.192206502146039
190 0 0 0.0012735627098621194 10.19023930743448
195 0 0 0.0008868051426680346 10.19158769836546
200 0 0 0.005397471297940104 10.191748487681718
205 0 0 0.002846635001231501 10.18957823157875
210 0 0 0.000382046267719538 10.191880877064513
215 0 0 0.0003074847191724128 10.19274370409479
220 0 0 0.0021375291559926346 10.189559561515285
225 0 0 0.0036521416399390993 10.190802969720774
230 0 0 0.0033642897286139117 10.187281130469328
235 0 0 0.011399734950047202 10.188362874601463
240 0 0 0.0039464781205602595 10.185938330241253
245 0 0 0.0005361157072889533 10.18987182800444
250 0 0 0.003748983593909072 10.186205875963417
255 0 0 0.0008196078363222892 10.187100307684243
260 0 0 0.005536019682180315 10.18782863986303
265 0 0 0.005346768057575613 10.18362510675067
270 0 0 0.0022255913601507693 10.184665543576859
275 0 0 0.0011889587959497128 10.182980772212993
280 0 0 0.00207380553396197 10.180873616588118
285 0 0 0.00501757116068946 10.182797744798338
290 0 0 0.0010038718357816556 10.180956960753582
295 0 0 0.0037711275450686976 10.180061220958946
300 0 0 0.005710270593301203 10.177519865288094
305 0 0 0.0004099968791877462 10.179094158170606
310 0 0 0.0002312626765492709 10.17531275867908
315 0 0 0.0008193300649366186 10.172189459281665
320 0 0 0.011598720640635163 10.170365492813307
325 0 0 0.0011940653723172545 10.168983447190714
330 0 0 0.005625523154316969 10.164688757726914
335 0 0 0.006348613274826276 10.162224813451369
340 0 0 0.0017222788106887599 10.155889406706034
345 0 0 0.0038667595914012587 10.142477629840158
350 0 0 0.005126994410388441 10.133024892228534
355 0 0 0.011517100493995347 10.123591037776993
360 0 0 0.007753916581065612 10.115088235279819
365 0 0 0.0016098177479229037 10.10757571899576
370 0 0 0.00461471244452194 10.095792863796397
375 0 0 0.005753510690061692 10.091359890817717
380 0 0 0.0041793504306415485 10.08736583962104
385 0 0 0.008296791573252804 10.090541724356706
390 0 0 0.0038778151706082564 10.082869142787292
395 0 0 0.010409759392663531 10.072953458999878
400 0 0 0.009318413158373007 10.075232289918732
405 0 0 0.010401138110135433 10.067867077002797
410 0 0 0.005975787783001563 10.064911512705505
415 0 0 0.007485095561885036 10.061512227185471
420 0 0 0.00456093819834269 10.05333796577204
425 0 0 0.0033330564865814427 10.051570450722748
430 0 0 0.009137157803156937 10.051477075249577
435 0 0 0.013438299975162993 10.04206566560994
440 0 0 0.003966998355541929 10.038451424959955
445 0 0 0.011374001100801001 10.030644474935716
450 0 0 0.015020824502956831 10.027519380872347
455 0 0 0.009615879655091142 10.03214215357227
460 0 0 0.016817655790228425 10.022440954986429
465 0 0 0.006601144342369469 10.022809279626038
470 0 0 0.014623890849972287 10.015382373619524
475 0 0 0.012945404893305534 10.017326806183245
480 0 0 0.013425106544755483 10.015406598598789
485 0 0 0.011539670914675115 10.01154880513035
490 0 0 0.01556366124915698 10.008584662840104
495 0 0 0.008078312396420317 10.0062876890203
500 0 0 0.013058847385245764 10.00482133510181
505 0 0 0.01389560760071773 10.00508969357061
510 0 0 0.010922628921473443 10.000345982751682
515 0 0 0.013031471271187645 9.998524674044308
520 0 0 0.012908805534626921 9.998853045450304
525 0 0 0.011194449522804462 10.00021523240517
530 0 0 0.007030226779954019 9.995320918153682
535 0 0 0.014438548994441636 9.993410302629785
540 0 0 0.011012497964294043 9.995966544090077
545 0 0 0.013364964574368754 9.996277873391017
550 0 0 0.010187566772560386 9.989755901493991
555 0 0 0.012152742579398579 9.991563504947068
560 0 0 0.011181147726499585 9.99022718896348
565 0 0 0.009444083884597054 9.987861048836304
570 0 0 0.012310658526457852 9.9922602676505
575 0 0 0.008390359077493637 9.987973685419881
580 0 0 0.013457599737926262 9.986940268930658
585 0 0 0.00980349263308522 9.983704911911119
590 0 0 0.014203904958561608 9.989557740999981
595 0 0 0.011907197599158703 9.986980685065191
600 0 0 0.01395984477055534 9.983558841108927
605 0 0 0.01277405444358104 9.984783056663407
610 0 0 0.013506301147721 9.983175141219327
615 0 0 0.012505663412448076 9.9842342578848
620 0 0 0.01205681873074016 9.983805874916845
625 0 0 0.013183661416512837 9.985092225772496
630 0 0 0.014270601474618116 9.982527370991892
635 0 0 0.011933893879305213 9.984681252792818
640 0 0 0.01473017777031993 9.980782554038163
645 0 0 0.013608709123773544 9.981719570322753
650 0 0 0.015430831958656244 9.982069452285675
655 0 0 0.012079241015356068 9.979562722119372
660 0 0 0.012417742678531685 9.978468598180394
665 0 0 0.015292482768987536 9.979351482871062
670 0 0 0.014783512718986369 9.979519220943669
675 0 0 0.01318279609785189 9.978061766885693
680 0 0 0.012657374945137967 9.979017652122518
685 0 0 0.007248710545546988 9.97799389561408
690 0 0 0.01119696905351475 9.97836939722504
695 0 0 0.012068833819377733 9.977673835595029
700 0 0 0.01181074059585785 9.9764855137973
705 0 0 0.014440310183243543 9.97930824571562
710 0 0 0.010507626906322676 9.979018557087453
715 0 0 0.013812248038573838 9.97572228631664
720 0 0 0.013716796490443883 9.97681298750348
725 0 0 0.012878756306845762 9.976855848920463
730 0 0 0.014212763380378801 9.976720493191213
735 0 0 0.013042777255849014 9.97638918877859
740 0 0 0.012728458433251655 9.976927553525478
745 0 0 0.013836687020333471 9.975180219919274
750 0 0 0.011918586470631931 9.975971674296762
755 0 0 0.012072453842131514 9.97595483979395
760 0 0 0.01391659880087337 9.974471998967449
765 0 0 0.015238783736128969 9.974601443571782
770 0 0 0.011343561881607567 9.974600259593304
775 0 0 0.014224583470744845 9.977460283997704
780 0 0 0.013823263673740094 9.976903513867203
785 0 0 0.014145033139150831 9.97492124330949
790 0 0 0.010298396380013397 9.974815537903392
795 0 0 0.014884255520545286 9.974286130746194
800 0 0 0.010247850018049398 9.974566298767234
805 0 0 0.016050255696196114 9.97365577060341
810 0 0 0.014399499809578886 9.97299562667185
815 0 0 0.012723053602320178 9.9758718384281
820 0 0 0.013162470296571804 9.97514561079861
825 0 0 0.012520952931883711 9.975156481358875
830 0 0 0.01365794911519802 9.974989911896266
835 0 0 0.014631524631128379 9.97455969417012
840 0 0 0.01488634678115397 9.973685370129953
845 0 0 0.015483337632458793 9.974891233020026
850 0 0 0.014764750650402059 9.973454136627392
855 0 0 0.011456127195520915 9.975648391889395
860 0 0 0.011860958874462701 9.974358589610532
865 0 0 0.012498643735072257 9.973776873397881
870 0 0 0.01605078907203139 9.973823684880362
875 0 0 0.014224654157476646 9.973073766004436
880 0 0 0.014558346178086712 9.973192451060381
885 0 0 0.01332795504720008 9.973263400286214
890 0 0 0.012655961869345145 9.974017795249814
895 0 0 0.012749292721481176 9.973368444507637
900 0 0 0.013569414731905649 9.972913476621374
905 0 0 0.01441392730939084 9.973633648164526
910 0 0 0.015661610196103126 9.973117429962954
915 0 0 0.013875565520584221 9.973161296045546
920 0 0 0.013814291346567531 9.971324273251701
925 0 0 0.014774776946770984 9.97207161132798
930 0 0 0.014439907273711361 9.971450028679202
935 0 0 0.01592088344841125 9.972810849532452
940 0 0 0.013272745407555409 9.971352098798766
945 0 0 0.01435370231883737 9.973200474070769
950 0 0 0.014104488921686587 9.973148578676218
955 0 0 0.013769238417104868 9.971682828574096
960 0 0 0.015399200099117216 9.973773036578562
965 0 0 0.01555506056174516 9.971524549172576
970 0 0 0.013333701035641798 9.972843323432047
975 0 0 0.01353248027183307 9.971988314656727
980 0 0 0.014429543655985588 9.97186896605147
985 0 0 0.012928800783842842 9.972019972829683
990 0 0 0.014096627250494098 9.971743343528603
995 0 0 0.01300239078912857 9.971873974894706
1000 0 0 0.01447803993848118 9.972000235316493
