0 0.5905486373342979 1.1159407144164577 0.36899128528673697 0
5 0.9814489389482215 0.06057005339763921 0.010159680723029751 1.6651117715465904
10 0.9894538065100245 0.03795369181321884 0.00848817507819799 1.6455517800410862
15 0.9938972347986736 0.022764276355099256 0.0011351316755257024 1.6411919417516319
20 0.994182468153735 0.02428951905720611 0.006223854986936894 1.6402058574502922
25 0.9944692392182346 0.022508193687425848 0.01098774275057579 1.6387512491353333
30 0.9929759261454462 0.028269831672933066 0.010253968851067885 1.6386185817902368
35 0.9914094740161054 0.036338373797872636 0.014468285995974606 1.6369975759684863
40 0.9940492168031521 0.025307956918006358 0.002165262392078926 1.6377630682062425
45 0.993957991414508 0.02663658318608708 0.0070709875477299455 1.6366081595778206
50 0.9950919431648068 0.02032920241168812 0.002740179704314727 1.637348327566213
55 0.9933134726764401 0.028248696472392476 0.00853987042218396 1.6372771506824835
60 0.9940597264312798 0.026322032140264184 0.003112629127909994 1.636763990456307
65 0.9938194767054432 0.02587657668426191 0.0044023357222671144 1.6365648923705987
70 0.9952880216832507 0.019666592187260967 0.001653683879652812 1.6363853819449656
75 0.993166421002176 0.029058913161553512 0.002452803508495194 1.6368140500870598
80 0.9951923854808642 0.021047968428652863 0.0032796913439685493 1.6362362762374665
85 0.9945400892288833 0.023515797371815195 0.009147891443329392 1.6356159442261815
90 0.994651966221039 0.023274020474318036 0.005382358566368151 1.6365673268755823
95 0.9913904880125949 0.03746437739538333 0.002587639693436561 1.6359215322927632
100 0.9943697974949516 0.024433075470879473 0.00880912695825975 1.636028690884555
105 0.9951136087348229 0.021677602541459562 0.0019544524247114836 1.636008795223829
110 0.9929550188992022 0.030457215755605782 0.013204118508099327 1.6353363856856573
115 0.9950585650798267 0.021765737652528427 0.005326331024011921 1.6355816034823345
120 0.9957521957842624 0.018387433788172203 0.0008059589686084667 1.6354798114689375
125 0.9931891942265548 0.030043337124308067 0.007808907602886883 1.6347394880688801
130 0.9944683390604294 0.023843628478787515 0.0005933830445681298 1.6358291046266473
135 0.9935944991272948 0.027671875946671864 0.0033832486625566816 1.635336160715118
140 0.9955767768249706 0.0193274853770673 0.002800082617405497 1.6348576084145299
145 0.9956013106439899 0.018681703579757958 0.0019207373221439283 1.635589184944765
150 0.9943991239577212 0.02468623959806937 0.0051234871760694745 1.6352680700752726
155 0.9960385519520127 0.017155696052090663 0.0007649696191376343 1.6348276487082518
160 0.9950544095071288 0.021878106489606974 0.0021363369201070626 1.6355365563518427
165 0.9957896139988156 0.018335228268339998 0.0016354865937795449 1.6352383447371162
170 0.9953382149763879 0.02029643644253154 0.002059894437733245 1.6350289409937313
175 0.993261714669917 0.030064808034333534 0.009852998696866733 1.6348167753204936
180 0.9944890675719726 0.024234513235313893 0.0037367416325417846 1.6351967198569346
185 0.9945011694238133 0.024176988008155487 0.003955019193093268 1.634864689770264
190 0.9915087692380427 0.03688765872467581 0.019824647699104858 1.6352315667246824
195 0.9947387526568607 0.0230008601589915 0.005461410148417611 1.6347928855698521
200 0.9959626450739669 0.0176056540802203 0.0001818731357425829 1.6349252716187528
205 0.9944871731795433 0.02461750575965249 0.0040849210172853034 1.6353065884972404
210 0.9948017464132219 0.022558981053258487 0.005326815032157484 1.6350871856350735
215 0.9956370064010591 0.019055821033946208 0.0035949027701689396 1.6346236875046207
220 0.9946328040187458 0.023964006325107423 0.0016005711314734938 1.6347995090771597
225 0.9948261373039021 0.023006795305877903 0.0056811109218051214 1.6346458209650871
230 0.9960238811995669 0.017167484066447747 0.002816683422893096 1.6347862228496342
235 0.9954619964449275 0.01973484995444119 0.0028508861157450216 1.6349930543827569
240 0.9947279258238115 0.023375792719281474 0.0037638011136031935 1.6342680106979077
245 0.9940843881278629 0.026491715365765334 0.0032041808784564196 1.6347248839254656
250 0.9948535253237443 0.022368317892645928 0.006930179395924441 1.6349457968818515
255 0.9955441597785588 0.01953962957231492 0.0026073021608445934 1.6344782132400184
260 0.99543392225406 0.020013186298089236 0.007042136870930582 1.634865880910899
265 0.9952471793862967 0.020740864400015546 0.002639855237850819 1.6340476261104815
270 0.9957419870354967 0.018690430889652276 0.0014865133938775088 1.6345269135679195
275 0.9960815937445578 0.016967463336290844 5.118070806142683e-05 1.6345297104485303
280 0.9954932083414644 0.01946591921471552 0.002480494829133484 1.6343346351626942
285 0.9956324761596649 0.0189994716738926 0.0015213726598108934 1.6343184170986294
290 0.9946938019689219 0.023200923776999893 0.00907420794965752 1.634400245522873
295 0.9958279709761876 0.018244010443773107 0.0007350903872829218 1.6344578156300185
300 0.9948539409355965 0.022463727549262957 0.00045054744375350175 1.6340380115333024
305 0.9959991952419937 0.017460715441538932 0.000520500072695107 1.6345806793349058
310 0.9954539178724685 0.019882801171628994 0.004156892297831671 1.6340965466562034
315 0.9961313049129475 0.016811941160304267 0.0013444799445254674 1.6344583977686287
320 0.9949571483305519 0.022402768328501743 0.006780168603610637 1.6342795317483418
325 0.9947500333734471 0.02317834181652456 0.0011062960915702025 1.6345435447424395
330 0.9952191053098567 0.020931701590698237 0.004171158663750951 1.6343103896645301
335 0.994707582999478 0.023424452403230323 0.004003155587510854 1.6343918689180805
340 0.9932663873736982 0.029592479973418184 0.023875057912109643 1.6340997076489816
345 0.995637720218848 0.0192627589965908 0.000914232570998541 1.6337342266847281
350 0.995429089147604 0.020120322582993344 0.0016869140570405783 1.6340875089426552
355 0.9954296154610598 0.02010530767118368 0.001811296423001263 1.6344168082719188
360 0.9970878135332606 0.012356436475327026 0.008875614266121268 1.6340066574122671
365 0.9958730518709157 0.018102989096330013 0.0019372341622063693 1.634134067961193
370 0.9943815692133267 0.025149358081513196 0.0015873703360238522 1.6339736242371865
375 0.9937603746227841 0.02789816995155281 0.0024434212369071062 1.634169256962245
380 0.9947270500410902 0.02308122691458725 0.0013654966714147232 1.6338506043650955
385 0.9952130410627223 0.02105415479551187 0.0009577047256739135 1.6343093590705584
390 0.9950635119701616 0.021671535905836592 0.0014345449131432098 1.6342775087219028
395 0.9964026557114443 0.015656029123021442 0.002760625493988922 1.6340352062479289
400 0.9948472579250696 0.022968067862651598 0.0008771949896360098 1.6339533338847343
405 0.9945672854086933 0.024227457843111866 0.0007443382894967154 1.6339463338811098
410 0.9954987858197177 0.01981587872120838 0.00444651754646741 1.633983636467302
415 0.9957652828207073 0.01855208747428949 0.0005901997716151186 1.633564981915381
420 0.9954264347683748 0.020175839032063214 0.0012818992773020454 1.6341889030088665
425 0.9963928658736741 0.015688447000809846 0.0012727806839605282 1.633978104184287
430 0.9957029137347789 0.01890530983858696 0.00017346243793636695 1.6340341402203074
435 0.9945216904299576 0.024308241730512492 0.0007023921530839861 1.6340239415953104
440 0.9947757205090599 0.022940676013289973 0.004047272533552304 1.6336743875115678
445 0.9949206627407919 0.022470229006824383 0.0021502711088614568 1.6338795185673618
450 0.9951800274613782 0.021560073854071993 0.0030788734567077647 1.6337030445685883
455 0.9959434036263644 0.017745949966781582 0.00030678731700883866 1.6336309852351407
460 0.9941701155033362 0.02597456735345527 0.002102828216900443 1.633983066631089
465 0.9961024157420346 0.01706161723957411 0.004600156737763816 1.6338317336245465
470 0.9946401449875328 0.023966047592930417 0.004484050740998224 1.6335334908431707
475 0.996149530432137 0.016843653407067727 0.004522080825325014 1.633686943947456
480 0.9955517080087128 0.019635270904981184 0.0008325847472376857 1.6332760309695376
485 0.9956554820291252 0.019285878615763696 0.0006758093195009529 1.6335071457494663
490 0.9951842696022073 0.021444173365420927 0.0016528432863793796 1.6336301026000075
495 0.9955498498479395 0.01969415795466123 0.0009444104867006864 1.633467250720846
500 0.9996636889089736 0.0011716434821280597 0.003626592921027738 1.6345087429187217
505 0.9990796230590209 0.0032369743489786273 0.004576308497219017 1.6334257100503806
510 0.9996767494336913 0.001078217826101735 0.0006087487901633715 1.6333964818542908
515 0.9997084984175026 0.0009168191436830231 0.0020391436841100674 1.6336876166330876
520 0.9990974222840393 0.0034301663425047035 0.0020796230500268464 1.6332950184017934
525 0.9992358915118907 0.002966279658917159 0.0034533501905220643 1.6332863196290393
530 0.9993184742491643 0.002558690022696153 0.004011733150202312 1.633489227565431
535 0.9993053989723468 0.0024586346964239336 0.004335700042335855 1.6334053451350172
540 0.9997436900016885 0.0008936475626950546 0.0005222832265598942 1.633513601520675
545 0.999567860278441 0.0014740197967055835 0.001857661937566979 1.6334347530033295
550 0.999473386323293 0.0019794345118564483 0.004367164172054405 1.633439554058433
555 0.9998475517402396 0.0004713335875139446 0.0007482300380661222 1.6334466423366565
560 0.9998837050143413 0.00034978682025998964 0.004019940555943569 1.6335630412516315
565 0.9993862911817694 0.002319685105136582 0.0009831663413053526 1.633101188242308
570 0.9997733279008296 0.0007522092811671488 0.0016821268376789877 1.6334010503337881
575 0.9998908701527283 0.000322302380062256 0.0005981906076262256 1.6335252961184301
580 0.9996626157993812 0.001243323543606234 0.0005575449747126093 1.6330352345278536
585 0.9993119784611261 0.0026396968398016973 0.0012052069846093527 1.6331577369559642
590 0.9997593215882419 0.0008787798418281589 0.0010706574462222562 1.633507105503261
595 0.9998806506279494 0.00033223139882432307 0.0016804202084319542 1.6333439609237854
600 0.9998469641083416 0.00047469509235331664 0.002029644978398082 1.6335108930716862
605 0.9997411930369234 0.0009317200107257229 0.0025424416139969708 1.6332789964308978
610 0.9997145990879588 0.0010540537793384264 0.004036657164987245 1.6335484155948143
615 0.999697808560975 0.00104560658273245 0.0031312923868973552 1.633187752415311
620 0.9998455459643737 0.0005264156283164567 0.0013418935492826023 1.6331024231865356
625 0.9995645874014851 0.0016504870159934626 0.0038381647257947904 1.633383003997502
630 0.9996460268346624 0.0013360863101217202 0.003079989984256404 1.6331309934896239
635 0.9994407199304977 0.00213631011200599 0.01190432839418265 1.6333241450394638
640 0.9998239392879502 0.0006329290681890143 6.627966279815212e-06 1.6334273214728752
645 0.9998645332394508 0.00043814657506202614 0.0006614883568385466 1.6333341145661313
650 0.9994888857723235 0.001971144170860528 0.007523841880607396 1.633051045861141
655 0.9996731504941052 0.0012125873664601272 0.006030123172002355 1.63334351304616
660 0.9992328757433386 0.002978889010535113 0.0009061891443244985 1.6331838425380911
665 0.9998543488422584 0.00048640796554710874 0.0005700207000576274 1.6333026102035755
670 0.9996889963537741 0.0012017901301273337 0.0014829225235788446 1.6332885415818204
675 0.9998262114897946 0.0005511735085927949 0.00019092368042361585 1.6335399770262387
680 0.9997716361788704 0.0008051366679551197 0.004880493852016832 1.6331990371885434
685 0.9997880204582347 0.0007750860864177422 0.00029111285451932645 1.633231043932031
690 0.9997475442202071 0.0009434316717420455 0.00017915464921380853 1.633529854492017
695 0.9997573092101301 0.0008655031190853979 0.0008133546050748119 1.6332647696306606
700 0.9993363571354432 0.002612190033362216 0.005100088437284933 1.6331461269976488
705 0.9995131032628004 0.0018969579145868831 0.0009311293430154244 1.6331642193421083
710 0.9993924762572155 0.002326152911142021 0.0009599598951983701 1.6330177038216485
715 0.9998698449707574 0.0004445056138162595 0.0033471966505480566 1.633178440187097
720 0.9992740414953036 0.002830122069724883 0.0023100212776852036 1.6331638075808164
725 0.9995128060078048 0.00189999691297138 0.006198358363834311 1.6332262288623858
730 0.9997642314420002 0.0008834748178860874 0.0003273977417868057 1.6332812743713876
735 0.9996785969968185 0.0012439078948220939 0.007319631261228032 1.6333350959094732
740 0.9995607152438812 0.0017109662903169731 0.00013591822250336172 1.6333669203408478
745 0.9989675601500649 0.004115550753011288 0.003965468607911138 1.632987959626554
750 0.9993079453033109 0.0027048400660034666 0.008771632319287237 1.6332164762408952
755 0.9995163331401321 0.0018805051712089682 0.004099362122821804 1.6328589423734383
760 0.9999225632072467 0.00021417895275366305 1.227295062555811e-05 1.6334253518620507
765 0.9997502965678143 0.0009454023613164608 0.000498592280159027 1.6330198238373113
770 0.9995756501714225 0.0016571065319237466 0.002418003611719177 1.6333001631761956
775 0.999330298459771 0.0026753689536929137 0.0018157958132274388 1.6331547972509042
780 0.9998366651045217 0.0005714427394363231 0.0027219634363144785 1.6331814801063098
785 0.9998036848935703 0.000714434740698433 0.0004135221322358884 1.6333183519528205
790 0.9989605162807547 0.004133676208597947 0.0005886709898828002 1.633031625551665
795 0.9996396405929731 0.0013959845993591902 0.0020846825739668784 1.6331992842036174
800 0.9998762736678588 0.00042998344660838406 0.0021837496239183185 1.632966519991649
805 0.9998562733577965 0.0005153303329199499 0.0003205284816545362 1.6333463612618255
810 0.9995706269942835 0.0016801573916367385 0.006662002615920759 1.6331928968676825
815 0.9993647470096658 0.0025276359205619325 0.0059610920690640334 1.6327779458738632
820 0.9997597298063797 0.0009052352313791978 0.0009122438677786615 1.633348705675125
825 0.9996864386451945 0.0012004052663370235 0.0005569368128996999 1.632582361991921
830 0.9994888970451588 0.00199394688146759 0.001298921357771654 1.6330995678844595
835 0.9999084924701395 0.00030985852359344257 0.00026170551670379183 1.6332436692116763
840 0.9996851891849751 0.0012084198462312123 0.0007134138978179827 1.6328453713610376
845 0.9998813767975845 0.00041743607999089605 0.0014516442851422173 1.6329676381311777
850 0.9997557314199741 0.0008943824385339028 0.0013575724068271011 1.6330705422399807
855 0.9996024860471775 0.0015213260330504408 0.0030545743090442112 1.6332412354113175
860 0.9997076164512213 0.0011152327629855296 0.0021669703482833924 1.6332197457316762
865 0.9997769983611053 0.0008278389115701223 0.0012878182252822334 1.6332612951084509
870 0.9997903956999602 0.000763682085618278 0.002288885856154943 1.6323625020528083
875 0.9997425894287284 0.00098158919815039 0.004761239018543417 1.6331841554335096
880 0.999866639781658 0.00048323011507811486 0.0006680744410885175 1.6336133140590052
885 0.9997606389465106 0.0008909746000140828 0.0015499011882877944 1.6331755019090217
890 0.9998420043418603 0.0005784266866426524 0.0015259019450462041 1.6330705495887452
895 0.9998092336102578 0.0007121646464656184 0.004071497652152978 1.6331691653364413
900 0.9994196757509385 0.002300764536360189 0.0037830638753715284 1.632877179743348
905 0.9997134073635248 0.0011119972667710254 0.0029464971859864963 1.633245196431779
910 0.9997223608100052 0.00105181115607067 0.0004566339336982139 1.6331317356006756
915 0.9999188977799454 0.0002641949903541274 1.43468991016249e-05 1.6333747747721372
920 0.9998459970738782 0.0005392952093759007 0.0012703165676084538 1.633073427657031
925 0.9998558594965574 0.0005271821938659382 0.0005632470088547947 1.63300927902838
930 0.9998982790700339 0.00036920691682462703 0.0006050992900621388 1.6332225082621519
935 0.9995237532240556 0.0018526802029650291 0.000884520591572624 1.6331096241204113
940 0.9996386576506063 0.001383047817695715 0.0005151329588584108 1.633133725298941
945 0.9999411876475388 0.00017938418205343254 0.002330733709927646 1.6332323646196136
950 0.999867713032616 0.0004955689575114608 0.003618749622492423 1.6329837886103158
955 0.9999340874945329 0.00021813227955980174 0.0017137935208115795 1.6331517551391739
960 0.9997629029086763 0.0008813628482486902 0.0024795548466511885 1.632845068694543
965 0.9998642451414095 0.00046150713007842015 0.00026985097187370854 1.633075478950247
970 0.9997150874199224 0.001104387531623452 0.0026288130241556296 1.633181644127403
975 0.9998516607729883 0.0005597208101046913 0.0005884825792366044 1.6332200806354535
980 0.9996279285105231 0.0014453165202814588 0.0007635726531844966 1.6331280105568766
985 0.9992091912476284 0.0031661286438060543 0.003954182539917639 1.633134608809701
990 0.9996924803081545 0.0011796393102490033 0.0014812529296881483 1.6330825421544648
995 0.9998424915670221 0.0005648891124834243 0.0013515804005859167 1.6331249905457113
1000 0.9996885083797098 0.0011430567032642003 0.00274891172750924 1.6330662106360572
