0 0.06892249591794278 5.559657640032342 0.3853034839272096 0
5 0.9475445817302696 0.14750648728676108 0.025107092744844017 4.846807582725122
10 0.9577037375895947 0.11764556296461759 0.017977099887246384 4.80706653354287
15 0.9654908088925853 0.08810378963633347 0.013533175797207697 4.792277486382331
20 0.9681543658794902 0.08138728516163685 0.012828057952354976 4.790757200198832
25 0.9688284939967619 0.0799423378750106 0.018092655137946112 4.781351634963226
30 0.9685409827991953 0.07817514435214701 0.010444921768363757 4.782138003808841
35 0.9603542692584588 0.10689484235865887 0.006637546894644686 4.773554378558557
40 0.9685801450127505 0.08003947009395151 0.010397452429128151 4.777123270450694
45 0.9698872022606921 0.0744324424533902 0.010715718996617607 4.772730128698024
50 0.9707689343695403 0.07199155908522048 0.012109695411984811 4.772438975319406
55 0.9637297967501994 0.09453497744137085 0.011032222314651063 4.7705287799170595
60 0.9707626403069183 0.07195059999525633 0.014857961915957674 4.769723398611525
65 0.9626767838903639 0.09829601541969879 0.011783711997339186 4.768702227947195
70 0.9610262603266513 0.10553002728975613 0.011032732227859388 4.763811821053829
75 0.9667116225577628 0.08569344776255061 0.015730983544155475 4.763891409109131
80 0.9627492392667558 0.09988002613337965 0.008421173740011056 4.763561530626956
85 0.9612241092007452 0.10410808825525653 0.01307014812420082 4.764619866846453
90 0.9615519497077044 0.10543973153878916 0.018330715938460695 4.7645312071696795
95 0.9700512553342857 0.07433541884231776 0.004994436472281816 4.762008571770664
100 0.9633952557160763 0.09827409010711463 0.00617813970295833 4.761008128664119
105 0.9721161425760791 0.06788226130393671 0.0072681185952621075 4.759527271804369
110 0.959229007158191 0.11152791393401085 0.004945857076591453 4.760003660760374
115 0.9698727844477855 0.0745669738481416 0.01568860085546242 4.7598989225563315
120 0.9722470043150384 0.06705088427957584 0.005859576853360471 4.760070675546863
125 0.9725990127506627 0.06639354676007336 0.003983850361181984 4.757869452446125
130 0.9717620025889484 0.06750623962423408 0.005720130407423474 4.756427595581947
135 0.9719667762108001 0.06771341768966366 0.007783468475083932 4.757445401520175
140 0.9719988947371653 0.06781845059086056 0.014265781098879105 4.756184348122375
145 0.9701715318265591 0.07466425039418745 0.007778693363955647 4.756433217049509
150 0.9727442154631523 0.06517823781947829 0.006424129849606164 4.757068980495537
155 0.9700025386233078 0.07453075748531734 0.014107709044394401 4.7551155025562295
160 0.9727976015331594 0.06519133245571318 0.0029056326156011725 4.7552851570709604
165 0.9729490988230745 0.06490091218165084 0.010751214416529598 4.755512901996832
170 0.9729283698006648 0.06453755130202143 0.015491569375020164 4.755979939731926
175 0.9725133086678659 0.06524552966416675 0.0009695768794624193 4.753264052823359
180 0.9727241791132271 0.06429030232705912 0.00405294299696668 4.753764897256757
185 0.9730166955148308 0.06402623122723661 0.006089889809131943 4.752421057550807
190 0.9724186052824302 0.06636999239678332 0.009428922317842536 4.753190121012779
195 0.9729290668349607 0.06364976708694048 0.008497065510867596 4.753048774840759
200 0.9730584682150911 0.06513063567615518 0.007296145488763894 4.753447337949285
205 0.9729039296979205 0.0634377818881573 0.0017313953227535706 4.752942622027059
210 0.9727345156739654 0.06320827096039672 0.003349752230593861 4.753847218184301
215 0.9705712016847772 0.07253697172575979 0.013135459475937639 4.751819153659015
220 0.9690626724596372 0.07625713860231098 0.005314542064416949 4.752205027666645
225 0.9723258928336257 0.06547325286157513 0.00585603921574851 4.751036674771215
230 0.9712011836594439 0.06995573147399536 0.009771626306248837 4.7516843803986015
235 0.9714235241907601 0.07105780392267746 0.007879955057984223 4.749832060835087
240 0.9725901489340838 0.06679339658895156 0.004589811787139464 4.7488425989690946
245 0.9725331234595935 0.06510844813088656 0.01680025176696409 4.749002566259181
250 0.970729796991245 0.07152868086438335 0.008602028889133528 4.750228912601202
255 0.9732495404655931 0.062018966217801896 0.002524820652632709 4.749494724592479
260 0.972633254299852 0.06605961332918309 0.01552641259139409 4.750683453480284
265 0.967979997110104 0.08146261631176088 0.006534181481721468 4.748227975334635
270 0.9739775751102419 0.060335718807718486 0.01400199972971361 4.747399994866311
275 0.96270424575038 0.10115272652169516 0.005800158035816683 4.747937917979326
280 0.9713877988389992 0.07000690778132235 0.006395227474027765 4.746252840299073
285 0.9738690977069735 0.06042159732826047 0.008679123474489625 4.748889619335276
290 0.9640232282906206 0.09308029040839116 0.010779111726643809 4.745904951461391
295 0.9709177510784788 0.07123023710581666 0.01288242103991144 4.746116895725498
300 0.9735746268765793 0.06049542703587463 0.010381073602412805 4.746126975988341
305 0.9728832963517485 0.0649960135448584 0.009626969864195756 4.747312998783762
310 0.9733157735497244 0.06306193789264025 0.0072150654651172985 4.747246751752381
315 0.9722730048118764 0.06576080663761896 0.008920256736239418 4.745631058448058
320 0.9743052969764439 0.060559933250846854 0.002408054742995658 4.745230586503871
325 0.9749812549889383 0.05743738463921311 0.0038250047442307533 4.74531585325036
330 0.9724861223829231 0.06625719943546837 0.009410824968412834 4.744954613741584
335 0.9750901528209598 0.05931347967909417 0.0022604088053590488 4.743931027575687
340 0.9713261213747472 0.071230154342385 0.0042492076649076616 4.744966839324423
345 0.9755821007463858 0.05625070068355331 0.005010831390000803 4.745364028946905
350 0.9739773017361537 0.0622794417092738 0.01195224583032517 4.742764188075547
355 0.9747649199833326 0.059633718200553076 0.008039469253835918 4.743236318979177
360 0.9753853554699775 0.05894920695467043 0.004854603041867245 4.741022435850536
365 0.9757747056718449 0.057893747554894404 0.008559116035030456 4.741645371595001
370 0.9759639545601603 0.05544184204134961 0.011045996026760374 4.740675946212212
375 0.9763665631376195 0.055770772701870364 0.009216194964187352 4.73981460973784
380 0.9765902874028657 0.054268183094905 0.00876999685563673 4.740554805614627
385 0.976771248825649 0.054050875248607966 0.010731944698831652 4.740921743361048
390 0.9759176504095032 0.05699198610837719 0.004878497535441673 4.738927519762575
395 0.9733067748938764 0.06709479662128892 0.00815409167583736 4.741477296988656
400 0.9773441737756534 0.05248623648688877 0.013302998814362699 4.737336929896069
405 0.9777078160861229 0.05274027039818474 0.013357898269741764 4.736815206701491
410 0.9780289567531071 0.05248487005433411 0.010713008415358605 4.736908474253835
415 0.9775164206162965 0.05433494795897875 0.007536555054063143 4.73540689487252
420 0.9788396369352019 0.04996380644464171 0.010304183774956677 4.734340177483611
425 0.9796614878269367 0.04795074500049523 0.009841923866875657 4.7328646235180205
430 0.9794677401538374 0.0506391236824939 0.007695512106300928 4.733685417677047
435 0.9808297593633531 0.0458892805646407 0.010845694987587473 4.7316668977535015
440 0.981356478077404 0.0445722781180633 0.010675054811330575 4.728846191955902
445 0.9803007847882201 0.04789615123126545 0.01002247805147971 4.727686302224046
450 0.978677766179568 0.05682014563554105 0.011554868174648236 4.728401824864846
455 0.9838644206262848 0.03961642358503692 0.005930443109861017 4.726527574144442
460 0.9846218943331428 0.03718909684197147 0.006990629499307399 4.724371825542483
465 0.982726994140148 0.04463910251037273 0.008184545333356663 4.722232793531919
470 0.9842930840967192 0.04164682814492693 0.011054596768167446 4.720257931954937
475 0.9870423057722029 0.03170361444038594 0.009310046679557704 4.721333611230093
480 0.9874209461936698 0.03163305591665111 0.01151248293204854 4.717626243109657
485 0.9884664721891991 0.029109671697804096 0.0009696454894549955 4.715126364834548
490 0.9888571292633713 0.02850650933641674 0.008119541939905384 4.714588182369246
495 0.9772072324798904 0.07006032342011093 0.010258508872463601 4.714206433888278
500 0.9898933018985885 0.026334475743550634 0.0015665542711311709 4.7124804028191765
505 0.9910105761814848 0.022584150912840606 0.0005616377133859096 4.709647040039042
510 0.991828562993751 0.02042142940438385 0.008540163344207485 4.708663938679887
515 0.9911730420383711 0.02339620590603264 0.0022374185573634797 4.70779193436648
520 0.982512834629045 0.059542206782115414 0.0031063569413138925 4.706849954267135
525 0.9931245582919274 0.01761218988480362 0.005879112910892381 4.705164341186032
530 0.9904436957055691 0.028222429866625376 0.007488958771097343 4.705239715000442
535 0.9890661591054194 0.03242305116677624 0.006542067366609672 4.703210919864826
540 0.9946744950322278 0.01332468742840387 0.0008035755160482605 4.702223754199739
545 0.9945389801560314 0.01358352786463879 0.0034892297996023114 4.7023016184826965
550 0.9869987847247426 0.04497483113348899 0.0039789683822872846 4.7021079819490375
555 0.9952457015832415 0.011953809438043805 0.0006239600443698201 4.700710372275815
560 0.9932299360704623 0.021119990749166817 0.0032211389302065907 4.699752435234735
565 0.991925508061137 0.024428413620061207 0.0020830372555067367 4.699927017610018
570 0.995782903883555 0.011853068893302066 0.005170309022402675 4.698692287346153
575 0.9920210418971851 0.025708084763381045 0.0023340322402152225 4.6970073404014006
580 0.9966974051956577 0.007903490546704361 0.003579574598810975 4.697459362036762
585 0.996985365399027 0.007667590458398266 0.001520531802870373 4.696184138767739
590 0.9969380266289112 0.007732524325318124 0.0029492156531847336 4.6958883405738945
595 0.9950061150461894 0.015644024663878042 0.00085480258399806 4.696229919266914
600 0.9969106138834063 0.008678955061076188 0.002937853431427495 4.695754325766591
605 0.9975635556619313 0.005959150038847838 0.002553744080863174 4.69580145630144
610 0.9952927940535108 0.015438666373781551 0.0043060728086128375 4.69538147317891
615 0.9948405653360457 0.016496818782556488 0.004728399177967413 4.695723137662345
620 0.9941011903810792 0.01947967328978617 0.0034905723913534192 4.69427631600563
625 0.9977278662290862 0.005681147519172924 0.0021136330825910488 4.694752185281422
630 0.9963784962575422 0.011156641941021839 0.007989472778564544 4.694321096499595
635 0.9840138598363817 0.06028143574849398 0.006757997838949814 4.69342836899113
640 0.9969462539874803 0.009141152395060637 0.002939624562962262 4.693240269019685
645 0.9979480569719785 0.0052455166428222455 0.004910138843141176 4.693174917714318
650 0.9982025768788172 0.004528378485057161 0.0011539397302773313 4.693319660618188
655 0.9978921697472822 0.0057884140297712605 0.0025706377609533426 4.693414908137824
660 0.9976484458369342 0.00661496892698743 0.0018163633534376 4.693861973483168
665 0.997266000267553 0.008140492894058049 0.001235099126039474 4.691017393143683
670 0.994789313789299 0.018431553950089885 0.005810167293300417 4.693824340589284
675 0.9982880106855064 0.00461077739626603 0.005984373450999891 4.6923319339242475
680 0.9920096442642056 0.02994047866360905 0.0025143962984663926 4.693137111850886
685 0.9980718377006705 0.005566674714724051 0.004563906535179685 4.693896705402437
690 0.9983145944857611 0.004562849976423422 0.0012706973680627343 4.691474546264884
695 0.9984505352085178 0.004179494265964756 0.006966026941217285 4.69345487316256
700 0.9967849295978272 0.010530789581607358 0.005088942963688892 4.693413352653278
705 0.9980827054797652 0.005770550113736839 0.0033386110907505095 4.692170758116402
710 0.9962203980040378 0.013072982542255751 0.0016582773486812918 4.691939810659369
715 0.9985990734330061 0.0037375076363463933 0.003947596966009659 4.692572271162219
720 0.9974541284006131 0.008768232480433902 0.0033342176099133702 4.6909437556675995
725 0.9960979519150733 0.013292012887823113 0.0019779875525780533 4.6916902440070345
730 0.9907881531026623 0.0359383410100973 4.132070079965189e-05 4.691570826985706
735 0.9985411830566612 0.003919583604810484 0.001858851229430858 4.69205326449109
740 0.9987456061087814 0.003295121403721346 0.005520905472642612 4.691463402886074
745 0.9979491437510035 0.006560445722995745 0.004961976881784347 4.69078035397403
750 0.9977167372637789 0.007743713692097032 0.0025369913340191896 4.691114136233086
755 0.9969370766758165 0.010956216578902556 0.0038631719179722523 4.69109096003279
760 0.9973916726925874 0.009033351684546886 0.0010776229607929455 4.6917890861257066
765 0.9980895388217961 0.00597357769372131 0.0016431769103415483 4.690681782269219
770 0.9984874492286924 0.004452721760396017 0.00636048317398652 4.690666286545535
775 0.9979907828797213 0.006484227340246562 0.003699381464103313 4.690636276058196
780 0.9984922726401202 0.004394550562257571 0.002004431298703979 4.690767271922185
785 0.9976463989193904 0.007744871705744671 0.0041180454000835365 4.690531898094216
790 0.9982222056445669 0.005805641853851462 0.0004827389739296972 4.690201450466074
795 0.9982161662885747 0.005732216787138533 0.0015673886842697549 4.690404922437079
800 0.9988594495202266 0.003063405339909231 0.0016126082650127493 4.69061375996014
805 0.9983982086624057 0.0048988895454034065 0.0008241923465031054 4.690544155657434
810 0.9986597423025891 0.003939480769804327 0.0038256917859560424 4.689670812519066
815 0.998696764383206 0.004018784373882589 0.00021712574747523306 4.690725374553394
820 0.9989159352839811 0.003069045341931975 0.0002525139274571764 4.690373608355118
825 0.9984991008155502 0.004823339362962642 0.0021378360146853126 4.69057893124846
830 0.9988545759588832 0.0032786900779715467 1.8850021825667085e-05 4.690386067992706
835 0.9966118481858972 0.0122216158330275 0.0017010999474602606 4.690412101603079
840 0.9977887647612625 0.007327516742001272 0.00021156363827601332 4.689890956420486
845 0.998930158934402 0.0031840772837572473 0.0019227086926356662 4.689955266083495
850 0.9965309550715065 0.012358598376960295 0.004175759759367015 4.691046128366867
855 0.9987924940340385 0.0034718344101509757 0.002468287518797796 4.689947082412107
860 0.998909594419381 0.003009800878092328 0.002240069245994958 4.689896149791921
865 0.9988793982598658 0.003282900159190305 0.002954165133194353 4.68971465796083
870 0.995429982003698 0.017194758683499067 0.0019797920311035444 4.69016877238996
875 0.9985650068242068 0.004505416977512056 0.004207225112849322 4.689687755135912
880 0.9923276533254255 0.029136772075880835 0.004386060162734795 4.690051038463615
885 0.9949317439314553 0.019128594681254718 0.0004191299537281701 4.689880121085534
890 0.9984828058584575 0.004920014626965674 0.0022248019416526432 4.689503799347151
895 0.9986058610696711 0.004484677808257231 0.0006117874315090255 4.689273104100275
900 0.9986646803158088 0.004180275114181953 0.0020010165988684214 4.6891833935569505
905 0.9988945890029528 0.0032943770200244415 0.0020697541324157243 4.6897639528036335
910 0.9989471464190993 0.003268972609440368 0.0017164398951776683 4.6892989978527995
915 0.9990598550984208 0.002813389544824574 0.003105879030174785 4.689660840457837
920 0.9985416915481966 0.0047407618905106474 0.0024207929029826936 4.690113228802217
925 0.9990653151335767 0.002666657575201903 0.0028351632956939987 4.689428539419879
930 0.9972084644124064 0.010169903844394312 0.004722003618836679 4.688523918711612
935 0.995869183286859 0.015266243461375062 0.007975599306583758 4.6894241759123485
940 0.9982336067502653 0.005934372946019728 0.001353562758848792 4.688948871807586
945 0.9991497105976643 0.0024623825799983123 0.00203394777292476 4.6889951403450905
950 0.9988213447146789 0.003821414873300455 0.0030150687044581126 4.6889105294497515
955 0.9983484669957896 0.005561312651832573 0.0042323241656663235 4.689078399943218
960 0.998947772177911 0.0033431936449268562 0.00029536703541732656 4.688722149697088
965 0.9972950001225345 0.010056367594164506 0.005694980481941503 4.688215222704833
970 0.9990833231752134 0.002794284955424331 0.0012652895756610771 4.689381874736732
975 0.996908131680657 0.01131004954856163 0.001635810821786432 4.688295200743863
980 0.9981733082920397 0.006612290599790072 0.003784231938350313 4.688063808440619
985 0.9990661471511336 0.002793188286822179 0.003500036847994936 4.688279067657263
990 0.9977710954647673 0.008143632625485786 0.0007215917840839303 4.6889697909643635
995 0.9973901850912312 0.009653498270699501 0.002770534506810307 4.688528647972026
1000 0.9973187801462343 0.009938759307318357 0.003320483277926556 4.688163913498526
