0 0.07647242009010427 5.3241454019816645 0.31467445223629276 0
5 0.9421447931913814 0.17137102210792765 0.013497862163030172 4.876417638717989
10 0.9607215965931176 0.10513380182189103 0.006435075790737432 4.813589010210455
15 0.9662436399246517 0.08771291309311025 0.01531773491880517 4.791410366753852
20 0.9679579412751287 0.08146839920876126 0.016919530983739772 4.781221744721731
25 0.9608300996083698 0.10562972618680178 0.013614486786051927 4.782296225355329
30 0.9671134363841758 0.08529775084676938 0.016311163338436296 4.780468663630395
35 0.9568596793724816 0.12191712867875815 0.0239321328950437 4.777172225197011
40 0.9664014832169975 0.08838419883390358 0.020820265979520913 4.7722699670062925
45 0.970845698455108 0.07227695801981326 0.013265154582027483 4.769100059503184
50 0.970047833480646 0.07591120023368436 0.008689814323945333 4.770703906516081
55 0.9686665860991149 0.07973395237518588 0.01698922554306903 4.769787055422395
60 0.9613508941000635 0.10486721698814705 0.007083899343277578 4.764910496178449
65 0.9486946398255761 0.14929773291946358 0.016458487126872035 4.766433165547104
70 0.9640228459439565 0.09836507516658788 0.01394655809738965 4.766090652759481
75 0.9720935567381824 0.06875636542598507 0.01055638481404797 4.765079203844406
80 0.9694504251868495 0.07690927612799925 0.00964425417243997 4.763497187674371
85 0.9707551037502531 0.07264534396752254 0.012858787532020077 4.762112840608195
90 0.9710449574202608 0.07300463024392645 0.008790504720245673 4.76299803999471
95 0.9710540629673088 0.07187791874716343 0.002613647184313006 4.762370798423977
100 0.9700774727371755 0.07659095594450527 0.00394464982742071 4.760526543416161
105 0.9723941900150026 0.06738716110177645 0.00961712687414229 4.7599364728498
110 0.9722754112767955 0.06697568152610245 0.007264339035795375 4.759622361933843
115 0.9719757693354383 0.06825722199704387 0.02045171479851371 4.762441341590033
120 0.9652016658519964 0.09176375222730648 0.011945596265561464 4.760716596549141
125 0.9669557689489698 0.08496443496881056 0.016508952577405367 4.757828091009468
130 0.9708225698536765 0.0717308660506335 0.0028653318705813557 4.759902739760074
135 0.9720484220582614 0.06707107614398655 0.007931892334076762 4.760277133897697
140 0.9625699883332097 0.10118817950993186 0.008863247594388168 4.758814969824834
145 0.9727291922550301 0.06646713576347629 0.008990346010441685 4.7563100291006
150 0.9705149262552475 0.0730980123449827 0.008357125150777467 4.7582715921203285
155 0.9720033148140091 0.06914690698798065 0.005343909023058924 4.757519483094481
160 0.9708661496172193 0.07167305420796577 0.012463473850456541 4.756371766836047
165 0.967788046933362 0.08303354561423593 0.009378129852234851 4.757433012922487
170 0.9691808020565 0.07888843265644851 0.00964629269766637 4.756592361391484
175 0.971824903478798 0.06899545586747102 0.008464960614740225 4.755871563378778
180 0.9728086230856556 0.06588314288701458 0.00840011281734121 4.75472760785417
185 0.9708331458661456 0.07196411494794663 0.011338534386510446 4.755505608223944
190 0.9718797588233083 0.06682200816643924 0.012511037856167473 4.755328829060154
195 0.9695388794090667 0.07738399579270538 0.006344656414753347 4.754412212848079
200 0.9687112841351502 0.0817750008316045 0.00997091731269828 4.752561345487622
205 0.9723554323688267 0.06516704096871617 0.005771272857158394 4.753858092596386
210 0.9711231071345292 0.07029817006491612 0.012352739430288917 4.753736163078648
215 0.9721412184119553 0.06640321754852874 0.005645576547577802 4.754905133046365
220 0.9728811524608776 0.06561178763618969 0.006325455309463157 4.752608926084401
225 0.9709164591440248 0.07117304765945853 9.925471413807507e-05 4.752830274607856
230 0.9733753601967551 0.06403086104451106 0.007337474851865755 4.7516672715987145
235 0.9709023761958023 0.07056086496977887 0.011420890236945924 4.751825320908836
240 0.972722579593561 0.06465291631874415 0.00295800558992787 4.752308699761701
245 0.9569039428616397 0.12218668620677597 0.018149095313004793 4.751961887331251
250 0.9725648521863675 0.0646876020382825 0.004135222799718896 4.752485122542604
255 0.9728855328095792 0.06420785940430473 0.010771482517618836 4.752423144697574
260 0.9735361832057403 0.06230498125451067 0.010855441492487294 4.75023529461944
265 0.9596434391878607 0.11028132579016159 0.013788795776391582 4.750704986082908
270 0.972870753379705 0.06378414948336708 0.00922099052442893 4.749711725224737
275 0.9731384462056489 0.06426519347130277 0.0037454419814539897 4.750378822659456
280 0.9713211494798168 0.06918914558094791 0.010466194992147848 4.7512090929574535
285 0.9694338798143748 0.07574114558827816 0.009703382311855746 4.750036976566709
290 0.9732056169585267 0.06297464746466286 0.006989629445901313 4.750707328560184
295 0.9735944557401253 0.06167636495997897 0.008810804250941828 4.749152097277783
300 0.9708278283939491 0.07088479981573403 0.007192591317106478 4.750692348820161
305 0.9738692617947247 0.061153355632043827 0.009851267423330645 4.748617619681046
310 0.9712884996492968 0.06915965304469207 0.013451307797202716 4.748210530137241
315 0.9701033938039472 0.07316888616844608 0.013019634364515031 4.747454041454884
320 0.9717928729921472 0.06710301030922405 0.008413514862180005 4.749573098416633
325 0.9717076518077101 0.068481559770178 0.008886602986029501 4.7477177725675554
330 0.9740640826440363 0.05974737042730194 0.011353480388219817 4.747352437001903
335 0.9729517593063237 0.06491865134327757 0.007894611116126438 4.746985232553417
340 0.9740604713566255 0.059492128733887206 0.008573243652609808 4.7456302022939285
345 0.9741484461261494 0.059503998728725804 0.010032985304447184 4.746507453088997
350 0.9739427104562404 0.0621381058330277 0.008562477570912108 4.745466453663332
355 0.9746971854174316 0.058721459534412546 0.011273578280385221 4.7460962816722
360 0.9691454960567312 0.07680557398539989 0.007028686855095279 4.744582945346229
365 0.9748477023443153 0.05771798644647319 0.00932497708031188 4.745761759379925
370 0.974388586691585 0.059108936436648385 0.010375036053553499 4.745494636744906
375 0.9712426086405463 0.07117651418968585 0.013143061639060871 4.7462543234677845
380 0.9748517870744835 0.060184846831134564 0.0029076965924603737 4.744724871702338
385 0.9749375886174401 0.058125410076544703 0.01120534843944676 4.744102960876681
390 0.97528155571212 0.05692505846421447 0.01376911389394575 4.743076514721381
395 0.9752526200392058 0.05736034554043368 0.009535483335151751 4.743319390451847
400 0.9744420877374524 0.060044160584529216 0.005378489384326723 4.742211543096103
405 0.9738197085563293 0.0634129222440496 0.007975454811937288 4.743119013762986
410 0.975099411249202 0.057847649008973434 0.008906778938621018 4.743336148750188
415 0.971220929242832 0.07095708820323754 0.012661348868882039 4.741480407611444
420 0.9738725218115868 0.06247446038557225 0.013530582428086468 4.74174209321386
425 0.9740460728893935 0.06231305676335719 0.008484979394999925 4.741794251459129
430 0.974692490158007 0.05978471629928084 0.009521262152223153 4.741110722376543
435 0.9740051138625138 0.06251295705022919 0.013884308725727434 4.741501036820321
440 0.976330015682478 0.05470963834612519 0.012198269654944527 4.741027857910723
445 0.9735715934796034 0.06749864597391753 0.015286366988958466 4.7392495755990725
450 0.9769594604170265 0.05394828421935838 0.008935605070305996 4.738358430547037
455 0.9771420878472169 0.053883107549626885 0.00432918077432598 4.73869957601492
460 0.9775758154175944 0.05187066214931857 0.011591253386099343 4.738622911859067
465 0.9778685576235095 0.052249690955524564 0.00959782301992429 4.737345438386671
470 0.9768999060977819 0.05695554402450753 0.008090747867691928 4.735710764456068
475 0.9779829174279333 0.050908111771415854 0.012650460071598868 4.737904423681743
480 0.9790066222507805 0.04886381799597128 0.007071904592840461 4.734304278875684
485 0.9784051698851715 0.052479951109406286 0.0023098943223829327 4.73507653910414
490 0.979749338211994 0.04875277079606821 0.011712915355596154 4.7323299358279955
495 0.9795956621410059 0.049792458459831046 0.010251051776024367 4.732675752952282
500 0.9795735316825744 0.049041622803092544 0.011840605057153342 4.7310504559771465
505 0.9759141613296191 0.06390834538421775 0.012059198630377743 4.731295416410029
510 0.9731461400842533 0.07603486535590598 0.011570028472550842 4.727802762068451
515 0.9826279851594562 0.04129141579818807 0.00688446196326109 4.727210013985923
520 0.9831579828579007 0.04133012887105281 0.011380961734671846 4.725588930295537
525 0.9839911831435324 0.04039162503535909 0.008424504749305894 4.723476237975472
530 0.983491558138679 0.0406484099784441 0.009229388983420295 4.723925089926048
535 0.9794449344768719 0.05994350782579705 0.009793900145077972 4.722395351981617
540 0.9862158772716938 0.03306639456157967 0.007239274606200441 4.719949113651676
545 0.9871423988154264 0.032342698749848964 0.008915881945679827 4.718441790116037
550 0.987976626810366 0.02921574642688629 0.011482321655971406 4.7167832843136
555 0.9871234253092882 0.03421163546808881 0.009585931952111881 4.71437528093271
560 0.9855390815584737 0.041865800377225426 0.007943944153766758 4.71384662412317
565 0.9859088626343949 0.04243024429661624 0.006148535498011309 4.711926829785334
570 0.983809533793957 0.05010350644160688 0.010421298329941653 4.7112912255777015
575 0.988644298390828 0.032652635728647184 0.003813149635908175 4.709045795108171
580 0.9924783736518475 0.018077318013711263 0.0064263175076706425 4.708336652442081
585 0.9930793932575701 0.016729657026686162 0.003359126271774482 4.7065927024652146
590 0.9924233386530416 0.020371344129595848 0.0033073560865468643 4.705110892786898
595 0.9913080552337802 0.02412510368722831 0.006021474202644983 4.703479994209553
600 0.9937602830849637 0.01607894617071004 0.0012482974538592373 4.702914081687409
605 0.9951005468523839 0.011828184476603276 0.007982931950637262 4.701382201954427
610 0.9951715364622364 0.012366899346271332 0.0027274306436348983 4.700056047451012
615 0.9954395927930029 0.011715449367833308 0.00348764225338849 4.700747057041441
620 0.9957639532185449 0.010738033104554567 0.0036917604321851094 4.700234240336822
625 0.9959065199013659 0.010368037431462085 0.005475851747542837 4.699400419177629
630 0.9944992265068366 0.01666287539295208 0.006201217973837325 4.696665649374606
635 0.9909921870238726 0.02954168625189535 0.002674100876543184 4.699433576163009
640 0.9891350187605219 0.037115773161134236 0.003995815846964401 4.698040764781789
645 0.9930907234040517 0.023108957358490834 0.004552149087483581 4.697284456352857
650 0.9956390727480162 0.012848080039382204 0.007636868714332445 4.6966651753972615
655 0.9912407434592292 0.03095815679342806 0.0035132533236721386 4.696398429226488
660 0.9969175329075953 0.008478212791621864 0.004032341176220422 4.6968027148603815
665 0.9958626077101813 0.012389811049678734 0.001070038360354797 4.696956676458207
670 0.9974715658265731 0.0067043701843534365 0.0004283915987302045 4.697754675517663
675 0.9877092808871737 0.044625161351344644 0.0070141552269762375 4.695700292206637
680 0.9929441844854582 0.024617252862472405 0.0031702687731880452 4.695946019986092
685 0.9974648584060164 0.007107848756334967 0.003332437136327915 4.695839176337634
690 0.991897634365573 0.028483789298778817 0.0038812920156456876 4.6942550668026275
695 0.9935011227598061 0.021917360285085508 0.005409687982513844 4.694610520729269
700 0.9955729536326032 0.015327824232400644 0.0005905803998660364 4.693295922545247
705 0.9979357462196132 0.0053847187128504 0.003779471011997604 4.6949142286745955
710 0.9945273093172886 0.019440678214332152 0.003565177094829508 4.694161311857433
715 0.9974202269769594 0.007474341312572186 0.0035642181102688575 4.694562233793299
720 0.9973624112204418 0.00766033629246099 0.004973045029486922 4.6937041585710695
725 0.9980735016812032 0.005388072343794015 0.003424712135850161 4.6930909301501655
730 0.9980571758028394 0.005430924336318199 0.00443231621944129 4.693079232260755
735 0.9946904888039182 0.0183369291078197 0.0017627312837431575 4.694590001623897
740 0.9977443703434263 0.0066728868091985305 0.0009525524543998465 4.693628132604016
745 0.997359214299276 0.008144221225452775 0.0016118257102215594 4.695599783346393
750 0.9938794163248874 0.021869720375282675 0.0026880580888168915 4.692420214248864
755 0.9981658267186748 0.0049585135022995885 0.00218268106219921 4.6937507626076025
760 0.9955635751237404 0.015274918060736553 0.0009942540579903625 4.693556570470965
765 0.9983281889833715 0.00465237725092571 0.004275468023973161 4.692632820067699
770 0.9983798668774352 0.004300756590908783 0.0016670019123581348 4.693846514892844
775 0.9911690851038149 0.032684591624767556 0.0025226297646854245 4.692378717200131
780 0.9974403037081256 0.00833321228922479 0.0026400180180030652 4.69229445623206
785 0.9902234987513936 0.03610117119089473 0.0061140601654960935 4.693373344695746
790 0.9983936339978904 0.0045847824042164476 0.0031067737055643363 4.692072561004929
795 0.9977501943462365 0.0070994147892982085 0.00482791098326385 4.69208847163055
800 0.9967344514874892 0.010951777628165793 0.0019464212103375012 4.6933241146978615
805 0.9943585645439093 0.020426387027890236 0.0063500169174715015 4.693363254051975
810 0.9980679912783451 0.005936242625327104 0.002781355048290024 4.691540459447316
815 0.9984739088425723 0.004224876517845644 0.0019729577682483512 4.693216844916602
820 0.9973009431117752 0.008934198302015695 0.005609667129415907 4.692219534644369
825 0.9981588313885259 0.005802680299567875 0.002983295981088485 4.691678149825276
830 0.9944572403693288 0.02065212618540091 0.005831345594637716 4.690918812805372
835 0.9928812428462397 0.026524471491058854 0.0003841376989419665 4.691926596300028
840 0.9984862899195551 0.0044865791734762794 0.0009479044512901158 4.692392916901882
845 0.9986376628286968 0.003911985063445478 0.0013650697513452048 4.691019548374926
850 0.998406456856434 0.004884827961183724 0.003924104774032822 4.691907836991859
855 0.998543690772496 0.004242302277112309 0.004279352057075636 4.691124879598385
860 0.9963450998493515 0.012957257683341439 0.0032144315486699604 4.691599958478014
865 0.9981128094910909 0.005925633416457465 0.0011832963038278521 4.691954414199127
870 0.9974002249381412 0.008671402409286877 0.007702155846921688 4.6911178900720145
875 0.9972746907822159 0.00913854639228262 0.003535760008826383 4.691078133918845
880 0.9974800206456869 0.008601115182241159 0.00012179577160109645 4.691621608785227
885 0.9969357972926128 0.010526724010075483 0.0042094642522934045 4.691284031754709
890 0.9959870307554214 0.014687490131755965 0.005124463037679439 4.691343419720281
895 0.9986290192046324 0.004124122435656297 0.004969510327498483 4.690268249996307
900 0.9986690078297239 0.0038576066196682746 0.003480895092071723 4.691737861154499
905 0.9980150882502383 0.006477295378465087 0.0033656067528335942 4.6914992836105265
910 0.9984794110207796 0.004849626250453376 0.004886360280455415 4.689841255429221
915 0.9985679081749036 0.004332616143111423 0.004141057698005879 4.690829345596357
920 0.9953423619976449 0.01736088699816385 0.0024194353428457216 4.691452224688692
925 0.9983216349690661 0.005341917972697452 0.00437376919714394 4.691417133479065
930 0.9977005019507053 0.008027427889834904 0.0004973713687523862 4.691146571097556
935 0.9981462753408122 0.0059411230190429265 0.005227606401943419 4.689212685295506
940 0.9970122317263453 0.010841747291769899 0.003225798760453591 4.690188231563399
945 0.9912120725114687 0.03309588445799516 0.006393242864643156 4.690441971158097
950 0.9986876655588901 0.003968188511240811 0.00021510462509644057 4.689711693971798
955 0.9960488088561471 0.014659943099924355 0.005071562003204466 4.689571603626299
960 0.9981097296673399 0.006142701699709541 0.00022972660240028198 4.690628408948455
965 0.9983009352287853 0.005669549367500082 0.001930848696630072 4.690033662445623
970 0.9984691207440513 0.005013208861431195 0.0047003065215958095 4.690128437907375
975 0.9988929476653687 0.0032929822895564342 0.0022158018087903297 4.689999041670247
980 0.9979211463919013 0.007049722007473669 0.0065064007793018686 4.689857452107874
985 0.9986726743069965 0.004225756537216796 0.005136502427545375 4.690313156586255
990 0.9976370363831848 0.00812672827228944 0.003925568838267113 4.689958609408915
995 0.9986213889654669 0.004319314114405337 0.004774195117930979 4.690123094936845
1000 0.9986071914398711 0.004385891480408688 0.0041019850947834335 4.689972235356781
