0 0 0 0.30387719854241446 0
5 0 0 0.0068754765544056795 7.89331923554948
10 0 0 0.014144611753144964 7.882893706144281
15 0 0 0.009288742994231658 7.882311651456963
20 0 0 0.01246946736899579 7.88041597509274
25 0 0 0.012057600117655776 7.880455700616988
30 0 0 0.011875088535450606 7.87611715541164
35 0 0 0.0134553228066574 7.874041380947825
40 0 0 0.01379536570089579 7.872996864352444
45 0 0 0.01385510817329938 7.867937419322526
50 0 0 0.009766558335318587 7.86810528574573
55 0 0 0.00882006113867373 7.864960038440944
60 0 0 0.016556096745578452 7.865029282005514
65 0 0 0.011114019467550085 7.862679482867966
70 0 0 0.011698138489043775 7.860802272026658
75 0 0 0.013047744394337979 7.861374487658655
80 0 0 0.013062126078742908 7.860957209139275
85 0 0 0.01066690893416844 7.860086661897468
90 0 0 0.013907655109394845 7.860966796093352
95 0 0 0.013659208856107385 7.85897172924484
100 0 0 0.010172749133853687 7.85997947330982
105 0 0 0.01089147157396475 7.859898974334445
110 0 0 0.014471869883863508 7.857369745912449
115 0 0 0.009475319454247177 7.858524496147774
120 0 0 0.013091286742775932 7.857294685826722
125 0 0 0.014630803444679819 7.8564320909799585
130 0 0 0.014304842643093174 7.8567353722687265
135 0 0 0.013917011613105323 7.8562372250492585
140 0 0 0.013481745216358476 7.856280803622845
145 0 0 0.012270470484908813 7.855654019613732
150 0 0 0.01621640839922045 7.856179949293672
155 0 0 0.014341867759475768 7.854692887085074
160 0 0 0.012436296928488133 7.855596037934793
165 0 0 0.012980802386260093 7.855859105405744
170 0 0 0.012754708290920735 7.855350064062983
175 0 0 0.015434040221523615 7.854274806161779
180 0 0 0.011791426574264463 7.853602509602042
185 0 0 0.009923456964367361 7.854236623573806
190 0 0 0.011414308840605791 7.854478110450031
195 0 0 0.009732674185919166 7.85296817560125
200 0 0 0.012154211173877938 7.853867815550547
205 0 0 0.011790846368210373 7.85359164919614
210 0 0 0.011947727351205861 7.853906875083323
215 0 0 0.009088740284542984 7.853666774223338
220 0 0 0.015298500722086938 7.852440679133886
225 0 0 0.012830326002942316 7.853098655669303
230 0 0 0.009362494787136022 7.852962295528472
235 0 0 0.01633579761392756 7.853416371093675
240 0 0 0.013016513547641884 7.852251587904286
245 0 0 0.013668073955962479 7.852793528988568
250 0 0 0.014135432328236996 7.85269763190912
255 0 0 0.010846320989099212 7.851239300728419
260 0 0 0.01598491379855016 7.850693905103316
265 0 0 0.011548209139805365 7.852682361865818
270 0 0 0.011065806420298196 7.852254239082997
275 0 0 0.01582424923356962 7.851770042834911
280 0 0 0.014921952530097427 7.851225413654318
285 0 0 0.01537031208524886 7.852286188096958
290 0 0 0.013122650555908777 7.851138170662827
295 0 0 0.013265583553903726 7.850789608840898
300 0 0 0.013419697667933272 7.851330634181316
305 0 0 0.007877624186054533 7.851339166189643
310 0 0 0.010290698176778301 7.850893870364641
315 0 0 0.016075655410404233 7.850640038257878
320 0 0 0.012126806870627505 7.851241970715382
325 0 0 0.00915183719206758 7.849710741004199
330 0 0 0.009620981875439805 7.851011416740624
335 0 0 0.013496916767203881 7.8502604784258345
340 0 0 0.009550633623233162 7.850355195220999
345 0 0 0.017315684980503177 7.850484905454675
350 0 0 0.007460368492027136 7.850002316565141
355 0 0 0.013542677088210109 7.850523406110491
360 0 0 0.013845507054538686 7.849719675073073
365 0 0 0.014994777291655215 7.849936675961414
370 0 0 0.011692514866227688 7.848999002573591
375 0 0 0.009938470682421263 7.849632407839947
380 0 0 0.012565418956231422 7.848914925631577
385 0 0 0.00948376727864475 7.849525364453156
390 0 0 0.014192800090598645 7.8484655140771915
395 0 0 0.0050877573362055895 7.849853953341102
400 0 0 0.014884020997329994 7.848910387308588
405 0 0 0.005852328051981326 7.848596683390281
410 0 0 0.006844104201488621 7.848076918528699
415 0 0 0.018069927125228924 7.848532403741633
420 0 0 0.01450448409833438 7.848355166400572
425 0 0 0.011036737826919163 7.849331503916268
430 0 0 0.010602138725938515 7.847808729188621
435 0 0 0.010308235303798874 7.847757978016245
440 0 0 0.012219772006943685 7.84797861843206
445 0 0 0.010609843569094224 7.847375030622038
450 0 0 0.012235728593292361 7.848950327099913
455 0 0 0.010090168849680836 7.847684843983003
460 0 0 0.01449107026516705 7.847730944935793
465 0 0 0.010677418642090819 7.84715177656287
470 0 0 0.009135282758651275 7.847068970098105
475 0 0 0.0076090848344807505 7.846575096256714
480 0 0 0.014274724699432584 7.846883506516839
485 0 0 0.011902140308639453 7.846238776500013
490 0 0 0.01215053529470378 7.846417951335345
495 0 0 0.006786133471612388 7.845995828212484
500 0 0 0.015286744976545696 7.920375366522782
505 0 0 0.009134801029933026 7.863119478638107
510 0 0 0.014074589205790522 7.856915982692272
515 0 0 0.013249818291832582 7.856110901040707
520 0 0 0.009064613390274534 7.854484474379176
525 0 0 0.010450845737598913 7.853526661345894
530 0 0 0.008925920713558577 7.8538860205541665
535 0 0 0.015210518149702423 7.852684181084932
540 0 0 0.014373027422365459 7.852481620052163
545 0 0 0.010866137157198086 7.851131484353026
550 0 0 0.014211598140696724 7.850896629042827
555 0 0 0.010809296407169544 7.8505063937407
560 0 0 0.011093212052994517 7.850845637778673
565 0 0 0.009329215862619478 7.850351532642885
570 0 0 0.010753347046757566 7.851655596623054
575 0 0 0.00884459917455449 7.850034391626022
580 0 0 0.012830934756321799 7.850965334120008
585 0 0 0.011504449550740592 7.849787052894692
590 0 0 0.008253999897247732 7.849361528790931
595 0 0 0.016876694681478455 7.850245360456941
600 0 0 0.009001453369022139 7.849944683802289
605 0 0 0.012004091454641541 7.848663438538887
610 0 0 0.012875153158934616 7.848552503596575
615 0 0 0.012022611043168707 7.849190568869561
620 0 0 0.015267249773907476 7.84884322928106
625 0 0 0.0033345550218131237 7.848585883589874
630 0 0 0.012532897516274177 7.848032297625105
635 0 0 0.012076703190147864 7.847900620372319
640 0 0 0.012342592155876408 7.847387277285288
645 0 0 0.007908879165807736 7.846916895509753
650 0 0 0.010390969995062171 7.8471423468511405
655 0 0 0.010105215624871766 7.846736003222126
660 0 0 0.015141479840176997 7.845585462299588
665 0 0 0.00654979141715728 7.845955834333114
670 0 0 0.007611066852760917 7.845557775202061
675 0 0 0.010581433850022748 7.84579538170673
680 0 0 0.019264200003906717 7.845073104494234
685 0 0 0.011192205879742234 7.844261293217756
690 0 0 0.001876700980823598 7.845233088576301
695 0 0 0.007901656034065008 7.844850499134371
700 0 0 0.006202437249703596 7.844105529857302
705 0 0 0.019468072432619943 7.843863284010387
710 0 0 0.018304624137498227 7.84386165955347
715 0 0 0.0008185436913650257 7.84280614984205
720 0 0 0.002058407017881736 7.843047785895144
725 0 0 0.008658125069016087 7.8412466949594695
730 0 0 0.016367038958551072 7.842150970544756
735 0 0 0.009535081962553038 7.840914378883548
740 0 0 0.0023341644474634826 7.841751451053338
745 0 0 0.016067477671433128 7.84102152435036
750 0 0 0.01375114284356771 7.839924808824479
755 0 0 0.008864723047825596 7.840125793512135
760 0 0 0.005007150726819898 7.839424507077438
765 0 0 0.003380735420875247 7.839638516635259
770 0 0 0.005551272908163263 7.839103939647266
775 0 0 0.0058441892750726865 7.838705842467822
780 0 0 0.012072476784648067 7.8377742211106245
785 0 0 0.005081534992842585 7.83631272896412
790 0 0 0.0064259070735308566 7.837682615986676
795 0 0 0.014318674423346556 7.836042243898745
800 0 0 0.0008315542770294115 7.835200457763639
805 0 0 0.0013632861045487221 7.833485035411547
810 0 0 0.00028406725952412337 7.833096024166443
815 0 0 0.01721131470236892 7.833183320923574
820 0 0 0.0016557508616217298 7.830042507438016
825 0 0 0.03534850686152069 7.82985970496518
830 0 0 0.0018893216940616409 7.829812682515151
835 0 0 0.009376665733309197 7.828864698546002
840 0 0 0.0006711819142253272 7.827571736531601
845 0 0 0.008953277403325188 7.826587735040026
850 0 0 0.007219134130020954 7.8263519469291545
855 0 0 0.02063692982224241 7.826103430909955
860 0 0 0.0012381855888439208 7.823840087755358
865 0 0 0.006019672224530481 7.822680721598432
870 0 0 0.005082387743992056 7.821768897099924
875 0 0 0.025514642042197222 7.8196466716317685
880 0 0 0.0011363718163244219 7.81915895023874
885 0 0 0.0031094545167658083 7.818898258561924
890 0 0 0.02481993587178999 7.816810917352739
895 0 0 0.03276384831875223 7.815032110733832
900 0 0 0.018863651996726905 7.814740133014543
905 0 0 0.027501603859092727 7.813681567882449
910 0 0 0.016425364374045515 7.8121915914760836
915 0 0 0.0056018576849274915 7.809771777178953
920 0 0 0.031686908386302726 7.809699748307246
925 0 0 0.008571855121772831 7.809266030743913
930 0 0 0.01435292077760475 7.807376107691397
935 0 0 0.015126427164350087 7.8063779418586705
940 0 0 0.0075595898226530345 7.804677279309953
945 0 0 0.008420132368622824 7.804830708761496
950 0 0 0.005748115350639793 7.803437762185488
955 0 0 0.01313889290763015 7.802519776267231
960 0 0 0.03725626569180518 7.802072388730012
965 0 0 0.030063239266177266 7.799891400388831
970 0 0 0.009554353009297412 7.797973998454272
975 0 0 0.02326052790534816 7.798716593199063
980 0 0 0.03334658136617219 7.7964778070404295
985 0 0 0.012131136653993346 7.795238946866999
990 0 0 0.04188980712617374 7.793805329239716
995 0 0 0.01422697886183455 7.793376069115023
1000 0 0 0.03973457438279748 7.7929561710769955
