0 0 0 0.4009347225959471 0
5 0 0 0.009121238604679727 7.9009251730175665
10 0 0 0.011205327237719276 7.8959532313709495
15 0 0 0.007028933008395466 7.884575797209149
20 0 0 0.009611753775669474 7.881920348663803
25 0 0 0.01434645236745058 7.879710584044099
30 0 0 0.010722920290112237 7.8743074960435635
35 0 0 0.0162268245918753 7.8783155722104485
40 0 0 0.011559284620760168 7.874684993825728
45 0 0 0.014264244422006467 7.8717563349425745
50 0 0 0.01398816586675955 7.870622332049096
55 0 0 0.014110193307260932 7.867355246284239
60 0 0 0.012643112145969582 7.864718921428395
65 0 0 0.005622279944051067 7.864139295609063
70 0 0 0.01367503369981149 7.865359464503449
75 0 0 0.01247733803348905 7.862107028030221
80 0 0 0.00997823134357878 7.861057752061974
85 0 0 0.011546600721690004 7.860379042327009
90 0 0 0.01252164138552847 7.859972667255155
95 0 0 0.013025652814439237 7.860147357850807
100 0 0 0.00930934325619659 7.858195336660967
105 0 0 0.011739278171635226 7.858410248984326
110 0 0 0.012317540083393252 7.8583965445715505
115 0 0 0.010255135715489194 7.859270934647315
120 0 0 0.016160337787767487 7.858066087967516
125 0 0 0.011806820497732406 7.855946840980529
130 0 0 0.013502672762545354 7.855966719310259
135 0 0 0.013423435236697534 7.853984372035093
140 0 0 0.015475175118375706 7.855451387465173
145 0 0 0.014673900404389428 7.857394689336143
150 0 0 0.012231493627953949 7.856867886996445
155 0 0 0.013976190220027274 7.855259735156016
160 0 0 0.011221509711800692 7.854971783087542
165 0 0 0.015658743864447766 7.85693688865917
170 0 0 0.01199198620597719 7.855232969190462
175 0 0 0.01132183260664732 7.855681796591389
180 0 0 0.012072951366771667 7.854922643182857
185 0 0 0.008458097544273624 7.854375201485429
190 0 0 0.011973854319430988 7.855282538469144
195 0 0 0.011880646404179407 7.854472194749263
200 0 0 0.013408518888176957 7.854011435389388
205 0 0 0.013861962811870132 7.8531078998853125
210 0 0 0.012049642094135393 7.853692335703366
215 0 0 0.01280731656639933 7.85367728223782
220 0 0 0.012823727443480148 7.853409340354432
225 0 0 0.012547982177469885 7.853361237288361
230 0 0 0.012462133221883942 7.853575123811389
235 0 0 0.013763066533908352 7.852408617620862
240 0 0 0.014874998900977099 7.853295126931824
245 0 0 0.01303059675284457 7.852860507526445
250 0 0 0.007979858962756214 7.852764095950846
255 0 0 0.012827501548546172 7.852115691921869
260 0 0 0.011989826160236472 7.852985440080964
265 0 0 0.007954805809563092 7.8513298785807475
270 0 0 0.013789491055669956 7.851912318509841
275 0 0 0.014324932289761838 7.852877605547158
280 0 0 0.011775867826848474 7.8523641852898995
285 0 0 0.01754293785797789 7.853131147403022
290 0 0 0.015794585738245992 7.852103374608164
295 0 0 0.0158012815895483 7.8501257547622
300 0 0 0.013367645228056224 7.851015168072868
305 0 0 0.012643447380139783 7.851382524611489
310 0 0 0.015146668457358237 7.850648349422027
315 0 0 0.01286386526610972 7.850263346572805
320 0 0 0.01455168853942057 7.85100691173119
325 0 0 0.014338796404362197 7.851213275753372
330 0 0 0.01366804494859486 7.8516582293215
335 0 0 0.010495265900617667 7.851446353030732
340 0 0 0.011961909111473101 7.850243189088948
345 0 0 0.012969621576510937 7.851192540007019
350 0 0 0.010630131636986118 7.850364351407418
355 0 0 0.014122674739540875 7.850054584587236
360 0 0 0.011364315446120488 7.849804440166793
365 0 0 0.011036636444351933 7.848538113518642
370 0 0 0.01079499224349778 7.849947635148831
375 0 0 0.014418175112102416 7.849370445485197
380 0 0 0.00791778583481939 7.849875751566644
385 0 0 0.014065866037198838 7.849811561803936
390 0 0 0.015593686580977373 7.849768964520683
395 0 0 0.008800245039704446 7.848659467757143
400 0 0 0.01696729855609802 7.849343029164927
405 0 0 0.012789770979570347 7.848628635846662
410 0 0 0.012217059821682419 7.849085392209483
415 0 0 0.009166549456277817 7.84845887939152
420 0 0 0.012632246514870049 7.848356640832699
425 0 0 0.009845277669589425 7.8480877707549
430 0 0 0.013686814079117315 7.848705019071898
435 0 0 0.015347417072073322 7.849403983747797
440 0 0 0.010804006584338888 7.848076893754162
445 0 0 0.010485445108092462 7.847869348605677
450 0 0 0.012218348978083382 7.8468770067529645
455 0 0 0.01327020008990476 7.847912835863749
460 0 0 0.008871866031563647 7.847938225150098
465 0 0 0.01019200150810251 7.84749014097417
470 0 0 0.005159612338557107 7.847143148469306
475 0 0 0.016864025147756312 7.84715538158287
480 0 0 0.0068986531942434315 7.84744090743435
485 0 0 0.011591262139707847 7.84628231064279
490 0 0 0.011916038076219992 7.84658604751099
495 0 0 0.016243374658029053 7.8462836343945215
500 0 0 0.007585581514921946 7.911484422923142
505 0 0 0.01382419281006908 7.862729276966245
510 0 0 0.012719524149345407 7.856856348118456
515 0 0 0.010392539220116292 7.854954255250423
520 0 0 0.014919124697258423 7.85460620359765
525 0 0 0.007058274654564656 7.851242634531271
530 0 0 0.007315634627954148 7.850862586904671
535 0 0 0.0105365934061461 7.851203844184221
540 0 0 0.011239005926786838 7.851086621998419
545 0 0 0.006193153453873723 7.8499959649454505
550 0 0 0.011900969953978935 7.849210965648316
555 0 0 0.005131310512658693 7.849347020593267
560 0 0 0.010062296513670077 7.8483649453205455
565 0 0 0.012869176533654603 7.848683519976598
570 0 0 0.00861010776226423 7.848755530687844
575 0 0 0.015326054350534024 7.847988012859518
580 0 0 0.013389716639987892 7.847871251492307
585 0 0 0.01062591103236521 7.848011667778726
590 0 0 0.005243301992656102 7.846316944960562
595 0 0 0.004707194464478093 7.846528281415394
600 0 0 0.003962485295835982 7.845724874882896
605 0 0 0.01127306210409107 7.845644915775797
610 0 0 0.010608486468026035 7.846549749568117
615 0 0 0.010761278133399443 7.845815097415509
620 0 0 0.011020161846490018 7.8452739486924115
625 0 0 0.010112651446815724 7.844308475153068
630 0 0 0.019833389505713672 7.845066980548458
635 0 0 0.0078770460735329 7.8440156943797845
640 0 0 0.016622973945156216 7.844301410408905
645 0 0 0.013828595383332587 7.843298378706593
650 0 0 0.028282524609227977 7.842037929204362
655 0 0 0.004506980971435537 7.843881489092317
660 0 0 0.006757994162819081 7.8430571376971905
665 0 0 0.01078964402846605 7.842089123180938
670 0 0 0.009023335929101428 7.840847772802603
675 0 0 0.012016219744170664 7.841198166824614
680 0 0 0.003193755215693761 7.840463455097881
685 0 0 0.007282752086240185 7.84090337856114
690 0 0 0.012993265649419161 7.84050856869208
695 0 0 0.0034247446200994514 7.838877744373625
700 0 0 0.0006009578752637079 7.838673162581556
705 0 0 0.011610029374564013 7.838527961207124
710 0 0 0.014516014931903243 7.837774351023262
715 0 0 0.0023589277182565205 7.83738786512391
720 0 0 0.0012732425088839427 7.837193073400941
725 0 0 0.003950395552057895 7.83580460850948
730 0 0 0.008131131327615782 7.835490325448937
735 0 0 0.0020220071814014418 7.834259510666287
740 0 0 0.01257014323231509 7.834386010261279
745 0 0 0.006230682054936043 7.832437740955977
750 0 0 0.00792572960259963 7.832197332262013
755 0 0 0.019809879626402793 7.830375093225092
760 0 0 0.007197730152172177 7.830022759867683
765 0 0 0.0010598150577239007 7.829320968724096
770 0 0 0.012578386304868072 7.828380765269194
775 0 0 0.0013505212823285984 7.828087817103827
780 0 0 0.004873526891018942 7.827382980659355
785 0 0 0.004887305743915604 7.826323486195521
790 0 0 0.016096603625148198 7.826603057364258
795 0 0 0.004588011625577426 7.824962631958247
800 0 0 0.010165887408063456 7.823584223157962
805 0 0 0.011415079997735944 7.822324627265032
810 0 0 0.012877129628076078 7.821431597637355
815 0 0 0.010001118644981766 7.820767954803322
820 0 0 0.007251432530044788 7.8198172098412115
825 0 0 0.005160954202576562 7.818871766345998
830 0 0 0.0026977888967154584 7.817755834075889
835 0 0 0.0035781874066853625 7.8170133587061175
840 0 0 0.0023048262511669027 7.815465319256999
845 0 0 0.01071537848092241 7.81527690797329
850 0 0 0.007078023271148037 7.812440239998949
855 0 0 0.0044163762608278034 7.812129278708093
860 0 0 0.013609047824150622 7.811349512084136
865 0 0 0.0008305593696804614 7.810152294610972
870 0 0 0.019064047758085456 7.808262170801901
875 0 0 0.023001285175701547 7.8082033974482785
880 0 0 0.0012120043286139026 7.806658236277107
885 0 0 0.007842662277452339 7.804937661052479
890 0 0 0.02925618325935808 7.8047268424717755
895 0 0 0.013304266026286315 7.801977690430111
900 0 0 0.04900082688723506 7.802600396986088
905 0 0 0.024794475937321536 7.80125780319818
910 0 0 0.01611172335232447 7.798899874081123
915 0 0 0.008350651068826487 7.798144478050699
920 0 0 0.02410976966661904 7.796960767157408
925 0 0 0.005729601288964714 7.795893204750634
930 0 0 0.02419141598678487 7.7957848297440275
935 0 0 0.017822362604883457 7.794604012870485
940 0 0 0.0015594874576319029 7.7934369555847285
945 0 0 0.027414246426342714 7.792360736491223
950 0 0 0.009870832165670418 7.790810108008828
955 0 0 0.03309243744037316 7.790613012619222
960 0 0 0.0230125726438013 7.788246995565605
965 0 0 0.022862075549039185 7.788485254860067
970 0 0 0.03021704284460336 7.78680474876372
975 0 0 0.05571021792920239 7.785006488379034
980 0 0 0.06430617745612821 7.784050666552231
985 0 0 0.029465009499712647 7.78314755671828
990 0 0 0.04650921222185711 7.78260840885808
995 0 0 0.035225252073542324 7.780033932496086
1000 0 0 0.051993304901399195 7.779558401819547
