0 0 0 0.2870585405606836 0
5 0 0 0.019497010979422136 15.732484723951181
10 0 0 0.021810404313111764 15.640930455980715
15 0 0 0.017103155888301247 15.631588349853844
20 0 0 0.02084153062164873 15.608470458438426
25 0 0 0.020646285477659676 15.597209543464562
30 0 0 0.024565887382403062 15.526518651272916
35 0 0 0.023768412533131222 15.480117815668805
40 0 0 0.02599994577293896 15.436428795492782
45 0 0 0.023638971992990365 15.409402818824432
50 0 0 0.026283606790675984 15.403402358068249
55 0 0 0.02376070857484791 15.380536792444778
60 0 0 0.026382407347540715 15.372408737053252
65 0 0 0.02653228802566643 15.367068975778436
70 0 0 0.025187422982134722 15.35668921873106
75 0 0 0.02791028760703096 15.355356764015136
80 0 0 0.026358738092350897 15.353457949032613
85 0 0 0.028762616951905073 15.345047277271146
90 0 0 0.026812451654400382 15.342184628061567
95 0 0 0.027755812075060282 15.335308019603001
100 0 0 0.026064472354212498 15.320082548495039
105 0 0 0.02754776619306587 15.327988067977621
110 0 0 0.028149845626740166 15.327420190301314
115 0 0 0.02793740569362768 15.321458993936753
120 0 0 0.028453928034877674 15.322478294244345
125 0 0 0.027241935872471368 15.314267524971944
130 0 0 0.02830178167622699 15.321532712150137
135 0 0 0.027509525638421906 15.315755778913806
140 0 0 0.024865700870478902 15.32205387179205
145 0 0 0.028295965732675787 15.316914619571332
150 0 0 0.02769565445686273 15.32099543466735
155 0 0 0.025421481578820293 15.313310920375153
160 0 0 0.028902534456676676 15.315531484611855
165 0 0 0.02822849466081534 15.311583498334095
170 0 0 0.02603304607586754 15.308259763324667
175 0 0 0.02860655537972079 15.314189830783539
180 0 0 0.027176754490337185 15.313228153135485
185 0 0 0.0290481248140686 15.30875928443154
190 0 0 0.027589725592632508 15.308151167241114
195 0 0 0.02952679509692091 15.313067581611522
200 0 0 0.025797538799466224 15.307611215915
205 0 0 0.0290032248225649 15.307360270591092
210 0 0 0.025246225015624013 15.30766996642966
215 0 0 0.029012087323731617 15.308457179130214
220 0 0 0.029859281347667244 15.30550706264863
225 0 0 0.026373830768154694 15.309190432153269
230 0 0 0.028504681832114187 15.306988926936594
235 0 0 0.029439336559059948 15.305889144272864
240 0 0 0.03175826208091537 15.30370634711011
245 0 0 0.02433080719295133 15.305320955475308
250 0 0 0.026269982991361296 15.30461429215017
255 0 0 0.027685699341823966 15.303714753871702
260 0 0 0.023994217091761527 15.30203874011807
265 0 0 0.030248480572508063 15.300969795621752
270 0 0 0.027657164993734717 15.300596919528836
275 0 0 0.026378452582763057 15.300337031113973
280 0 0 0.028827381905558225 15.30205803962201
285 0 0 0.02514298234457657 15.3013446216222
290 0 0 0.026819656848561246 15.304289827986011
295 0 0 0.02929212169206097 15.3001413250192
300 0 0 0.02571625681269807 15.30110279363477
305 0 0 0.02721789613056691 15.301810899042877
310 0 0 0.028134972632475552 15.29841805995013
315 0 0 0.02898227558117661 15.301912958773828
320 0 0 0.02950521908557935 15.296967580848431
325 0 0 0.030988108918553303 15.29954971835526
330 0 0 0.029069633733069145 15.298982219857473
335 0 0 0.027920205182459412 15.300686161635324
340 0 0 0.02898486422366031 15.298038935438814
345 0 0 0.03072508491680548 15.29730385498798
350 0 0 0.030635220256455042 15.296088611995456
355 0 0 0.027597771864613874 15.298908017131316
360 0 0 0.02672560916355371 15.298487717506344
365 0 0 0.028733726725320485 15.296065485521659
370 0 0 0.02679875692666367 15.296962632610004
375 0 0 0.026605011040967907 15.29683159706107
380 0 0 0.026811974449420184 15.293783144197166
385 0 0 0.03107952007172865 15.295567551608745
390 0 0 0.029245018259902666 15.295011335571433
395 0 0 0.028367039736242772 15.294031776735665
400 0 0 0.02690897792887803 15.295487247864195
405 0 0 0.027083805198633515 15.29361534649643
410 0 0 0.027702934497711107 15.293639445020146
415 0 0 0.03027209756909377 15.293060493190582
420 0 0 0.03212474907043439 15.291287088008865
425 0 0 0.029994854417698447 15.294160931332664
430 0 0 0.023453270480172428 15.291741865644594
435 0 0 0.02657126405349519 15.29261992251543
440 0 0 0.028755717237581413 15.291768728998031
445 0 0 0.02016619082227611 15.291064784718778
450 0 0 0.027739119864677697 15.292096708994631
455 0 0 0.027482286747698703 15.289284771282542
460 0 0 0.02772403651562816 15.289764062283696
465 0 0 0.027317087556200104 15.289831801554886
470 0 0 0.026549949037754095 15.287106280007745
475 0 0 0.02344016203057553 15.290538069681103
480 0 0 0.03188437552686629 15.28707739199648
485 0 0 0.026907412679122 15.28750437112222
490 0 0 0.024840175797876674 15.287039604732792
495 0 0 0.02002188050539222 15.285231359170911
500 0 0 0.02489629689549111 15.283513581947112
505 0 0 0.026234685448773387 15.285236936755076
510 0 0 0.02561848965723046 15.282755380007641
515 0 0 0.02879495943240773 15.281606702507524
520 0 0 0.028229872468592543 15.280391338305314
525 0 0 0.02676185308039769 15.279598484942845
530 0 0 0.02330756247934973 15.278065757302297
535 0 0 0.024200053803073773 15.275862375194885
540 0 0 0.024032060855255555 15.276239533225226
545 0 0 0.031026996562689257 15.273176850758153
550 0 0 0.025113499255885907 15.273211856087869
555 0 0 0.022984959910190783 15.271399408583727
560 0 0 0.02191988831303182 15.269808427467408
565 0 0 0.024353493771473333 15.268474148232997
570 0 0 0.024293663210188665 15.266362514424905
575 0 0 0.025300447951831062 15.264340717209476
580 0 0 0.024035545905385147 15.262354084814143
585 0 0 0.022991543725041863 15.26099794366894
590 0 0 0.020777164472292498 15.257916313514956
595 0 0 0.019031301061719352 15.257113802563422
600 0 0 0.017881998789109677 15.252474746339315
605 0 0 0.030435214264867172 15.249783418121579
610 0 0 0.011422723483132557 15.246942277685687
615 0 0 0.026323244267426826 15.245598517935315
620 0 0 0.02473166798490367 15.240260174443206
625 0 0 0.02104889698660295 15.237394552686325
630 0 0 0.020853849844329364 15.233907939565654
635 0 0 0.003698524965472627 15.230468124496378
640 0 0 0.037577144690947195 15.225345621253075
645 0 0 0.01214361155719157 15.220971799261367
650 0 0 0.015881392713246845 15.217326633766405
655 0 0 0.006881016501079307 15.210689879157338
660 0 0 0.02161139045126137 15.205323177431117
665 0 0 0.007223595560053919 15.20166580440957
670 0 0 0.014879387998881333 15.197257848258575
675 0 0 0.015245784150260455 15.190231428246541
680 0 0 0.015180957289836039 15.185707128845246
685 0 0 0.017336606950234312 15.17966241490548
690 0 0 0.023612317750646206 15.174893144902317
695 0 0 0.004510695362287098 15.169495581951555
700 0 0 0.03930571129964244 15.164973026402494
705 0 0 0.01761719535618589 15.158521094304877
710 0 0 0.009602764729711666 15.15155714120413
715 0 0 0.03145143273324735 15.147556618829913
720 0 0 0.02262085293025118 15.1406088089048
725 0 0 0.02667036041811599 15.13292664151272
730 0 0 0.052927412634777404 15.127658666112339
735 0 0 0.02509688215734074 15.125011933953498
740 0 0 0.044372270541242376 15.11860834100376
745 0 0 0.01645446735875722 15.110574990762627
750 0 0 0.059698600164260096 15.104163875391974
755 0 0 0.04072319440917638 15.097695979314711
760 0 0 0.05675353483179468 15.092787029039124
765 0 0 0.026839798169836504 15.08489554443417
770 0 0 0.04492972166640952 15.082659909446809
775 0 0 0.04159562851530385 15.07510547480385
780 0 0 0.013566927409918383 15.068614236488925
785 0 0 0.026566323116827828 15.065910382452271
790 0 0 0.052723972036706535 15.059432808186072
795 0 0 0.044994567726978074 15.048880913265602
800 0 0 0.04689979118986676 15.045090206495797
805 0 0 0.06949872283258074 15.039313311826835
810 0 0 0.033416344497505746 15.035644834397859
815 0 0 0.10569244297975833 15.028514244595334
820 0 0 0.12341816686573681 15.022489807564485
825 0 0 0.08445251632557027 15.015366697675347
830 0 0 0.0949713594718471 15.011227045149178
835 0 0 0.10737010122510471 15.00180397929317
840 0 0 0.05937350034800981 14.99976841754489
845 0 0 0.06229922190912407 14.992072947225655
850 0 0 0.08327041148051273 14.986375221857424
855 0 0 0.10894663776998503 14.982198242925406
860 0 0 0.03784709633622896 14.974463842805294
865 0 0 0.12929311814695255 14.97049723285309
870 0 0 0.09062976864372962 14.964221269287886
875 0 0 0.12079757254090429 14.959815319425244
880 0 0 0.09276006379820867 14.955426802244592
885 0 0 0.12471328626393396 14.942475553671368
890 0 0 0.0802317880987784 14.938502693751849
895 0 0 0.12817194779922114 14.932082553347179
900 0 0 0.17202636277808514 14.929200829785772
905 0 0 0.09409487083296675 14.922334758775088
910 0 0 0.07158994290528709 14.921299753313612
915 0 0 0.09001046759407494 14.91353156900744
920 0 0 0.1100533169530844 14.90485846519603
925 0 0 0.09260988023898786 14.902473187163036
930 0 0 0.13463709169009452 14.893838612299776
935 0 0 0.09264040981138133 14.890288883571264
940 0 0 0.09020792049360282 14.88689076253755
945 0 0 0.07144720915566949 14.884343684568998
950 0 0 0.07155518013722806 14.878728956537481
955 0 0 0.08930943929322632 14.873500831868528
960 0 0 0.15429600696518042 14.87092918645124
965 0 0 0.20675193066516906 14.862341704771056
970 0 0 0.11368618813857245 14.852100061159824
975 0 0 0.15390975719976607 14.854134679399236
980 0 0 0.1954497713340233 14.848564102558743
985 0 0 0.16896722127368657 14.843004181789516
990 0 0 0.12569422025948995 14.836789257002971
995 0 0 0.1980739750136149 14.834134959042508
1000 0 0 0.1283851584728417 14.832675450782595
