0 0 0 0.2537041150064745 0
5 0 0 0.020361150100461467 15.687053683629363
10 0 0 0.019273173090126994 15.633207162165196
15 0 0 0.0235697307345184 15.610032482326718
20 0 0 0.017302610364399174 15.550495686241575
25 0 0 0.023447941128903027 15.510468718741997
30 0 0 0.023061581397515463 15.472416012012445
35 0 0 0.025504008762130326 15.441452428723307
40 0 0 0.027394390580141037 15.418103538944274
45 0 0 0.022553956968952793 15.412068812536646
50 0 0 0.026381427011479053 15.405963098797244
55 0 0 0.028125447833735162 15.395456190563673
60 0 0 0.023586224099818587 15.38381319578089
65 0 0 0.023651857989013703 15.38000222874394
70 0 0 0.02670129088796447 15.376112955386084
75 0 0 0.028366672953252126 15.36174171593692
80 0 0 0.026993488002248878 15.354237117165034
85 0 0 0.02854510989373482 15.370358576975924
90 0 0 0.02650954374371528 15.352171671997457
95 0 0 0.02287726755380115 15.344562977802859
100 0 0 0.028409619386825957 15.332296845202643
105 0 0 0.028874811574560066 15.328848853765455
110 0 0 0.028549292450554598 15.325607588858075
115 0 0 0.02505183857336335 15.326674847307302
120 0 0 0.02790980262116527 15.323575993758206
125 0 0 0.028229627692387682 15.31972669482706
130 0 0 0.02993129241383774 15.320551854154166
135 0 0 0.0277119956681966 15.317354028582988
140 0 0 0.025898736042445858 15.31988914511737
145 0 0 0.02935367309630066 15.31488193569136
150 0 0 0.027107915920076886 15.317595301451025
155 0 0 0.025809684975645064 15.316248488325503
160 0 0 0.02647263277187939 15.31513566917691
165 0 0 0.028052672269441636 15.310528353069065
170 0 0 0.025830186693321266 15.308560377351181
175 0 0 0.02750307721730305 15.311824919309615
180 0 0 0.029879185790422813 15.312921232221496
185 0 0 0.030264403317071586 15.310953339496846
190 0 0 0.028891251065452428 15.310160980966387
195 0 0 0.028431612379267612 15.30794950676906
200 0 0 0.02936211664003663 15.307788070335398
205 0 0 0.029781010805834063 15.307360240269265
210 0 0 0.029600649556694947 15.306369110356902
215 0 0 0.029669297200026756 15.305481252206489
220 0 0 0.02737995837093732 15.308920130654645
225 0 0 0.028651523639181997 15.301826248661094
230 0 0 0.028806443474014287 15.308017098770872
235 0 0 0.029055053462414104 15.302102325509866
240 0 0 0.02835166923725585 15.306419807258626
245 0 0 0.029073509987268764 15.303700723347246
250 0 0 0.02739856958118425 15.302615696100444
255 0 0 0.026841854144351585 15.302032226389779
260 0 0 0.027906863108013047 15.303530627873029
265 0 0 0.02757502331495254 15.304113226704
270 0 0 0.02681488461556647 15.303229599099582
275 0 0 0.029739236533520508 15.303268552791103
280 0 0 0.03030187449994126 15.306132303138044
285 0 0 0.027153259961189447 15.299227141263863
290 0 0 0.027772520396439404 15.30114635003419
295 0 0 0.02693911779026359 15.30303897803434
300 0 0 0.026660658719942276 15.299126896866234
305 0 0 0.027871918577655252 15.301734454294374
310 0 0 0.029678138885238736 15.300489062407648
315 0 0 0.0286665235410124 15.298527484767755
320 0 0 0.02806896321241603 15.300534948915388
325 0 0 0.027909492005959935 15.299432259614337
330 0 0 0.029988421743639027 15.30004938391781
335 0 0 0.028888479998077754 15.29695356158198
340 0 0 0.03002555158842979 15.297860619316419
345 0 0 0.030507969584623762 15.299524839488866
350 0 0 0.028432894890696225 15.296638822043983
355 0 0 0.02844061341701898 15.298365253726681
360 0 0 0.029241660990101837 15.29682431025949
365 0 0 0.027687654180710064 15.296386529262577
370 0 0 0.028597380115227278 15.295674049960867
375 0 0 0.02876171186312093 15.294582139262513
380 0 0 0.02915637081938849 15.297839470486847
385 0 0 0.02630195474501118 15.295765753192274
390 0 0 0.026060659043480205 15.296262846203351
395 0 0 0.029606291458811107 15.293826824825167
400 0 0 0.027624449737094325 15.293583218057492
405 0 0 0.02661929248491557 15.295014508875708
410 0 0 0.02387558142155166 15.29384477655622
415 0 0 0.02677707560507181 15.292670697489703
420 0 0 0.028396502572129334 15.292695955529798
425 0 0 0.027899369726364087 15.291743980485657
430 0 0 0.030601821097824944 15.294365097848996
435 0 0 0.030279066210890715 15.292157145933077
440 0 0 0.02424123792335653 15.290058987542212
445 0 0 0.029021955176274483 15.289570294808074
450 0 0 0.028591030200123546 15.289702830605972
455 0 0 0.021109595460993447 15.289349301432729
460 0 0 0.021602599083413443 15.287154326053122
465 0 0 0.027143975255439212 15.288074382077843
470 0 0 0.03142145033967614 15.285796079193233
475 0 0 0.025673742689386714 15.28715422328331
480 0 0 0.026359817215972692 15.286152975707095
485 0 0 0.022325958331772977 15.282263304073915
490 0 0 0.02971430159057631 15.282298402079705
495 0 0 0.028924803813785704 15.282416813705805
500 0 0 0.029046463058155725 15.282376375322547
505 0 0 0.024287386691574042 15.280116170397152
510 0 0 0.026429277149266683 15.279194828024524
515 0 0 0.030661026493514765 15.277076204526388
520 0 0 0.030404521890556868 15.276565119402344
525 0 0 0.023657328585033444 15.276861387470785
530 0 0 0.02604982304951542 15.273758516128924
535 0 0 0.014871754719540498 15.272367567219808
540 0 0 0.035859129634337794 15.269668636603308
545 0 0 0.020668769748122706 15.269220231630744
550 0 0 0.018466350232068107 15.26793022090618
555 0 0 0.034110343070025584 15.264614439919155
560 0 0 0.016470388903955024 15.262152529743581
565 0 0 0.011979047934576492 15.260847278339366
570 0 0 0.019058174364121605 15.259029856812278
575 0 0 0.020440880386709326 15.25488262577393
580 0 0 0.02363759738518678 15.253234816613906
585 0 0 0.016835164860504515 15.249167915579191
590 0 0 0.013211484025892561 15.247752313122998
595 0 0 0.019975174181910305 15.244335317951627
600 0 0 0.02029003658100792 15.240898195944418
605 0 0 0.021186054988947767 15.237024718980072
610 0 0 0.018889869957365413 15.233328731075932
615 0 0 0.01651379651228546 15.231057079812999
620 0 0 0.002065190737568834 15.227399990360366
625 0 0 0.02004301989117252 15.224270201354386
630 0 0 0.01932626307668972 15.220775765986689
635 0 0 0.012421176490263974 15.21685557138971
640 0 0 0.038526654196783916 15.212547315830275
645 0 0 0.00996249173175734 15.207945418869755
650 0 0 0.01860054853614934 15.206071284735026
655 0 0 0.014059392486347466 15.199060783535321
660 0 0 0.003047873426275105 15.198622452174959
665 0 0 0.015278149718642942 15.191927725272379
670 0 0 0.003153261012762698 15.188168580800479
675 0 0 0.0183687960661858 15.1815591385132
680 0 0 0.003969014701263873 15.177963017912944
685 0 0 0.010001102353067282 15.174374169740613
690 0 0 0.019864598202662842 15.168387730658198
695 0 0 0.021659383540903354 15.16563738406649
700 0 0 0.008308962061048142 15.157683734378514
705 0 0 0.03352481451966449 15.15484994468287
710 0 0 0.019218465640083116 15.148116543124422
715 0 0 0.031853131507980414 15.146823786494352
720 0 0 0.008863173603799401 15.138371644635436
725 0 0 0.019896325072316312 15.133430403606631
730 0 0 0.01402037456726335 15.127878592041489
735 0 0 0.020389884581650808 15.12235328309788
740 0 0 0.05531327961550292 15.118416531817353
745 0 0 0.03808310038328688 15.112516545356932
750 0 0 0.04150071837086955 15.10764893678122
755 0 0 0.013873426738214345 15.101380692151023
760 0 0 0.03765962361262054 15.095470896820919
765 0 0 0.02525786114421469 15.087330910734499
770 0 0 0.02217280360889773 15.086947001962145
775 0 0 0.06389723203528974 15.07893247325205
780 0 0 0.016691400419892366 15.074164145789055
785 0 0 0.05745024889971351 15.06733720073988
790 0 0 0.0492695822986553 15.061399178851772
795 0 0 0.044547108132124036 15.056422903323323
800 0 0 0.03080395132223135 15.055295542200104
805 0 0 0.04150422268757792 15.043452998158417
810 0 0 0.0231485924346011 15.036272850759614
815 0 0 0.020322394480384087 15.033711482656479
820 0 0 0.06881926251141635 15.024781072485267
825 0 0 0.021949800629531335 15.019094912390496
830 0 0 0.07889526871010388 15.018697505859432
835 0 0 0.07292524739163242 15.013383169252755
840 0 0 0.04881409863496855 15.003043335484374
845 0 0 0.08791612548184746 14.995594423022553
850 0 0 0.06438992564441093 14.99402301867653
855 0 0 0.03756807057551903 14.990631866991587
860 0 0 0.10011524680184536 14.982736489154775
865 0 0 0.14145513593392245 14.987365754349081
870 0 0 0.08059075728352938 14.967845358897875
875 0 0 0.09543310173526187 14.963997697930727
880 0 0 0.09237397055790253 14.961794168640765
885 0 0 0.09484921778729061 14.959058998449295
890 0 0 0.05610175263748696 14.953087311710455
895 0 0 0.12239265621012119 14.94972442992902
900 0 0 0.11204120946897156 14.94604218972516
905 0 0 0.10776210978237866 14.93905014934287
910 0 0 0.08131331448957457 14.934169362401333
915 0 0 0.08184916428808742 14.929582387359908
920 0 0 0.0859735586348842 14.923960899804912
925 0 0 0.080891270637091 14.916878619937524
930 0 0 0.03825211602272249 14.90767904408288
935 0 0 0.08674902508945714 14.907267330385666
940 0 0 0.10801403796866782 14.901087955815349
945 0 0 0.07511360798135303 14.89886984900266
950 0 0 0.14791232822496658 14.894910320355862
955 0 0 0.10982517837691841 14.890807032771836
960 0 0 0.19028356064780017 14.874922829831146
965 0 0 0.08428255401968898 14.87493218301175
970 0 0 0.10574751717435982 14.87327893832075
975 0 0 0.1330546431115034 14.870259785889493
980 0 0 0.14868720563027105 14.860572072859032
985 0 0 0.19552886195715313 14.857869476581788
990 0 0 0.13508163478437596 14.855004129016681
995 0 0 0.13293118360683254 14.85004896977687
1000 0 0 0.19878251217693577 14.84605388423892
