0 0 0 0.30975382875795465 0
5 0 0 0.00023632084271052456 10.48094475648511
10 0 0 0.003633983742743041 10.32731750856616
15 0 0 0.006778057981934094 10.28217885702218
20 0 0 0.0025678506043003146 10.265929487674923
25 0 0 0.004321400051968016 10.259288679179015
30 0 0 0.002072383931324584 10.241140072819682
35 0 0 0.002106792685805159 10.23401538311577
40 0 0 0.0014948081007966074 10.229084258084978
45 0 0 0.0007131713050427813 10.224359309993297
50 0 0 0.014899376183198143 10.015017481373683
55 0 0 0.014156876273430541 10.014127485285597
60 0 0 0.013432684243202875 10.01410619710095
65 0 0 0.015534142640192261 10.011024915305713
70 0 0 0.012915798122182798 10.009599220419439
75 0 0 0.009916360401948543 10.01245958300558
80 0 0 0.007951391860191448 10.010462885039603
85 0 0 0.011550444550692651 10.008823335385367
90 0 0 0.010669167108328548 10.005744119830592
95 0 0 0.014374021573747564 10.007136421493449
100 0 0 0.01352091087868379 10.008076305463925
105 0 0 0.009898508863597 10.006077723772536
110 0 0 0.005114911783355769 10.002869085917908
115 0 0 0.009542188097958704 10.003887134613262
120 0 0 0.012752254266666707 10.003644901847899
125 0 0 0.007168235155714742 10.003504076683445
130 0 0 0.010596214802627513 10.001927852900359
135 0 0 0.01095072930807417 10.00226543927726
140 0 0 0.006208485264627139 10.005364349955924
145 0 0 0.01069084177295676 10.003376423667625
150 0 0 0.00885576264221788 10.001905406619036
155 0 0 0.009660828245584785 10.001601745749133
160 0 0 0.009402259252343947 10.002982584148022
165 0 0 0.011488049835218117 10.003842310256259
170 0 0 0.008124278742573932 10.003599697932549
175 0 0 0.015377937845377776 10.002048070794629
180 0 0 0.010733013227755439 9.99956804137158
185 0 0 0.009339759119560975 10.000296327788034
190 0 0 0.011741936668755226 10.00076610622653
195 0 0 0.011942872369887114 10.000651815459518
200 0 0 0.01218695314854501 9.99936706976975
205 0 0 0.013213496556784055 10.000489853424972
210 0 0 0.012694517231511826 9.999751180056917
215 0 0 0.008150714336177867 9.999609862997666
220 0 0 0.011518531826321787 9.996788933032724
225 0 0 0.012539792762205515 9.999763571391552
230 0 0 0.012541416397461758 10.000252282484581
235 0 0 0.013045199790493012 10.000408509281836
240 0 0 0.01150144816996046 9.998511288891937
245 0 0 0.011210749998886493 9.997564727760375
250 0 0 0.010536002909991682 9.998199324286096
255 0 0 0.01374481114005821 9.997786144272208
260 0 0 0.01630052656609271 10.000266825939411
265 0 0 0.014331796730022495 9.997375729687223
270 0 0 0.010948118129809448 9.997735025349217
275 0 0 0.011767540080453998 9.997871417439809
280 0 0 0.007807231981728391 9.997381250848411
285 0 0 0.011570646842270715 9.997420430396165
290 0 0 0.016140939677983912 9.996711895829693
295 0 0 0.013916938678722346 9.99586686455258
300 0 0 0.011845037493767752 9.99766904729241
305 0 0 0.01356390627444215 9.996482986314835
310 0 0 0.01301024207850121 9.998093252532067
315 0 0 0.016400669264935885 9.998957862818699
320 0 0 0.013668390711927936 9.994582830131831
325 0 0 0.013644987655825336 9.996339889266386
330 0 0 0.012098527256106717 9.995454841413132
335 0 0 0.01053967141485912 9.997339109911
340 0 0 0.010284736578513032 9.996397883468894
345 0 0 0.011509711594341443 9.99616863903368
350 0 0 0.013793740685505096 9.995795758840469
355 0 0 0.012629402334759288 9.997479258609248
360 0 0 0.011815739812630843 9.994816987314069
365 0 0 0.011343083000368681 9.994757698980253
370 0 0 0.009206866471507258 9.996335626162828
375 0 0 0.00895924141292559 9.995104180947811
380 0 0 0.012538477208472454 9.996394966891705
385 0 0 0.009897293729164813 9.994787413511766
390 0 0 0.014775522930565499 9.994932699128942
395 0 0 0.010683579401685073 9.995083810820102
400 0 0 0.010821660152720458 9.995498754632855
405 0 0 0.013667649390658898 9.993577410588843
410 0 0 0.0117182636777875 9.997267208893499
415 0 0 0.00988460801066915 9.995343429109953
420 0 0 0.010614301007436655 9.99533680158335
425 0 0 0.016440020255372723 9.993445089694694
430 0 0 0.010804336377393309 9.993602891563794
435 0 0 0.017349895316306263 9.993836078877502
440 0 0 0.013693402299300494 9.994874175963426
445 0 0 0.009639754330402761 9.99318078329401
450 0 0 0.01324079697132552 9.994338507671246
455 0 0 0.012695115022915981 9.992106159875926
460 0 0 0.01564967470214329 9.991733012380278
465 0 0 0.00905017313856371 9.994487161237663
470 0 0 0.015970353800013992 9.993227736585297
475 0 0 0.011668791124265665 9.993353628580845
480 0 0 0.010940208889007597 9.99337615255846
485 0 0 0.012379191512162269 9.993367182915085
490 0 0 0.01084580109280453 9.993906024210908
495 0 0 0.011963374045578012 9.99252777202948
500 0 0 0.01309322487157627 9.991531470771603
505 0 0 0.013708550283983545 9.991950923461529
510 0 0 0.011959695975925833 9.992910815421553
515 0 0 0.014936555144314578 9.990544320938579
520 0 0 0.011347433969143728 9.991261168094077
525 0 0 0.014384800793671548 9.992880400859196
530 0 0 0.010599756642495572 9.991173925290338
535 0 0 0.01241050835975921 9.99137025379292
540 0 0 0.009888958994668462 9.990975682657947
545 0 0 0.013869388110935077 9.991248026330151
550 0 0 0.013274599231984041 9.990461089984988
555 0 0 0.008448662111697258 9.9884703129941
560 0 0 0.012207590722388861 9.989877173592253
565 0 0 0.015435811026161428 9.990018998995449
570 0 0 0.015670485604371676 9.990257674178318
575 0 0 0.012028942653857344 9.988934876782219
580 0 0 0.010534823870650412 9.988284278609388
585 0 0 0.012717823256186644 9.988911067510797
590 0 0 0.011696494742065466 9.98799074315829
595 0 0 0.01058230882207134 9.987848675861176
600 0 0 0.014495833098488342 9.986138797271417
605 0 0 0.015336469021326016 9.985565576534992
610 0 0 0.012723318835581088 9.986096592501985
615 0 0 0.013954524201312601 9.985750105288037
620 0 0 0.011625020255495278 9.985482414112118
625 0 0 0.01168096207563396 9.983869122761385
630 0 0 0.011719802593233464 9.983264059680064
635 0 0 0.013578469495243883 9.983262426237294
640 0 0 0.012480911982953202 9.98323752094853
645 0 0 0.013025739988835827 9.982908360034706
650 0 0 0.015580472207229468 9.981521667491927
655 0 0 0.01310605007468535 9.982159969413347
660 0 0 0.01533675132773804 9.980799885054424
665 0 0 0.011069881933377212 9.980254465576644
670 0 0 0.013912471864779619 9.980637026728267
675 0 0 0.013324126201199604 9.980445538266986
680 0 0 0.014587264549572598 9.980083268209839
685 0 0 0.013799476605998784 9.977803336279385
690 0 0 0.01264608798435285 9.979503982763985
695 0 0 0.016173881471171825 9.978597778449734
700 0 0 0.012583644825356899 9.978062731004078
705 0 0 0.014202237595093647 9.978820920983027
710 0 0 0.015580029395539707 9.978013447850632
715 0 0 0.013511405697440582 9.978056068989213
720 0 0 0.012086583983882182 9.98037517169144
725 0 0 0.014870662623518438 9.976906429303565
730 0 0 0.015577761590305439 9.977498017740569
735 0 0 0.013488574816727716 9.975672532853222
740 0 0 0.014885631826813128 9.976844926669845
745 0 0 0.015567256591581868 9.977017395577885
750 0 0 0.014974564786510047 9.977958134058316
755 0 0 0.01360453596285649 9.977859262793778
760 0 0 0.012553555809676764 9.976380730427799
765 0 0 0.011877212448785368 9.977429122870017
770 0 0 0.013898661667028689 9.975672169606597
775 0 0 0.015451010615674665 9.976491234589027
780 0 0 0.014628953950890367 9.97634003758051
785 0 0 0.009995775578715671 9.974789774092466
790 0 0 0.01421835490308676 9.977579528527638
795 0 0 0.012474506283325804 9.975493828094555
800 0 0 0.014928307247422667 9.97613534582479
805 0 0 0.012633999412626329 9.975334368506113
810 0 0 0.00967452806423097 9.974373602312196
815 0 0 0.01401493663876252 9.975489883921233
820 0 0 0.014150737876267305 9.97547514556777
825 0 0 0.013637628114692824 9.975641792777191
830 0 0 0.015273361593312718 9.974595494878294
835 0 0 0.011034375415434505 9.975211509355566
840 0 0 0.012660176969628623 9.975085645661755
845 0 0 0.012369966333301452 9.974054510702471
850 0 0 0.012132444344685522 9.974157072310039
855 0 0 0.014615563069264148 9.973724559412226
860 0 0 0.01422993986934129 9.973834689958549
865 0 0 0.017016942968435034 9.973569239742865
870 0 0 0.015995915365203617 9.975308368067722
875 0 0 0.014987683016711939 9.973954149043763
880 0 0 0.013157784557949137 9.973523293477987
885 0 0 0.014602647727826046 9.974424452156732
890 0 0 0.013325537572663304 9.972570531264916
895 0 0 0.013361070388172802 9.974794842181902
900 0 0 0.013718557701863698 9.97380816029455
905 0 0 0.01307167693294109 9.973310570142111
910 0 0 0.015601320340190572 9.972917286774399
915 0 0 0.010930513215482218 9.97366284833084
920 0 0 0.014026444600624632 9.972889182500131
925 0 0 0.015879259476254237 9.973862012142533
930 0 0 0.012780357862720582 9.973374002025247
935 0 0 0.011796979509911765 9.972303205811729
940 0 0 0.010068355448110688 9.974951944593409
945 0 0 0.014949979519634837 9.973086290862428
950 0 0 0.01222246567756935 9.973550618352885
955 0 0 0.013950503863441543 9.97217042987647
960 0 0 0.013220277442811845 9.97232255619449
965 0 0 0.014523990709339074 9.972179351717248
970 0 0 0.014267493507124307 9.972621195349173
975 0 0 0.014535304917023817 9.97332008559655
980 0 0 0.01478044459795358 9.972691287608717
985 0 0 0.013520967505530335 9.973258044349437
990 0 0 0.01434827644298542 9.971527119467284
995 0 0 0.012196945065132692 9.973406245046974
1000 0 0 0.012043987272135404 9.97204073624949
