0 0 0 0.28683118722638645 0
5 0 0 0.002379512368183345 10.510755483697778
10 0 0 0.0026721612636335657 10.35791203895154
15 0 0 0.0016601659111097344 10.31961249068911
20 0 0 0.0005990323149869248 10.275383640226858
25 0 0 0.0015411778552176791 10.261581305634067
30 0 0 0.0003074441519854698 10.26538901248886
35 0 0 0.004297566805161024 10.24025435879942
40 0 0 0.0011427099528940055 10.24104172210283
45 0 0 0.0075981616639764216 10.229402556419203
50 0 0 0.014982851707999512 10.021963996447088
55 0 0 0.011768257231667745 10.013006883051997
60 0 0 0.011180672437075767 10.014723701137804
65 0 0 0.010339085232769385 10.013127344971014
70 0 0 0.00925992098884576 10.013911196999816
75 0 0 0.014255418872109349 10.010900423462331
80 0 0 0.007581107499221584 10.009630770584183
85 0 0 0.008287081180627709 10.005950608005103
90 0 0 0.007974583040994743 10.009514266771522
95 0 0 0.011344723637098486 10.007952680597768
100 0 0 0.00771955733499019 10.003532972717569
105 0 0 0.011942769595985281 10.008904581555095
110 0 0 0.011171853503940898 10.007651521979794
115 0 0 0.012018324746811304 10.005978572831275
120 0 0 0.009484916162557422 10.003597240928988
125 0 0 0.014306029917911633 10.003211323970671
130 0 0 0.010837818498180551 10.008147091816209
135 0 0 0.005510932953817882 10.002762286365009
140 0 0 0.010484798838173548 10.004611711463088
145 0 0 0.008049207756157362 10.003195849484122
150 0 0 0.009094828849260717 10.002744729884412
155 0 0 0.013331601431636253 10.000117345976232
160 0 0 0.012356452649180172 10.00087674047269
165 0 0 0.013693727637726472 10.000705761603779
170 0 0 0.01404135006159457 10.001246299159025
175 0 0 0.008287868654820674 10.001256456454142
180 0 0 0.010343077010730006 10.002446691098747
185 0 0 0.01432932881888549 10.000129852369634
190 0 0 0.008275939398138199 9.999578955058823
195 0 0 0.013466425360246337 10.000559593971484
200 0 0 0.014263462559314322 9.999604919848059
205 0 0 0.011512211324143484 9.999953908813664
210 0 0 0.01481222894367118 10.00139104405461
215 0 0 0.00822264855520527 9.999025598560417
220 0 0 0.0077711770830732885 10.000037657423546
225 0 0 0.013579585713756614 10.0012952997606
230 0 0 0.014131655870666116 9.998641723971424
235 0 0 0.011672173656843698 9.999030914332767
240 0 0 0.010546358413703771 10.000320419242602
245 0 0 0.007129178045302664 9.998098489280872
250 0 0 0.010226587202965431 9.999296165601935
255 0 0 0.013213683849501834 10.00006651429997
260 0 0 0.014270442518597992 9.999662316486273
265 0 0 0.009409885417528852 9.998747370832781
270 0 0 0.011025341356438734 9.998030199688959
275 0 0 0.00792872693131974 9.998785948436124
280 0 0 0.010962171525119357 9.997595307278402
285 0 0 0.00853857412474901 9.998377272072187
290 0 0 0.01607561499788135 9.99884163951381
295 0 0 0.009867619318208565 9.9992492492042
300 0 0 0.017125976260736753 9.998146788335836
305 0 0 0.011485369457043149 9.998433359921313
310 0 0 0.011389995498466199 9.99692518607623
315 0 0 0.012961417104525808 9.998300571725059
320 0 0 0.014410312268748005 9.996759911377987
325 0 0 0.01307900861707778 9.995866778182373
330 0 0 0.013541168946152204 9.998836329655838
335 0 0 0.014699943524091319 9.996848206028165
340 0 0 0.011612631464066991 9.997595138236255
345 0 0 0.012629160339089118 9.996083104896897
350 0 0 0.012747118184702977 9.995463624193853
355 0 0 0.012238243819008066 9.995762031279334
360 0 0 0.00849768739023693 9.996539294614326
365 0 0 0.010302296297487024 9.993722992721349
370 0 0 0.011779753975422746 9.996668455991184
375 0 0 0.01218323720212 9.994650665030465
380 0 0 0.010598886381371075 9.996462183714442
385 0 0 0.0133204993368492 9.996488485029856
390 0 0 0.011473920750864064 9.996098277690677
395 0 0 0.016088340751205354 9.997550317835044
400 0 0 0.008230570064410525 9.995412970127864
405 0 0 0.012357178963574134 9.995110619478691
410 0 0 0.015213545561635566 9.99338741059782
415 0 0 0.012574400780722916 9.995379466373576
420 0 0 0.01077625616519251 9.994997857268851
425 0 0 0.011080203099488761 9.994414912693063
430 0 0 0.01461736589918039 9.994264945236266
435 0 0 0.012969764284841423 9.99308323269442
440 0 0 0.014349298031541613 9.99452287751362
445 0 0 0.01634719091421677 9.99309874018556
450 0 0 0.016027068175184844 9.992654599981583
455 0 0 0.015057300464860646 9.995066103073208
460 0 0 0.007657544676407779 9.994731073672769
465 0 0 0.01283559489984687 9.993420377924249
470 0 0 0.012566625354342387 9.99400486954922
475 0 0 0.012323274354879121 9.993188838146214
480 0 0 0.009161971404349378 9.99328416407827
485 0 0 0.014328529656553846 9.99433761517152
490 0 0 0.011941779083997295 9.992809951614774
495 0 0 0.012593845706217577 9.994185812215349
500 0 0 0.012207062099147237 9.992411550968752
505 0 0 0.014547877441124957 9.992140902898738
510 0 0 0.015623947424505014 9.992972908159038
515 0 0 0.010491029942774732 9.991755962316592
520 0 0 0.011347566654839047 9.992855039404013
525 0 0 0.013342804045194168 9.992771825199226
530 0 0 0.013786441109186143 9.990800893100817
535 0 0 0.011908204665673106 9.991268119726847
540 0 0 0.012115083234154334 9.99162595177619
545 0 0 0.012785632324631147 9.991238262878232
550 0 0 0.009893800518337992 9.991264724146648
555 0 0 0.015276609378853445 9.99182815398546
560 0 0 0.013749502426053661 9.990552469259566
565 0 0 0.014867273052980634 9.990668739407331
570 0 0 0.014577734881110693 9.989652776185578
575 0 0 0.011843882341207035 9.990352427484437
580 0 0 0.011309814487737713 9.990219317645646
585 0 0 0.012232409509659758 9.988894151503981
590 0 0 0.011427729332344594 9.990387286713421
595 0 0 0.011295973226868927 9.989644638878639
600 0 0 0.011718387362237737 9.989638618118791
605 0 0 0.010053737535090645 9.989102366219782
610 0 0 0.015927927823627286 9.989677903821853
615 0 0 0.01405054597797517 9.988959750127432
620 0 0 0.01231272580683096 9.988122733126291
625 0 0 0.01453165535837675 9.989196292726106
630 0 0 0.01362889704438186 9.988759184085957
635 0 0 0.012045055610549582 9.988394099290405
640 0 0 0.010199410028033373 9.988430203949934
645 0 0 0.012849337913727332 9.988699955015635
650 0 0 0.014003163642035243 9.986926201904328
655 0 0 0.010690808819202147 9.987667391529355
660 0 0 0.013915964028489158 9.987287096962444
665 0 0 0.011930800760676874 9.987979639790188
670 0 0 0.012312914545876463 9.986074334714893
675 0 0 0.013952858694348702 9.98641487655413
680 0 0 0.012335356248504459 9.985614688073758
685 0 0 0.013665036684929799 9.986389002676662
690 0 0 0.012062050936116009 9.986080491516718
695 0 0 0.013182943005335845 9.986361236094462
700 0 0 0.010970514762031813 9.985044923756424
705 0 0 0.012599595239927819 9.983903080536145
710 0 0 0.01144228247828094 9.984043519149864
715 0 0 0.013684259554526124 9.984692316699743
720 0 0 0.011167289781669032 9.984011781370553
725 0 0 0.016108660475813164 9.983853393688602
730 0 0 0.012977651918782307 9.985270643925748
735 0 0 0.015381394338892962 9.984171420728064
740 0 0 0.016777635597182483 9.982739261825163
745 0 0 0.014272164505001239 9.983638591470726
750 0 0 0.011732857390682083 9.981749416668544
755 0 0 0.011109925725589775 9.983312875860813
760 0 0 0.010817828140918584 9.981536505654786
765 0 0 0.012226747673850014 9.98159751052053
770 0 0 0.014333250116641771 9.98190153948957
775 0 0 0.011746599800911195 9.979646317959068
780 0 0 0.01363643811454307 9.981875622150232
785 0 0 0.013487452387040966 9.980811284918456
790 0 0 0.014548242438190861 9.979416931387867
795 0 0 0.010931863132290776 9.980874110465264
800 0 0 0.01122177278147074 9.979341906039908
805 0 0 0.01386492596899691 9.978452732789158
810 0 0 0.012716146649878635 9.97901816212225
815 0 0 0.015848047453896896 9.981227377584442
820 0 0 0.016149749538571623 9.979409547242874
825 0 0 0.013168921056953442 9.979030969857874
830 0 0 0.010861878361140498 9.97800482962205
835 0 0 0.015303459073600312 9.978186904147128
840 0 0 0.012646863914213435 9.979626764581417
845 0 0 0.012746858109859982 9.978010536958665
850 0 0 0.014052690846862337 9.97820899598976
855 0 0 0.014659735522871475 9.976509837602894
860 0 0 0.014145290081450712 9.976469657734624
865 0 0 0.014487879813121607 9.976799085309748
870 0 0 0.012489934901124489 9.97777278506613
875 0 0 0.0143769413994157 9.977624745974081
880 0 0 0.014720876039881592 9.976274650385376
885 0 0 0.012747517965185029 9.97753475804074
890 0 0 0.012418157000713581 9.976925361980667
895 0 0 0.00957606207759154 9.976837454028326
900 0 0 0.011903401916745882 9.97792817002659
905 0 0 0.014026643121308302 9.977594088544528
910 0 0 0.01237647042904344 9.9775825648553
915 0 0 0.011487740816278125 9.97697404250669
920 0 0 0.01137843149645068 9.976824144310223
925 0 0 0.013242923891477743 9.976580796755117
930 0 0 0.011736731817733048 9.977120598486518
935 0 0 0.011510827168980331 9.97577244160002
940 0 0 0.013157983600644796 9.97604667635925
945 0 0 0.013974039674728989 9.976941494732198
950 0 0 0.013605300595989522 9.975238180210294
955 0 0 0.012967009991345702 9.975581006566758
960 0 0 0.01287860855286782 9.97495943310637
965 0 0 0.013531575133277407 9.975133265155979
970 0 0 0.012093471070521833 9.97427080957949
975 0 0 0.013610719769619362 9.975559497266744
980 0 0 0.014023789685678523 9.975534402625625
985 0 0 0.013866181424114554 9.976052236047913
990 0 0 0.013986762220447257 9.974805779112717
995 0 0 0.014798099623833494 9.974740034131216
1000 0 0 0.013387161294296623 9.974973374501275
