0 0 0 0.2902077210380196 0
5 0 0 0.018167320655517738 21.25837496104285
10 0 0 0.01568278984592153 21.194214753790998
15 0 0 0.017188473138758598 21.134518078120568
20 0 0 0.021212435753472647 21.12109632919143
25 0 0 0.019901794765280645 21.09664593929264
30 0 0 0.0187422183110586 21.082108817958296
35 0 0 0.01816634015709817 21.051361505628343
40 0 0 0.016351892838152082 20.998301028657885
45 0 0 0.021531623337477157 20.962294613688233
50 0 0 0.02387186468083602 20.90522206692184
55 0 0 0.02199362586160447 20.894879093216673
60 0 0 0.023262160318118674 20.883251747948034
65 0 0 0.024297601781920974 20.874261836161246
70 0 0 0.022072354926566895 20.8586592705769
75 0 0 0.02456304601395587 20.839682761397036
80 0 0 0.020945824859359252 20.8240730707409
85 0 0 0.018189089457985474 20.816335033878133
90 0 0 0.022444856889848763 20.817530346846368
95 0 0 0.02596176336975997 20.802534112078835
100 0 0 0.022122803227103693 20.789008679122887
105 0 0 0.024250782956189543 20.80183970585131
110 0 0 0.02175140517865648 20.79378856439324
115 0 0 0.023498145951910132 20.772590935526853
120 0 0 0.02389457227500902 20.77684037289478
125 0 0 0.022105090557782425 20.76361026967018
130 0 0 0.025011878866569637 20.77879892571427
135 0 0 0.0209969143065587 20.758647419343653
140 0 0 0.01874592885320836 20.77418568729881
145 0 0 0.023212041731121014 20.76343761366957
150 0 0 0.02509821376139909 20.760329371254866
155 0 0 0.022840166632631442 20.757457532522658
160 0 0 0.020840458156175856 20.750095407867693
165 0 0 0.025557270857656356 20.751792657319797
170 0 0 0.02248987036452199 20.752053238141325
175 0 0 0.02539817985102122 20.750514446112785
180 0 0 0.026249892884066428 20.750855970582574
185 0 0 0.024410416683399383 20.74597875572489
190 0 0 0.021176771294664887 20.7469442216372
195 0 0 0.02362100085976193 20.746935971404458
200 0 0 0.02378793889001174 20.74581160024278
205 0 0 0.02067325965583211 20.74365554685656
210 0 0 0.025329391024093706 20.73559406863225
215 0 0 0.022287886788302735 20.747066539450636
220 0 0 0.02481413415222633 20.736949755448162
225 0 0 0.02540941474880265 20.73704433853123
230 0 0 0.024800649395334107 20.733224690673183
235 0 0 0.02455892684321559 20.73188438620876
240 0 0 0.023290399467208456 20.737814648418404
245 0 0 0.02568806787822453 20.736735763549497
250 0 0 0.023917605771448525 20.732477062566623
255 0 0 0.024708063994760776 20.735453427575372
260 0 0 0.02511265111940597 20.736676769780708
265 0 0 0.024394221967964924 20.73464607094746
270 0 0 0.024143055507599875 20.73771217625555
275 0 0 0.02551336107285551 20.73561555913882
280 0 0 0.0249123665473181 20.73330394593779
285 0 0 0.024905153392228208 20.72930107329448
290 0 0 0.025309005495226522 20.73202790435921
295 0 0 0.026396438967216662 20.73205783216054
300 0 0 0.023631974006191436 20.728648217519506
305 0 0 0.024999322754225117 20.732879848754422
310 0 0 0.02452941534660047 20.729919159963586
315 0 0 0.02536754252331086 20.729287529016215
320 0 0 0.024595210380974564 20.726357399566123
325 0 0 0.02640916484089706 20.727435349458204
330 0 0 0.02476499604393312 20.73017421665709
335 0 0 0.02325774274844128 20.728872848357163
340 0 0 0.026244783935697402 20.730375685596723
345 0 0 0.023077759264166664 20.731621767648495
350 0 0 0.024393270153894253 20.72435443430219
355 0 0 0.023144486852543666 20.72501466277129
360 0 0 0.023760903076267326 20.725610040108776
365 0 0 0.02551575512798898 20.725197431293683
370 0 0 0.02576401004668094 20.73165898884331
375 0 0 0.021956887781653167 20.726379372953843
380 0 0 0.02457903383107407 20.726655853147395
385 0 0 0.023605996352012992 20.727120777116266
390 0 0 0.024948838035617538 20.72541220907986
395 0 0 0.020888618020459715 20.72488366089957
400 0 0 0.022951247879791747 20.730239397831042
405 0 0 0.024789549958332824 20.72371103088817
410 0 0 0.021201920774178262 20.7241955379524
415 0 0 0.025848342482994502 20.72448103843167
420 0 0 0.02535392097453326 20.72545120912814
425 0 0 0.023489150729605335 20.72311623598583
430 0 0 0.02586561170255841 20.721723505135444
435 0 0 0.02575798164015808 20.72266375763997
440 0 0 0.025208911990661775 20.72415428613224
445 0 0 0.02348557116047778 20.724152646031747
450 0 0 0.02370464408606776 20.721640221388622
455 0 0 0.025034134925144613 20.724947950170254
460 0 0 0.024448581951016957 20.722583493067365
465 0 0 0.02608514539297002 20.723912002013858
470 0 0 0.024422566839517046 20.720547535655456
475 0 0 0.02520370375425318 20.72379044605699
480 0 0 0.025194101270325397 20.722175243114282
485 0 0 0.020948596373876027 20.722446480685015
490 0 0 0.026083323785633494 20.71951677625048
495 0 0 0.023004484103532175 20.719253100316504
