0 0 0 0.24982058565196585 0
5 0 0 0.01757233107116507 21.249616823108525
10 0 0 0.020012879036620967 21.151632631885235
15 0 0 0.019787016862532703 21.167199320016493
20 0 0 0.017969099214618645 21.115601316295525
25 0 0 0.01862093543291543 21.07538375959528
30 0 0 0.01924507849766477 21.08906698359937
35 0 0 0.020342300522805168 21.0273343971319
40 0 0 0.02041771753630539 20.968276225040455
45 0 0 0.021148843800000483 20.925725030315178
50 0 0 0.018525977793325543 20.913828614468606
55 0 0 0.019354985964501026 20.891897727299224
60 0 0 0.016709552720794774 20.88731440092226
65 0 0 0.022145953347751934 20.869991516411172
70 0 0 0.02544303549536453 20.88165763001523
75 0 0 0.019398512801776402 20.83940694470443
80 0 0 0.02348721923548136 20.846533403340676
85 0 0 0.018954492826699587 20.831754147681995
90 0 0 0.024455598249049304 20.814539556227363
95 0 0 0.022976903203587362 20.81922216720891
100 0 0 0.025329049420629524 20.82544946772084
105 0 0 0.021054255539194155 20.800419358987455
110 0 0 0.018969525833681722 20.811876915615407
115 0 0 0.0207990660959263 20.796400968019363
120 0 0 0.026181100153675585 20.786154042043663
125 0 0 0.02559035671045673 20.76370185911504
130 0 0 0.026213472982922426 20.770673990832623
135 0 0 0.023818569392370037 20.77441461595761
140 0 0 0.025108230955900757 20.769129010734027
145 0 0 0.02450337482742526 20.763730747291653
150 0 0 0.022320387390619256 20.77631504571929
155 0 0 0.025344031145067447 20.76688605132326
160 0 0 0.023310026398806194 20.759260613733403
165 0 0 0.025381931150911363 20.757364494294293
170 0 0 0.02594240681192561 20.76529727800931
175 0 0 0.02504707591883104 20.75756994814461
180 0 0 0.025532658888875126 20.76305291724724
185 0 0 0.028014500882040494 20.752592291593437
190 0 0 0.02526435669762983 20.74622811063608
195 0 0 0.025763704578113167 20.753923119397946
200 0 0 0.02179687819365994 20.74495888622875
205 0 0 0.02367633934342206 20.74796879856066
210 0 0 0.02335725150142709 20.746087752328386
215 0 0 0.024999640610784413 20.742162914113173
220 0 0 0.02583267126457267 20.741356315087746
225 0 0 0.026321171631824125 20.740245428169747
230 0 0 0.023210249990251786 20.7390220179756
235 0 0 0.025634482365265665 20.73859005435977
240 0 0 0.023454405572484793 20.739163908157437
245 0 0 0.02554219176925554 20.745399615097213
250 0 0 0.025226871719008725 20.738432298277257
255 0 0 0.026391183301178955 20.739563241068275
260 0 0 0.023388141997188194 20.732497780147952
265 0 0 0.027792663802070683 20.73367064467118
270 0 0 0.021034346051648667 20.740057119070965
275 0 0 0.025185335125915254 20.738261534397306
280 0 0 0.02334682537054844 20.735691469399978
285 0 0 0.02249375987420965 20.7364886235469
290 0 0 0.024499106527757997 20.736110888415137
295 0 0 0.02582953055689008 20.735201889881814
300 0 0 0.02510093918363232 20.73648187545702
305 0 0 0.027317521830757974 20.730974287403587
310 0 0 0.024311180442646796 20.73287716880761
315 0 0 0.02577288051933868 20.73766608910863
320 0 0 0.02288690693338613 20.731396597706507
325 0 0 0.02442395784483864 20.727216283581487
330 0 0 0.02563207042936444 20.73434472643541
335 0 0 0.02395635008557484 20.7324187739074
340 0 0 0.024716240509681908 20.732666989535797
345 0 0 0.022423737826085643 20.728450320475755
350 0 0 0.02531633179857784 20.733708341486075
355 0 0 0.024817806440875056 20.73320117899024
360 0 0 0.02554915087237286 20.72937144567337
365 0 0 0.024984195216390948 20.734074655912288
370 0 0 0.02653229118502587 20.727360496613414
375 0 0 0.024230628412979627 20.72844458733377
380 0 0 0.024812934708696277 20.72845760756343
385 0 0 0.025474480951737544 20.72734186334258
390 0 0 0.02329560869354763 20.726427815097026
395 0 0 0.022777589021126365 20.72571487691239
400 0 0 0.023630064124188888 20.72806299025971
405 0 0 0.022846336137465784 20.725505952707437
410 0 0 0.025075938954015164 20.72352204019262
415 0 0 0.02255971092297404 20.732518249032502
420 0 0 0.02571450776088735 20.731071577986263
425 0 0 0.02498104084546382 20.7250612857828
430 0 0 0.024473882488095455 20.72603322561318
435 0 0 0.02501322279642837 20.729188790474833
440 0 0 0.02378103175777113 20.725295396807564
445 0 0 0.02519698362025391 20.728963014510626
450 0 0 0.02433573755317897 20.725019274317205
455 0 0 0.025021484314804887 20.729327760231296
460 0 0 0.02386783391056202 20.72434319538503
465 0 0 0.023345831398100536 20.725177871922277
470 0 0 0.023650526397380744 20.72194337763035
475 0 0 0.024065510211664032 20.72835818463795
480 0 0 0.025530919632116067 20.722796024625826
485 0 0 0.020736977427852743 20.727453418126675
490 0 0 0.026526248735986746 20.723854834309858
495 0 0 0.023004920718634914 20.720748923995963
