0 0.4392356794191135 1.85058239631831 0.40832065358930647 0
5 0.9185912088396742 0.17267071983442817 0.008486391401758775 3.668438716399595
10 0.9194684929522301 0.16922157089609602 0.0015689759020853788 3.665399480693369
15 0.9265904389054771 0.1542986278761056 0.0033030464345491506 3.665674331828908
20 0.9236542464984437 0.16133578294764428 0.0008487900481219945 3.6646240202127167
25 0.9265232729906001 0.15511102667979815 0.000329888299072989 3.6632920323969427
30 0.9187872420735645 0.1727019632980471 0.0026458407865590505 3.663279991293771
35 0.9220572625162606 0.16409559674768115 0.0006585579619260429 3.6614199260276017
40 0.9250522958429156 0.15680858327606018 0.00026221710276952415 3.6616574775435464
45 0.9294451581473381 0.14783331475896766 0.006590682576187223 3.6603242062843635
50 0.9320323665539951 0.1421950651790449 0.008041584271733626 3.661355554555575
55 0.9190504150515362 0.17408183636466257 0.00036434718434308344 3.661557290528032
60 0.9317973802088206 0.1460980959298972 0.0006008140446855936 3.66019339827778
65 0.9310627325135825 0.14474224121654622 0.0036970855406832648 3.660509893262683
70 0.9331299110470626 0.1404959789500726 0.0015167487662577361 3.6600077213230393
75 0.9327866762940278 0.14205214625189067 0.00027554084542913415 3.659411231538865
80 0.9346027006912908 0.13660528090551827 0.0021281488437001617 3.6600606764946946
85 0.9278218566397106 0.15471304930738228 0.00591268061238015 3.6594423531052396
90 0.9329139915579324 0.14144730421764473 0.0016614103940748581 3.659791411259476
95 0.9250447071918003 0.15829571506144413 0.006503768846077618 3.6594428070973737
100 0.9340489601678412 0.14435751600136815 0.0017325791315907502 3.6598667865298307
105 0.9311986126829188 0.1476843625445774 0.005475631692819727 3.65907012193469
110 0.9317956100497256 0.14232838805714243 0.00038676801530068694 3.6586969315304145
115 0.9358480884650633 0.1350158121666989 0.009113669100782928 3.658716600656253
120 0.930614962966223 0.14514414401707354 0.006183839921452883 3.658691109882621
125 0.9316533247785436 0.1447771207144224 0.007854757994228745 3.6588927062383685
130 0.9342580196792957 0.13776765526781176 0.004021601858303914 3.6587870084959553
135 0.9330196198040152 0.13951859870806738 0.00413319961065306 3.65855414245287
140 0.9313734962599249 0.14415929394319216 0.005272967134643869 3.6579600003789277
145 0.9356772860929583 0.1352344575715092 0.004094599912290109 3.658216987321269
150 0.937112156892606 0.1321181954246211 0.006680291288369 3.658684739161056
155 0.9315479824868707 0.14404413010779837 0.00036664056766011477 3.6586610123579044
160 0.9364597321883252 0.1335142777189473 0.004530517315264548 3.6587009893341333
165 0.9299864794316253 0.14634860985914777 0.004874737172171573 3.6584959692125505
170 0.9366316872349867 0.13387048858860773 0.0015759788306872746 3.6581606045875947
175 0.9284248890868301 0.15247679378040724 0.0016020736975896899 3.657433839133284
180 0.9324910125371493 0.1413626421973353 0.004010639065830768 3.6579216228100275
185 0.936431625381563 0.13271666475479948 0.005085870601780007 3.657821892948027
190 0.9352231557929096 0.13495503971950873 0.0027608893295580916 3.6577234880738883
195 0.9332402257662371 0.14104954859341445 0.0048632959824506106 3.6573625235229805
200 0.9361050533678229 0.1335166601410589 0.0011671585367365456 3.657160312250089
205 0.9310619709432348 0.14382515634067117 0.0049536134207361915 3.657690594291949
210 0.938091025919939 0.12948362867215613 0.0016071076765136194 3.6572479185084035
215 0.9388859661529173 0.12806333473142484 0.006099302825904207 3.6573287537414974
220 0.9316458215505924 0.1422031326830706 0.0014880764641516109 3.6574422519515055
225 0.9354376184260063 0.13581388447662235 0.0014392799238642784 3.6570610541858497
230 0.9341175372156221 0.13762647958305152 0.006157295945290908 3.65728362990382
235 0.934749931335156 0.13740287036769594 0.0015220573468592846 3.6568500988387695
240 0.9330026557102077 0.14031093967023578 0.012613638471691058 3.6567104129794648
245 0.9344403414782981 0.13693721431245498 0.0021883660237689284 3.656942768389021
250 0.9802045821077455 0.04571394869081935 0.009404803213492352 3.7239307127430425
255 0.9930173798765696 0.01952149169306061 0.0017817676801619164 3.6702827122686665
260 0.996587233946725 0.010860342118161004 0.013807122808538352 3.6660356386651194
265 0.998248936147131 0.0052110232581563665 0.0032484194455675297 3.6638590265723594
270 0.9984366174281613 0.004711314339665318 0.0006108161101061604 3.6616925193930205
275 0.9987320428479365 0.0032309262818923656 0.00457099054454857 3.661176601744701
280 0.9985350662502483 0.00495376985843432 0.001254058248033374 3.6604599557341313
285 0.9974686147824546 0.007742468532514923 0.0006428596321119695 3.6609532491447623
290 0.9989663376166964 0.0035108126400063 0.0004454578165706824 3.6604909877643883
295 0.9973903608657565 0.009755739363054516 0.0008259341258003428 3.660553411490521
300 0.9981739072189152 0.007044415880337329 0.0011589409818169027 3.6598789488196224
305 0.9990893312950462 0.0028311714974775803 0.007415313785156696 3.6598748092203937
310 0.999005541437238 0.002906060587504644 5.5349376009150575e-05 3.6598919147319937
315 0.9965706241655328 0.01288888971272062 0.01012767486460775 3.6589110744552142
320 0.9988568400184041 0.003590330585281354 0.003089056135616497 3.659256378298923
325 0.9980534529332248 0.007432747282690055 0.005964972458870177 3.6589960704235405
330 0.996950624147448 0.011655284855879522 0.0015242999379776467 3.659498682992309
335 0.9989185241094223 0.0035622725448094528 0.00028864034242848113 3.658344040420252
340 0.9989890311673575 0.0030159404190626127 0.0028027481789958397 3.659125577198277
345 0.9987598507569375 0.00409382554646287 0.003939413774997957 3.6588934740411325
350 0.998652705892054 0.004385678914714752 5.366192518563295e-06 3.6590473372056915
355 0.998738883151466 0.003588921574553261 0.001211410012819325 3.658743602337946
360 0.9987841746953636 0.004158992383950011 0.0008219721576805394 3.658037440667033
365 0.9983635724300692 0.006057475652314626 0.0025950146705513433 3.658246005977158
370 0.9987164749712296 0.004555888062582447 0.0011889174122001744 3.658268924047239
375 0.9972113923487481 0.01045447502642105 0.005063617066728421 3.6588186321698206
380 0.9992968691473944 0.002356893365676793 0.0030753041872604303 3.6584359138053264
385 0.9991896990943342 0.0023653381288188946 0.0017867114867653466 3.657833226289739
390 0.9982680795869097 0.0062996964371864195 0.002278939857700779 3.6577260951452324
395 0.9991225383318811 0.0028316131712124992 0.00350485107568832 3.6580002762760584
400 0.9978618974748963 0.00816370589971882 0.006548305787137165 3.658026966012861
405 0.9990502600133171 0.0034033516553755305 0.0007710455214728906 3.658538227798582
410 0.9989099554570806 0.003908175449120588 0.0018292320612698365 3.657600502266135
415 0.9988222985415365 0.003837760090607212 0.0015368307319723051 3.658146907876116
420 0.9991139814428085 0.002908301729254159 0.003740367179889459 3.6578239981213896
425 0.9987002309440636 0.004900485797583176 0.000753904917988768 3.6577834148492663
430 0.9988107122627464 0.0038874857189497014 0.004540085856735709 3.6574470143734503
435 0.999194767456769 0.002652895944743161 0.0047478436807535385 3.6576815972692085
440 0.9990499647515378 0.003440703978827564 0.005562257388393332 3.6574849456495517
445 0.9992731793523626 0.0023472242007711586 0.0032056234849136 3.6574988882738735
450 0.9990562619694292 0.0032825560214151395 0.004439505823315093 3.6579911450405187
455 0.9987108871961285 0.0048186969563928095 0.0006376958113862852 3.6568639236321987
460 0.9985925555478448 0.004906061889792035 0.0014678714003828475 3.657774098404257
465 0.9988671443252684 0.0040910188467710995 0.0012194447751927573 3.65735168494466
470 0.9991007907239764 0.0033092831115890675 0.00457061569086048 3.6573670771574855
475 0.9981226248153081 0.007462097791183897 0.002637256921126596 3.6573059681025324
480 0.9987897966441888 0.004426114085781752 0.0029512152413990744 3.656876081956383
485 0.9974471121544549 0.009726811959020587 0.002197876157556733 3.6573287418979787
490 0.998978955403448 0.003971587021735612 0.0034082154026231493 3.657185300394795
495 0.9992237621159266 0.0024519377905165562 0.004346722676342507 3.6573933754101255
500 0.9992093411546098 0.0028454657354579638 0.004619402270495732 3.657339563940295
505 0.9977033505492023 0.008456664411577997 0.0010126118309130572 3.6575425251025213
510 0.9987273636640854 0.004827673612755934 0.005159466347875341 3.656778997433378
515 0.9982867793669605 0.006694506749058249 0.0005323238486365511 3.656873852308105
520 0.9987652067784127 0.004411106857169056 0.0019351702477226063 3.657205720765342
525 0.9980125803508928 0.007816823280024199 0.0014525232150772727 3.657264465198837
530 0.9989943821812337 0.003559930791158461 0.011201431645364135 3.657121849466046
535 0.9991112624703659 0.0031641665067234648 0.0010035563956773963 3.656896345615178
540 0.9993668063273821 0.0021422300871840605 0.0033475622493985835 3.656636237130175
545 0.9949540352729536 0.0195652729216782 0.010642030664186786 3.6568151793860775
550 0.9964646543355015 0.013908816135107305 0.002329182592126555 3.6565109436609147
555 0.9995065436135621 0.001604829448640821 0.0008021631847536792 3.6566803084420347
560 0.99880352459438 0.0037933693716958317 0.001129535633519696 3.656393500002927
565 0.9981736632107254 0.00711018405329833 0.0007974068368348242 3.6570054593010055
570 0.9986578216209434 0.004905729260544778 0.004059498584104038 3.6569740177287224
575 0.9988835832660947 0.0041942739458846745 0.0022995007746582363 3.6566844841580552
580 0.9984201348152215 0.005967639954353121 0.002319082890677393 3.6566881975897183
585 0.9987165902337717 0.004926607467370836 0.004230729460404481 3.6565200966486358
590 0.9989363913512957 0.004063299978192436 0.0026603216457214973 3.656667142696563
595 0.9985045260323108 0.005863764463291066 0.003228876959620486 3.656556038811703
600 0.9982143103088046 0.006764537882848032 0.0024807446874910433 3.656725413422416
605 0.9994122029425826 0.002070684938216605 0.0034259305441124432 3.656649936627573
610 0.9989360632544207 0.004006885447318531 0.003231868822508588 3.6568645831230167
615 0.9990671569507465 0.003559978611761494 0.004426367219071858 3.656398189265057
620 0.998517997322024 0.0058055984706157915 0.003337949841788035 3.656531300125689
625 0.9988024034063 0.0043391419810188125 0.0019766760622583757 3.6561611115316346
630 0.9991098759336605 0.0032762635355929604 0.006006930871173655 3.6567747868579312
635 0.9989265367701389 0.003956521213702935 0.0010475111084451427 3.6563871590397343
640 0.9982469404606026 0.006866855753900669 0.0027804727593740974 3.655917162918695
645 0.9995156395102998 0.0016064942696814022 0.002011532580920017 3.656501081889967
650 0.9985631049837616 0.005551012651117571 0.0038362193479615225 3.656495464804881
655 0.9985311999691291 0.005500039148114588 0.0011851684514903038 3.6558162620979577
660 0.9992080970891323 0.002719616997628016 0.0015370321827006261 3.6564729929578323
665 0.9991529225330293 0.0030652442295089344 0.0004942894360309147 3.6567858111193976
670 0.9988759092871504 0.004254431963259364 0.0018772557398962775 3.656125597768701
675 0.9993008365556661 0.0026123423557176118 0.0019502345943676058 3.6559459692521603
680 0.9989982545476197 0.0036775977266034765 0.00022733310617595315 3.6570197318816198
685 0.999184427079907 0.0030692556174134467 0.0029996010803694517 3.656394215383053
690 0.9987133647106101 0.004864210544574199 0.005569500806631433 3.6562728789630796
695 0.999466740101084 0.0018242974975470894 0.0004850228590678185 3.6562825910117858
700 0.999406773519781 0.002211104217469728 0.004395912374739019 3.6560517090421816
705 0.9985355056774553 0.005725223565779647 0.012786077459671752 3.6554881913075317
710 0.9992074755818812 0.00298861513776405 0.0009406198588992609 3.656347626781158
715 0.9994790946877983 0.0017485053206538481 0.001962249775409264 3.6561758751810602
720 0.9991383997828207 0.003337267846964753 3.908709913758024e-05 3.656413293850448
725 0.9992669379561405 0.0026414307462103714 0.0023542833155829612 3.6559470156703964
730 0.9993312217613786 0.002288633996996303 0.0012939483397851337 3.656413902774035
735 0.9993772609307543 0.0022894131076101054 0.0031790819451789076 3.6562055660018133
740 0.9992530431643268 0.002656051204440679 0.007175414189381613 3.6558012055859037
745 0.9989421362502737 0.004154527725964918 0.0015835137493132034 3.6561810823346317
750 0.9993414897693783 0.002412233153575194 0.00011911889657256758 3.656564114595979
755 0.9991848520415281 0.0030367404300339906 0.002642784537603582 3.6557861236891678
760 0.9994940009424568 0.001667845472735241 0.0008998355243146072 3.656178739745931
765 0.9978089882370367 0.008524277562792726 0.000339738550120261 3.6557530126417777
770 0.9988057720737628 0.004511593521884905 0.0013658487110008721 3.656463434946213
775 0.9987599986809237 0.004960997833427516 0.0013200236629571371 3.655995839055376
780 0.9995318630166116 0.001595054656412298 0.0013398899100620643 3.6562239202457674
785 0.9991881890318035 0.002858393776345114 0.00278679825632433 3.6560822861179276
790 0.9987072732742432 0.0048328265229029554 0.00011861457276785004 3.655434289145741
795 0.9993047103305492 0.0024161283798593836 0.0017688903394834643 3.65575600732941
800 0.9986567998347264 0.004653538226254472 0.002989053861897517 3.6562033376545524
805 0.996933353430107 0.011785388347658632 0.004941538770293574 3.6560065266284663
810 0.9987442275766745 0.0047247961799801175 0.00011083997288929837 3.6562295267840317
815 0.999175030267682 0.0030563918164894233 0.0013632737799704753 3.6562337876582736
820 0.9989261465539738 0.0041596596273763 0.003266770711985556 3.6557320434478027
825 0.9995375589428175 0.0015454114740358627 0.0031773145618787524 3.6557481103963196
830 0.99929831880526 0.0026263278515190613 0.0016859382012082147 3.656382988042406
835 0.998575318005384 0.005406930043587721 0.007500197213468951 3.655942826056892
840 0.9980438752383511 0.007843414299812945 0.002848702215374699 3.6561292101495337
845 0.9991763009606949 0.0031740908334434437 0.0003024696826052775 3.655982840259364
850 0.9994327186159901 0.0019869792111766316 0.0009558165117089512 3.655994036720638
855 0.9977119725501806 0.008425608955339836 0.0016858286709482417 3.6554649703451774
860 0.9993611481290471 0.002225542324608476 0.005716870509587357 3.6560432091828243
865 0.9990506307501966 0.003649881184088599 0.0009719530324334702 3.655436554768957
870 0.9991887742812036 0.0029710901711670346 0.00320258997469991 3.656195267204424
875 0.9994041493976096 0.0021658186828856785 0.00564930921298612 3.6561780919267046
880 0.9991508876980455 0.0031295648402118736 0.004511281611853768 3.656190399371992
885 0.9994719921056979 0.0019027806087867916 0.0024975036257175454 3.655741755053981
890 0.9991616126420421 0.0031058304760502864 0.003649049959465911 3.6560527359429686
895 0.999417708227807 0.0021761313426860163 0.002316515141802533 3.655995278808116
900 0.9992650853168108 0.002457584845417138 0.0003190257910774541 3.6563519614108047
905 0.9993309295289707 0.002405049159406314 0.0021104027357081723 3.6558804456549376
910 0.9984393828915465 0.00616737115615118 0.005178593812334098 3.655933940337705
915 0.9994124427141811 0.001967529411772251 0.004144076805196351 3.655875063766519
920 0.9991385847829879 0.0033469690202410085 0.0019515659131090768 3.6559701437221053
925 0.9982440187660323 0.006727109689137478 0.0008402149109221213 3.6558140466692417
930 0.9993569818661321 0.0024641461098005024 0.0026860657349925265 3.6560206385557823
935 0.9993266127057816 0.0025747277351007014 0.0021872238564257795 3.6555901016784818
940 0.9992640024864403 0.002823877251103557 0.002655121191572851 3.655899272981259
945 0.9994175500418867 0.002184055106627447 0.00014233425182563764 3.65550864001377
950 0.9992184059340001 0.0029924854045546567 0.0059338986834760465 3.6559985004912057
955 0.9985117042874802 0.005855110788085316 0.0025236408959512513 3.6556143936164123
960 0.9988584394131581 0.004366428890380192 0.000393338896098383 3.6557883237774984
965 0.9988902323266622 0.004338148123786745 0.0023599019835596202 3.6561866370235423
970 0.9980830506915183 0.007471331489805166 0.0022282201461922835 3.6562174173648314
975 0.9988856971823239 0.004277195998352745 0.0006011760586617232 3.6560929195882528
980 0.9986718521192302 0.0052118765371829134 0.013703731824457721 3.655792387431358
985 0.9992459992633518 0.002847110061724223 0.0002851047422924857 3.6554434897499237
990 0.9993185906340771 0.0024944054573423635 0.0019208921185831507 3.6557947001217928
995 0.9992612879495565 0.0028149282975062917 0.003711461349812595 3.6559149658778245
1000 0.9992853970864071 0.0027029777527527443 0.0017789376242485222 3.6557841432359237
