0 0.4392356794191135 1.85058239631831 0.40832065358930647 0
5 0.6740501915080388 0.8477770713944297 0.10149123708375374 4.075840939657033
10 0.8804429228947914 0.2639423195061146 0.0023637167865808717 3.718551335473177
15 0.9150529689151483 0.183846754783886 0.007313351516178512 3.673018955545073
20 0.9171458666612708 0.1777948018463711 0.0028088091496274448 3.6685383781008842
25 0.9172169075771873 0.17799115741270333 0.0006885243889096504 3.665402562575255
30 0.9194933701553721 0.1708319005253376 0.0045912026039769405 3.6637879944407565
35 0.9202426901268403 0.1685898366353351 0.0011365946173433894 3.661955427660792
40 0.9203577817775723 0.1684017885166913 0.0029112548454510723 3.6613553797685676
45 0.9218620906942776 0.16486597713422535 0.007707133651517983 3.6605608445461173
50 0.9210090170226248 0.16648373254335747 0.005549706375404639 3.6607521213034304
55 0.9180532833735906 0.1741859329310489 0.0021937807703866774 3.6611897390761077
60 0.92262226750049 0.163497733014752 0.00036991082959114685 3.6602699952065434
65 0.9224437057399492 0.1630202948362669 0.0008154074365838149 3.660499673815362
70 0.9225570121173594 0.16288960120731089 5.872446396804065e-05 3.6599812671989884
75 0.9221621173668764 0.16470233995871375 0.0014658418922444127 3.6595399249675156
80 0.9233675370423836 0.1609258600797734 0.0023494758637048196 3.659992827110411
85 0.9220534394581177 0.16393705204574793 0.0036466032980106977 3.6597507005949708
90 0.9219057465823152 0.16456323209085033 0.0035772488997218854 3.659512903752265
95 0.9219950528739589 0.16405968680922012 0.001353862570499631 3.6595122104901234
100 0.9345394262851002 0.1454926527383491 0.029814223671057016 3.801266021228124
105 0.9360846752849913 0.15055934856870845 0.02016740246192006 3.7912570710084506
110 0.941592659365865 0.13361582902491032 0.008642014575322099 3.790144846086085
115 0.9409246961361227 0.1350074144749902 0.016653248777733554 3.7894088944927744
120 0.9421537245961098 0.13266398442540783 0.03453512791756319 3.789019667167602
125 0.9399878825451609 0.13924413304284933 0.03578788707889413 3.788213007992537
130 0.9419881552638609 0.13355062764188697 0.03266750070192548 3.7874709829990234
135 0.942929495259363 0.12989632127176742 0.007556584115838261 3.787103785417665
140 0.9419206341653727 0.13295146303529926 0.018184245495569185 3.785874576112848
145 0.9430973690545625 0.13041109167524478 0.0379062682971012 3.7858100735993134
150 0.9439643801563264 0.1278963820890402 0.03252184241135714 3.7856655342811654
155 0.941984285316579 0.13337716615317063 0.01637233711035635 3.7851611771149987
160 0.9442314366469249 0.1267445466022008 0.022333012164595045 3.784600079046191
165 0.9443713557406264 0.12668666142582063 0.012922228518102541 3.783361495659775
170 0.9446541130156618 0.12645862436397826 0.024268412468504197 3.782791627982492
175 0.9422697571395248 0.13351161593368666 0.04437144254287806 3.780492396050185
180 0.9406476186162644 0.1385485935642503 0.024559482754847872 3.7803129899603176
185 0.9465151848236613 0.12224648602652799 0.016474940776602054 3.7788585038792064
190 0.9472490540200533 0.1199086924310322 0.04726206379777387 3.7775648745847947
195 0.9475585904831129 0.12001143621658716 0.027181354940892577 3.775796085386542
200 0.947516653568793 0.1202243887911183 0.021865378979553762 3.7737757435303765
205 0.949835782390887 0.11368974079260852 0.02300141069879924 3.7721746275344192
210 0.9508067180079579 0.11290454235447855 0.019681581751315624 3.7682682589155805
215 0.9533609297261578 0.10597846948945211 0.019473620707437522 3.7651295404276848
220 0.9554674917572139 0.1007396673748282 0.032394366520618556 3.759499234097311
225 0.9564829785404871 0.10026867499244885 0.02286235085245547 3.752811943626704
230 0.9624883781794178 0.08486100642970529 0.017980363160454926 3.7452521525280726
235 0.9549847565420901 0.11226803814846997 0.014836491091842818 3.7342123309840076
240 0.9673239212772746 0.07714925447575194 0.03379355271724771 3.725150552885721
245 0.9737419194609015 0.06002017217656874 0.007879997850380294 3.7168429731075894
250 0.9778445077540792 0.05018310097079226 0.0037902068209139106 3.7111252520713145
255 0.979987165620614 0.04596337983078591 0.009227580966921334 3.70485186463347
260 0.9821978908253095 0.04443908987408207 0.018429863779328315 3.6996275523357935
265 0.9860425009044163 0.03254914044932766 0.014863365267069772 3.6950945138801963
270 0.9865219737344455 0.03168959261992654 0.00015929341448028822 3.6891169620316657
275 0.9888017766019483 0.025762952318151733 0.010003715851226946 3.6859860749416136
280 0.9906506480952927 0.023069709838730912 0.011779422741794665 3.6827362555919825
285 0.9885529652976681 0.027276452542779772 0.0005457196372751216 3.6813870263935304
290 0.9923543226056624 0.019559242175242186 0.008364715529534106 3.6786149209240513
295 0.9896588779081474 0.027085689775542487 0.010304128061039641 3.6769815276712254
300 0.9904496034142437 0.024885341454370824 0.001287987117639 3.67507592136964
305 0.9945065241516067 0.013562126049431633 0.0009393011307510246 3.6729486022891087
310 0.9931470193549643 0.016030353477133108 0.0062467324199160235 3.673005578391478
315 0.9933036902088258 0.01651023414294306 0.00402573717489374 3.670244943382628
320 0.9954531731438823 0.010717611839433872 0.0009652084197737665 3.6701260745177247
325 0.9944604022632082 0.014451397420685907 0.005355270833835801 3.6690216889815814
330 0.9916457873511589 0.026908621284031042 0.0030038477761364923 3.668381647007314
335 0.9954439826460549 0.010848528684271663 0.0017902524982829071 3.666588483934177
340 0.9964245700463062 0.008747487708305357 0.0031652687501899646 3.667274684961108
345 0.9957253981179469 0.011537785662524946 0.010524395416367183 3.6663122162976705
350 0.9958940707240094 0.011357288448820224 0.004490196700057458 3.666523517643049
355 0.9960495229307538 0.008864673779406473 0.0006011178622067348 3.6653568434744215
360 0.9971425729213876 0.007064441001686017 0.0021192300531309716 3.664821290063178
365 0.9958601501788275 0.012286614051191247 0.009014489079751886 3.6641234981299937
370 0.9971480145625603 0.006788516263147137 0.004401304635919034 3.664336730239233
375 0.9940069569827122 0.01861445661520289 0.008409538544494222 3.664741349296288
380 0.9976061111344249 0.005999481774347615 0.0018199626500425836 3.6634687683526437
385 0.9978428640369302 0.005327506901139145 0.005020148414124348 3.6622608014831406
390 0.9935476941863304 0.021670672203105035 0.000695706588855094 3.662192416115709
395 0.997961965516142 0.005329858883720728 0.0017791190138842783 3.6622221980922394
400 0.9950127651180717 0.016386173776672397 0.008184699205920465 3.662804772979953
405 0.9974781277079028 0.006682645357331207 0.002428704582473129 3.6624575143692253
410 0.9976825690472585 0.006146375221261824 0.0006538558817286155 3.6612319428872313
415 0.9977442027626693 0.005841966681029653 0.0028640056650199863 3.6624003422535414
420 0.9979303975602606 0.005212200439578041 0.0016507661778994986 3.661781290817102
425 0.9966651827807551 0.010927001686342752 0.004980358010659991 3.6610646122555575
430 0.9977089991481585 0.00567130609369082 0.0014855539510820748 3.6604050922469455
435 0.9982380995708271 0.004189922707500848 0.003506551468745789 3.66069211880995
440 0.9971248035802351 0.009119252785819931 0.005006907972927799 3.6603572841614183
445 0.9982813881747327 0.0041897083126540835 0.0014950164335663096 3.6608091525461077
450 0.9985839723632152 0.0035391919055753895 0.006509249068982426 3.6615246621028668
455 0.9983285941143392 0.00464141893593073 0.0016389292714056314 3.660145940721677
460 0.9956604535324272 0.013945395532536153 0.002461340426319847 3.660384935800431
465 0.9984990994910357 0.004296969224439451 0.0053685949597293 3.660370609742141
470 0.998645032995777 0.0038763950815647874 0.006020673979002078 3.6600433834556707
475 0.9966581723283667 0.011730656218872593 0.002754590897134479 3.6598880137651606
480 0.9974208828115464 0.008700656311996902 0.00309431819358319 3.6589018800561526
485 0.9968271331618476 0.010244877054234713 0.0016370773164802177 3.659867700364945
490 0.9988412252323541 0.003136220866958972 0.00292817636332221 3.659828096762767
495 0.9987239206460836 0.0031629706417097836 0.00031800843477891583 3.659897545276192
500 0.9980088675900647 0.0064963593683708964 0.004220458070691713 3.6595394265046908
505 0.9961371582634605 0.013562706735457564 0.00284774777625052 3.6595667787534625
510 0.9985719221792967 0.004404473592479086 0.0013384298491603275 3.6591947761965486
515 0.9974663360515279 0.008770799048864575 0.00010081888665691707 3.659333272650092
520 0.9979921828906038 0.006010212247193447 0.004639210730196686 3.6593964804416794
525 0.9968665988031136 0.010894786253051958 0.007620054291053169 3.659879945577235
530 0.9981519499140399 0.0050470367856760845 0.0019410666770565133 3.6590124091428646
535 0.9989324697751317 0.0026899110432019313 0.0019460425448187824 3.65912702970589
540 0.998816141626044 0.0033801986086663405 0.005959239274311745 3.6584413835712026
545 0.9920957324218361 0.029054511584167386 0.011422354656107858 3.658527979929397
550 0.9974700660662731 0.008119975289162085 0.00454819116702887 3.6585468087697945
555 0.9985583810767548 0.0038633727351213842 0.0010261658673340612 3.657973276803377
560 0.9981478407992737 0.005251643150065988 8.846447976451621e-05 3.658445973855356
565 0.9966105823252291 0.012005860153638359 0.005221012806032821 3.658582921832257
570 0.9976043899683343 0.00815876164763063 0.0007214501046060029 3.6586282949312126
575 0.9990419695732137 0.0024450513573222032 0.0006266616759662558 3.658177345803353
580 0.9983014932609181 0.004828676462528936 0.0007648340871457826 3.658748593707642
585 0.9989283807136305 0.0028713852328374756 0.0009183638952567907 3.6582995472295905
590 0.9986495981504812 0.004035148336680283 0.0026517032850799094 3.658334966375358
595 0.9986044779024137 0.003987440150065247 0.0007312749923602535 3.658081181581041
600 0.9979912783065767 0.0061334508566677215 0.002166651321980906 3.6581944413504432
605 0.9990863866742321 0.0025249507093842993 0.0031709740861460833 3.6582674487800504
610 0.9980267212255481 0.006956994412724349 0.0016803903303652667 3.658107640730052
615 0.9991629277995571 0.002241263292115825 0.0026434935629195966 3.6575736867585595
620 0.9978899205103375 0.00743446840657791 0.003963822955100671 3.6584611353026806
625 0.9989464735389232 0.0027642674441787918 0.0017462928076947826 3.6571831937870387
630 0.9980614130074086 0.006098618999441641 0.006311344215935932 3.657771733450559
635 0.9988118361803364 0.0032898614831866624 0.00040405174103086416 3.6577174528567866
640 0.9983473346977906 0.00532636794488095 0.00190144813359594 3.6571924801927542
645 0.9991530752774763 0.0021687403024701624 0.0004861256524064661 3.6578721704282753
650 0.9973686918273192 0.009416206318503484 0.007019775921243809 3.657288149202042
655 0.9983081444200275 0.005351501045129048 0.0010483328446175832 3.6569329796354797
660 0.9990692075903196 0.002432589872858326 6.262271583068468e-05 3.6577094202445335
665 0.9984501335806034 0.004889352485138332 0.0009648194948757016 3.6578222326810232
670 0.9992578158139327 0.002109240860591388 0.0007478849612840843 3.6572046421238884
675 0.999230275666253 0.0022034127136016934 0.00037035183279066075 3.656852973653864
680 0.9986172821986021 0.004140054712804542 0.001932220509520688 3.6579494832343817
685 0.9985754538282322 0.004737506099437905 0.004829975769640171 3.6579899531033573
690 0.9984054142833563 0.0052008362148567855 0.0030518091770785905 3.6573420177448805
695 0.9991508117536054 0.0020806041739249714 0.002312651142925226 3.657302958121318
700 0.9991933147840425 0.0024741350440198318 0.005833369191915017 3.6573982637419875
705 0.9972726664761147 0.009851801486489009 0.007117998610093101 3.656431378616954
710 0.9991089260545299 0.002522704454271274 0.0005591684226766702 3.656446237194792
715 0.9991880327607681 0.0024235767990625767 7.341268315497196e-05 3.6570006579517256
720 0.9992574923062116 0.002183561686912139 0.00015298086737081107 3.656932036317291
725 0.99912305111876 0.0024111009076652756 0.005174610996480755 3.6568094785575913
730 0.9990225513879125 0.0031501581329580475 0.005116301297781289 3.6570944081744337
735 0.9990733370675519 0.002769033467176385 0.0027935583253990703 3.657180800176894
740 0.9992667096685112 0.0019730433021010185 0.0014041162454863088 3.657074882155584
745 0.9982408876436363 0.006292796569319137 0.0009086281018586551 3.65710769871569
750 0.9993286773331904 0.0017778734112097183 0.0020174060186382015 3.657247017023481
755 0.9988814271104611 0.003390289218708542 0.003960785208325657 3.657268701205319
760 0.9986903871854991 0.0042057812233591285 0.007314206659415401 3.657133102415086
765 0.9977521753390619 0.007869136800045862 0.005002441810687319 3.656618282826202
770 0.9967107363096375 0.012381925109979264 0.007815114690997271 3.6572901384619687
775 0.9984097912803027 0.005724021272447644 0.0020261122862423875 3.6566914317087997
780 0.9990941105519855 0.0026105805968588136 0.0009372960466134117 3.656957309591891
785 0.9990050012152208 0.003167158765948752 0.0031924287432936183 3.656802935343791
790 0.9992795481135502 0.001957278058170253 0.0005781167755141148 3.6564988832775454
795 0.999388110281699 0.0016539009888298928 0.0003158948968982056 3.6565663773027084
800 0.9989216477221237 0.0035310823004315317 0.0029827369010217986 3.657000417961365
805 0.9977055872306274 0.007918133963110918 0.007183433729367028 3.656713094427484
810 0.9988578206592917 0.0035338826872610696 0.0007632587718877648 3.6566765757191524
815 0.9990949123955131 0.0025099668341317383 0.000596700903609193 3.6567347462455406
820 0.998908576716776 0.003658613365224106 0.003615036170926844 3.656459761879869
825 0.9991347566832214 0.0028387606744537663 0.0026752115601131887 3.6565473037826104
830 0.9993008271149076 0.0022743548530810287 0.0008647667715346863 3.6571741159471363
835 0.9993393143806149 0.0019968501541960393 0.0047323057467059115 3.6565777624679408
840 0.9986781715099955 0.004830554809827525 0.0026673249790503117 3.656652905045888
845 0.9993245737026484 0.0017938321874173546 0.0010423308052107672 3.6563641211847857
850 0.9991394335808252 0.002566495669451996 0.0005397476095143627 3.656720910419334
855 0.9972648014626377 0.0094877673512892 0.0013397465957722954 3.6564080125609144
860 0.9994233340568142 0.0016539998815638945 0.0009355517854228168 3.6565963132148824
865 0.998766407427996 0.0040265500228908735 0.0018774881339567173 3.6562671073167157
870 0.9988228938318281 0.0040593337260590445 0.0022449702853648557 3.6567997109603096
875 0.9991358601586183 0.002440580555675531 0.002193951080635026 3.6560910097834345
880 0.9989546611519107 0.003207660926523914 0.00227790264142258 3.656396640602195
885 0.9990717485748919 0.003134839590910321 0.0031786311234833775 3.656604959415525
890 0.9990518784608833 0.002562152515374727 0.001375493986859544 3.656337563629778
895 0.999340435088391 0.0018402587301187268 0.004097346521594547 3.6567444035656673
900 0.9992384642851309 0.0022030998553401737 0.0012264615507664445 3.6567423154504093
905 0.999129864520119 0.002749545903776962 0.0008149942191582049 3.6565075169730776
910 0.9960075256798341 0.015326695702976512 0.014924678987336959 3.6565765410806295
915 0.9993331651582943 0.0017947864240497324 0.0019652028295849 3.6563307710833515
920 0.9990108846477388 0.003505143571493008 0.001597567992120963 3.6560441507422103
925 0.998477137786142 0.005405314760086988 0.0008979536829958334 3.656471375104222
930 0.9986618568621483 0.004581036586057685 0.005119015065680799 3.656745243842819
935 0.9992425909356312 0.0020234626505386544 0.0001938910954253359 3.6557450704951227
940 0.9989223881979616 0.003781463548537811 0.004468568032959697 3.656557426563988
945 0.9991474957917659 0.0028820224246182136 0.004888288985055 3.6564047562024884
950 0.999378113223736 0.0019673043529699896 0.0014229364849243087 3.656321091674113
955 0.9983615626782455 0.006068915040118306 0.0003579464171827862 3.655923903339339
960 0.9966493109713268 0.012673526773431032 0.003314746921353473 3.6561196230041935
965 0.9992764627376816 0.002457663444177527 0.0024913422510208783 3.656462075385447
970 0.9994065475550789 0.001890688294090559 0.004876569304129497 3.6564820704166054
975 0.9988347459690801 0.003833010902821954 0.00030164137113897205 3.656691500167769
980 0.9994664663817248 0.0016807077459524145 0.00437571486647137 3.6561807411807172
985 0.9991720748334083 0.0027060273255159473 0.000395555638522449 3.6557146326723227
990 0.999174898458524 0.0024359071558412992 0.000847499955824782 3.6559065364132817
995 0.9990125911768355 0.003379748414171324 0.0005289488422355326 3.6563166916709373
1000 0.9983035969653451 0.005848295831127448 0.00305178848077281 3.656285963936296
