0 0.41120231021403836 2.0183412893998662 0.33491977182612576 0
5 0.7520931788932539 0.6214409411697588 0.06872756886943221 4.353656374086072
10 0.9308808231245058 0.16122999168114394 0.01308501091932679 3.820446100790056
15 0.9362720993626972 0.14896278389145845 0.030960718816680943 3.806845823416845
20 0.937592834219362 0.14473614008960833 0.02252504863480409 3.79938609624787
25 0.9395464430410742 0.13837714115536492 0.021338411410143587 3.795149824500154
30 0.9370447566666895 0.14719699878517556 0.024162191602605576 3.7924272960542607
35 0.941059994194923 0.13578417838852452 0.011945492665990542 3.7914397795484915
40 0.9418631564039389 0.13367699221630636 0.028681241176951255 3.7897230281211067
45 0.9345405088218525 0.15461523870252192 0.034702142112315704 3.788997393533039
50 0.9427178677150166 0.13115912193991708 0.01760040404839791 3.7880300076459967
55 0.9425767967299721 0.13126118081911375 0.03413891058601526 3.78689997482028
60 0.9430809415507218 0.12989816762703787 0.03090660983465554 3.7861814677827352
65 0.9436680211598285 0.12902908627246124 0.027224178521375375 3.785385145185877
70 0.943438734917592 0.12924650301916474 0.010886176447876705 3.7846230567970855
75 0.938691796808002 0.14342721321953933 0.012724478706100717 3.7845049420448453
80 0.9441535681874738 0.12722373398296583 0.020049846594124343 3.783248824708938
85 0.9429094482896466 0.13146452162329458 0.015304445831963998 3.782811391552636
90 0.9453830645558206 0.12413602285476699 0.025880639401358874 3.781739483243992
95 0.9458002780439763 0.12329232044459637 0.013002438957462337 3.781379815740942
100 0.9438361389054324 0.12946024481106333 0.015568113469979439 3.7791413056415286
105 0.9390517523809299 0.14346679691050124 0.03429457122341373 3.7787920209825256
110 0.9474400805610376 0.11973386473889658 0.02582173910609309 3.776986864101586
115 0.9476740121308946 0.1190856279631558 0.020389751634736886 3.77542764131691
120 0.9484302170830374 0.11787540884347925 0.02098852849385624 3.7739050324269976
125 0.9494479103840605 0.1148789295502497 0.01186336939477406 3.770992492098316
130 0.9505878631913685 0.1125865964183892 0.03664631281962549 3.7682583160447507
135 0.9519391247194567 0.10956834638413193 0.013462108309816978 3.7664072025256967
140 0.9511094882366447 0.11282765435849651 0.018822944269059505 3.762214258972713
145 0.9556405032219967 0.10163541903412732 0.02059814114165648 3.759359292123025
150 0.9587367877280835 0.09435542451746359 0.007972738457482809 3.753040654369421
155 0.9581506833147434 0.09845932849302619 0.02025020187531834 3.7472917765113323
160 0.9555073911558606 0.11032736077390703 0.026311471176405643 3.742346665843682
165 0.9663855246150673 0.07747600212404127 0.018881717852502256 3.7357567835820715
170 0.9583025995662919 0.10545553984533518 0.021508110833244 3.7302658101717214
175 0.967547035166985 0.08033909111395943 0.015863536791234534 3.720877915460703
180 0.9730403356493508 0.06538812808610173 0.016497148267040185 3.7160429463406035
185 0.9782675811710135 0.04986155717463081 0.01864131091049548 3.7094324892759665
190 0.981275601684159 0.043895878324041515 0.0032888768756307307 3.7066369869961777
195 0.9818500325076938 0.044103424018854476 0.01132503046158262 3.6985388307033364
200 0.9828571736546425 0.04265015554648022 0.013991844136041154 3.695669548310038
205 0.9869459438119985 0.03113370421920969 0.0013652032236886047 3.6920242670280605
210 0.9866552025278309 0.03140389648720543 0.012024026927072828 3.689169786282773
215 0.9888418382345696 0.0265224109481057 0.012421802587460062 3.686030234828665
220 0.9897528877502733 0.024007089171905527 0.004849128557318005 3.683606644695447
225 0.9859095995711775 0.03915884498546873 0.001547842268338373 3.6814086558450274
230 0.9840608794549399 0.048201899846844753 0.009244440325271164 3.6785078030222484
235 0.9907601215236046 0.024869271738164223 0.011906369435398245 3.6778130175775643
240 0.9911484684783387 0.02455419483609056 0.005718937775188504 3.6754881585183483
245 0.9933231715115944 0.01670948404132666 0.0009815882935841902 3.675176734776506
250 0.9742253092233792 0.10794983987031914 0.011772304534437783 3.806207901779197
255 0.9612198165415475 0.17887165581605569 0.0017891205142410715 3.6863989548028737
260 0.962861011629865 0.17277361658193113 0.0021177546464643537 3.6810632034766786
265 0.9632670048687544 0.17158951839629166 0.002184306470562225 3.678744640288006
270 0.9564566842037523 0.20176502815089492 0.012462416047328118 3.6761113789335464
275 0.9620392731185943 0.1798264713976434 0.0005263313582266615 3.6748597782304726
280 0.9627277969415284 0.17639974555468907 0.00017430834711418264 3.672465842676226
285 0.961934202698637 0.18263897095244097 0.0022164791980765486 3.66913347427283
290 0.9636946165039465 0.17203441478790626 0.004304333487694434 3.6711191153328953
295 0.9620639951326058 0.1810322250123919 0.00975129863106905 3.667262637806711
300 0.9618760602572181 0.18270796023023372 0.0019557925304447554 3.6669161266177532
305 0.9630138214332509 0.18095546237377347 0.0023095022709485047 3.6663126412186493
310 0.9642032048254151 0.17225459428678525 0.0020336476962692362 3.665056524223125
315 0.9641707583431819 0.1718867388897949 0.014091181658437701 3.666140217041311
320 0.9638643718669444 0.1753660338683627 0.007840135469448839 3.6664536706590165
325 0.9604995258012019 0.19027215458512048 0.004087551894438768 3.6648257376984374
330 0.9640374567868673 0.17392561699118136 0.002043879797519965 3.66547503681037
335 0.9644122215627082 0.17333778599234728 0.00514521419454006 3.664589004975418
340 0.963454056529349 0.17796462670557434 0.006239467338487792 3.6639632733049683
345 0.9656274901926243 0.16535612948814737 0.006372813230485441 3.6635401996119468
350 0.9631390122327115 0.17999593758693155 0.005222776616668812 3.6632645091227958
355 0.9634164046594307 0.17746408959431914 0.00334018111071277 3.6634022079540194
360 0.9642675795506903 0.17449481476551787 0.007830359916172647 3.6632060978430077
365 0.9655327523642481 0.16637392519879013 0.0024518861236058065 3.6637480179466637
370 0.9655467453201814 0.16705937872382126 0.001512396622629364 3.6637054434230123
375 0.9638479306804874 0.17724129963151913 0.001789408042628171 3.6628973286254136
380 0.9643116418773152 0.17285904493250692 0.003377871692259893 3.6637345327413455
385 0.9638789187408693 0.17341833745369328 0.0012982228630937787 3.6626043899239304
390 0.9616998781573002 0.18748979619769646 0.010929479155700195 3.662889414875326
395 0.9646909946669956 0.17449984024203502 0.00029311256428177224 3.6630791416725916
400 0.9628209164654833 0.18129178435331417 0.000992665427198336 3.6630681471613524
405 0.9653020626823257 0.170706875736232 0.0005481847621828795 3.6608717181228605
410 0.964897031250799 0.17375624829595182 0.003210593838477216 3.6621125061819755
415 0.964735215156621 0.17429248208387538 0.004177246363364695 3.662981060127217
420 0.9622968599093267 0.191619619281306 0.005701504738975238 3.661691980004999
425 0.9625259412640421 0.1813989384183774 0.0056227574559859494 3.6624857263241073
430 0.9660347904314002 0.16562266591827735 0.006034215938999665 3.660915810618507
435 0.9656124154978288 0.1693786680562197 0.0014554273711346877 3.6612517870063623
440 0.9610973427911227 0.19078865229651276 0.010416479393686284 3.661382291238401
445 0.9642396241544993 0.17709919824701714 0.003791525456307898 3.661034542251205
450 0.9653813589068836 0.16993714169041763 0.00705790379951865 3.6607858680255547
455 0.9656621676706618 0.1690610484000139 0.0034502291422962017 3.6620524855347787
460 0.9624424326060625 0.18287072491061895 0.005320396526923732 3.661334981248605
465 0.9652348571336277 0.171405075489794 0.00761773925870779 3.6603712513111804
470 0.9648335032447329 0.1749085997818991 0.0016469115373525245 3.6602692897372666
475 0.9643788832244344 0.17542375243034014 0.003372869791940847 3.6607960134588153
480 0.9646080390584278 0.1749327619787584 0.003712602025262468 3.6601162384494637
485 0.9641514650628891 0.17595238248710698 0.0030001173920017887 3.66068571966464
490 0.9642481537252926 0.1752073055336516 0.0029989541910719897 3.660605029241466
495 0.9644829314172607 0.17727561153865246 0.004160296811782871 3.6601638875874567
500 0.9651887715608224 0.17270236238650227 0.0011517969338432632 3.660321196299376
505 0.9652777318089351 0.17310240851150827 0.005291678370242803 3.661158035772432
510 0.9658726471681932 0.16773510166134686 0.004843954074549517 3.6607247988191007
515 0.9652038351433445 0.17269547299025234 0.0041205351690078995 3.6600474615024052
520 0.9660631443146406 0.16736615397124943 0.0007065439638751503 3.6606371167970746
525 0.9657733592633575 0.1683492548507619 0.0005037733962831581 3.6599414175307543
530 0.9656470437134308 0.17026934131857008 0.004428968852363768 3.6596270830653115
535 0.965698640646874 0.16857041572996856 0.00552654963982091 3.6602375883779628
540 0.9642621624720066 0.17758358874789115 0.0026225233183239105 3.6598452496984186
545 0.9664732210641493 0.16498251284191312 0.00407588832491701 3.6595950054701594
550 0.9656840683547883 0.1691386976723468 0.0008572939734845519 3.660038487729861
555 0.9651214062038799 0.17418925950939057 0.0020585997702688985 3.6601885342994986
560 0.9656711442501236 0.17036050429631855 0.000934792863595213 3.6596145109810743
565 0.9611890961404537 0.1908780103467329 0.0050470768667219 3.6605977841476443
570 0.9653420702960076 0.17161069123888684 0.003944268558949471 3.660166030845492
575 0.9656717363908893 0.16856547067826178 0.003932462088050315 3.659801726953907
580 0.9652511640948991 0.17322983848834816 2.214155783608618e-05 3.659202413522505
585 0.9642631200906904 0.17477303929308885 0.009858341118895497 3.6596387542927
590 0.9662532316219581 0.16662499450606205 0.00508024425223641 3.6596756788218983
595 0.9653668518419567 0.17290358658101024 0.004419768172827299 3.6586488063976397
600 0.959690477262784 0.1966836136008907 0.002407715319866943 3.6593017670715877
605 0.9655985712865345 0.17211791109284835 0.0015686394315024277 3.6589827381523174
610 0.9661771161048697 0.16745094637342817 0.00249590090205265 3.658859147401897
615 0.9649885436810068 0.17551172769637358 0.0032273113088452376 3.659754871192149
620 0.9657781759180195 0.17018537043982374 0.0008294212806669865 3.659669905485697
625 0.9649921134322257 0.17549456737614566 0.0021777422494246856 3.658557811411216
630 0.9603006403779353 0.19507360576410893 0.002616534880647947 3.658894663049377
635 0.96592217936952 0.16943995428012526 0.0028557704452623067 3.6598083023880723
640 0.9656073842541011 0.1711746224843873 0.0007810659213005611 3.6595403832805515
645 0.964975106512562 0.1756112016899678 0.003786849580678986 3.659169052588343
650 0.9649404147159726 0.17355419391837268 0.002996235909431544 3.659131308143198
655 0.9660126815448495 0.16829087237786178 0.00820945925611194 3.658136696971049
660 0.9657662864580411 0.16892645001516993 0.0008122060248936247 3.6592622827737555
665 0.9646157171904901 0.17475413806197881 0.0010009074436265752 3.659126616572128
670 0.9644867106735352 0.1780725488584909 0.007313841304237512 3.658491838834974
675 0.9660436686841454 0.16749447228194603 0.005879925444129519 3.6595820720995285
680 0.9651976305138248 0.17410255482114234 0.002057092209176714 3.659005954244887
685 0.9657023637230997 0.17013061836971577 0.0036284697027257895 3.6586476192797157
690 0.9643734319825154 0.17640868437276414 0.00916984640211238 3.658777084039682
695 0.9645337382138135 0.1749359644362971 0.004516413085432713 3.6585909449126053
700 0.9657124039533569 0.17094099134564988 0.004540995127897407 3.658103874124101
705 0.965673535790291 0.17088833089278488 0.0025842452720470366 3.658333176583032
710 0.9663306848538398 0.1671186000690481 0.005874280041247237 3.6578856193511142
715 0.9658268386106486 0.16966321527027306 0.001427902010897375 3.6580299943311445
720 0.9646569448184152 0.17717148485469725 0.0009240881837380144 3.6587962734782113
725 0.9664526832166649 0.1669650367754314 0.001622972337202988 3.6586080374209984
730 0.9658704238072076 0.17082160439098892 0.0007885633873350173 3.6580420852904085
735 0.9648613914259705 0.17549417185524918 0.003111630393176412 3.657670950245813
740 0.9657724637326923 0.17100460677342166 0.0037523209658327783 3.658746104300409
745 0.96621929143108 0.1686959274574087 0.0016594499243873795 3.6582980444823634
750 0.9656681256640942 0.17141105609208518 0.005229057505924173 3.65869143595399
755 0.9659909537020142 0.1684240388441025 0.0022706181433032047 3.658659155048486
760 0.9612596965012473 0.18977977667720092 0.0061823864204111345 3.658387633577662
765 0.9640198004470899 0.17896472270264008 0.0025290369503863097 3.6577943441672236
770 0.9654770998579641 0.1700436267381824 0.0004533481661084249 3.657944485540994
775 0.9658586795728212 0.1691200816937517 0.0014061461103194173 3.6582346878854515
780 0.9657236438499268 0.16914967287458404 0.0053274436237031875 3.658542446566683
785 0.9668988038041002 0.1633742150988744 0.0038326582331986714 3.658133985568087
790 0.9642079140934119 0.1777199887312353 0.002067088344646084 3.6580150362005748
795 0.9664215550922075 0.16604392687000225 0.0015083286855968048 3.658394944904036
800 0.9668030683621042 0.16447862482638254 0.0029401948216021268 3.6575433526275343
805 0.9669037895617143 0.16381051735837593 0.000831123972357739 3.6581023832379533
810 0.9637938197845954 0.17825594887225016 0.004389475304057422 3.6574949590281083
815 0.9652423566655461 0.17451583832456175 0.00034712470601783174 3.6581422130188805
820 0.9643947840411188 0.17586721164937824 0.0038798953110628087 3.6574711329401675
825 0.9666672183572695 0.16524188424174824 0.0036644769426823487 3.6579426926742356
830 0.9640233710369556 0.17688866281898497 0.002612355038502434 3.657418463212886
835 0.965772907876333 0.17068460568796429 0.005537824801679303 3.6584674571973754
840 0.9670556881751928 0.16354300651010512 0.0006195922934633113 3.658327198295963
845 0.9651402482115017 0.17390462268355789 0.004959804093728426 3.6571620084751455
850 0.9663410412804421 0.16775050486641874 0.001092416731143464 3.6578729373155796
855 0.9668675057907608 0.164072240800198 0.0029709339317218753 3.6574095048162656
860 0.9664901613530705 0.16544634252848223 0.0009750821264113974 3.6572935464684715
865 0.9654363690193595 0.17054486658727264 0.001724285101387668 3.6570637177993928
870 0.9664686347927264 0.1660915112029251 0.006286053245092571 3.657954828962444
875 0.9663227388886704 0.16705295372665852 0.0002296957326806126 3.657535200297843
880 0.9665281317916908 0.16651743758922555 0.0015309026304293205 3.65782236282399
885 0.9663217181050758 0.16700952054617568 0.0031464051597904774 3.657254644129028
890 0.9661268295028638 0.16929414898894013 0.00185930718789451 3.6579535606541076
895 0.9661909248195448 0.16818682243304783 0.002420383413391791 3.6579252090929857
900 0.966969461685151 0.16287426659783222 0.0030260912842527965 3.657382836552354
905 0.9666617069634653 0.16507177945859297 0.0015753587913009959 3.6574535766336265
910 0.9635649603065612 0.17971855569123862 0.006417843022488823 3.657768701527476
915 0.9663982279650372 0.1660848818273788 0.0018025749366894495 3.6570381386750537
920 0.9672045717986939 0.16230387534666946 0.002374013955603438 3.6575785566893266
925 0.965571199845028 0.17121358601506254 0.00012066083884199053 3.6574361561328756
930 0.9648155278606576 0.1747843624313421 0.004909672368168305 3.6570617330248534
935 0.966254769086571 0.1687630855394664 0.003603169738221945 3.6572873412977303
940 0.9666483859547195 0.16604585565437713 0.003650115988566016 3.6577500177773627
945 0.9662386170630287 0.16787318561310993 0.0003211003565219972 3.6580640858592712
950 0.9658792937384116 0.16992216897348733 0.0004030078041037388 3.657115162712769
955 0.9639840502807092 0.177817023647159 0.0004293290659691529 3.657450199694546
960 0.9658243809933245 0.1698470462692927 0.004582400953249355 3.6571650157651185
965 0.9665228069220666 0.16639738973948104 0.0022946126053742244 3.657336185501639
970 0.96566815933108 0.1716913142515475 0.0010336758946623004 3.6572908660612824
975 0.9663695957658793 0.16754014816943918 0.0004914514134535253 3.6573231010282403
980 0.9660675615455161 0.169823769120943 0.0015180732937798425 3.6575813950430582
985 0.9663899186143428 0.16724662755992314 0.002949836167773112 3.657194272885421
990 0.9662421551542233 0.1682222366807875 0.002150296523068196 3.6573110135510323
995 0.9644567172635015 0.1759757184416646 0.006428434522068205 3.6570936207130127
1000 0.9653290297251549 0.1742380104741703 0.0028876544473031007 3.6573084880982147
