0 0 0 0.26967000358365034 0
5 0 0 0.0001243310040255352 10.513445813470387
10 0 0 0.011415664514737633 10.346150690159089
15 0 0 0.008130298397594604 10.29476423351136
20 0 0 0.0017307122459593316 10.270844511551225
25 0 0 0.0056787777909657056 10.252267259563649
30 0 0 0.002265445376549824 10.242136567760156
35 0 0 0.004607177636138715 10.22982477442539
40 0 0 0.004039456107380213 10.229765342934773
45 0 0 0.005426743109827825 10.222365161691286
50 0 0 0.04477381053576335 12.509307159823257
55 0 0 0.0038557858522860755 11.01361898793813
60 0 0 0.017902003205811923 10.541256465142345
65 0 0 0.013839884036907169 10.339402631532757
70 0 0 0.0025445413849820575 10.255215721103353
75 0 0 0.004317965247498279 10.205595252819698
80 0 0 0.004609569910032807 10.156938765380746
85 0 0 0.006810079077506526 10.150896151325446
90 0 0 0.010882069170984332 10.126467957450092
95 0 0 0.004998525714750013 10.119959849049675
100 0 0 0.0056176462892088 10.102934313606513
105 0 0 0.01128914207290177 10.097120601376302
110 0 0 0.0061795686667465155 10.093149840353242
115 0 0 0.011925447564073988 10.090292938853299
120 0 0 0.0037992812226597117 10.081224023726364
125 0 0 0.009235472941561351 10.076437243970876
130 0 0 0.004669756664197111 10.07152475426068
135 0 0 0.002247215336242281 10.078364758825991
140 0 0 0.010277561150870529 10.072844333306728
145 0 0 0.01090838839837116 10.062098534925584
150 0 0 0.010652892668405967 10.06545627687424
155 0 0 0.008363738392118902 10.06779293664148
160 0 0 0.009681845866069239 10.06895959848423
165 0 0 0.008938338578119653 10.064249823749794
170 0 0 0.007953835213478921 10.062017926624533
175 0 0 0.011012272918902166 10.065689555161306
180 0 0 0.00926192778890722 10.066702284344403
185 0 0 0.011226139600951424 10.058407536432863
190 0 0 0.010390289196359648 10.056950286135198
195 0 0 0.014800045829951092 10.05855955714021
200 0 0 0.008914938476272116 10.05911294547033
205 0 0 0.007896666356353776 10.056055864334182
210 0 0 0.007849074972390513 10.0597637712512
215 0 0 0.01052795190570821 10.062511692336761
220 0 0 0.008097231927128412 10.056775081264888
225 0 0 0.01581926859405125 10.059292234853976
230 0 0 0.008362943401054812 10.05427543825958
235 0 0 0.012564944086430163 10.05551334801853
240 0 0 0.00849375021285459 10.052666080738238
245 0 0 0.0031540846726039184 10.060267333763358
250 0 0 0.009372670527023619 10.05353047454123
255 0 0 0.008337446063130916 10.056793298807628
260 0 0 0.013136896796992037 10.058047584913675
265 0 0 0.0053432160813133844 10.051283654374643
270 0 0 0.009311044072946029 10.054308622692508
275 0 0 0.009262350486870297 10.051375809755378
280 0 0 0.009926755092417583 10.048621159410757
285 0 0 0.00712056072920908 10.053604852026941
290 0 0 0.009255637344755208 10.05202763770161
295 0 0 0.007516522188947938 10.051935677125273
300 0 0 0.008423201999696373 10.04958873247676
305 0 0 0.008988589547007209 10.054413028423188
310 0 0 0.006691301356761548 10.050465289739646
315 0 0 0.0071443768000047925 10.048482994377146
320 0 0 0.013198970923074205 10.048867537069176
325 0 0 0.009025299561118638 10.051097631744325
330 0 0 0.01179774920899268 10.048886917864882
335 0 0 0.01211976177500218 10.05165734230298
340 0 0 0.009960062818038073 10.051230939012168
345 0 0 0.009642536453549955 10.047529740689123
350 0 0 0.011341686767458725 10.050187361162946
355 0 0 0.013047839022654495 10.051145353074286
360 0 0 0.006702640904099555 10.05161865031708
365 0 0 0.008424344991425192 10.047146743425586
370 0 0 0.007542150753762744 10.046134336617959
375 0 0 0.009529237659579248 10.045883598321488
380 0 0 0.012290673284149456 10.045435647597566
385 0 0 0.006003559446015494 10.049395766772989
390 0 0 0.010797440693878224 10.047694753153683
395 0 0 0.012954974990061041 10.044928853551475
400 0 0 0.013971624975124275 10.047247925213025
405 0 0 0.010695643500393093 10.047374862513012
410 0 0 0.008686263851039655 10.047730559425457
415 0 0 0.0075205688602193455 10.046345334036822
420 0 0 0.014798128676819067 10.045296641275737
425 0 0 0.011003084410689645 10.047287046742909
430 0 0 0.010759856965882664 10.046787771390555
435 0 0 0.010270433313537719 10.04672619344609
440 0 0 0.010014074416328622 10.044499106839718
445 0 0 0.009026398241643196 10.044635975854272
450 0 0 0.008464621247972648 10.045293063407584
455 0 0 0.008916844322854 10.046899700272245
460 0 0 0.008513730729694302 10.043206848925598
465 0 0 0.012294779282721935 10.046138508428093
470 0 0 0.011530113505008988 10.043751592737763
475 0 0 0.007471557907914761 10.047025738568523
480 0 0 0.01074084017016741 10.045041536239326
485 0 0 0.009610861954928218 10.044481491126856
490 0 0 0.008218238310482295 10.043177323947969
495 0 0 0.006166370946319555 10.04264806467943
500 0 0 0.007689661018486227 10.044878723642293
505 0 0 0.005818520714683917 10.044175449737914
510 0 0 0.008846013563906796 10.042116562939182
515 0 0 0.010281127983700067 10.043110778258734
520 0 0 0.015449545287443911 10.04252700987278
525 0 0 0.009697655165892272 10.044154801738987
530 0 0 0.007529464751265369 10.04110221945244
535 0 0 0.009533473175577623 10.041445391692326
540 0 0 0.007104059933603857 10.045534209210071
545 0 0 0.010641932725100611 10.04188998062929
550 0 0 0.013544486837479663 10.04189745039768
555 0 0 0.009675790657418526 10.042780501226009
560 0 0 0.012445991964372904 10.043350981851917
565 0 0 0.011582422311663176 10.041409097148978
570 0 0 0.011064816528362442 10.044802417266506
575 0 0 0.010806864252670856 10.04119142089305
580 0 0 0.008750277535688467 10.043511605033695
585 0 0 0.00890808964131673 10.039917308521039
590 0 0 0.00972621532793938 10.040892577328083
595 0 0 0.006526277703637007 10.043648200046189
600 0 0 0.014088796697817152 10.041696108155023
605 0 0 0.007317100827541223 10.04414605114145
610 0 0 0.01006453587369549 10.041924521727402
615 0 0 0.006234431421109132 10.043167434272132
620 0 0 0.016292122599077086 10.042394909080686
625 0 0 0.015529801670404852 10.041992373636665
630 0 0 0.009536535579009131 10.042774294267842
635 0 0 0.010989968658440485 10.040612771033851
640 0 0 0.008173713198229127 10.039654499514729
645 0 0 0.010761185768308978 10.04146960007076
650 0 0 0.008704610301592863 10.043234282584253
655 0 0 0.008898565351529886 10.04050681645437
660 0 0 0.008570114579339538 10.037611589891835
665 0 0 0.012473193950898853 10.039111927578219
670 0 0 0.014541684769702856 10.038811355782672
675 0 0 0.010628160868958902 10.038290692985294
680 0 0 0.004840714716567662 10.039478869977986
685 0 0 0.009492523432427014 10.03849099224566
690 0 0 0.013940165669065196 10.039550700253109
695 0 0 0.0070876343875556636 10.038016596748692
700 0 0 0.005759975067951784 10.03700058384036
705 0 0 0.010934198789599003 10.039804069223228
710 0 0 0.014470650611406066 10.040871369978253
715 0 0 0.011186372975762193 10.036766367645672
720 0 0 0.010977602400725539 10.039119366667009
725 0 0 0.009944150981493038 10.03664879316614
730 0 0 0.011653804364285314 10.038327486416545
735 0 0 0.014303137244756403 10.037676247916155
740 0 0 0.008772786078377726 10.037124764576786
745 0 0 0.010668901445382017 10.035743493986123
750 0 0 0.008052403788254114 10.036593459191858
755 0 0 0.010682239678424077 10.035562625345678
760 0 0 0.015009205841945095 10.034306428117242
765 0 0 0.010043101396804088 10.034446862626478
770 0 0 0.006533934527958252 10.03487832239556
775 0 0 0.008095235541258017 10.036752201659448
780 0 0 0.01089508697718422 10.03799798630404
785 0 0 0.013984463010690007 10.034513170181695
790 0 0 0.00800354908456491 10.033549767100164
795 0 0 0.011056330229651357 10.03350888841625
800 0 0 0.008709111830878413 10.032761005761778
805 0 0 0.010426548953347492 10.031944919327946
810 0 0 0.011099917013819738 10.030386476495377
815 0 0 0.011347657752736051 10.033383205096957
820 0 0 0.010332306742331099 10.031132463920844
825 0 0 0.006670034318791318 10.029774406862364
830 0 0 0.011365977285485496 10.030389842535238
835 0 0 0.007733345202323605 10.029141755889329
840 0 0 0.008663433957888156 10.025556419567499
