0 0 0 0.2657445556139154 0
5 0 0 0.015757789573713987 26.822008505187963
10 0 0 0.013760990247214 26.634814280050385
15 0 0 0.012748976957359437 26.59348905412664
20 0 0 0.016219876367205455 26.57901178718881
25 0 0 0.01756337331834046 26.546659028801933
30 0 0 0.014504720065836363 26.566615600185695
35 0 0 0.016137725558431404 26.517126349915316
40 0 0 0.01481539542809096 26.51908322154174
45 0 0 0.013581210537946031 26.49279580228979
50 0 0 0.015744955239036296 26.493630936196418
55 0 0 0.014670802221860457 26.39952041158729
60 0 0 0.016161104250373093 26.354582119652747
65 0 0 0.015785462020804886 26.333855721630677
70 0 0 0.016500010471827364 26.343735041023994
75 0 0 0.01681718911514074 26.33835049308608
80 0 0 0.014466472083835225 26.32135436622937
85 0 0 0.016597572278616246 26.29383840809305
90 0 0 0.01886692098364784 26.30064713050139
95 0 0 0.01765995083309191 26.289128581452566
100 0 0 0.01625924178508864 26.262691355591805
105 0 0 0.019185283539953524 26.26166786394459
110 0 0 0.014541310427100163 26.239209810631237
115 0 0 0.012914341585356315 26.229529267102684
120 0 0 0.015699918056437667 26.208955451122456
125 0 0 0.02061404750282181 26.211085355717923
130 0 0 0.016403753655445996 26.198585448031693
135 0 0 0.021087832833817544 26.23795393080753
140 0 0 0.019445529343176338 26.183226141507806
145 0 0 0.020664154240454424 26.176524717984943
150 0 0 0.016954235260286055 26.194461595925276
155 0 0 0.020570632746477635 26.189142951758463
160 0 0 0.019990495681430298 26.192596410839407
165 0 0 0.020300946906482098 26.17172740579922
170 0 0 0.020065707732829674 26.158003543013134
175 0 0 0.018899420920096555 26.163187240793995
180 0 0 0.019132635450029634 26.170360870938197
185 0 0 0.018665891512507304 26.170798189075004
190 0 0 0.020868299009202618 26.153533619185065
195 0 0 0.019427291329501495 26.15262096238282
200 0 0 0.022023576271234413 26.150660314814726
205 0 0 0.021233347107734613 26.15654788587261
210 0 0 0.01757782632446725 26.142753288141297
215 0 0 0.02085240915972575 26.14196204264009
220 0 0 0.018446340902158465 26.137397983857355
225 0 0 0.019081491978177212 26.139988978753607
230 0 0 0.017117128375666146 26.137017053499356
235 0 0 0.019269889691333697 26.12794049340825
240 0 0 0.02095786787736209 26.133600962048472
245 0 0 0.018857667813245937 26.136779152715544
250 0 0 0.01744555398240144 26.124181506199893
255 0 0 0.017881640244656438 26.134177166151254
260 0 0 0.018582371012460408 26.122808132987032
265 0 0 0.020034781425195547 26.13371393809499
270 0 0 0.01699464589502253 26.134132128449565
275 0 0 0.021227284739321783 26.135736179722585
280 0 0 0.02119769048282505 26.12611260134528
285 0 0 0.01925079264204088 26.119201548694463
290 0 0 0.020956222934001012 26.13034582620058
295 0 0 0.0169491408463176 26.131201960321523
300 0 0 0.019969363072010582 26.122081291733906
305 0 0 0.018713772627986014 26.125201126483066
310 0 0 0.01899002070485034 26.12669709696804
315 0 0 0.020476150702009477 26.1208431561672
320 0 0 0.01906911896473229 26.12074419372787
325 0 0 0.020838981914341304 26.121509438609674
330 0 0 0.01909586986914724 26.114687749175058
335 0 0 0.021127154316227692 26.122627564046073
340 0 0 0.020481707709971708 26.125986034886004
345 0 0 0.020922517999553136 26.115064473882168
350 0 0 0.018623854193305256 26.124590053656174
355 0 0 0.018487475010484644 26.121663430431898
360 0 0 0.018746274087344972 26.115322883731572
365 0 0 0.017577082497254315 26.126458138222805
370 0 0 0.02040652828647871 26.1163621041585
375 0 0 0.020689869272203065 26.120794894332484
380 0 0 0.020747534944278057 26.113656129660722
385 0 0 0.02054224170838226 26.11985888032511
390 0 0 0.01820052684606699 26.122835864682067
395 0 0 0.019977610347997388 26.117706165437035
400 0 0 0.020789737963422317 26.126764343587876
405 0 0 0.016984855435626445 26.114779605050604
410 0 0 0.019816232737884798 26.118486619665774
415 0 0 0.02071978320479051 26.122145286182548
420 0 0 0.01957331243787519 26.119957424115825
425 0 0 0.018269135395053038 26.110718753527845
430 0 0 0.0199004613274969 26.111633099115984
435 0 0 0.020171942541441945 26.115272829468626
440 0 0 0.01916170083477331 26.113576673297512
445 0 0 0.017221591040889495 26.124414919028922
450 0 0 0.017661579891143697 26.118483408800397
455 0 0 0.01898349941699018 26.124214666687976
460 0 0 0.020280250197981742 26.117911873400793
465 0 0 0.016882704407983562 26.111766451257786
470 0 0 0.018525451477511723 26.117645342153754
475 0 0 0.02050495095637128 26.11325674716206
480 0 0 0.021286933890008575 26.11569110269412
485 0 0 0.01570415430869465 26.115325551581506
490 0 0 0.01957841482660183 26.10872103971342
495 0 0 0.01802615844065847 26.113536614864714
