0 0 0 0.22315372810069567 0
5 0 0 0.01644686485272895 26.707647226135794
10 0 0 0.015337453523766698 26.598970274441452
15 0 0 0.014624087426793997 26.591509368256794
20 0 0 0.01528191480950114 26.5627774134382
25 0 0 0.01514497357383271 26.53135494695359
30 0 0 0.015462163288962882 26.52632527139569
35 0 0 0.01712376238483926 26.502581529958796
40 0 0 0.015089577184888903 26.495086943414943
45 0 0 0.01509016871533908 26.479355505303214
50 0 0 0.0143265846194911 26.40990462395666
55 0 0 0.014610362323863146 26.344848759634218
60 0 0 0.014011855949241703 26.326758652032698
65 0 0 0.01928488952392149 26.3106769662654
70 0 0 0.013712843648900241 26.297269459708637
75 0 0 0.016927828592081307 26.29015313111229
80 0 0 0.019815121516068013 26.274432271036847
85 0 0 0.016791746757953474 26.24682411472578
90 0 0 0.017668532393914305 26.247919848903
95 0 0 0.01732775738942416 26.223517704644205
100 0 0 0.017628317756473777 26.20391042832283
105 0 0 0.020041705947894783 26.21475254892851
110 0 0 0.01617903956710731 26.183494367037174
115 0 0 0.01868794342250979 26.20602429507297
120 0 0 0.019956662077183385 26.18740854416356
125 0 0 0.019756487047785987 26.183207291152627
130 0 0 0.01862646659472067 26.189175557851705
135 0 0 0.01820182309699958 26.171476620500776
140 0 0 0.02121004075729882 26.171707602517873
145 0 0 0.018236837156974772 26.17870821360343
150 0 0 0.01808117103613327 26.17171869283386
155 0 0 0.01986805617788523 26.16688251165333
160 0 0 0.018376765823572727 26.176189138420582
165 0 0 0.019022904664400153 26.14514957450832
170 0 0 0.02178133638802504 26.168057239841644
175 0 0 0.02041417460216577 26.151486259614497
180 0 0 0.020175454526761172 26.155159867110925
185 0 0 0.019148786058905243 26.160018823007977
190 0 0 0.019396804573207582 26.145572393363462
195 0 0 0.017073534787386047 26.1491624115275
200 0 0 0.017761736235378578 26.14259161146393
205 0 0 0.02016654022537101 26.136741443695318
210 0 0 0.019236083466489973 26.148042837705056
215 0 0 0.019838267404299614 26.143585715398505
220 0 0 0.02003070576953969 26.140243925412182
225 0 0 0.01900639715142427 26.134707681492042
230 0 0 0.021014306543786665 26.13530859603991
235 0 0 0.016275997074129744 26.13327946305422
240 0 0 0.018942948523744008 26.131854178422376
245 0 0 0.020725732150788545 26.128652686678553
250 0 0 0.02151595293102848 26.130228064484058
255 0 0 0.018888282595751926 26.132884901974975
260 0 0 0.020630224605802994 26.12261192395537
265 0 0 0.02079347221178418 26.122654062946125
270 0 0 0.018933474704844855 26.130957382922006
275 0 0 0.01850005621724704 26.130111502449694
280 0 0 0.016515183838353487 26.116775988145456
285 0 0 0.021206349645174205 26.123333000829756
290 0 0 0.02039847698358721 26.11559320560554
295 0 0 0.01986041786812054 26.119854299352983
300 0 0 0.019828681268646786 26.125301295596117
305 0 0 0.020704756518138634 26.120536034497896
310 0 0 0.02137685904505915 26.125445875611568
315 0 0 0.019364127662480968 26.11834401321101
320 0 0 0.0002555066987461885 26.124938606542216
325 0 0 0.017266376364742708 26.123819323531244
330 0 0 0.018632715815398493 26.12880475233918
335 0 0 0.020909307729133797 26.12196345259209
340 0 0 0.021398312865716917 26.123071777426574
345 0 0 0.019369018369702173 26.122358932865907
350 0 0 0.013964179492884421 26.11772136473399
355 0 0 0.018021216900558024 26.117912352041184
360 0 0 0.01946826033139004 26.116738874860026
365 0 0 0.01822311723159631 26.121610999807707
370 0 0 0.01978641524499225 26.117137349410278
375 0 0 0.020309411813649536 26.121180686523306
380 0 0 0.018773865418338698 26.11874127955384
385 0 0 0.0186518676229539 26.121956352558318
390 0 0 0.021378691084779966 26.117407614282097
395 0 0 0.019963998544422434 26.115886489604122
400 0 0 0.01943776432212352 26.11505884125792
405 0 0 0.020087543000762764 26.114742370940483
410 0 0 0.02006074830866611 26.11079242766602
415 0 0 0.02058941138007131 26.117513389694697
420 0 0 0.021076616093593126 26.116619671803793
425 0 0 0.022160097558360237 26.1166053213467
430 0 0 0.017699007072507378 26.118267325776102
435 0 0 0.020955911484161316 26.116462738173695
440 0 0 0.01815379380973048 26.116515096050815
445 0 0 0.021446530669316788 26.113239200945504
450 0 0 0.019596432534287667 26.11526835725047
455 0 0 0.018417655399966426 26.113646433905043
460 0 0 0.017376882088363743 26.110604427315337
465 0 0 0.02002628315256194 26.11324876278702
470 0 0 0.020406276567324744 26.11690811153124
475 0 0 0.021250365323189024 26.110639435742968
480 0 0 0.019554067223002347 26.108429886467242
485 0 0 0.01925038711651661 26.11164025385722
490 0 0 0.022326946953140636 26.110826174021483
495 0 0 0.02114975918240214 26.10930980776418
