0 0 0 0.29414977675702914 0
5 0 0 0.01309763248689122 26.738472912307117
10 0 0 0.013796331963642716 26.635611600519518
15 0 0 0.01441616361404563 26.59723661329495
20 0 0 0.015280423852540803 26.553523144831797
25 0 0 0.01377555783723916 26.542269930096815
30 0 0 0.016932352228406167 26.524822446719224
35 0 0 0.016221972489497194 26.512142594552998
40 0 0 0.015343452271837199 26.50215073189174
45 0 0 0.01681705259466404 26.49380808652139
50 0 0 0.01751791955225257 26.465224235931622
55 0 0 0.013652514844750163 26.37392547577113
60 0 0 0.017534216215153053 26.357307919061853
65 0 0 0.018206045736918197 26.334331715407224
70 0 0 0.016699291754951107 26.314892023073075
75 0 0 0.020951400054672664 26.29502786979932
80 0 0 0.01784302678335581 26.275674598943887
85 0 0 0.016637196200613102 26.269002729733543
90 0 0 0.016507675693012924 26.274976780336704
95 0 0 0.015830262771760806 26.25147637773302
100 0 0 0.020840576938458755 26.220481767244987
105 0 0 0.017684339712140673 26.227799351474463
110 0 0 0.018515588059313748 26.22035670778541
115 0 0 0.02062054915440581 26.202681689637267
120 0 0 0.01918247424974684 26.202684661492086
125 0 0 0.01957919543533415 26.206101273240588
130 0 0 0.01824522072897472 26.18841598879268
135 0 0 0.013538515273772811 26.1819979337085
140 0 0 0.018097393443744725 26.175138185951237
145 0 0 0.021163162587378492 26.175163768855356
150 0 0 0.015960368692136573 26.17148759057967
155 0 0 0.018791777162965317 26.167437185436626
160 0 0 0.020226743425674876 26.162643729060214
165 0 0 0.021430673801207112 26.160341158705627
170 0 0 0.014850069556203938 26.169155913131878
175 0 0 0.019202641966492795 26.16813073060599
180 0 0 0.019358987408489403 26.151711694335223
185 0 0 0.015776183519412346 26.15798990230362
190 0 0 0.019797218732179322 26.15548485282459
195 0 0 0.021143945544146003 26.151540306360115
200 0 0 0.019895761174096194 26.151208943551765
205 0 0 0.020192090705752008 26.140838708145374
210 0 0 0.020578958791954927 26.142059796525196
215 0 0 0.02103331712483847 26.14228086281997
220 0 0 0.022185831318096705 26.137397278478453
225 0 0 0.01890081133296939 26.13905376455679
230 0 0 0.01998656338319038 26.135340763462708
235 0 0 0.020308920629194205 26.134704646664705
240 0 0 0.019340830723902025 26.13912713130342
245 0 0 0.02043100555816224 26.12775697888316
250 0 0 0.018560154507033744 26.131554194011176
255 0 0 0.019475267135271146 26.129535224259197
260 0 0 0.02062425413066049 26.136796457576647
265 0 0 0.020871493471634306 26.117494070006057
270 0 0 0.02081962569889706 26.12259113118525
275 0 0 0.02073980765760397 26.130316968048387
280 0 0 0.020019431920984987 26.133106715726512
285 0 0 0.021581503350246 26.128380604029413
290 0 0 0.017540903622429882 26.125947558930147
295 0 0 0.020548578319741884 26.12194704686549
300 0 0 0.02181268325163277 26.114924288106526
305 0 0 0.019099896073258904 26.122127701742862
310 0 0 0.020395414261946687 26.11802011550762
315 0 0 0.01758214707525707 26.124675688458357
320 0 0 0.0202681458315932 26.124659263798662
325 0 0 0.02048620234455578 26.118140104164564
330 0 0 0.020665111523608726 26.113953084177773
335 0 0 0.015084048829114183 26.127379574197843
340 0 0 0.021252592934660974 26.12523946164302
345 0 0 0.01669879518844053 26.125332259362317
350 0 0 0.02018146278723254 26.116508151682545
355 0 0 0.020317796450556758 26.118720417365854
360 0 0 0.019205554082498466 26.121737773815422
365 0 0 0.02040571277333192 26.112470394750684
370 0 0 0.020498380959153684 26.118086786334807
375 0 0 0.018287724191389687 26.119534675053
380 0 0 0.020367507608009427 26.119161798230742
385 0 0 0.01923312912413566 26.118429339770795
390 0 0 0.018901788512015516 26.11824039159309
395 0 0 0.01929281781843284 26.117766783962228
400 0 0 0.0227037571170996 26.1163334712114
405 0 0 0.01976669753695215 26.11148407685694
410 0 0 0.01958090842246074 26.111935915344407
415 0 0 0.01963396675375151 26.116604571041126
420 0 0 0.019768710524794786 26.115112135572137
425 0 0 0.01909294890211033 26.11482903850656
430 0 0 0.014230166234568964 26.110949451973067
435 0 0 0.020899169039693355 26.111512990657925
440 0 0 0.01762068478579537 26.11493487480998
445 0 0 0.01975561115701785 26.114611869539885
450 0 0 0.02059180265230509 26.11452400571391
455 0 0 0.020066810439731242 26.118884033847277
460 0 0 0.020709131793563706 26.109821229784366
465 0 0 0.019670294174122915 26.118501885729565
470 0 0 0.020804966066076958 26.116081917845907
475 0 0 0.01918557624917505 26.111444074716104
480 0 0 0.019854718635437196 26.114384937226937
485 0 0 0.019004755750398283 26.114013633989085
490 0 0 0.01983749190961781 26.11752593537362
495 0 0 0.019141515588140035 26.112363766492855
