0 0.41120231021403836 2.0183412893998662 0.33491977182612576 0
5 0.9418252813408459 0.13615092432229092 0.039545696240707695 3.792098089483973
10 0.9890438205879756 0.030764620618094263 0.0021802786872540114 3.6991626020026462
15 0.9933643925244275 0.01761726417691678 0.008343820395827928 3.68005138132782
20 0.9952253151990054 0.013737329328404435 0.0015375668892014804 3.6733862943364013
25 0.9952398193161036 0.014636489782681394 0.006254577786231286 3.6689712612615955
30 0.9954634085319408 0.017356148940505634 0.008776210155624353 3.6668398757404446
35 0.9971961586608308 0.009213640247511368 0.0007652567956641931 3.6655305015404416
40 0.998793686460348 0.0030471347446465735 0.0009583881401931116 3.6653496935478893
45 0.9890666707002334 0.034564677050571646 0.0018548269850955368 3.6643782071754476
50 0.998168179325446 0.006593081513421861 0.0019291955356384172 3.664004547021575
55 0.9964267808424285 0.013871227604711933 0.01104174125369295 3.6628521224784474
60 0.9981986200382067 0.0064218426348934265 0.008485950770057427 3.6619904344911225
65 0.9984270556897035 0.004840417267592656 0.002759626532962578 3.6618031236336117
70 0.9964793246200332 0.01383623684832802 0.006642915828677376 3.661474505506647
75 0.9917474435783177 0.03215430224922322 0.0002614104385008087 3.661720110283241
80 0.9978839564960752 0.006255266556457695 0.001769940848808771 3.6615252833595373
85 0.9969205093936087 0.010820724896469791 0.0009239110427905484 3.661134951804608
90 0.9989747355975371 0.0032830022509435786 0.00031083325041914023 3.660859880503945
95 0.9989107405578348 0.003286521672081655 0.004841986256591602 3.661015430619654
100 0.9967938002151543 0.012067786659638813 0.0029572782713913615 3.6596003391336827
105 0.9923187342146017 0.02974279624640097 0.005501843578006982 3.6604160315342007
110 0.9988846963640099 0.0035311112496394514 0.005943672546190104 3.6599974904097543
115 0.9980678809781696 0.007129703182191971 0.002272680065211974 3.6600375842872728
120 0.9979882580860957 0.007419628803406297 0.0012336177492855427 3.659316137370736
125 0.9989674514110911 0.0027272203739006073 0.0035534986623244613 3.659739364148321
130 0.9975154719652957 0.009381136136557 0.00311738951001006 3.6591070344764813
135 0.9986828686989961 0.004369894282745257 0.0021594523525803044 3.6594741408104126
140 0.9984935740086951 0.00551023215180102 0.003037120012314265 3.6594926550682145
145 0.9991097906539507 0.002917316312644136 0.0021646199966338653 3.660054191380014
150 0.9985677929103283 0.005231550926109385 0.0016200048321717286 3.6594571448871682
155 0.9987616099077974 0.0044417800526797 0.0006085239496580463 3.6582488700182445
160 0.9984833563892995 0.005527588928539995 0.0076623941033027165 3.6588373642976753
165 0.9988053854999359 0.004253785862414539 0.0007100494194203222 3.659189543447984
170 0.9977771440698147 0.008082507985166743 0.001405817773491691 3.658655474735785
175 0.994478685225985 0.022055457295774072 0.00402904640586077 3.6575303972992463
180 0.9982350297476411 0.006822784812256177 0.004871041269895793 3.657945198154442
185 0.9986805767610274 0.004656587161250059 0.001463562113719119 3.6582310861736875
190 0.9990862852746963 0.0031205241112930437 0.00044564954317483085 3.658973608325275
195 0.9975881742637366 0.009275618200307978 0.007068479652974302 3.6577838002426186
200 0.9993527941093973 0.002009483153527558 0.0006460618245951455 3.658519917655943
205 0.9993907852903381 0.0021642253843170423 0.0010909766087059403 3.659204236320248
210 0.9994588757086392 0.0018053367705213041 0.004379319317306285 3.6583169212627253
215 0.9990871189067321 0.0032935263716016294 0.0023093925850554697 3.657692794857563
220 0.9981649527120187 0.0067384082320582905 0.007829586890970575 3.657984056826877
225 0.9976462381470073 0.008206199071300713 0.006780180377858214 3.6575327055873066
230 0.9970703519799645 0.01092132378108035 0.0016764828881050686 3.6581907297583167
235 0.9990680814531205 0.0034959247874750687 0.004631815575502962 3.6581139515582852
240 0.99913773760887 0.0030537482992034626 0.0014883795473259465 3.658241725714272
245 0.9986068137607287 0.005475750910700405 0.0005815933979858023 3.658409901704258
250 0.9645253358030943 0.17882689935828067 0.0009842444985059817 3.6796997688901394
255 0.965979656983732 0.1700366438240346 0.004300004212408837 3.660026607429762
260 0.9685462682151984 0.15544577865290954 0.00017603981626712617 3.6601079835558425
265 0.9683863296079882 0.15447317240608305 0.004159481744630211 3.6598343426952953
270 0.9644067936259217 0.17610109874882074 0.0029460231384697 3.659678074031908
275 0.9637934701240669 0.18021190085177352 0.007054929060747117 3.6602562593491617
280 0.9663039962151274 0.16644007579089992 0.0030232985501918996 3.6597049342313164
285 0.962069121559886 0.19523433200978957 0.0025382707478749378 3.6586757780178463
290 0.9681708853500424 0.15788920423875963 1.922364058160042e-06 3.6599289300928355
295 0.9677244127445024 0.15904605831106 0.0034570391718415916 3.6585428912789326
300 0.9646466796558069 0.17610994184786355 0.000683791539948686 3.6592638535607658
305 0.9641681759919751 0.18150970577322312 0.0008127485532856138 3.65895063893902
310 0.9665663772829527 0.1651346033599319 0.00010600309405917052 3.6589352637268258
315 0.9656395508597719 0.17015625041715943 0.01123534477688537 3.659032544301299
320 0.9680346585595353 0.1564583955162897 0.00436660742983741 3.6592748081357134
325 0.967178411325244 0.1642900824540683 8.855309832545011e-05 3.6585220954056594
330 0.9630990871083853 0.18449387596767597 0.002658975933400587 3.658831385882034
335 0.9647584008542534 0.17629909154684098 0.006405801319631976 3.6585011717477363
340 0.9683282194763987 0.15794074007265202 0.0022403546158455967 3.6587102483694816
345 0.9688381489009275 0.15270501981263918 0.0004296960470810962 3.6575331448821102
350 0.9658140244785385 0.17448428291313967 0.000559245100882455 3.658741270581979
355 0.9656099623323422 0.17140240640532634 0.003696042821230483 3.658615198244475
360 0.9645880159553368 0.17818040817920666 0.004927494952692735 3.6586462803868742
365 0.964773215425255 0.17496381505556702 0.0011836645052196726 3.658766209282721
370 0.9686925164097058 0.1530941928588021 0.002329914281508305 3.658944572261874
375 0.963304514070766 0.18678849343811654 0.005967885419974506 3.6582780378239206
380 0.9661637994235013 0.1675371061940294 0.0019006855523751032 3.658952305353084
385 0.9670706624164462 0.16033278197283307 0.0021259380307345754 3.658134269282411
390 0.9646699643396833 0.17916499159077937 0.00603907123717784 3.658483303967587
395 0.9674576115818283 0.1633309837962562 7.763396904048037e-05 3.658286096020461
400 0.9635240135335026 0.18184421830178055 0.007733988630267419 3.658738893296171
405 0.9643565210046077 0.18119720275301976 0.0008729280325388 3.6577464818973926
410 0.9670841805268185 0.16485287634132462 0.00043772093607175044 3.6584968110311964
415 0.9664680728329024 0.16728887969069106 0.0035672083591349324 3.6583280008812817
420 0.9632316684313957 0.1921908065122251 0.002961571039995947 3.657742150546349
425 0.9660772092906262 0.16816142730299166 0.0035477301153814533 3.6587279369817436
430 0.9679977936864284 0.15936137817412943 0.003207881529371237 3.6579211063133426
435 0.9676061821296817 0.1608293077955718 0.0011998266002970492 3.658361312754153
440 0.9641227751721605 0.18504335124509552 0.0006310153720505696 3.6578702201998583
445 0.9669940193633925 0.16605185378032417 0.001851417382478182 3.657381712713352
450 0.9669881663129798 0.16309709001444084 0.004704364235236236 3.6574325234733807
455 0.9657059099379621 0.17228802783189368 0.0001282532210578058 3.6582888655723647
460 0.9680063556826557 0.1568918848708325 4.818125484584712e-06 3.657424088825392
465 0.9677471969948583 0.16129233275897725 0.002761226305162401 3.657189645440616
470 0.9656861461290307 0.1718879975866776 0.002839970196163444 3.657861092941766
475 0.9645583861259199 0.1781370105111848 0.002929164891599889 3.658122918206763
480 0.9665057006801523 0.1665889764532249 0.0021709104663985013 3.6576069947607777
485 0.9635365239436745 0.1815863075488764 0.0038013110118721993 3.6573478212133717
490 0.9652526986979075 0.172536347355293 0.0075768735054015934 3.6574718574408145
495 0.9647785974224905 0.17585578705857285 0.00805181878085004 3.657514552222382
500 0.9664631243786733 0.16863897145118 0.0013136515717262487 3.657424038144045
505 0.9642064451819014 0.1817436405981443 0.0033487543903838457 3.657842761673314
510 0.9673031950776532 0.16201407465706463 0.005244788991709104 3.6577589528620633
515 0.9641827431344554 0.1824549449733497 0.006919388158320716 3.657719552518519
520 0.9647400663192318 0.17720089407277317 0.000252606912156228 3.6575044679773354
525 0.9653577941670521 0.17461981083824663 0.0017228398700952496 3.6574239242039797
530 0.965130586736145 0.17537127268719344 0.0023204229502771234 3.657140185177035
535 0.9679012344183335 0.15852371086805794 0.0040741711723426555 3.6576810596362233
540 0.9660747259285345 0.16974770270519457 0.00016805075905468314 3.657008021882989
545 0.9691341282845436 0.15179899505039796 0.0012455217329097046 3.657375772633822
550 0.9677134679793156 0.1604734743318379 0.002308529109930957 3.657026212990183
555 0.9642025488326245 0.18163777745191068 0.004985683595594148 3.6578937271319916
560 0.9672612168988761 0.1630160476863498 0.0028762455129323072 3.657222227705548
565 0.9667122511548227 0.1685496444314154 0.0013937894677107376 3.657856402929932
570 0.9656261347817261 0.17154540902346227 0.0031174450269708665 3.657703739651693
575 0.9691624683354945 0.1513257760829303 0.0018181141336686135 3.6569562634916624
580 0.9670161894086773 0.16611615608631736 0.0029621547133760195 3.657316036137821
585 0.9665252446362589 0.16772860746727813 0.006168407925621233 3.6575022491304234
590 0.9654402501033608 0.1736708294079965 0.00540325730345681 3.657564245518181
595 0.9644311015552536 0.18234007300870703 0.0032620722175549233 3.656852581758872
600 0.9638857467190081 0.1802721702920147 0.009895470814697438 3.657497302293637
605 0.9654764620010803 0.17439088501757638 0.0033601402179614936 3.657180276289075
610 0.9665113717014131 0.16702920636239238 0.0024491269232389534 3.657196216344444
615 0.9631457208384792 0.1863482411528139 0.011386126399759888 3.6572541950270123
620 0.9669268713920706 0.16584689421072252 0.00029356906401445393 3.6571144944195373
625 0.9652357226463639 0.17651542181884095 0.002597414907877349 3.6572502689514117
630 0.9668348677132075 0.16494260954640216 0.0025231486127088587 3.6576255412333705
635 0.96535982276978 0.17369839285922328 0.008902294171435843 3.65765497602218
640 0.9668560500903396 0.16666638535577194 0.002177444572374343 3.6571187389744155
645 0.9662651595055571 0.16952684983825472 0.0004045745083518515 3.657566268450239
650 0.9682255239968339 0.1579348968900116 0.004475308796431321 3.6571026226736416
655 0.9649091012160999 0.17692781027700555 0.011969580868516738 3.656952582774407
660 0.9659217549261061 0.16894113090403273 0.004539069601222412 3.656743809087685
665 0.9649175586838279 0.17496594586165592 0.0034048828560144795 3.657189813887898
670 0.9637024092119554 0.18420050837999158 0.008897375875105196 3.657078627350663
675 0.9660415475316897 0.1680324739889567 0.013131303153982143 3.6574550836760618
680 0.9641165501020239 0.1823092171236933 0.005874700509096886 3.6573198609226707
685 0.9687824448229105 0.15463126620709744 0.0025045877851150866 3.657486429835397
690 0.9663121509954465 0.1712161691405254 0.003388527980317413 3.6572108969580244
695 0.9684156875246686 0.15729322252613676 0.0018847465578122335 3.6569142388027394
700 0.9650199745004929 0.1757164232482551 0.008522738554713749 3.656872441534521
705 0.967197963589042 0.1647305046089622 0.0022882002709836424 3.6566851818155164
710 0.9654059899813132 0.17333989155400342 0.004605460619063528 3.656544112375454
715 0.9663681514831031 0.16727536653103314 0.0015613617257412837 3.6564770521206493
720 0.9624251502449814 0.19142977863178512 0.004378246026366828 3.657032893203328
725 0.9685438063360576 0.15548854001244017 0.0018344185099183896 3.6566948640192076
730 0.9663595998555011 0.1704570271653978 0.0015607803068014015 3.6572567867828223
735 0.9655016044728743 0.17497069998333892 0.005603601465222541 3.65655216523626
740 0.9652164942138632 0.17532135702477136 0.007571926024316333 3.657214407946161
745 0.9667613102597936 0.16653934691737282 0.0021818645959086336 3.656534282342724
750 0.9652837689012974 0.17551697577133174 0.0037699561047632724 3.657295482480563
755 0.9682228483919186 0.15848663633222104 0.0025686836682690117 3.656856297699645
760 0.9666732857352827 0.16492645659987515 0.0009140291398790357 3.6565928029139187
765 0.9644191443986835 0.17913126141327007 0.005408595142188499 3.65679196528496
770 0.9690263198334278 0.15214378559965214 0.001830680925667405 3.656982807685879
775 0.9673407875718976 0.16122352753022273 0.0016867404131086783 3.6567482509925195
780 0.9674881912875908 0.16171250951811977 0.0004690696466482791 3.6568426852187907
785 0.9657474250698825 0.17061440030249875 0.0057643425558944195 3.656942874688655
790 0.9670238180394539 0.1652018997667528 0.00340302252670166 3.656567131649931
795 0.9668056354799645 0.16440876656658432 0.001879198087960221 3.6569178394889774
800 0.9676030863117135 0.16084854125343062 0.0007801008292458445 3.656293862330406
805 0.9704291185031166 0.14410596954595212 0.005797217115315778 3.6568571253239255
810 0.965064820885098 0.1742979018388473 0.003250074907675593 3.656355344308715
815 0.9647394651524959 0.1787997624533122 0.0003748859109768965 3.6571240909683316
820 0.9664698291293384 0.16757366272065033 0.0027787158037868576 3.6565397148761125
825 0.9667294487366124 0.16499461698739992 0.004707769349595381 3.656810728656448
830 0.9680629904820337 0.15843480194667103 0.0012633538524431387 3.655935462933393
835 0.965247962878178 0.17665139474633218 0.0015088339652578053 3.656694479419238
840 0.9685050598554314 0.1569955419904252 0.002321605052173048 3.657051683754952
845 0.9652544099709022 0.1749834856766035 0.004596215831011996 3.6565546336750403
850 0.9641960383078325 0.18063400666761575 0.004838131602625806 3.656447835610897
855 0.9660824743560081 0.16855271271267558 0.0019887654111101494 3.656426915601852
860 0.9671085300620077 0.16239231681050592 0.0015762361856750395 3.656443808789998
865 0.9665245064128497 0.16691224885812472 0.001420466692792166 3.6563174220151247
870 0.9673330124934608 0.16347873126582835 0.0011037314825159683 3.6568507462673834
875 0.9663122313580619 0.16824932453661745 0.0007093885224920271 3.656743017989581
880 0.9686285368373782 0.15480367545419327 0.003908407814640524 3.6562912761825133
885 0.967404946443112 0.16137092470131398 0.0017995980093037378 3.6565098639181794
890 0.9639481517515158 0.18201863575611377 0.0045428950976973415 3.6570441665189612
895 0.968017180875167 0.15738529553307679 0.00018981350765256977 3.6565571822749763
900 0.9668433308451694 0.16071911091147228 0.0032550231676542474 3.656738550274603
905 0.9644736898432567 0.17797926883006143 0.00166605209519477 3.656146631605535
910 0.9654035583864522 0.17218357324322042 0.003828357706550989 3.656709115018139
915 0.9675862786214687 0.1606671144702685 0.004981768706946665 3.6562389933575012
920 0.967943976969076 0.1586916488157164 0.0016090508448949326 3.6564130980928975
925 0.9663790399359808 0.16830951511966763 0.0013557590831017041 3.656618181116986
930 0.9650610995333379 0.17483197044952403 0.005710621468439703 3.656431857606224
935 0.966124468854817 0.17223677755103628 0.007018471311933228 3.656297641692367
940 0.968963782409506 0.1549117497424497 0.005910510467151742 3.6564618882490505
945 0.9662668236688222 0.16943376521911047 0.004715106175897876 3.656620289801436
950 0.9655909668155518 0.17100489833838628 0.00825452124350412 3.6564760804688405
955 0.9676356515892657 0.1600491445837804 0.0011113037146699423 3.656648579927685
960 0.9625271717217843 0.1891159888810301 0.006732002871430387 3.656227857522446
965 0.96523665190109 0.17358664590143258 0.004042920202754763 3.656730551601704
970 0.9638102140304199 0.1822915346413181 0.0016255686910102707 3.656166158429288
975 0.9665561538556775 0.16619656526727766 0.0011025332141423316 3.656750248888843
980 0.965786786566307 0.17250266330217423 0.0012223673855942252 3.6569984574586845
985 0.967406966308191 0.16166265056353124 0.0006999926569062342 3.656313484714944
990 0.9677274632564816 0.16038241141036558 0.0007965376246019673 3.6567647985698075
995 0.9632803487704218 0.18359963772932808 0.006500758275842067 3.65624757140572
1000 0.9656536020411407 0.17199121798827122 0.006713614904857446 3.656008631880653
