0 0.7049438947278961 0.6993287142208595 0.00038878311400969423 0
5 0.7093887275055513 0.6867606384638127 0.00034724393330964887 0.6933408054036747
10 0.711412474780335 0.6810716781218726 0.0001565211413827594 0.6933405194230216
15 0.7098226015054637 0.6855354179765261 0.00012045211599098771 0.6932995809516731
20 0.7101071261735057 0.6847263227763758 1.2288995544063042e-05 0.6932794016419394
25 0.7094663378669288 0.6865252872427154 0.00010175905915188466 0.6932379997814667
30 0.7091243274481613 0.6874851754634039 0.000199803503162288 0.6932491347410344
35 0.7091588792892027 0.6873841869219004 0.0004005629715997383 0.6932717421927134
40 0.7111284704765124 0.681847188875071 0.0008454545144807035 0.6932233536164394
45 0.710342526137138 0.6840529717173998 0.00013951029404812854 0.693274877001604
50 0.9954549368648042 0.009116164500923452 0.02962876259091951 0.8805860468892465
55 0.9996194721958525 0.0010815877831569232 0.0013531602063880932 0.6948259175065234
60 0.9996530228760798 0.0011419352255757076 4.7823018472392675e-05 0.6945921195945481
65 0.9994935208368416 0.0018421485417080552 0.0017984312145135073 0.694671418854229
70 0.9987313081036169 0.004814946067796866 0.008376628772926109 0.6947450507669002
75 0.9988628333276688 0.004411314932414978 0.008683294287759824 0.6946723905237697
80 0.9998098618449853 0.0005845540489765044 0.0018739673753223052 0.6941299514222797
85 0.999702602653862 0.001052510672352236 0.000912986463357246 0.6942913937586439
90 0.9998005950709646 0.0006282382855593571 0.0013565152676349168 0.6941706955005038
95 0.9999147012429553 0.0001891716016531042 0.0009644267355387592 0.6945765022425203
100 0.9992495724473404 0.0028167489275332525 0.0017244271667581357 0.6942779974946489
105 0.9996026951893043 0.0014674586066678597 0.0007306803610330759 0.694339961625396
110 0.9998351782787718 0.0005072993246462154 0.004429056718739166 0.6940116384024556
115 0.999099620947779 0.003492645434246877 0.005028919628781159 0.6944329670826466
120 0.9987962268506423 0.0047159662979731065 0.0007686888072087061 0.6940917521981429
125 0.9999298934750658 0.00015154674881479036 0.0005284444274205047 0.6941950474785203
130 0.9999229126823418 0.0001829220101099427 0.0005743307973403722 0.6940365703230459
135 0.9999140749114959 0.0002222091450689856 0.0017802388519467804 0.6943870659241861
140 0.9998382230752411 0.0005323779325288047 0.004195774361558491 0.6942250557827279
145 0.9998515424560972 0.00047731199088452136 0.00017713424200349603 0.6943948516868275
150 0.9994610575806628 0.0020520987677412617 0.0005505368154830048 0.6939705001028408
155 0.9997968674359683 0.0007014523655659577 0.004899303592844961 0.6940924279350095
160 0.999700268424843 0.0010560693273766741 5.698191019143373e-05 0.6939290450945
165 0.9998547893967468 0.00047235460916184024 0.0008991144123193795 0.6938859934935983
170 0.9998394804773036 0.0005143490699093256 0.0007246762363165571 0.6940335173061372
175 0.999906139104241 0.000267801604382667 0.0012231909670599173 0.694009085949033
180 0.9996794900497349 0.0011478662576669407 0.004386806172981594 0.6940193548464048
185 0.9999356949483728 0.0001460218549218517 0.0022195373689254394 0.6940871505089935
190 0.9996373114464021 0.0013126606350456482 0.0017337843026412614 0.6942093914459787
195 0.9994903555912815 0.00194453421047025 0.004281487820744223 0.6940301197887141
200 0.9999380095137367 0.00013376300915868278 0.00033360735602117053 0.694105033676182
205 0.999702895329889 0.0010602004042432611 0.0026546316012894255 0.6937703127826715
210 0.999913106002768 0.00024347499274768314 0.0021224946957523194 0.6943410665554388
215 0.9999435039644351 0.00012093952208314107 0.000297349091275545 0.6939509956324512
220 0.9994454331942455 0.002129704181264791 0.001794500750819883 0.6941815215366822
225 0.9999386742449283 0.00013796368370455614 0.00042199197565340185 0.6941089755032802
230 0.9998225675889083 0.0006171613052819991 0.004648914284622996 0.6941131818203452
235 0.999831242759018 0.0005816482804448242 0.005473644448805048 0.6942063690122022
240 0.9996673481469202 0.0012415819305906517 0.007485497974700994 0.6939576507312591
245 0.9998138537800147 0.0006535934948135314 0.000560134823117675 0.6939878518923952
250 0.99994659335448 0.00011189434173741741 8.606798247057235e-05 0.6938511751299636
255 0.9999487490371638 0.00010406106154947636 2.1942312240508244e-05 0.6938717671247525
260 0.9998968938311135 0.00030663829095056716 0.002588649946106525 0.6937943667640796
265 0.9993295028173699 0.002553095707983344 0.012172611838372482 0.6937404585290526
270 0.999871994667597 0.00040703826514598695 0.0016587607627134293 0.6937870944386527
275 0.9995356963482533 0.0017762981749475104 0.0028575334070695124 0.6939665869443895
280 0.9999286151258276 0.0001882066588696496 0.001683926511177214 0.6939695370953615
285 0.9999522956882003 9.984347903002622e-05 0.0002080964907835714 0.6937595988607651
290 0.9999489416436744 0.0001109021325240711 0.0010039460617794482 0.6940037974127177
295 0.9996999943599162 0.0010866133065752237 0.005378171425017397 0.6940137782281518
300 0.9995661196237378 0.0016546364942878755 0.009645434106553497 0.6938921962300931
305 0.9998996329766172 0.00031391260332047644 0.002738697005182811 0.6936425171139509
310 0.9997045085435582 0.001074274801255326 0.004306634717231472 0.6939151508754494
315 0.9998159294226473 0.0006334226923011554 0.0031283423419525835 0.6939605662404503
320 0.999948751580495 0.0001130547916956548 0.00026283284038841614 0.6936807540174909
325 0.9999538993405663 9.349900996513671e-05 3.832198488595839e-05 0.6935639329860325
330 0.9999543668817217 9.265657310830733e-05 6.17497429721281e-05 0.6939877542961095
335 0.9999387748890893 0.0001587942396003017 0.0024401586752373916 0.6937417185623963
340 0.9998135164756182 0.0006475446645662908 0.0018695093345575398 0.6940772858456293
345 0.999266525862244 0.002863312673259011 0.004685530192823584 0.6939954091884857
350 0.9998874923927767 0.0003690857366217548 0.0007637403026190537 0.6940121311594709
355 0.9998407135271308 0.0005400744483106124 0.0022216688135279217 0.6936452502551519
360 0.9996681095803119 0.0012232233374789292 0.0007742128431325046 0.6939508996862372
365 0.9999262046709589 0.00021098915935968687 0.0020832674647364158 0.693811721934804
370 0.9999189140891676 0.00024235912972758733 0.0016192084798285489 0.6938047835327545
375 0.9999543245173037 9.971967563005002e-05 0.0008401389894729938 0.6937492215343741
380 0.9999489503115302 0.00011659270262487365 2.6505879137550536e-05 0.6939475226523736
385 0.9999217572837433 0.00023221841103726604 0.003303487971649033 0.6939564015293341
390 0.9998963740601816 0.00032487694116856147 0.000664315298696927 0.6937463416555413
395 0.9999485291757153 0.00012648394763492554 0.0003332003185227972 0.6939379303104755
400 0.9999392350074332 0.0001613357197935983 0.00955103051494699 0.6940384901394759
405 0.9998902682259121 0.00034859829709010803 0.0007081735973317738 0.6939222478987983
410 0.9999566104746879 9.073785834035064e-05 7.139673876332964e-05 0.694103309444687
415 0.9999423508339542 0.0001447429412750889 0.0005808883694082834 0.6940107315648351
420 0.999958080532787 8.782775944049526e-05 0.0005250871377333599 0.6936880164745322
425 0.9998760961534616 0.0004100442508099267 0.0006931634322657754 0.6940201623969771
430 0.9999599929151364 8.127027120563568e-05 3.6168450431306454e-05 0.6937607658381072
435 0.999922724375865 0.0002230796122213441 0.0011189483697811031 0.6938916265096898
440 0.9998515638124034 0.0005045760567483626 0.001886329183936386 0.6937239127449637
445 0.9999016247121326 0.0003190688432938016 0.0006381807586387511 0.6939405783111455
450 0.9997020314697582 0.001123072662140956 0.005639804163879436 0.6937462819774848
455 0.9999596914078736 8.282055753205952e-05 7.661504420453102e-05 0.6939400573915185
460 0.9999276016579421 0.00020625648936012375 0.0008107977283212664 0.6939885886419761
465 0.9994649656088048 0.002077816716303693 0.0032832561483475686 0.6935185579219264
470 0.9999040698010966 0.00030095510929273317 0.002708300219591342 0.6936901236512594
475 0.9995164285663403 0.0018397464165580413 0.010070664953998998 0.6938226230467869
480 0.9998346459148089 0.0005930131437861252 0.006986098798516416 0.6936267130848612
485 0.9999577531761044 9.274556101135367e-05 0.0003037454856804622 0.6935964870297222
490 0.9999218956242832 0.00023296897893376745 0.0005442016992112109 0.6937338888430932
495 0.9998998452737122 0.00033250561262399003 0.003400288437717336 0.693683127805967
500 0.999931433681239 0.0001950193354928187 0.001919662384123999 0.6939424223410071
505 0.9998656041322753 0.0004691500151340344 0.00016625460130414993 0.6937189752925391
510 0.9998238657146112 0.0006219196919745595 0.006017429674453734 0.6937409693726295
515 0.9998901273769404 0.0003586342197181569 0.002540664340305754 0.6937687233468727
520 0.9999468601912069 0.00014119033973603035 0.0006289868526743181 0.6936590821989372
525 0.9999523974275049 0.00011954575218897645 0.0014918395665952655 0.6938296279474558
530 0.9999536815917938 0.00011339637649387946 0.00031441316348435056 0.6937872738950971
535 0.9998645326355955 0.00047451704267531536 0.0009737442219874826 0.6937646252158207
540 0.9997210361694635 0.0010299363371397696 0.0025308907294322447 0.6935301245579482
545 0.9999484875483838 0.00013761329389661014 0.000528689201453103 0.6936906473122394
550 0.9998442686291553 0.0005583029897200387 0.005778308137923571 0.6936868035721087
555 0.9999443054336206 0.0001480527336518156 0.001833744861098996 0.6935971655970742
560 0.999914144857107 0.00026729928847091244 0.005639556325813588 0.693998648648762
565 0.9997586871137485 0.0009028795648822197 0.004075880431705037 0.6939171491941845
570 0.9999331211765445 0.00020103610398303218 0.001107275709502531 0.6938958703832013
575 0.9998385806126182 0.0005654199729017151 0.0001387954871914232 0.6937870662134871
580 0.9997732213438766 0.0008259151548564159 0.0015130134967109576 0.6936770451416017
585 0.99978017705004 0.0008170439700112553 0.003856214626955845 0.6936425314224296
590 0.999867309814643 0.00045410283667113305 0.005304728111390489 0.693800228539191
595 0.9999452159077808 0.00014639359129142715 0.0005484051310573612 0.6935826233579175
600 0.9995879362904332 0.0015912502053425648 0.002897975116063267 0.6937341345079129
605 0.9999269310219496 0.00021985864203788452 0.0004855132677856755 0.6938033133862064
610 0.9994470350334208 0.0021232523794749714 0.004584231402833927 0.6937268849612386
615 0.9998892721979765 0.00036868008208035263 0.0016413584383688784 0.6936263406741872
620 0.9997475832413565 0.000949744031689681 0.0017301745119968626 0.6938462922650068
625 0.9999656869319126 7.008011860032415e-05 3.752148079905204e-05 0.6934649343518106
630 0.9997303627329934 0.0010205736113912955 0.0016697755494345934 0.6935850877115651
635 0.9999632757259839 8.237808613253961e-05 0.0005392518005348235 0.693614079080198
640 0.9998213465527961 0.0006548068104157423 0.00265836556965815 0.6936624019977412
645 0.9999649920569444 7.568101441535191e-05 7.530095511953938e-05 0.6937148861072278
650 0.9997939364167514 0.0007654891379766937 0.0015479675528443648 0.6938005138025525
655 0.9999628616260905 8.116753279030497e-05 0.0004641590545615415 0.6937150870861467
660 0.9999660013427003 6.9874340754561e-05 0.00032078367639054584 0.6936321275782257
665 0.9999602508277184 9.126583837137936e-05 0.00036831053660335566 0.6935987428174393
670 0.9998926701554611 0.0003572029476669458 0.0021846815297104083 0.6938395118171569
675 0.9999086162950344 0.00030549141409874636 0.000242970093405237 0.6934336423230636
680 0.9998439101849614 0.0005665132872390011 0.004324901468769626 0.6937468211704578
685 0.9999564689522185 0.00010777941534745317 0.0010981723734746485 0.6937288194841088
690 0.9999643474019028 7.630786964463177e-05 0.00030287207162316143 0.6937471080880716
695 0.9998969968378721 0.00034243910347853124 0.005851851207178571 0.6935637056811873
700 0.9994699713664981 0.0020690724131071647 0.003286607720841328 0.6936978560530939
705 0.9999596326659423 0.00010034321210206087 0.0011633339331715842 0.6937435013850419
710 0.9999218535432521 0.0002535685708947577 0.0009760945879724314 0.6936442421360367
715 0.9999677328863031 6.57824060318335e-05 3.876294658811119e-06 0.6937565548940742
720 0.9999646867395633 7.72133290442012e-05 0.00010319636657074582 0.6937526312347445
725 0.9999640282129099 8.081128221304468e-05 0.0005371432284003719 0.693641431086184
730 0.9999113406142013 0.00028781178981085453 0.0023091051396986195 0.6935884236715214
735 0.9999586187558108 0.00010695002378602325 0.0010039935436090275 0.6936230974355323
740 0.9997434230058633 0.0009747063793206223 0.005088316289870276 0.6936842399518666
745 0.9999323980060094 0.0002045046139097506 0.0011839041357881719 0.693574451401319
750 0.9999677917460545 6.85775038935521e-05 0.0002676637281993077 0.6938106627723718
755 0.9999479832122729 0.00014539980109939954 0.00067990757234071 0.6934666031279724
760 0.999955577643658 0.00011936314185845287 0.000491445061069351 0.6938044765359266
765 0.9999642131198974 8.217254886599967e-05 0.00038584475315084354 0.6936048654602142
770 0.9999383570678979 0.00019005002098482215 0.0018117487242605979 0.6935702212625188
775 0.9998949177902483 0.00035622590705042256 0.0035615895736966774 0.6935976430346292
780 0.9998994693169968 0.00034751337521177206 0.00019162593590382748 0.6934341599334303
785 0.9994993934569428 0.0019546487736772367 0.0031398248201852663 0.693618938267675
790 0.9999698511156081 6.164959805432524e-05 0.00014819088142781212 0.6937435970106308
795 0.9999698959111962 6.150252115144639e-05 9.32095848282799e-06 0.6937910634204512
800 0.9999707154636943 5.980829819263178e-05 8.32845958587125e-06 0.6936273856255974
805 0.9999431391636129 0.00017301570870720262 0.00011610917012339073 0.6937215032532305
810 0.9999710580091851 6.056893834816002e-05 0.00019531139039297152 0.6934157749374243
815 0.9999714586682977 5.892465190471263e-05 6.334677535524413e-05 0.6937527478660133
820 0.9999383726793192 0.00019225484952833938 0.0008523152009811685 0.6937433368411758
825 0.9999576078515127 0.00011488807645787524 0.0004875410444864503 0.6938202351135453
830 0.9999681904720286 6.955910463246617e-05 7.732687359018886e-05 0.6937475094985228
835 0.9997383662422019 0.0009989691345797524 0.004280190783496507 0.6936294101167754
840 0.9999666339147455 7.957230621302713e-05 0.0002956888712508654 0.6935773018060172
845 0.9999612088030859 0.00010287396103858537 0.00034424645693542644 0.6935665575054868
850 0.999942664307859 0.00017205813806875359 0.0013112302662843245 0.6935618174795721
855 0.9997381634963982 0.0009840027718539535 0.0034901196378325228 0.6936083168548306
860 0.9999387608808457 0.00019372158213881718 0.0018134362192800957 0.6937109475617224
865 0.9998927555375983 0.0003686273005352181 0.0031567464039773396 0.6937555848924434
870 0.9992782543266266 0.002816033420834807 0.0031865013095423445 0.6931813498529803
875 0.9998965234966168 0.00035500910767638505 0.0017477655393678404 0.6934136907605035
880 0.9999714113471121 6.0428382846700046e-05 0.0004499279142552437 0.6934540915749579
885 0.9999619610302579 0.00010177345362660795 0.0002467295189039209 0.693603217516319
890 0.9998337369056591 0.0006056025112359809 0.0014351096511101558 0.6936553492077536
895 0.9999546628891118 0.00013174374169522274 0.0016874912433917366 0.6937289893502709
900 0.9999256055680036 0.00024149263338557603 0.00018292894426008566 0.6936314738101043
905 0.9992208777727678 0.003078844670226566 0.010842934451858133 0.6935797222515214
910 0.9999275231053832 0.00023379513399479634 0.0005735962897039926 0.6935460854724588
915 0.9998991452678789 0.0003553447543427346 0.0012924716702966688 0.6936441779887104
920 0.9999322773672439 0.00022283322860805477 0.0013128307537511041 0.6936365041970691
925 0.9999710965326001 6.267342512844554e-05 0.0003120058963077543 0.6936380892111912
930 0.9998733335520078 0.0004600626401419783 0.0021313890541210245 0.693587872111395
935 0.9999704647064872 6.887240402742023e-05 0.0002169775048499467 0.6936045657393239
940 0.9998261016247333 0.0006509216655788963 0.004262022205054783 0.69355578919083
945 0.9999717831830122 6.221278595575086e-05 0.00043525251206677495 0.6935575039646414
950 0.9999741385580636 5.334833531356331e-05 2.4108349182316857e-05 0.693560786438994
955 0.9999737453420858 5.418349708619097e-05 8.713257644288319e-07 0.6936593321872603
960 0.9999721999933765 6.142928738550602e-05 0.00041933698673968234 0.6936213109023174
965 0.9999753276387684 5.067567950067797e-05 7.318661029365181e-05 0.6935616516910621
970 0.9999588689975688 0.00011301032757748963 0.0005928596776518802 0.6935592886157328
975 0.9999394971922624 0.0001901816016949276 0.0008532449690838995 0.6936141886930978
980 0.9999721106677644 6.367627685699428e-05 0.00021975937328155837 0.6937514856462027
985 0.9999734887922781 5.843607408095863e-05 0.0007272443639564363 0.69356768196566
990 0.9999096864864193 0.0003165110473574151 0.0025901994322841126 0.6934846827740918
995 0.999968639175719 7.634370176723415e-05 0.0003062876963293437 0.6934362869768234
1000 0.9999710939944091 6.56828904068707e-05 0.0006048123534043714 0.6936443234009433
