0 0.5781145110409718 1.163459128837255 0.4182034766425433 0
5 0.988828178867743 0.030199659325736317 0.0313425090357724 1.6624764794432345
10 0.9945669490974278 0.01784567625863298 0.003395279795180617 1.6420287523584534
15 0.9958344371258216 0.014503054940247395 0.008958563111457263 1.640183913331029
20 0.9989895854657487 0.0028687910199025612 2.0329732260293554e-05 1.637686030215961
25 0.9989134760860929 0.0030919043881674213 0.0001733473841540878 1.637212145906127
30 0.997989113203158 0.007316130394751319 0.005046048042463891 1.6368300099862045
35 0.9989166244107935 0.0034813822341652756 0.0014141793552520099 1.636094813283289
40 0.9976348626660767 0.008673020992308489 0.006704469343683295 1.6365673415174746
45 0.9993959568198216 0.0020029940054442363 0.0023118127530814547 1.6363817955472053
50 0.9943468349863431 0.011576081517908676 0.0002225585432611421 1.6354392600882295
55 0.9605943786297821 0.08210313837072936 0.001444768680523234 1.6345978348791592
60 0.9474340703112876 0.11050107525135067 0.0051364694489468565 1.6345312364047524
65 0.9109590422004106 0.18787942511986033 0.00018674972891230546 1.6339368548041446
70 0.9111492318678821 0.1908933371058643 0.003009286695872415 1.6341820189406626
75 0.8944377220043586 0.22576993124721834 0.002423436587286165 1.6341169037856813
80 0.8926447126947303 0.2284262363189411 0.002369328078594801 1.6336186746205936
85 0.8892408146151052 0.23599778720317555 0.0007871577876470415 1.6338377564793034
90 0.889777260555042 0.2348806407716082 0.00013371029508224552 1.634078700061645
95 0.8915975053556795 0.2312995342395232 6.0500614517344786e-05 1.633672056844573
100 0.8880032925408988 0.239083634902302 0.0014403366386344096 1.6337326107276287
105 0.893075014325375 0.22965737485509696 0.004496448068572745 1.6337021535604017
110 0.8835743033311587 0.2490189075875675 0.0007670987627890202 1.633449983632932
115 0.8858604453283649 0.2442010830150252 0.0008682437272073962 1.6336777634759199
120 0.8847027956345549 0.24797300269320477 0.004812348050661441 1.633523827220244
125 0.8878635686042194 0.2405261598829096 0.0019117120747651484 1.6341181579185768
130 0.8866428729670043 0.24320155152878375 0.0012425564171640868 1.6335309563735485
135 0.889413113772105 0.23767787910851945 0.0004008616786570496 1.6334861504984506
140 0.8782075832683085 0.2614564558445429 0.0026134782410869306 1.6334390149765832
145 0.8833253186054697 0.25133267920194413 0.0004332446732486783 1.6334514909319773
150 0.8799231485943753 0.2582064635709227 0.0006764276168038652 1.6334456667225803
155 0.8871698880873935 0.24336038353691714 0.005205255308859513 1.6333613819934456
160 0.8715731895914833 0.2759083954208217 0.005309869481221474 1.633296260922055
165 0.8794439726475567 0.259163076886072 0.0023675289467395277 1.63296933783133
170 0.8806093860678956 0.25650414456300186 0.0002825797593433155 1.6335472444139585
175 0.8800661739585829 0.25764954525352723 0.001975618917528399 1.6333474533890262
180 0.8760633510242238 0.2662711885326965 0.002484206907529929 1.6332431798098614
185 0.8770909877957802 0.26438526822555986 0.0005411950661220466 1.6334115474457656
190 0.8774150742231165 0.2642257490831459 0.0021138033078809126 1.6333771170583047
195 0.879106082420726 0.2608310669446685 0.00046479079621652986 1.6333920128240476
200 0.8790754690750856 0.2610850566902263 0.0013454606773746214 1.6333016506185292
205 0.874880131927586 0.26921420950073327 0.0009495881134968798 1.6333478924349019
210 0.8709608406354961 0.2780536763091308 8.524271546517248e-05 1.6333431598845052
215 0.8855608316799128 0.24700829377182054 0.005172926403402611 1.6331020299426606
220 0.8795189664593993 0.2601765662612203 0.006184920116980797 1.6332836835715432
225 0.8752509156684145 0.2685845156438327 0.0007668173275126033 1.6334272509509742
230 0.8799071476386705 0.25884335525950863 0.0026104613748525463 1.633220246953572
235 0.8822462428301278 0.2538309617650272 0.0006056792762243468 1.6332242096458558
240 0.878905775404846 0.261052928724002 0.0004711122411140689 1.6332701070799016
245 0.876991197765773 0.26582783924361486 0.0004927221764909895 1.633310705045775
250 0.8836516823164208 0.25147646361496423 0.0018038218280946872 1.6329080218914882
255 0.8746234016108576 0.270168377762497 0.0019198960340789384 1.6332236570070429
260 0.8776370854711008 0.2646723106572071 0.0013480834843937473 1.6330705514373818
265 0.882776750878596 0.25277168935672956 0.0004681083569921807 1.633129916137109
270 0.8776970961384958 0.26419677348602755 0.0028644433079065834 1.6331295851903698
275 0.8836495839840763 0.24973683591356366 0.003976767271364867 1.633054436747172
280 0.8730883606639149 0.2740655262874183 0.005447301752409928 1.6333993479099604
285 0.8843968206701682 0.2491859279150559 0.0027372985680038653 1.6332168072029856
290 0.8796497883694516 0.2593726420311462 8.264635781940477e-05 1.6330173784882758
295 0.8893068187222262 0.24118297445668846 0.00045547849507387994 1.6330934415133789
300 0.8856060186136665 0.24770520709486998 0.0012121717262842946 1.633031716057489
305 0.890286818290039 0.2355687554410777 0.0016504515125503882 1.633089078802327
310 0.8929987329205578 0.22932606312308956 0.000988356058274631 1.633103093541429
315 0.8693744774580592 0.28330522742833786 0.0004379351622101346 1.633070818365741
320 0.8866795593132468 0.2453381056207138 0.00018693104935030291 1.6332675418162796
325 0.8862325061408822 0.24558726267370035 0.0019324645944740482 1.6327522836940014
330 0.8895032928198956 0.23857801029722348 0.0015402520359293348 1.633334587273073
335 0.8762015114146711 0.26672563864129883 0.0021133901680421285 1.632902315281
340 0.8818318499467026 0.2546402374108614 0.0018379332363498424 1.633307743750302
345 0.8824031075648332 0.25271571254605973 6.71360527100262e-05 1.6333317619460883
350 0.8823232258781804 0.25420396373594834 0.002415587601601654 1.6329700983511728
355 0.8855656358169153 0.24664095148124998 0.001932918107848236 1.6330113106939255
360 0.8906314166624316 0.23495017182413824 0.003352099243721929 1.632903186097196
365 0.8931683172105256 0.2318112836722348 0.0015521984411392964 1.6330274561223503
370 0.888484891525292 0.24073593029076057 0.000744076031123253 1.6325763465210081
375 0.8948018448501719 0.22786585865499642 0.0056318188816628645 1.6331509658047236
380 0.8956302569117814 0.22762374173238809 0.005402187577483453 1.6330924449837891
385 0.885924755405981 0.2463938475966192 0.00014144787982339757 1.6330970284260942
390 0.8829428260895793 0.25209507747186755 0.0014714743103056982 1.6330447543589377
395 0.8885079364276477 0.24224914504033812 0.0031136618455067655 1.6332012904186717
400 0.8852256276535451 0.2484109797081473 0.005593886770715484 1.6330496394523542
405 0.8917520630523105 0.23615678642736326 0.0028077878492427377 1.6328727571893324
410 0.87665411412546 0.26537289321417257 0.0010256985076615432 1.6331092996644259
415 0.8893801247337559 0.24019818383593772 0.0018572323385759315 1.633002578501982
420 0.8845772540115162 0.2511843800873299 0.0019752725862161036 1.633061089191838
425 0.8872713286461175 0.24300178625082003 0.0016882139197684776 1.63271424884333
430 0.8959840468464729 0.22975625976262526 0.013359555767259668 1.6329145908453508
435 0.8872798483705938 0.24550764909581546 0.002765377981955419 1.6333078704719037
440 0.8808558758213121 0.25839114493032667 0.0024229060040388273 1.6328297604912556
445 0.8906119135693124 0.2382670558001434 0.0036247070299875173 1.632981259020155
450 0.8921553392369005 0.23455022477512522 0.002079391349044002 1.6330397749168162
455 0.8892180662622211 0.24062448821087767 0.0027884698075721914 1.6333173764794406
460 0.8822661167818961 0.2555107962730663 0.004624883171407301 1.6331121444319852
465 0.8854913780342966 0.24758014370994252 0.0005053656447504551 1.6330284212321313
470 0.887601068609873 0.24405233649870528 0.002305724068147441 1.6327894019073164
475 0.8912224215144773 0.237528669575096 0.0016003263129891199 1.6330153263422553
480 0.8847232383938206 0.2510338683254685 0.002896070803960482 1.6328224935725704
485 0.889710474770412 0.23932019717335717 0.0010044070327173138 1.6327504843613578
490 0.8918085875457823 0.2344428086168231 0.0007829653342665832 1.6331157493816775
495 0.8808031778867832 0.25971836682913296 0.0016450566223764618 1.6329633282476492
500 0.8895687339333136 0.23807969994858946 0.0036184697631358453 1.6325828014971597
505 0.8848862225744505 0.24832903899234982 0.0002792512819003168 1.6328164651843686
510 0.8907652814875279 0.23866413132977837 0.008461159796153472 1.6330591226398934
515 0.8856157059464967 0.2478992835482947 0.0010349537192970715 1.6329564876178597
520 0.8810178046254604 0.25710398186783445 0.00036191617504233164 1.632971798867274
525 0.8864793592129337 0.24797152531448985 0.00014848579890514024 1.632986253171663
530 0.8877601523149563 0.24373490275171283 0.005484358718970128 1.6331478062978828
535 0.891422418637003 0.23629904921293643 0.0014554181381756237 1.6330769929939462
540 0.8779935483467759 0.26390719548005026 6.663207122192816e-05 1.632897422879893
545 0.8924008578964697 0.2350324344490322 0.0025667789426295773 1.6328288472860433
550 0.886576605244217 0.2447189315560372 0.004003444317713489 1.632808643136925
555 0.8899841335543683 0.23894883888945118 0.0006141857253942895 1.6330956026702226
560 0.8892637993042777 0.23956489096360767 0.00010236168634447651 1.633180713499087
565 0.8877101092986031 0.2449981186139114 0.0007358237813888113 1.6326327829501677
570 0.8884282539542272 0.24307721759000978 0.0009421053447282723 1.6329880912414587
575 0.8836744456389231 0.25033592907094127 0.000765655584849867 1.632997005980678
580 0.891392730505824 0.23778643415828382 0.0004672830213794388 1.6327934025887862
585 0.8884738621464192 0.2422613968648537 0.0003386056423597683 1.6332287755357304
590 0.8872120396126804 0.2471141093995406 0.001519122870023315 1.6327340414295843
595 0.8862351908357519 0.24648045968634347 0.000992185751225394 1.6331290112182606
600 0.8907951083806718 0.23670008630811723 0.001043552718674734 1.6331302571508746
605 0.8891078314197544 0.24039264545170713 0.003542791946932189 1.6328924981929662
610 0.8846335815354848 0.2500466824431751 0.0012378002812498679 1.63295557056807
615 0.882888110558228 0.25601057271149297 0.002548043003021583 1.632942451101003
620 0.8876783243231818 0.24480777240959606 0.00011316898843705125 1.6329719373239144
625 0.8866550357801444 0.2459425615331554 0.0023097640334526215 1.6327051431456698
630 0.8896151846489538 0.24137134923694892 0.00047590208547432233 1.6330099794238393
635 0.8912417865784349 0.23717952559394972 7.413757873253601e-05 1.6329303541955051
640 0.8908202407214894 0.24011788247913102 0.005990329861961019 1.6331919955458778
645 0.8911985326085061 0.23715332630282093 5.663282217116539e-05 1.6329846134189574
650 0.8857761865314941 0.246612938957943 0.003476038408068538 1.633079762518976
655 0.8938142412001173 0.23396193495933115 0.0004768190382611337 1.633023577387753
660 0.8943386247357308 0.22876299268862343 0.0018403426824349367 1.6329753762629642
665 0.8895751989307048 0.23920214962747277 0.00011789484756574709 1.6332515763638127
670 0.888018600659246 0.24271301100161158 9.355950525957724e-05 1.6327809536386468
675 0.8865928483514631 0.24737240176963304 0.0027903515369320786 1.6330046906806939
680 0.890490358539771 0.2381645058084476 0.0008111071955161364 1.633096417694514
685 0.8935921974320766 0.23175270077691712 2.0783142872460303e-05 1.6330627496539487
690 0.8895579025207576 0.23994749869069354 0.0012436670264217575 1.6329635153755127
695 0.8895720889264311 0.2394255637269631 0.005869264165738741 1.6331166940526072
700 0.8925614717668868 0.23382654838899986 0.0005926999690297752 1.6327648807896105
705 0.8913904649401159 0.23692114607944426 0.0014373652493693267 1.6329009576148237
710 0.8934844788561501 0.23300268635721966 0.0006857945539320287 1.6329035581274807
715 0.8962536338836555 0.22826896140151454 0.001135170367307925 1.6327237142022821
720 0.8874671860427671 0.24346394738597854 0.0029643553962255265 1.632936298187673
725 0.8927425300515353 0.23322732104952948 0.001458155756070667 1.6329442714894051
730 0.8857100582663682 0.2468141390033114 0.0010715999751254035 1.6329118071365465
735 0.8958357115862972 0.22857413630290035 0.0005237750258377805 1.6329219407912339
740 0.8997272748431937 0.220750572674 0.0069705343810499976 1.6327862908926343
745 0.8927385561473549 0.23455668716341838 0.0006404356057303495 1.6328402924977694
750 0.8937705434431283 0.23184712299892962 0.0022770422146347613 1.6330916346381494
755 0.8953676944339858 0.22829486766664253 0.0009151117555930011 1.6330262536242435
760 0.8906189957581934 0.2376718861853837 0.00034954520525265487 1.6329183592887202
765 0.8935053892632543 0.2327250806831822 0.0014381240856540245 1.632948556563842
770 0.8928579944061309 0.23282762676919688 0.0016213736236292409 1.633135899323892
775 0.8916612862057227 0.23424175967622385 0.001045751845721199 1.633049791224626
780 0.8931574943230084 0.23200760202426918 0.00012659885771793 1.6330218058460775
785 0.8964568142962821 0.22369342771962186 0.0038313135367813445 1.6328780478621454
790 0.893925476976863 0.23124109936976867 0.0008342995282832888 1.6329381371915312
795 0.8855684370370949 0.24635594692870733 0.0024425982991429507 1.6328024238182408
800 0.892442835277975 0.23189846259252223 0.000834414208071621 1.6327924283269335
805 0.896133999765558 0.2265519939780103 0.0010691006970398043 1.6328226754488673
810 0.8989698601320444 0.22239601362172756 0.002489414004399837 1.6327581851732733
815 0.8916722089073388 0.23361619638640185 0.0026466896239742965 1.6327773756473498
820 0.8942634865530898 0.23070642674411146 0.0023420730411467527 1.6331115507632032
825 0.8944704646599761 0.22787807717249264 0.002424441180907788 1.6328892708826745
830 0.8994109830647457 0.2208574907516061 5.8843759787485794e-05 1.632908611413109
835 0.9018020078743996 0.2149238108913376 0.005289387528893741 1.6326147583796464
840 0.8913194348653255 0.23491310412522326 0.000857263206578196 1.6329652115619475
845 0.8850142032851311 0.2470570373837413 0.0018160913889222474 1.632984289206673
850 0.8930014809021158 0.23205655322845997 0.0005355344940836115 1.6328771310360692
855 0.8967166656468508 0.2253062619445425 0.0002111344316184649 1.6329431639559786
860 0.8950985668205061 0.22721508086630937 6.76570630808726e-06 1.632863737326125
865 0.8948605389957697 0.22789983975256578 4.8960923775709375e-05 1.6328828939650846
870 0.8912729477746764 0.23442821917614154 1.2812661961847382e-05 1.633052502569779
875 0.8933666458255372 0.2301075822224623 0.0002570367055128031 1.6329128743334236
880 0.9006844125142066 0.21718513994648947 0.005097568671239339 1.632934021948989
885 0.8916990795682612 0.23363294933628342 0.0009303711183541452 1.6328273946395402
890 0.8958844047173933 0.22578825035969463 0.0044396746480841465 1.6325292972336107
895 0.8972970590340352 0.22486400731722256 0.0012926735355158758 1.6327467008260723
900 0.8968895299186066 0.22376981487672354 0.00074866663521167 1.6330602994709884
905 0.8969878113949254 0.22349808896018586 0.000976163756496895 1.6329763822120793
910 0.8944111744901508 0.22888272476362093 0.0003720673179798961 1.6331178157734376
915 0.8931195571866735 0.23186983500116765 0.0005344874469310756 1.632903941920486
920 0.8968757326429213 0.22521378568026984 0.002356412877841496 1.6325926860806965
925 0.8989888683517812 0.2203527771395064 0.0028806804828409582 1.6328784626202255
930 0.8914462385804458 0.23400335267954997 0.0022064188500461324 1.632742087944524
935 0.8953549729109724 0.22659768781047784 0.0006845016045617935 1.6328677508144491
940 0.8974428547899933 0.22541860627543198 0.0037231285168402017 1.6328127467351368
945 0.9005767682635314 0.21584802922736523 0.001497045271028119 1.632676576565803
950 0.895789025297631 0.22571023202197993 0.0003029831923420101 1.6328502179495308
955 0.8995518750957054 0.21787894323063317 0.0002872281556338674 1.6326962109610699
960 0.8997479503870164 0.2210916642739884 0.0020491895498877533 1.6327193465090835
965 0.901597945338807 0.21965167275798292 0.005120287646721566 1.632737035256655
970 0.8915186714395847 0.23666423052503838 0.0030945364776946427 1.6329411565431418
975 0.8907634353672202 0.2368175975031943 0.0006202518047775385 1.6324812584279969
980 0.8928123059586346 0.23217834410043192 0.0004918400327562633 1.6327799910849754
985 0.896857867377892 0.22536473791834633 0.0012661408966772036 1.6328603332739622
990 0.8937503870097574 0.22989944235530846 0.0013299454288260293 1.6328712985570584
995 0.9009911553806071 0.21740050527752675 0.002394950851966504 1.6328967738361664
1000 0.8998804388668296 0.21887844794775968 0.0017097978113194134 1.632832204263756
