0 0.3911627149644765 2.1309114232516713 0.2620037546040116 0
5 0.7250527621792553 0.7051110048880727 0.046357807643980564 5.510851594353158
10 0.9213125368686566 0.18678333009658488 0.02557282805279626 4.874833794756452
15 0.9272622400015238 0.17163696700750908 0.02852572164963041 4.8594344147851025
20 0.9295722534271644 0.16381074322027533 0.03299557957074639 4.8509284979388285
25 0.9299732648782326 0.1630924008668142 0.015922173128457784 4.847738539459899
30 0.9312066085124551 0.15847641001673907 0.021967984432253562 4.846320515238406
35 0.9307872697647352 0.1595251225905958 0.011664126582159096 4.844136834739158
40 0.9305606149873675 0.1607976503252493 0.020511475980258265 4.842400826238074
45 0.9330985721667644 0.15353824895532764 0.03041017455768813 4.841007387927037
50 0.9335366434174295 0.15228519807990892 0.023450025072375258 4.8411920745796175
55 0.9333227880989943 0.15269516529889504 0.02428319702361237 4.841072833148858
60 0.929534662465105 0.16351564851114908 0.016308560146551132 4.838561094434845
65 0.9227547999023038 0.18341439422612726 0.022756451840629355 4.839334449663665
70 0.9298395249509004 0.16384691552667707 0.016752294220053532 4.838778314018101
75 0.9346754369547405 0.14874287739460978 0.027131801616901985 4.838137782848198
80 0.9331418884345536 0.15294502429921675 0.02819519185177466 4.836941515404289
85 0.934488727184652 0.14962969526400016 0.02413322719387856 4.835817615166212
90 0.9355196115769056 0.1470341917197393 0.015392045498475282 4.836164966146051
95 0.9347642696654126 0.14925102028093473 0.02163673841524716 4.835181387306588
100 0.9341701360282197 0.15228475601733216 0.00802201786231671 4.833491608188883
105 0.9370419100707952 0.1431460295435052 0.013018213062013784 4.832001092430551
110 0.9374148073775156 0.14174485477840637 0.006055514193439304 4.831108917939029
115 0.937963077411675 0.14109595676192122 0.021260126283141556 4.831889101463777
120 0.9330078232715052 0.15620017844179301 0.012478390881782486 4.829150786879422
125 0.9339640146993025 0.15320318024666424 0.02851871549941798 4.82488163744762
130 0.9405313279110006 0.13453184076306002 0.016408350500501268 4.823973094747437
135 0.9431573435509131 0.12791688342483987 0.019450197814781855 4.820489402178166
140 0.9376395719542485 0.14648985291936345 0.02678478928817629 4.814060242371343
145 0.9499417728713955 0.11312895995683458 0.01800709127843847 4.803958512450388
150 0.9536032013587746 0.10550075667778369 0.008096972087273224 4.797525512853084
155 0.9568299746428417 0.10130452419511737 0.016137530275980305 4.786387205301151
160 0.9598746255552034 0.09492592246578813 0.018824204348568463 4.774166653698348
165 0.9623882845642324 0.08680413341141868 0.014633158714228989 4.765316950079401
170 0.9707582610169004 0.07267984570493269 0.014658279719648393 4.756620727881918
175 0.9769800212690596 0.05437569811098708 0.015057702009977358 4.749874134795089
180 0.9800512190650825 0.04854188728154618 0.0140515771312546 4.742569115535332
185 0.9803533522791278 0.04949045984714662 0.01204060846964472 4.738682338727808
190 0.978624620366839 0.04702644268330669 0.005884896994010846 4.732589559628398
195 0.9712042588397569 0.07582039692782949 0.010845938729277194 4.727951987893168
200 0.9742406727478963 0.0854958926224807 0.01582534940669933 4.7232894062670745
205 0.9874293204726365 0.029642725280460525 0.006178766507766387 4.723077344092203
210 0.984179064905364 0.03906578656926207 0.006646111798331189 4.7191899363226
215 0.9892096120313834 0.025177201618048706 0.005663840698252098 4.719305969462701
220 0.9906414461341775 0.02177715664636004 0.012165162446294175 4.714787124670226
225 0.9901212250844675 0.026711282933494118 0.002440950673799902 4.712589242737958
230 0.9921512605289637 0.01895757489691441 0.0008835718325141961 4.710080996298391
235 0.9926825799227674 0.019748942372740608 0.004536898430850034 4.710010712904409
240 0.9919413494650919 0.0241885973667868 0.003822847447484845 4.709414799277843
245 0.9801155768184272 0.07058831492795115 0.009675323730630847 4.707111311819602
250 0.9442280911317205 0.24361096833760065 0.006172787387256795 4.891599948873722
255 0.9342604416919765 0.3220890899274078 0.010477523195943084 4.733643036300623
260 0.9371121355976622 0.32266377080143016 0.010511316341738963 4.722355095175204
265 0.9213958614123301 0.3679846313134352 0.012883714634518428 4.719255791394401
270 0.9388832924264012 0.3125493785700968 0.00892801938353438 4.711428887652707
275 0.937098880706049 0.32346038593224513 0.00124313144621091 4.710036640409375
280 0.9372821079508213 0.31744894808871127 0.00010467329481733678 4.709611673083613
285 0.9325915536182012 0.33390708117764145 0.006169505690074573 4.706531971155641
290 0.9385297296935651 0.3158020394135672 0.0012855740823025652 4.706705130607184
295 0.9393192600189486 0.3140787327087855 0.007347136308723856 4.703736580107713
300 0.935982208730394 0.32666237249337016 0.002131980485629903 4.704778197767044
305 0.93911449653346 0.31811607552514687 0.00686213749810749 4.701206521372974
310 0.9374996369185318 0.3249194216999536 0.005731445839640692 4.7008746534948465
315 0.9375946234075866 0.31812568292412013 0.005525993644733829 4.699382870589824
320 0.9381905371663265 0.32186593839545985 0.0054994103204013545 4.702101133477703
325 0.9395359641173306 0.3178204404158391 0.004812654074682232 4.6995280825902555
330 0.9408950022720723 0.3095993133880812 0.0024449131250690037 4.698826596089812
335 0.9391408117428957 0.3227390410469413 0.006663452339725762 4.698072381914605
340 0.9402316203737651 0.3156944864368523 0.004134558189495596 4.696900855480625
345 0.9408963371390273 0.3073138239829154 0.0038145279287511435 4.697681154957746
350 0.938987807007555 0.32267129180048126 0.0047121727248433665 4.6970152564800705
355 0.9404965338279672 0.31386827108312776 0.003188487513861027 4.696751181690821
360 0.9367429200154156 0.32561890178565633 0.004586316711550298 4.695906775531338
365 0.9414694534254182 0.3077106577193538 0.0023790390888549506 4.69683774320816
370 0.9418953353583991 0.30416431533609245 0.00048151695616338586 4.696568785096506
375 0.9385417374659653 0.32161661987442436 0.003174081592753897 4.697088555965892
380 0.9382791611228001 0.32913675088300565 0.0031101836617328793 4.695866139824714
385 0.9406554464775125 0.3113571413238061 0.003874940449554165 4.695385808012673
390 0.9411695735286509 0.3111102308530178 0.004356016659006201 4.694142846878564
395 0.9409945321769957 0.3115444961150686 0.003488850102876473 4.694325151874999
400 0.9404608060833077 0.3140261734884833 0.0032613501318179416 4.693518491989647
405 0.9389167802445071 0.3246644713091653 0.0036889701383775453 4.694199781111988
410 0.9415291892159456 0.3069476421833235 0.004454125647992857 4.694934439391363
415 0.9396667467814424 0.3119180338040888 0.0033143181884951467 4.693355346568643
420 0.9395601613279898 0.3175089884802835 0.0032377971853940757 4.693465232115495
425 0.9406300023306307 0.3121359146957694 0.0029816067075354447 4.694032517616996
430 0.9413790816881877 0.30609325117142916 0.0036456111189804297 4.693562662030892
435 0.9407926654377545 0.3094950235850984 0.005294424592231284 4.693862384400657
440 0.9422888623102562 0.3022423125096063 0.0017393612756952948 4.693955539494312
445 0.9377023020837314 0.33261657362427854 0.006167025927615644 4.69223494622199
450 0.9419598576578833 0.3060974011494899 0.003912673946087519 4.692043089846376
455 0.9412430313077957 0.3143925415822597 0.00108955458497495 4.692214478404718
460 0.9425473956976894 0.3028366767901085 0.0010612347139611344 4.693113212755108
465 0.9410722155496609 0.3135235060807302 0.0030571756281043694 4.692167946252393
470 0.9400042827651375 0.3204171112314338 0.002808043034902008 4.69116472670349
475 0.942927910276179 0.29828823807724714 0.002620615411633498 4.69411089813915
480 0.942586658357176 0.303608693178373 0.0010852903871612085 4.690877447687649
485 0.9411911442323965 0.3119264970542108 0.0004998347376043988 4.692638791154658
490 0.9411515214994826 0.31280165000980276 0.002945019748909816 4.69095407024595
495 0.9408512047732098 0.3155390690821447 0.0018195256389779146 4.691924889471328
500 0.9426653731240413 0.30050047804346836 0.0019173614302576691 4.691243767823944
505 0.9369649356850513 0.3322133766738231 0.004803353337743399 4.692645701327666
510 0.9380667002243012 0.32340657750663837 0.00427748678151163 4.690846807820443
515 0.942972223727395 0.29889280982596755 0.004038089423803459 4.691295256653276
520 0.9427799115679858 0.30098630179658503 0.001412542662221572 4.690917862923547
525 0.9406589518769062 0.31678772606284245 0.002692270298692012 4.690419111760746
530 0.9421960222176619 0.30211732853227247 0.0019607500849110338 4.692010771437507
535 0.9370990213773666 0.33378066005393503 0.004278920704052114 4.691572537602941
540 0.94399481162847 0.29498953693913066 5.514683996032943e-05 4.690678410804418
545 0.9403545229199972 0.32067081450792934 0.0007307373477074552 4.690587685158386
550 0.942290057316632 0.30615282519139786 0.002371598110563422 4.690415936772903
555 0.9408133509810016 0.3120515701783253 0.0015028243119881157 4.689749833773699
560 0.9383743081514166 0.3269162661303433 0.004623755014762754 4.690289979911771
565 0.9369624076242804 0.3389981778795601 0.002754014129585425 4.689979316764475
570 0.938785422325062 0.3218222912560549 0.0037842497319418023 4.691112016559768
575 0.9401667873352593 0.3167291407267552 0.0010679301738649727 4.69022241011424
580 0.942496817902956 0.3044441158899218 0.0012968453252366618 4.6909471893282095
585 0.9424712461753828 0.30401898678788264 0.0017588638935606138 4.6901556932685144
590 0.9409676208031403 0.3121059783486473 0.00020230831536105498 4.690382267642079
595 0.9404506508204504 0.3153765644286093 0.004374270916789547 4.690008035397144
600 0.9421631242537687 0.30558518504430765 0.0016711153643487187 4.690196429277924
605 0.9424893803452721 0.30357062725969275 0.002981579195648898 4.689726163864349
610 0.9416115915188732 0.31140734012618854 0.0008442164009352382 4.689346873571933
615 0.9416027905569453 0.30986600526553865 0.0026812159835074567 4.690118444385929
620 0.9407337556943549 0.3165525796082216 0.002870741766499929 4.690416411469185
625 0.9427628987869061 0.2997447404228808 0.0024135922707284596 4.690219882210285
630 0.9415925729948316 0.30944507686178646 0.002797707564393237 4.688621321462012
635 0.9408704612993952 0.311392712594766 0.0026014115323431675 4.690098954399079
640 0.9401014387011006 0.31635624065901524 0.0013251901918889253 4.689724177533558
645 0.9394475431981594 0.32255014602943266 0.0014027108059901927 4.689463784278318
650 0.9422548359768129 0.3063082580555294 0.0017990791372093362 4.689331308344897
655 0.9406960841326164 0.31342386456364757 0.0024182103005547795 4.68941641721525
660 0.942688265835808 0.30433014108111145 0.0025677962144698974 4.689483520364866
665 0.9413710985409001 0.31079415161556767 0.002238679575057745 4.6897166619833435
670 0.9421395609615744 0.30792918780224365 9.942870821344485e-05 4.690299668352128
675 0.9394980541592123 0.3178228710357782 0.001307108838019655 4.6893226330880164
680 0.9393399755060552 0.32302426389524275 0.0008770052104529746 4.689487998950999
685 0.9408795299040011 0.31612224356458096 0.001460666093821228 4.689199204237177
690 0.9409486951107611 0.3104264570336994 0.003504569928505896 4.688582054575335
695 0.9415434467027677 0.3046706033431015 0.0030140885608767043 4.688656251030057
700 0.9389004127808963 0.33062908732108465 0.0018633722529302066 4.687810396220754
705 0.9427145553521468 0.3041793054627506 0.00021264598330139606 4.689157971230835
710 0.9407879900141966 0.3137527148213728 0.0014995807126818583 4.688492120705653
715 0.9431524042304728 0.2988609835337943 0.0019145428450109137 4.6890525778113235
720 0.9432419094449875 0.29745665612596817 0.0031282811959920664 4.688519271067181
725 0.9421216639077982 0.3084475549797725 0.001963509193858126 4.688470839211844
730 0.9418513775101256 0.30886705077906473 0.000921310836672351 4.6881118072939625
735 0.9409561281381628 0.31228261382430667 0.00012418636311606335 4.689423008082625
740 0.9419175176842896 0.30967221239105847 0.0005342620115149632 4.688596787756062
745 0.9433677940807753 0.29815486986163453 0.0006852062891762323 4.689947528272137
750 0.9397951347830212 0.31830278941526924 0.001547121272310381 4.687978488218124
755 0.9433557470649141 0.29842184289223095 0.001799763513019581 4.688960279716697
760 0.9424675113532112 0.3028764622033622 0.00019683596636865808 4.688787881542713
765 0.9419014943754702 0.3091988180677516 0.002864289508337281 4.688386861659605
770 0.9430739584014158 0.30100537225338275 0.0007974534102141995 4.689040696421142
775 0.9396227034633852 0.3181307006353533 0.0011032293632944334 4.68809455491085
780 0.941406535245805 0.3127842053693337 0.0009630292416846764 4.6882826143136915
785 0.9413037277847351 0.30809096285141724 0.0031278991631560338 4.6888607716160084
790 0.941918742967695 0.31056687285638596 0.002848661591046353 4.688198380066407
795 0.9418082177363831 0.30983920888101935 0.0048212824398994325 4.6881073299860665
800 0.9419062054619673 0.3077391844707549 0.0004867241619339602 4.689071419114326
805 0.9401422758187311 0.31585755428475526 0.005775374820083945 4.688684831110123
810 0.9425683381683099 0.30564306425642584 0.0015493746712951229 4.687892478109492
815 0.9436868615208278 0.2975185133583933 0.0008656278693277564 4.688901601555544
820 0.9415524270002089 0.30894780734226046 0.0041754966142528716 4.688184711824137
825 0.9414039433152462 0.3141626327554796 0.001070833324237741 4.688053715932049
830 0.9410243106780465 0.3110176461346148 0.003937182321841259 4.687667170335694
835 0.9379608362133615 0.3275053102453107 0.0011650998154675296 4.688113277817821
840 0.9425069137344267 0.3061889952716008 0.0005783898472331295 4.688598348179938
845 0.9435234557818942 0.2995708169107836 0.000118466556007224 4.687511392943349
850 0.9431734987701237 0.3001419484972523 0.0029446715657153177 4.6883143072157
855 0.9427352252803942 0.30300904965632824 0.0029290848458973784 4.687893863772576
860 0.9411277323933913 0.31110090009758284 0.0025680247999577688 4.687935561201841
865 0.9420796662126498 0.3067562325917974 0.001108092223446988 4.688498638793552
870 0.9424053876045903 0.30345113202295604 0.0059430523594099505 4.687761586898114
875 0.9434755641979136 0.29825269819517963 0.0005051967563507453 4.687850994797587
880 0.9427770660988352 0.3022012024574474 2.3070816490555757e-05 4.688098098411392
885 0.942884088567985 0.3005354301971579 0.0036252986482625538 4.688146540340868
890 0.9414112444227891 0.310127655850982 0.0041731207121737945 4.688139402429991
895 0.9419805819215891 0.3085571234992166 0.0031619934912152647 4.687214083935011
900 0.9437644080883071 0.2968410268036106 0.0025470853760058976 4.688132797668292
905 0.9441048753814522 0.29478642216386586 0.0005555559898973161 4.688201141228542
910 0.9417238116099379 0.312382810546902 0.0013885619406599492 4.687143250012002
915 0.943107717530163 0.30061209107389697 0.0023746059363198846 4.687668857745493
920 0.94088300213206 0.3140351257474103 0.001995578367172346 4.688134483922602
925 0.9425694314310578 0.3045229733839303 0.002423383447036631 4.688183844531784
930 0.941917336716842 0.3086021453194885 0.0013362052169649807 4.688200268936471
935 0.9437652753853971 0.2963118089967116 0.0033564616129657665 4.686686475859819
940 0.9418271696718024 0.31044794285613353 0.0018935093956458093 4.687434513705859
945 0.9411921651319933 0.3085785375956682 0.003992625211286294 4.687718076347402
950 0.9422976668569417 0.30557386517093743 0.0013410028977389743 4.687127314142187
955 0.9421598623545566 0.30561711634640165 0.0022275911729616737 4.6872585638578395
960 0.9441041910201313 0.29431169589368 0.0010323577710222853 4.688028380793236
965 0.9411255802936964 0.31427421115012155 0.002243928279827445 4.687458816549002
970 0.9421947488613667 0.3057698865204772 0.004051390588110104 4.687689178824486
975 0.9423674744107795 0.30746688331013416 0.0013023418635849104 4.687332174928472
980 0.9418615231934655 0.3086369070967283 0.004623870167460797 4.687109628748946
985 0.9421905852784487 0.3071067359677304 0.00427720030924883 4.68775411436184
990 0.9428889977307544 0.3005003599629932 0.0037200545786257866 4.687564409553328
995 0.9428136691633242 0.30203443479732783 0.004758651500470279 4.6875702269546595
1000 0.9424409619214329 0.30573834151886903 0.002505389468004271 4.687460183194259
