0 0.3911627149644765 2.1309114232516713 0.2620037546040116 0
5 0.7250527621792553 0.7051110048880727 0.046357807643980564 5.510851594353158
10 0.9213125368686566 0.18678333009658488 0.02557282805279626 4.874833794756452
15 0.9272622400015238 0.17163696700750908 0.02852572164963041 4.8594344147851025
20 0.9295722534271644 0.16381074322027533 0.03299557957074639 4.8509284979388285
25 0.9299732648782326 0.1630924008668142 0.015922173128457784 4.847738539459899
30 0.9312066085124551 0.15847641001673907 0.021967984432253562 4.846320515238406
35 0.9307872697647352 0.1595251225905958 0.011664126582159096 4.844136834739158
40 0.9305606149873675 0.1607976503252493 0.020511475980258265 4.842400826238074
45 0.9330985721667644 0.15353824895532764 0.03041017455768813 4.841007387927037
50 0.9335366434174295 0.15228519807990892 0.023450025072375258 4.8411920745796175
55 0.9333227880989943 0.15269516529889504 0.02428319702361237 4.841072833148858
60 0.929534662465105 0.16351564851114908 0.016308560146551132 4.838561094434845
65 0.9227547999023038 0.18341439422612726 0.022756451840629355 4.839334449663665
70 0.9298395249509004 0.16384691552667707 0.016752294220053532 4.838778314018101
75 0.9346754369547405 0.14874287739460978 0.027131801616901985 4.838137782848198
80 0.9331418884345536 0.15294502429921675 0.02819519185177466 4.836941515404289
85 0.934488727184652 0.14962969526400016 0.02413322719387856 4.835817615166212
90 0.9355196115769056 0.1470341917197393 0.015392045498475282 4.836164966146051
95 0.9347642696654126 0.14925102028093473 0.02163673841524716 4.835181387306588
100 0.9341701360282197 0.15228475601733216 0.00802201786231671 4.833491608188883
105 0.9370419100707952 0.1431460295435052 0.013018213062013784 4.832001092430551
110 0.9374148073775156 0.14174485477840637 0.006055514193439304 4.831108917939029
115 0.937963077411675 0.14109595676192122 0.021260126283141556 4.831889101463777
120 0.9330078232715052 0.15620017844179301 0.012478390881782486 4.829150786879422
125 0.9339640146993025 0.15320318024666424 0.02851871549941798 4.82488163744762
130 0.9405313279110006 0.13453184076306002 0.016408350500501268 4.823973094747437
135 0.9431573435509131 0.12791688342483987 0.019450197814781855 4.820489402178166
140 0.9376395719542485 0.14648985291936345 0.02678478928817629 4.814060242371343
145 0.9499417728713955 0.11312895995683458 0.01800709127843847 4.803958512450388
150 0.9536032013587746 0.10550075667778369 0.008096972087273224 4.797525512853084
155 0.9568299746428417 0.10130452419511737 0.016137530275980305 4.786387205301151
160 0.9598746255552034 0.09492592246578813 0.018824204348568463 4.774166653698348
165 0.9623882845642324 0.08680413341141868 0.014633158714228989 4.765316950079401
170 0.9707582610169004 0.07267984570493269 0.014658279719648393 4.756620727881918
175 0.9769800212690596 0.05437569811098708 0.015057702009977358 4.749874134795089
180 0.9800512190650825 0.04854188728154618 0.0140515771312546 4.742569115535332
185 0.9803533522791278 0.04949045984714662 0.01204060846964472 4.738682338727808
190 0.978624620366839 0.04702644268330669 0.005884896994010846 4.732589559628398
195 0.9712042588397569 0.07582039692782949 0.010845938729277194 4.727951987893168
200 0.9742406727478963 0.0854958926224807 0.01582534940669933 4.7232894062670745
205 0.9874293204726365 0.029642725280460525 0.006178766507766387 4.723077344092203
210 0.984179064905364 0.03906578656926207 0.006646111798331189 4.7191899363226
215 0.9892096120313834 0.025177201618048706 0.005663840698252098 4.719305969462701
220 0.9906414461341775 0.02177715664636004 0.012165162446294175 4.714787124670226
225 0.9901212250844675 0.026711282933494118 0.002440950673799902 4.712589242737958
230 0.9921512605289637 0.01895757489691441 0.0008835718325141961 4.710080996298391
235 0.9926825799227674 0.019748942372740608 0.004536898430850034 4.710010712904409
240 0.9919413494650919 0.0241885973667868 0.003822847447484845 4.709414799277843
245 0.9801155768184272 0.07058831492795115 0.009675323730630847 4.707111311819602
250 0.9933612752421674 0.01548864759084534 0.006397684290519123 4.706601249100774
255 0.9919310581343654 0.019833906192872952 0.008612009774622065 4.706434512357148
260 0.9951738114893085 0.012487461453273063 0.0016786933870283072 4.702974661372321
265 0.98401988511679 0.045292976408413566 0.00854933958703974 4.704003858962732
270 0.9953985854071554 0.011605549397466497 0.012364273266473491 4.700703762451163
275 0.995002953686055 0.013477197127829577 0.00355383597908121 4.701739723051811
280 0.9950596145147226 0.01216507495132646 0.001700213914991311 4.702116070680811
285 0.9889391419206066 0.03095846820805015 0.0030453213418348835 4.701121013519194
290 0.9945934805078573 0.013292443873858417 0.002726585297145867 4.701823120811315
295 0.9963282463628297 0.008892290599252561 0.007220889446098111 4.699877423102091
300 0.9933896957614742 0.020075675902164747 0.00235223095855841 4.700078219165445
305 0.995767907918341 0.010444266121012014 0.0003475668486709882 4.697925531982697
310 0.9928962158194796 0.022430462385284677 0.003838883841814411 4.697781602682219
315 0.9918437737549375 0.024058805847642972 0.002700564508888892 4.697410970692256
320 0.9944325348576931 0.017436049884424598 0.003437000143757807 4.699293055543177
325 0.9956367861356391 0.012848661434055941 0.0029229406343762587 4.6970619294525635
330 0.9971644402520339 0.007863586949766521 0.002004120459468739 4.696585275563666
335 0.9968688475765937 0.009386012620959505 0.0014469066083715454 4.696362770260038
340 0.9967660832877185 0.01042697382018165 0.0043433720278347465 4.6953226973421
345 0.9970883616184161 0.0069970564685224446 0.0019361291315820317 4.696137683105638
350 0.9964640171683364 0.011075691066517734 0.004654138577555811 4.695885806750853
355 0.9967261684125084 0.007975598032156306 0.0005640499334651494 4.694886553704182
360 0.9911237489534572 0.029094441759913714 0.00476791751566763 4.695022067637756
365 0.9978650736430417 0.005386948402158254 0.00011214943407078515 4.695309448649209
370 0.9965707975926879 0.00875612940676973 0.001769583086525861 4.694924362070397
375 0.9962673706530003 0.011073760359741058 0.00028378266859929724 4.695236167895098
380 0.9974967807928662 0.007895570256425621 0.0018354594928067236 4.694805510132599
385 0.9966597137866824 0.009991840419255382 0.001121186054662271 4.694116135903489
390 0.9979674333866049 0.00562377639974887 0.0013534456700703412 4.693179723023992
395 0.997814215131898 0.005760213102441014 0.0021066388370929445 4.6930615590473215
400 0.9973959356716987 0.007270088239781813 0.0030718760963732716 4.692496277135186
405 0.9972192653466799 0.009046910183962531 0.0018823395883758032 4.692784808207648
410 0.9968338515705263 0.00932254510229491 0.0010117238528224437 4.693525917466847
415 0.9935505363517427 0.020059414735060344 0.007053916861061937 4.692098394417166
420 0.9960949141577743 0.01331310826484522 0.002003734146093894 4.692324130206735
425 0.9972679133900365 0.008147702056927386 0.001929549183983914 4.692631956404407
430 0.9960205813605167 0.012029399168554278 0.002573913004095818 4.692421390191036
435 0.9958990489048061 0.012517844124236177 0.006151321132315202 4.6926371031971135
440 0.9980873026183494 0.004963522771301854 0.0023261220573413954 4.692733598303498
445 0.9963158154050009 0.013328815427307461 0.0032347997081607627 4.691388401632611
450 0.9984194865134871 0.004209057073519595 0.0017508100217293876 4.6913483117289845
455 0.9983523853000672 0.0049900583709705515 0.0006226030264100402 4.691235393202546
460 0.9985487493272933 0.0036869971055333295 0.0015754103600351677 4.691881030128759
465 0.9986282472748718 0.003982926447910096 0.0012230257676963951 4.691191818220736
470 0.9969435143671415 0.010775708748532509 0.00339894853557432 4.690410849230352
475 0.9978204427769137 0.005279818903002997 0.0023370458430762575 4.69271879223059
480 0.9986569958693753 0.003285775653419698 0.0012794169330225813 4.690073400951204
485 0.9980032613280009 0.005680607924161585 0.004770565551783346 4.691624418159248
490 0.9980765970712162 0.005844806559007765 0.0006457251749072412 4.690272648346782
495 0.9983205261286003 0.005418927564559084 0.004473703653257388 4.690963212847191
500 0.9491224613640091 0.24867288690329037 0.0050119779561283995 4.848759513283019
505 0.9347213413435908 0.33741505935980065 0.009452835404563098 4.708769891596997
510 0.9370291985451145 0.3231866399894665 0.0018229948649515215 4.69855468117355
515 0.9433242781922669 0.2939850274314546 0.001887405858410851 4.695885956235389
520 0.9424248498359904 0.3015469569591547 0.002579167086891987 4.694063769472456
525 0.940769517207225 0.31530241714090135 0.0006463042944933051 4.692731995442731
530 0.9420560372666755 0.30179102768836774 0.0007544887433625913 4.694400482261338
535 0.9358101775986775 0.34074439084875774 0.00424977837891638 4.693668516702819
540 0.9441014180993963 0.29436992932987405 0.0013108900851410699 4.692500590840923
545 0.9406690708441322 0.31937732561979004 0.0007255865951667495 4.692237638088112
550 0.9424032624493678 0.30598131568428055 0.003814515825244502 4.692044293830298
555 0.940641694529466 0.3132867586643169 0.0034070276156885626 4.691204912395428
560 0.9376813308633338 0.3309788158896616 0.005526739909904155 4.691736457057757
565 0.9373996583113396 0.33693657267838883 0.001324815608620744 4.6914203832948855
570 0.9382902354235156 0.3240544948278705 0.005672569631462565 4.692446512146965
575 0.9403156553653172 0.3163514537440273 0.0012999892730418683 4.691453709523507
580 0.9426517312131732 0.3040684677107368 0.0013072364191444308 4.692124990868839
585 0.9426108563204958 0.30409361694548576 0.0015436670719151113 4.69129693250216
590 0.9411652309708711 0.3117120876504762 0.00040101688516447354 4.691416805682822
595 0.9403888599678308 0.31615471190753563 0.004028358467934368 4.6909046081752175
600 0.9422504502002398 0.3052176055686271 0.0012591864868207736 4.691145813832224
605 0.9427366573068332 0.3026716206639062 0.0035837480545908296 4.69059445493801
610 0.9416579375776645 0.31190556015465454 0.00039895002272127833 4.690150818083656
615 0.9415165912827459 0.3107089042075222 0.0030599185209669866 4.690928634347509
620 0.9409894316924098 0.31588380775445923 0.002294522188770687 4.691276143150495
625 0.9428159022452759 0.29999274418448607 0.002428498028920867 4.690974140347893
630 0.9416494632405435 0.3090632926178847 0.0019317448440230311 4.689182742745262
635 0.940623091362442 0.3128806948570402 0.002049399708191846 4.690924211783843
640 0.9399183219895025 0.31722889079773253 0.0011772688430833345 4.690467550638163
645 0.9395131826716717 0.3221884919057434 0.0016926080139911814 4.69011244883193
650 0.9422897408194136 0.306621093488582 0.001776197719323358 4.689899844218332
655 0.9404287868909604 0.3150369622047373 0.0023674425652129294 4.689934338795121
660 0.9427835989486428 0.30426193283087244 0.0025606063788987665 4.690059151157471
665 0.9415002588687443 0.31005215442036427 0.002142123234095461 4.690342658430013
670 0.9423151883077079 0.3071699049453338 0.00014204267757333966 4.6909681394141645
675 0.9390166121509209 0.31940365769469636 0.0010554371661481987 4.6897622797943495
680 0.9393437668507196 0.3232277968792552 0.0010384452020331114 4.6900469061626024
685 0.9410252894775857 0.3155358211234587 0.001553592914951052 4.689724077405455
690 0.9407972476169115 0.311173067079638 0.0035789100749918923 4.689007194318037
695 0.9415377218773757 0.30460334550900914 0.0033088559545868534 4.689077989401282
700 0.939131941666626 0.32930576900366226 0.0027660010913386213 4.688144848832385
705 0.9427896714938301 0.30457296092904684 0.0005762607120385344 4.68957651661457
710 0.9408295508222018 0.3137780945392299 0.0020197955888860974 4.688860438244993
715 0.9432261009203013 0.29843281290849344 0.0023745394201060144 4.689509334976556
720 0.9432816586640442 0.2972698148938031 0.0031653122053696414 4.688898073540377
725 0.9422779749513888 0.30778618873548425 0.001721990166161813 4.688792929266254
730 0.9419770900392964 0.3083323310853725 0.0011512664489248259 4.688430046749919
735 0.9409307675823853 0.3126833284947308 0.0006335070793581643 4.689793536522919
740 0.9419511680949106 0.31005131439505185 0.0008596799354738671 4.688948687847804
745 0.9433742308860553 0.29805850036649595 0.0011270853486471388 4.690388724252672
750 0.9398074999530267 0.31835977387555303 0.0017673898793093556 4.688246874473918
755 0.9434037516546674 0.29843303625122797 0.0020548482424962433 4.68926872625921
760 0.9423638565544874 0.3032614972359191 0.0005279958358137549 4.689082430029179
765 0.9419872249533241 0.30907851243179074 0.00254012545586213 4.6886128868961245
770 0.943143397134452 0.3010120026748426 0.0005614365742478977 4.689314153964832
775 0.9395872524015089 0.3184453317354716 0.0008493256210437838 4.688391888420468
780 0.9413290020925695 0.3139678566208506 0.0008493444750974355 4.68852062450366
785 0.9410089972427873 0.30948507706875095 0.0034055776827748296 4.689147186055109
790 0.9420194063132827 0.31031785884725505 0.0024303752203131967 4.688467045566754
795 0.9417722766046037 0.3103717618273505 0.004913445018807083 4.6883622733122206
800 0.9418283297360224 0.308440960838956 0.0007428798029391892 4.689335108576676
805 0.9400841590301889 0.31641654749659676 0.005693834408033727 4.688994261939037
810 0.9426478063307997 0.3055562904059457 0.0013430183337785895 4.6880832558315975
815 0.9437687947206905 0.2970021672501657 0.0005752739348010572 4.6891626991554896
820 0.9414931029631088 0.3091768822496874 0.004281162401006844 4.688397738125407
825 0.9414656223568427 0.3141253966813453 0.0009504628007674931 4.688266884386995
830 0.9410875459435875 0.31063809598027436 0.0041870262381382695 4.687860028577996
835 0.9368195741368978 0.33311605199713856 0.0008506298049562044 4.688297237407616
840 0.9425987595514282 0.3058457250951294 0.0004906092467023004 4.688823062790304
845 0.9436155881591123 0.29912398013294084 0.00020091579297298878 4.687683250653274
850 0.9431954176641234 0.3000110628167203 0.0033817145427368356 4.688501365924189
855 0.9427664399533651 0.30297715628801125 0.002734937071293464 4.6880881466659945
860 0.9411993552049587 0.31086155919983227 0.0027781792471626154 4.688171956955026
865 0.9421524154213068 0.3065263636613249 0.001321671252892509 4.688713980742816
870 0.9423895751883071 0.3036326700852561 0.005852930044644156 4.687945768674653
875 0.9434552318921627 0.29862023709985763 0.00042048105393122093 4.688025710454524
880 0.9427747096136241 0.3023179386327062 3.299717724014606e-05 4.688295977665771
885 0.9429237680692565 0.3002450596129673 0.004031207460545527 4.6883687284222795
890 0.9413345206546266 0.3102998726349879 0.0044915602137884925 4.688310404935723
895 0.9419542281552198 0.3089380007238747 0.0032658130428082632 4.687351551391701
900 0.9437628756398817 0.29681622304137534 0.002645415360767789 4.688323580681316
905 0.9440937443699968 0.2948030348635271 0.0011353914214673466 4.688402177021713
910 0.9417541096303614 0.31255227540290953 0.0014478598371743256 4.687264023104674
915 0.9430540309292296 0.30104080726354976 0.002272908508983873 4.687829775787464
920 0.940804871263976 0.31447542979149823 0.002166418755531252 4.688270064797689
925 0.9425370093490739 0.30470725483977024 0.0022623043389538022 4.688356035405963
930 0.9419171070507829 0.30840081860745716 0.001324794997205725 4.688330301744668
935 0.9437317790226525 0.29668759449016413 0.0036098851505825813 4.686799539036347
940 0.9418873713254878 0.31022006187642237 0.0017401340908589358 4.687556787824159
945 0.9408748376834657 0.31037811900053036 0.004098151239826375 4.687871700850724
950 0.9423545837099585 0.3053768242460526 0.0013937853571586167 4.687234241964405
955 0.9422194171684012 0.305213472931567 0.0024925185921564896 4.687381184353301
960 0.9441514952886609 0.29411141639763194 0.0008676169844232806 4.6881661757812
965 0.9412577720214353 0.3135476620579096 0.002273498533047924 4.687573557503805
970 0.9422148443043027 0.30553331191095445 0.004361315492192208 4.687836404298534
975 0.9424358156130197 0.30733950746932237 0.0011240465857167425 4.68744088365975
980 0.9418907134668437 0.30850157516231835 0.004542822437659355 4.687237318962977
985 0.9423073171698788 0.30643977997797833 0.004306374399229096 4.687874474142692
990 0.9429417161858202 0.30032284566732415 0.0034503827434446688 4.687715947804474
995 0.9428551042148068 0.30177781463367914 0.004598469869230071 4.687684749216347
1000 0.9425064496579363 0.3055543355971668 0.002589145031991702 4.687591520304195
