0 0.370740158348726 2.2767694700258234 0.3455577681984263 0
5 0.7924219921952145 0.5050945304759304 0.02966455284346803 5.349494030547264
10 0.922995414675019 0.1819472525501924 0.014538587016691862 4.864269195741334
15 0.9282086285070578 0.1673520675585305 0.01261845809147899 4.854218132568689
20 0.9301463023067031 0.16128907972393947 0.011151443100497982 4.850400000072908
25 0.9313470889031159 0.15836612116973026 0.023953319687451735 4.845448077711109
30 0.9298939856605436 0.161041227022511 0.020125662573396763 4.846038715304201
35 0.929420815651776 0.16312011091769296 0.019863101050171972 4.8426468204985955
40 0.9312445497476818 0.1584589179016307 0.019247296197750563 4.843733161022587
45 0.9320988835293551 0.15502735501191545 0.01846342071660656 4.842668576364118
50 0.9330694926088601 0.15317847486031955 0.016649670785939374 4.842536204778683
55 0.9311268813020637 0.15736890549959082 0.024367220084317687 4.8418007372469765
60 0.9323048207468214 0.15431221604869894 0.005509607787735238 4.842455422931997
65 0.9288191414953872 0.16392447493654227 0.018019556655762603 4.8420465505819585
70 0.9284724506333046 0.16606684272456196 0.026211314631635618 4.839371772179302
75 0.9319842265533702 0.1555468580749162 0.028071878696644292 4.839637720400052
80 0.9282213079611463 0.16679036048044527 0.005080136985358141 4.839769557899016
85 0.9277838713418343 0.16812259754833825 0.015714003513129127 4.840452781312495
90 0.9264722000623367 0.17344863276877387 0.01652669330997436 4.8402281803346705
95 0.9323764799464158 0.15476494113071393 0.02606471703939439 4.839122800845335
100 0.9288888245381091 0.1657059479206593 0.031941325453549885 4.838216263349946
105 0.9341185202711015 0.1504033065571022 0.03378077272180757 4.8377768218732555
110 0.9269039407527535 0.17069250449949624 0.011627839243745663 4.838070610201357
115 0.9332618476354669 0.15211009133687714 0.018404783794066848 4.838115322769128
120 0.9342787968641013 0.1497467639047949 0.009795955985957061 4.83799519264063
125 0.9347502070412765 0.1489321665461807 0.015503759961164265 4.836766858805408
130 0.9346265963250788 0.14864642499875114 0.018518017670661857 4.835772404689467
135 0.9343783137310685 0.15021782998868805 0.01012586853095887 4.836389714975215
140 0.9349182510059793 0.14838038944991983 0.014552592021159105 4.83534459998399
145 0.9337331992583779 0.1516454714397515 0.015145030686873229 4.835520965941296
150 0.9355064910103655 0.1467908771359152 0.016238999890985317 4.8357267399660735
155 0.9343707149834957 0.15078487333083856 0.023988489168380367 4.833978581643106
160 0.9358610807107643 0.14643442776853277 0.015974830335049095 4.83411250599126
165 0.9360736387487577 0.14549589907441174 0.038267231672550084 4.833938191802348
170 0.9362131671097027 0.14507597189369648 0.017344314176842124 4.834002076561634
175 0.9360495412966934 0.14539635628243186 0.03205727388462387 4.831659298310667
180 0.9366500420775401 0.14367069352264306 0.018878721456154768 4.831403024379872
185 0.9371245424015091 0.1430142391920235 0.023605208124954258 4.830033755458783
190 0.9369161948264684 0.14399381587251536 0.013873131833498142 4.829943618328034
195 0.9378859706737256 0.14079908204711344 0.01822898875700618 4.828874398158092
200 0.9387029389452701 0.139624233825419 0.025655525976123972 4.828249255543693
205 0.9390593330261765 0.1380130162774229 0.015748432343252183 4.826802103092195
210 0.9398961882566386 0.13547618720629018 0.01649303856473594 4.82534152647987
215 0.938891322842329 0.14038648876798643 0.01662644555482884 4.821482196177163
220 0.9376110853219994 0.14422910878022144 0.01958660852522276 4.818605006143837
225 0.9428166114165256 0.1302459013755053 0.013777031236665849 4.813273885150274
230 0.9460048803154457 0.12360089327334123 0.010142787947628129 4.807853871310122
235 0.9480041602456504 0.1220839380958374 0.0004921238795991822 4.797873397937461
240 0.9546624214594767 0.10668634992576642 0.02104567068142016 4.787445083190135
245 0.957757580066324 0.09836574074172688 0.022501657999263847 4.778756869682163
250 0.9592825532903089 0.09677531448031385 0.016159749987886496 4.771500635849889
255 0.9680207386884682 0.07382974135042364 0.005702057755799128 4.763754801952153
260 0.9715706578259127 0.06923823199492762 0.02488955949960947 4.7589112304047685
265 0.9697084637408131 0.07507743879004014 0.013890832956897414 4.748884525469819
270 0.9758563213935908 0.061579714653518636 0.00985129144923147 4.743432935695074
275 0.9696221996412571 0.09115284714534067 0.011311044682912108 4.740190506954471
280 0.9743663017195399 0.06314373844582288 0.011077615423682463 4.734332544149056
285 0.9842190396652458 0.04051358761081314 0.009693231846459982 4.735068319072525
290 0.9711792445272779 0.07318352576004727 0.014716311053784459 4.728728880511206
295 0.9841292715450184 0.04020275460270817 0.01998589521789418 4.725957469030834
300 0.9822548902852548 0.041209925883322285 0.006696844865620388 4.722920802986486
305 0.983639550811024 0.04560393953503983 0.004573076774916585 4.723715143766595
310 0.9865625039817204 0.033275525374072856 0.009499850641627505 4.721899076682281
315 0.9863885430539567 0.034049935977034984 0.003923065957716743 4.716953162235747
320 0.9841719012187036 0.05304263424903777 0.004231706482936914 4.71531560151215
325 0.9915341971889091 0.021385134349607426 0.007325115795204784 4.714500103748466
330 0.9826893917817541 0.04828657563190042 0.0006615238723104433 4.712736875336016
335 0.9907592993919225 0.02713031300245916 0.0022320841905345556 4.7104308162100805
340 0.9871025186241803 0.033988045729509864 0.008743285289398273 4.712249714067352
345 0.9938246621088954 0.01714344351208741 0.003849635273333707 4.71131984167399
350 0.9924596636904132 0.020434070616182076 0.000340697427744896 4.707049160655729
355 0.9940154004444524 0.015113783710317463 0.003213849999016416 4.706618508405856
360 0.9900817591705493 0.031157312150434713 0.0013566425859867781 4.704527567433635
365 0.9942702569881186 0.016209075144093532 0.00364387567294977 4.7032653115602905
370 0.9946996206513914 0.013502121026755631 0.0016129977614609547 4.702314647985341
375 0.9954476914469836 0.013046309553037538 0.002610782246148746 4.702968038445295
380 0.9959391366188308 0.010925279132176335 0.008979032960464872 4.702068948081779
385 0.9960209835044451 0.01130284687007066 0.0010838471005718553 4.702762602776729
390 0.9955062073475125 0.011204411951307947 0.0027957078036280336 4.700508536744407
395 0.9914766139929914 0.028238509636228315 0.002289609629276601 4.702331488838414
400 0.9962721247109156 0.009482315887034964 0.0043728483059406464 4.699287601155534
405 0.9961621706813208 0.010936551620502222 0.012204821623099438 4.6988592240206035
410 0.9961976760301265 0.010140710022207067 0.0013686423776526624 4.6993556552180005
415 0.9923708445827114 0.022372880417729668 0.001092740503803924 4.69796393308516
420 0.9969272332770605 0.007895962670683154 0.0027410540928263227 4.697363528285664
425 0.9966991536606402 0.008680727227795337 0.0024330331619903944 4.696475338847304
430 0.9943729761964453 0.016192361148480217 0.00553256780206568 4.698607474236363
435 0.9973155514012839 0.007601243240217492 0.009851474996695586 4.6970471501587125
440 0.9972307763970951 0.007147547758944661 0.005121780978516455 4.695673420403528
445 0.9940134852277711 0.014558750913352014 0.005371396712802179 4.695350750509194
450 0.9959069479428047 0.011540489473004456 0.0025363254729013907 4.697293392918474
455 0.997000007913286 0.007801241439815421 0.002104751625193746 4.695974629645887
460 0.9968949394412129 0.008514782858608072 0.003776208976932649 4.695848586868775
465 0.9966769559499089 0.01015444572087354 0.0009978850481409118 4.694834962429429
470 0.9930518022320501 0.02545349486669135 0.005734353069771991 4.694120739334044
475 0.9976942833395045 0.007170947721400367 0.002874946356422381 4.6966117250825805
480 0.9972957937103186 0.007955222213629654 0.0025871437966584754 4.695065397295401
485 0.9966262006371868 0.012087316170135587 0.0023120263652964823 4.693614881806606
490 0.9976429874184617 0.0072715449476543625 0.0068590266757184715 4.694581636747853
495 0.9882833960208968 0.04104149222341036 0.004234599958194307 4.694450882579273
500 0.9449293963418872 0.2732854910631737 0.012515536598982191 4.85479306823082
505 0.9400307012432796 0.29764192832220715 0.006390585470969601 4.710996815327762
510 0.9404491808927666 0.3067644663352853 0.0014569065429346217 4.704487445671969
515 0.9410731787228908 0.3097812520052887 0.0008491120901523708 4.70153005701126
520 0.9274752938422957 0.38400834598912326 0.005352431371244304 4.700239063637202
525 0.9403178864074822 0.31890843573299676 0.0018299077576737766 4.698271929687277
530 0.9401210196800583 0.31225370258240037 0.001847069253943845 4.6987364724997605
535 0.9385189907603435 0.31751645617559987 0.0029379315824766827 4.6970969893270285
540 0.9410275515197386 0.31391905355298544 0.003700153080439028 4.696405145038443
545 0.9417478054304784 0.31052757529397645 0.002206026789574933 4.6971620138439505
550 0.9327419294858579 0.3566507624990427 0.00543117185063946 4.6975832272472005
555 0.9421590150526797 0.30476714962743934 0.0010203552213505773 4.6961557351589525
560 0.9386530313420358 0.32593612669073035 0.00335219454133151 4.695945828591446
565 0.9404958765919669 0.310843910497403 0.0019285994460702671 4.696016922692541
570 0.9407207062048548 0.3171539638828973 0.003338418221364492 4.695500446482128
575 0.9390809036041925 0.32185763543860535 0.00026667442852401635 4.69386029078862
580 0.9427443779683883 0.30118809796147694 0.0016721281707474667 4.694415662369881
585 0.9411295621126581 0.3152478523531439 0.0007822151529943699 4.693448124101052
590 0.9414061466359245 0.30897850779448266 0.0013974772269562674 4.693140698088912
595 0.9411516889431824 0.3140993160783019 0.0010474888051770215 4.694006671576459
600 0.9411902402443961 0.31571044770560874 0.002426293486829545 4.693905756001741
605 0.9424213452845148 0.30456616012114424 0.0014478177455796715 4.693907728422408
610 0.9409146003440441 0.3157095659380147 0.0030054405998705125 4.693532288056732
615 0.9393121913372637 0.3226836128538375 0.0017118448089177285 4.693710780980445
620 0.9401207742780568 0.31376219203538636 0.0011298104060839531 4.69235665906671
625 0.9424173316954851 0.306517906785829 0.0006903063923777708 4.693317125069713
630 0.9415339745269772 0.3068423492509815 0.0038607625109778887 4.692864302721249
635 0.930146343253435 0.36286643148085673 0.007725278709516115 4.6919624980253385
640 0.9414664578702733 0.3111017585856244 0.0006441655991120676 4.691753315847855
645 0.9416268017149616 0.3103374819964442 0.003665228785168395 4.691723890716579
650 0.9427948462951896 0.30297995279504253 0.0022921082284410588 4.692136658324525
655 0.941285142182364 0.31497361154304837 0.0005565109010821079 4.6924032372779205
660 0.9432045952858412 0.2993773852390875 0.0017336247538177751 4.69281289755406
665 0.9424625857354694 0.3026149677243515 0.0012019314350506516 4.689920961676863
670 0.9396658559102709 0.32012422678766317 0.0027958974209696397 4.692739448716882
675 0.9416278902569815 0.3116529836346542 0.0026672643804179774 4.691323289225264
680 0.9366246859479141 0.33793836736161076 0.002778126559643601 4.692227902369319
685 0.9421540122304939 0.307144548878866 0.004462997702456173 4.69279835314356
690 0.9430434716040397 0.30203917370660616 0.0012727124797240474 4.690462190554938
695 0.9413846230822902 0.3129288020860965 0.0052363426893802245 4.692584844526041
700 0.9409858326318402 0.3125344220620905 0.005327219721244836 4.692450421143863
705 0.9426859556661213 0.3050800673474914 0.0025933646276135036 4.691315813867015
710 0.9410416392439592 0.3114892104889222 0.0020800171894266306 4.691080170198331
715 0.9423199093427437 0.30649203314785645 0.004324265846737951 4.691757686157356
720 0.94043307754115 0.3207903866089117 0.0028724769516501603 4.690152526135645
725 0.9402737435961406 0.3158767292526141 0.0011335664807803347 4.690837703899748
730 0.9354908149715909 0.3422685152727505 0.00012146889005615336 4.690793214296031
735 0.9429852565363825 0.30259510332878037 0.0018530165788157582 4.691336392742668
740 0.9431875589848101 0.3013961723090395 0.002323255895375409 4.690619258646637
745 0.9415608553965777 0.3105218798112821 0.0017396882020501714 4.690105216624254
750 0.94147411795437 0.3134935403977197 0.0008206212462935625 4.690384840451554
755 0.9403472421893282 0.3181381948275819 0.003344491837762531 4.6904234310751045
760 0.941558522038906 0.3120095122744324 0.001225035537075092 4.691088460681694
765 0.9412066435935862 0.3143093730818203 0.000808822201959547 4.690140676277443
770 0.9423266658060373 0.3063838528150411 0.004350348221695333 4.6899731646457505
775 0.9421460832130021 0.30517996698821115 0.0015907721237642392 4.690018585968032
780 0.9426922049650241 0.3058846086507092 0.0010485002172253566 4.690038129998697
785 0.9423249002395653 0.3038935225242305 0.002654427111437707 4.689787206291147
790 0.9419564825383105 0.3090952961617779 0.0014679473108887287 4.689417734106157
795 0.9417537675045302 0.30914222774765854 0.0008640252465115239 4.689581302722542
800 0.9428733088027998 0.30430381320184274 0.0019496885538397013 4.68999273269869
805 0.9431615746156221 0.2993854457029954 0.0006710968390173377 4.689845027258603
810 0.9420460995513733 0.3083173284340992 0.0026042030015016593 4.689183418630074
815 0.9401216398407739 0.3217007828876062 0.001605119693858681 4.6898967790645605
820 0.9428414285888231 0.3041599895815965 4.344947197498783e-05 4.689599085985603
825 0.9420852792781325 0.30880022582312616 0.0007527564006424292 4.689976084795726
830 0.9432985058789504 0.3011264412697612 0.0007748462003747125 4.689521283141289
835 0.9414480454125642 0.3114630033644872 0.0014808065125286873 4.689803454129279
840 0.9416733079765822 0.3092017996466492 0.0006154922261645268 4.689382070178349
845 0.9421362530583326 0.3079590749257397 0.0031320693579410808 4.689334285197876
850 0.9415461428953285 0.30876972527446345 0.0056089275702340124 4.6903686375986045
855 0.9441806095196918 0.29511688774300193 0.00047087933420897343 4.689345919957229
860 0.9434534400013963 0.2989688298353368 0.0003401128217583871 4.689286205432677
865 0.9414989325662082 0.31380715491166544 0.0018928297046230114 4.689075264588102
870 0.9407743440331116 0.3134336453785638 0.0019383183204642052 4.689701686397097
875 0.9427741162301384 0.3036637417823238 0.0030689640621712755 4.689057646969488
880 0.9385762183818941 0.3221877691905348 0.0026637481396938334 4.689424750401451
885 0.9398060121469168 0.3175520836503338 0.0002808119227970529 4.689292893554947
890 0.9428065557993248 0.3035177132530755 0.002181753750416515 4.688916683509595
895 0.9421222932377293 0.30646453703901244 0.0008619814543839865 4.688684456789142
900 0.9427815333079647 0.3032311599430173 0.0008660664110062832 4.6885471238629775
905 0.9427122876774433 0.3057644155564647 0.0006453188857271641 4.689087134379023
910 0.9417301488979378 0.31138891328180396 0.0015757034040750906 4.688636695213785
915 0.942765875028975 0.30468472220947884 0.002983263763474353 4.689049026789648
920 0.9424205427013475 0.3045110172723353 0.0004172212104751605 4.689412436219019
925 0.9431958766453137 0.30086474146624465 0.0016133398121476183 4.688848037378639
930 0.9420462060206458 0.3064663551630016 0.00304480923815742 4.688038388398247
935 0.9410439935477777 0.31281441030875 0.005191520953699236 4.688846391589931
940 0.9436282730441204 0.2970748152233931 0.0002331800124386607 4.688307280222012
945 0.9427366971670543 0.3041009089002378 0.002075681136165519 4.688395673773702
950 0.9413099159675482 0.31616920687736627 0.0031504637105936872 4.688148699245617
955 0.9424301824506331 0.3038921088912696 0.005639267905604539 4.688542857510848
960 0.9425476924851339 0.30634793824411766 0.0003548216992483866 4.688262363649213
965 0.9408721134067142 0.31521538625741297 0.0061369054125755 4.687650560963758
970 0.9431493752931057 0.30314968571493406 9.579079850641214e-05 4.6888754525768
975 0.9420657295556302 0.306453192089962 0.0017321480899874508 4.6876937627351625
980 0.941697760236865 0.3113359217337761 0.0007473707961380693 4.687509035605403
985 0.9412667727446365 0.3141984132372917 0.003337665520176225 4.6878667511863945
990 0.9414073039057905 0.31228242217011637 0.0014490864122893576 4.68852767468946
995 0.940808345659617 0.3149926147681166 0.0024994046871193998 4.687935239587992
1000 0.9404839188912686 0.31741849025097757 0.00248601141993543 4.6878462007546355
