0 0 0 0.3447489042065881 0
5 0 0 0.007925437292210846 20.97183873432705
10 0 0 0.02424437883750441 20.921386053490327
15 0 0 0.014096555811905054 20.880676836711856
20 0 0 0.02272573779499254 20.87325461548348
25 0 0 0.02528812124582025 20.84701560485425
30 0 0 0.022499907894691473 20.83811071366469
35 0 0 0.024952357674442593 20.822039491504235
40 0 0 0.021517240405253935 20.816694842643887
45 0 0 0.022924295139612916 20.80832501704504
50 0 0 0.023709905800529008 20.810138822050117
55 0 0 0.022802490729332492 20.806295804297434
60 0 0 0.022606820439740494 20.794215298736393
65 0 0 0.026977965595503584 20.79538244892928
70 0 0 0.0211660775963205 20.79411843854192
75 0 0 0.021943346016773058 20.795273142247705
80 0 0 0.02349876798847217 20.78343720779318
85 0 0 0.02475169825534329 20.769462895698585
90 0 0 0.024277028626253028 20.762232308852763
95 0 0 0.02496634281177812 20.762362189834747
100 0 0 0.02188624714064602 20.916057669131092
105 0 0 0.023387074788121964 20.85462378501898
110 0 0 0.021714199742277174 20.82901455189327
115 0 0 0.02208622894254919 20.810186249377608
120 0 0 0.023897915514368373 20.80107210023042
125 0 0 0.024614356789522507 20.80177124241648
130 0 0 0.022125224673836597 20.790892303640703
135 0 0 0.021777630294373962 20.785630082140063
140 0 0 0.023592119828499847 20.779385752217454
145 0 0 0.02506858537442813 20.767811348212664
150 0 0 0.023304629769854257 20.769844537982667
155 0 0 0.024303966821719314 20.77093487693254
160 0 0 0.02302594127204216 20.769135939061602
165 0 0 0.025532078686294923 20.76511904626718
170 0 0 0.023205348836907058 20.757101163225094
175 0 0 0.024673147825269748 20.762440311159857
180 0 0 0.024217491510383216 20.762097824742547
185 0 0 0.02482988482707915 20.75515703855981
190 0 0 0.0260086458536144 20.758861352441283
195 0 0 0.025686889330537088 20.74917776845794
200 0 0 0.025321115510756886 20.75080896095465
205 0 0 0.02475158255529175 20.74694253237863
210 0 0 0.025646551611165247 20.746233952445255
215 0 0 0.02342313925026307 20.751035047316183
220 0 0 0.02390263449351382 20.744711707633336
225 0 0 0.02339714525056369 20.740380315183817
230 0 0 0.024020894837289974 20.743545067751594
235 0 0 0.024399988692292984 20.741621912783124
240 0 0 0.02453331022977956 20.74631822739384
245 0 0 0.02342909402616944 20.738178042928475
250 0 0 0.02548015278176874 20.746040414054654
255 0 0 0.02276858469002807 20.736350644859595
260 0 0 0.026289317927925104 20.737757952321026
265 0 0 0.02206143515647896 20.736995146343475
270 0 0 0.02469235505834466 20.739472620650776
275 0 0 0.025514723824630714 20.740179849303804
280 0 0 0.024102327221489972 20.730859512267262
285 0 0 0.023026567940565013 20.735510311982395
290 0 0 0.024148698886857112 20.737125796646993
295 0 0 0.01864374166434657 20.73452247568312
300 0 0 0.02473154838845959 20.7399651782919
305 0 0 0.02637280158972355 20.73394176944704
310 0 0 0.022911357695699408 20.733870321722993
315 0 0 0.02273898965022303 20.73432681702613
320 0 0 0.02114351670125547 20.73199255170881
325 0 0 0.02448679561310807 20.734958003764362
330 0 0 0.018748889695985094 20.735649798810186
335 0 0 0.023183562277655057 20.731464524370814
340 0 0 0.026331792230847695 20.732344175008084
345 0 0 0.026060172512605728 20.731001898593096
350 0 0 0.024183038037937088 20.73290836433447
355 0 0 0.023041650536929303 20.72995067010993
360 0 0 0.024128073562525998 20.729097291788893
365 0 0 0.024026672992934373 20.7293545469201
370 0 0 0.02434273662365527 20.732954211169428
375 0 0 0.02523291632598812 20.727028971659955
380 0 0 0.02519987524211631 20.727446353015853
385 0 0 0.025438936441052773 20.728037671566
390 0 0 0.02451369838915607 20.723763660826418
395 0 0 0.025938909083194517 20.72626212573296
400 0 0 0.021220113127426554 20.728434806663532
405 0 0 0.024448075344650544 20.724149335514127
410 0 0 0.02532724576007306 20.731976131653187
415 0 0 0.026112781252980888 20.730763059897235
420 0 0 0.024747846030086507 20.726061845203866
425 0 0 0.018353006407316963 20.724915159335392
430 0 0 0.023902752681613793 20.72528516173941
435 0 0 0.024420950488822646 20.72328234512527
440 0 0 0.02490833239893231 20.72326353597379
445 0 0 0.025090778388025647 20.720599104185975
450 0 0 0.026995198072308657 20.725650221373925
455 0 0 0.024157554689113958 20.722465779066805
460 0 0 0.024317395642098116 20.725868878756973
465 0 0 0.02525570675708355 20.72339197471651
470 0 0 0.02448271137481961 20.723661778086374
475 0 0 0.02313335798204541 20.72662250572246
480 0 0 0.023090154031024213 20.722733150309033
485 0 0 0.02353455401427773 20.722305133923424
490 0 0 0.023649961395155517 20.71975169241548
495 0 0 0.023619950001312118 20.720606535421563
500 0 0 0.026840667730906098 20.72011213161425
505 0 0 0.02425916024992225 20.719208322600544
510 0 0 0.02238023963258029 20.721528073316087
515 0 0 0.02390809118169912 20.72274458045493
520 0 0 0.021472144508250413 20.722462166119648
525 0 0 0.023856327899281382 20.717630650928072
530 0 0 0.023543754887840773 20.722746599207767
535 0 0 0.02490575582613963 20.724345758494586
540 0 0 0.02432994506879549 20.718803481333598
545 0 0 0.02682753760677392 20.717999913035325
550 0 0 0.02400572915368704 20.71598306703429
555 0 0 0.02513118435336259 20.720266965672444
560 0 0 0.02513803561660044 20.722440705435687
565 0 0 0.027546162949563913 20.72010216554895
570 0 0 0.024055340711909068 20.718253498281914
575 0 0 0.025992222774342544 20.71883382672749
580 0 0 0.022950223878615006 20.71614334119183
585 0 0 0.020500635503330367 20.71834345629626
590 0 0 0.022463251338350254 20.71421728787758
595 0 0 0.023553080272863403 20.718185671504685
600 0 0 0.022876058185345327 20.716728332300303
605 0 0 0.023413912601331077 20.719311251443013
610 0 0 0.02558010588681814 20.714853118395528
615 0 0 0.02556425006161067 20.714816294161857
620 0 0 0.019888235150706812 20.713587015972653
625 0 0 0.02002434930470165 20.713074853739627
630 0 0 0.025141561097959286 20.711479667482813
635 0 0 0.020581027843055155 20.712388477347144
640 0 0 0.027162352680157875 20.711676345159603
645 0 0 0.019183135475933533 20.712275838080348
650 0 0 0.0213325614291362 20.711064025244976
655 0 0 0.02383180173343602 20.709893009226967
660 0 0 0.019694726226877846 20.70994654061842
665 0 0 0.024000481065315604 20.70797160351221
670 0 0 0.02496531293411497 20.709778816394813
675 0 0 0.026210591850323928 20.713380367248377
680 0 0 0.019863719416760572 20.709142020711887
685 0 0 0.02445461988839881 20.710591274324074
690 0 0 0.021969539929404203 20.706302243531812
695 0 0 0.02404250037846456 20.708111792895053
700 0 0 0.020020202989592173 20.70859240153895
705 0 0 0.025373746051133406 20.709320008309533
710 0 0 0.021175811198718142 20.708535807146806
715 0 0 0.02396841381049608 20.708595046976058
720 0 0 0.023871562394617518 20.70714590908686
725 0 0 0.019228320878953653 20.7010094000554
730 0 0 0.021816198505718587 20.70272323492077
735 0 0 0.028334654195997677 20.70386833030825
740 0 0 0.020961488599955835 20.702977579597736
745 0 0 0.02371833552824465 20.70148545054544
750 0 0 0.018770038724064575 20.69885309822589
755 0 0 0.02286612903107299 20.70184119298663
760 0 0 0.023683666682420945 20.698689402927535
765 0 0 0.019874898569234745 20.696073930365596
770 0 0 0.02195363439114928 20.696762588610476
775 0 0 0.020543914284145925 20.700209072161528
780 0 0 0.01769854297756801 20.695549684640064
785 0 0 0.023034490858620638 20.698354263707238
790 0 0 0.024957558116059708 20.694656991047577
795 0 0 0.01883289614012429 20.69514748536209
800 0 0 0.01803932629137628 20.690679288360574
805 0 0 0.02086675906141222 20.69168823291875
810 0 0 0.025365970843270524 20.69024826220079
815 0 0 0.012544478550737814 20.688353487651135
820 0 0 0.017051490517460577 20.686098248999855
825 0 0 0.02189173749592377 20.68628470011952
830 0 0 0.01631469104173866 20.684708027112475
835 0 0 0.01947373092681648 20.681671041822497
840 0 0 0.016045005341315033 20.68353340048981
845 0 0 0.021788486301562493 20.679195856800035
850 0 0 0.016341253336327632 20.679664050379916
855 0 0 0.02699360577348031 20.67797216556507
860 0 0 0.01818727604479453 20.67448663362635
865 0 0 0.019499323766231313 20.672836369250813
870 0 0 0.018127468935577262 20.672566026147297
875 0 0 0.01912581038681327 20.670850043982856
880 0 0 0.00757023571479154 20.668821414089933
885 0 0 0.017400212094681677 20.66856460914697
890 0 0 0.012707487702273923 20.67207975996579
895 0 0 0.01741842461482168 20.662364005009373
900 0 0 0.0246099203925354 20.662497673144387
905 0 0 0.018637974373108435 20.657281784284173
910 0 0 0.006657212251521383 20.659349292026178
915 0 0 0.020289920425026198 20.658234588548343
920 0 0 0.012010674673776256 20.65327760008995
925 0 0 0.011278652057083116 20.650368433164612
930 0 0 0.011303972114447891 20.64482138257582
935 0 0 0.009163246631748834 20.64660070343997
940 0 0 0.0231558020282987 20.645453911623726
945 0 0 0.011515815021771125 20.644985309853315
950 0 0 0.008944821232856226 20.643113202541848
955 0 0 0.016744634917852386 20.641116218148287
960 0 0 0.0056785327066988245 20.636646951821717
965 0 0 0.009892155584612539 20.635974557960772
970 0 0 0.007284659633720159 20.633546256578438
975 0 0 0.009384125490405903 20.62854484687096
980 0 0 0.010091040561374776 20.624858751847214
985 0 0 0.014426334024505216 20.622197360233926
990 0 0 0.00024507161843723146 20.62358474352127
995 0 0 0.004269840802015423 20.620808621300384
1000 0 0 0.013974950962640564 20.618293404816416
