0 0.3546436453820469 2.3992447897814246 0.3407468462138372 0
5 0.9141985399871854 0.3856840907399066 0.0077683726433956934 4.785235765112665
10 0.9097685658876582 0.40109261418479036 0.017592761129660905 4.774278567559656
15 0.912137001461043 0.40313815987102153 0.002636627144868786 4.764862975625352
20 0.917262543657657 0.3636966749663868 0.008261040577648426 4.764535320806621
25 0.9154255885879241 0.4075587401785725 0.01625551929149016 4.7346782385187005
30 0.9392564879756908 0.3065799218663967 0.00048019204053284525 4.720077217720076
35 0.9326263337309406 0.3430498980087746 0.011810326643080904 4.71008137809736
40 0.9414976800719628 0.30291481778287377 0.0036000420923054666 4.70794092046543
45 0.9392332568979476 0.3250960826845173 0.0029990660871088703 4.705938250254494
50 0.9951788499235822 0.014159172714558466 0.00939283512494482 4.731091473977556
55 0.9976200093800444 0.006243141417652254 0.0015016118973047998 4.69988193418526
60 0.9980826007547545 0.005674269114302355 0.0025311993970962288 4.697922337827546
65 0.9983713516740601 0.004776150626918607 0.006029729284302121 4.695661227290144
70 0.9982724262270899 0.0049441014321676136 0.002557052151461736 4.696020739602884
75 0.9970338423681279 0.01073657251586102 0.0035990543312560686 4.693831638933198
80 0.9974593331846564 0.008567294586184104 0.0010025283556394093 4.693164340682629
85 0.9961925720489969 0.011227540217717547 0.00015389045077029984 4.693989045721078
90 0.9984234384706633 0.004431271250687097 0.0038912748366184413 4.693380911171706
95 0.9970189549013289 0.010174947531138123 0.002317510663210509 4.692475808269589
100 0.9985044749858558 0.004345546034442371 0.005838201693760592 4.694767250475818
105 0.9981467403754503 0.0058283654149482444 0.0043169395568294355 4.692538630034813
110 0.9983484826691136 0.005952742881776274 0.0001515294408895862 4.691890416839353
115 0.9982315142056155 0.0052013315895518275 0.0007573492165693363 4.6917978348390355
120 0.9911195939546759 0.031847138639082395 0.015357331303504917 4.690646233394073
125 0.9967947375695858 0.010784946965340048 0.003980803429154411 4.692122449345046
130 0.9928114989059214 0.02540867127238311 0.005598904408742333 4.690656585030242
135 0.9970208705001123 0.01085000893583743 2.335851560397728e-06 4.690569302501123
140 0.9989761215205234 0.0032953761834138007 0.00011896674327394052 4.690475513806905
145 0.9978261616123192 0.008215675729428717 0.0022951670754456366 4.6909832177401425
150 0.9970669156938117 0.01062838119252163 0.004415625217436769 4.690789916892929
155 0.9982546802371983 0.006454664090417062 0.0005533524640453091 4.689579340913835
160 0.9981670331109269 0.0064012517353582155 0.0019048491909035015 4.6896506716569
165 0.9987847973683546 0.0038064782535123243 0.004655586583274474 4.690066477713026
170 0.9986062277455438 0.00474175573846658 0.003910321763211044 4.689327918804122
175 0.9972377008229094 0.010905598426320218 0.0006974955644882819 4.68981564219043
180 0.9983720255731494 0.005907547886261355 0.0027271293049957457 4.688920338575003
185 0.9973679865815857 0.010383377519918469 0.00213553592407445 4.6895746133471
190 0.9980631124718675 0.006085345779665019 0.0012061779354002322 4.689215141074044
195 0.9983846318370218 0.005658884953198218 0.0026877968501406446 4.689385271723184
200 0.9980691205151987 0.007295366546880899 0.00025956275783967087 4.689355746022925
205 0.9987087362463507 0.004696136486285418 0.007436447368705856 4.688545817956559
210 0.9980346044441935 0.007433577749383247 0.004090509168510392 4.688585010750798
215 0.9984721144636636 0.005467860549390302 0.005681208245585934 4.688167928427599
220 0.9975386538151618 0.009196527926371267 0.0034400193312631444 4.688210738785154
225 0.9987094904351661 0.004338326483058097 0.004257340961343559 4.688222822221449
230 0.9980617705512916 0.007214909591688468 0.0027610929905004244 4.688392989169043
235 0.998474934055092 0.0054582091990829085 0.0002562753722261668 4.6885918171285486
240 0.9958509918269325 0.01604463937314282 0.004911184999340179 4.6879884915021774
245 0.9982975694643612 0.006324253649300893 0.005235086777218623 4.688489142294854
250 0.9964258125426015 0.013754350159682183 0.00026348637101980543 4.687929906397415
255 0.9982488833984272 0.006219397154125339 0.0034093255271325784 4.687387618086233
260 0.9966286210023838 0.013143455274954974 0.004473275097437002 4.686751560170837
265 0.9983891984911779 0.006118105058384948 0.0004676026826058166 4.687948664189901
270 0.9968456076440304 0.012194946447287691 0.004571827217537905 4.687091678215163
275 0.9984767809936269 0.005642738638731437 0.003714658174019503 4.68751963328543
280 0.9969996984908238 0.011450193298415456 0.0024576048448703425 4.687784625933749
285 0.99853586064529 0.005309729417754205 0.0016716077094596216 4.688007519225616
290 0.9970529032163284 0.012273964200425702 0.0071327678024588614 4.688020917458362
295 0.9982233643803805 0.005655132305786736 0.0011053407127399328 4.687810321894308
300 0.9984308654171863 0.0060996793386527415 0.00951893255378744 4.687214017137485
305 0.9982590439229992 0.00651779586519563 0.0034243613623390345 4.6873767041716405
310 0.9986594639265285 0.004776541487745867 0.00940496257061696 4.686908158357477
315 0.9973919141816245 0.009920803167614345 0.0013486943711766841 4.687218903151394
320 0.9965629992003081 0.012248077567621252 0.003541017278124503 4.6876384022206175
325 0.9981432054610285 0.006768041831785254 0.0017803078032603281 4.687921684623323
330 0.9988853050952611 0.004072212976033995 0.00080644192102719 4.686904154092167
335 0.998948933634618 0.003670343941512222 0.0019189019584548994 4.686832271179444
340 0.9972773646942481 0.009803148566633446 0.00012442042774263307 4.687316323156528
345 0.9987106748472976 0.004728653355722479 0.005976799867589477 4.68729473074005
350 0.997917708163438 0.007684319220291336 0.005652722185681247 4.687145755297678
355 0.9981902305832326 0.006950780960405467 0.004093198562189704 4.686933354138532
360 0.9976460355980272 0.008860553833668128 0.0023070367582207485 4.686202850713721
365 0.9983837520990735 0.0061154641641563146 0.00019018285553973335 4.687145061686805
370 0.9987612304994139 0.00429177979102402 0.0022472191210896053 4.686472229713512
375 0.998678100323227 0.004885783458234982 0.0018159443860530367 4.686843459839912
380 0.9969987073441096 0.011505377698632913 0.004324739018322754 4.686175414801173
385 0.9989388443113131 0.0036988885148669937 0.0033424870923908223 4.686428190273
390 0.9980313710154847 0.007144608060490221 0.002585551262724417 4.686096594835939
395 0.9983237304324206 0.006586786047426685 0.0020034846870340406 4.686853411706146
400 0.9986377630889227 0.004761510363625376 0.0030093965684721002 4.686223765280624
405 0.998487803812751 0.005595313656823642 0.0020619857458679114 4.686334155856416
410 0.9980203037093838 0.0073655118492652605 0.0026017259949895344 4.686112752714929
415 0.9988940964682351 0.004123432099584434 0.002099472562772542 4.686165307846566
420 0.9985791972373117 0.005267396682099523 0.003309783080359674 4.685973987550752
425 0.9983839251094875 0.0060878572605780334 0.0076478370473227475 4.686045791557066
430 0.9981673060521681 0.006635493381101476 0.00031468702758519207 4.686545297017084
435 0.9956192247824291 0.016660177357984196 0.0035873987123249407 4.686046493326103
440 0.9944097548425933 0.018056866069677824 0.008970705275040736 4.685684672197409
445 0.9987056670160159 0.00489328110669085 0.0019140893919840085 4.686186665578245
450 0.9984956680440235 0.005012562423359235 0.004187334980263024 4.686464150040894
455 0.9983455450206281 0.005921601587511205 0.0017389578055788668 4.685725120997322
460 0.9954099098053419 0.01821307813284534 0.005023231852821386 4.6851643355121375
465 0.9982431268257819 0.006604753473734348 0.004232543647603837 4.68552727800433
470 0.9988173141807803 0.004423366033463161 0.001208827604509466 4.685737321932938
475 0.9983622587852581 0.00627942855410879 0.0014171174282591181 4.685401543650425
480 0.9982115982386229 0.0069420861761004815 0.0004169690436237605 4.685506411072726
485 0.998359065134905 0.0063356017224167616 0.0072549198315639 4.686110467085108
490 0.9977567420805444 0.008882294625441212 0.006320854834156009 4.685208301009709
495 0.9987646121755478 0.004609532388768933 0.007900645613657886 4.68554931522374
500 0.9983229302000908 0.006297692535203403 0.0053655384402768735 4.685130929443232
505 0.9973023304973445 0.010798770470123564 0.015469509255592984 4.685723082248854
510 0.9986845423816988 0.004941226928029785 0.008107594217484415 4.685240457206571
515 0.9972482999048644 0.011298152510686776 0.0013633308129783472 4.685390098172518
520 0.9988502610656218 0.00413731662518213 0.0050907222468359326 4.685175505145895
525 0.9982690623302743 0.006348984018029746 0.0006924678557216346 4.685107491295793
530 0.9983935384824072 0.0061819972659007405 0.003165354952427979 4.685597879847929
535 0.9984997014844171 0.005603262041952384 0.0007687493723711469 4.684686686655094
540 0.9980108804126875 0.007579804575270188 0.002495615049182609 4.685293851545932
545 0.9983232673927074 0.006597380473343684 0.004946674186140365 4.684940836395521
550 0.998594799539003 0.005042985582717208 0.0008356885611568998 4.684567991255007
555 0.997918979351847 0.008119861843369769 0.0007184382006923951 4.684328882516868
560 0.997830662759544 0.00833331622559541 0.0029442280273284105 4.68456398180566
565 0.9979525666079754 0.008202979274465783 0.005698179702292139 4.684786094823648
570 0.9983357568453932 0.006446691291295714 0.005772577680416724 4.685294477583743
575 0.9986300722794887 0.0052651675908448325 0.002966551360394476 4.6852516171883085
580 0.9980599756468838 0.007503878723777113 0.007317814219175878 4.685317450340304
585 0.9985649450919913 0.0053279539193731296 0.004189011744685667 4.684349259928655
590 0.9976005733528945 0.00886915864642468 0.0024897920849982214 4.684545239021859
595 0.9985513484300266 0.0055238015265466345 0.00790710037066611 4.685011630852768
600 0.9978847456419115 0.007969277970887312 0.004274245275177391 4.684718106324643
605 0.9984828583056125 0.005737421302231205 0.0002457989596897914 4.684996837068045
610 0.9966875035815443 0.013528484138596752 0.0029596091994545937 4.684750572455265
615 0.9981707112215216 0.0072987842332974395 0.010164103861309837 4.684255204918228
620 0.9977580374647617 0.008776788109171818 0.0006820501541313639 4.684558408143154
625 0.9984633199173069 0.005954901249817013 0.0005422476739440629 4.684213451315046
630 0.9976115393106841 0.00946611521829599 0.0034883514487098477 4.684124610117049
635 0.9984367198005278 0.005802161867379141 0.010916876911674755 4.684714416753821
640 0.9983816767080487 0.006095966529396257 0.0048310202382200185 4.684564934345083
645 0.9980137671884987 0.007832757093751752 0.008700746008373894 4.683764200376238
650 0.9959869704711761 0.016181613916255166 0.010064980254990363 4.683707000322752
655 0.9983870400668147 0.006297167799145242 0.0007244655641822639 4.683976837831614
660 0.9972555346628128 0.011297296086550723 0.005040067075605226 4.683830045961318
665 0.9985251726227745 0.005781130438101023 0.0007871918988535676 4.684934706518735
670 0.9967452636857302 0.012774812534164681 0.0037591499500995162 4.684039030158968
675 0.997437785688907 0.010160329670927837 0.0023734311995649016 4.6842731846456305
680 0.9983402512704724 0.0065349374873218125 0.011541276677102141 4.6842006081901415
685 0.9966454603396194 0.013526135371467518 0.0074042373278473406 4.6838979219031645
690 0.9980218414601074 0.0076150477613499135 0.0018694340788028008 4.6836213230739725
695 0.9973351762245191 0.010175778465457697 0.0036970328992855794 4.6840838943695715
700 0.9983899023120365 0.006121651516027171 0.0005664235782800731 4.684165236123191
705 0.9981224185161206 0.007226415435023448 0.002748854150505853 4.684022820727791
710 0.9981060787084473 0.007544571161463232 0.00795415665479271 4.684242837596684
715 0.9969406482558163 0.011861564543246494 0.0006303893328500898 4.684006140727451
720 0.9982258366086152 0.006671228298126941 0.00041183275840173117 4.68391819430668
725 0.9982256652330612 0.006761340274207939 0.001275052673508803 4.683432630810495
730 0.9980118312072424 0.007701528603315744 0.004703960924674844 4.68369288315777
735 0.9971854318942469 0.011241875209740293 0.0045012780757258675 4.683869679839978
740 0.998481249658137 0.005717309808762394 0.004611190837157109 4.68400213294592
745 0.9984757796312909 0.005610185342129981 0.012562997838128087 4.684294534848513
750 0.9984360729833068 0.0059773107576015505 0.0069585155820113265 4.683170789572765
755 0.9973989735216656 0.010296908151475215 0.004329246606990633 4.684008144872522
760 0.9974528283875932 0.009942935950928877 0.0020430077243349665 4.683440522957563
765 0.9979639117424771 0.007871947295068793 0.001831201284088646 4.684358759864646
770 0.9970655176199384 0.011662420293341746 0.002595258157968683 4.683724560822179
775 0.9984820709190703 0.005692253876413922 0.0013294247157209504 4.68372722300593
780 0.9979448702702802 0.008030218676108092 0.006540158883836966 4.683321232170146
785 0.9968716068033776 0.01237183217696014 0.0016415479452818182 4.6837205001557045
790 0.9983779989504229 0.0063038641447743515 0.009025511654929819 4.683307753643286
795 0.9976000812721924 0.009043045385957349 0.009000696902798033 4.683380332803292
800 0.9979861118119548 0.008086601346742661 0.0010158663470016815 4.683400758676261
805 0.9982773132978047 0.006645517057007666 0.007904362389622888 4.682788692320314
810 0.9984327589861378 0.006136476647159661 0.006453485163547379 4.683923510390134
815 0.9981784877098852 0.006953890877639424 0.005679187383805573 4.682783072732738
820 0.9982231100132632 0.006953103106337011 0.0008424892639300463 4.683815368572533
825 0.9979690507606656 0.007715693951349856 0.007472068792635733 4.6835108192418655
830 0.997897960421217 0.008053624226714184 0.006281460507122416 4.683693419131995
835 0.9985048747702457 0.005845809484101849 0.005417216230886535 4.683734652141298
840 0.9977822206764082 0.008901275862425173 0.010654216027917274 4.683485701651935
845 0.998356012301911 0.006392268204843177 0.0076465299994734615 4.683434351369656
850 0.998158762620713 0.007062651640264761 0.0053493565905466944 4.683237216814983
855 0.9982930716574401 0.006639786844373496 0.0036664835064030843 4.6836112075174885
860 0.9982930413311226 0.006658351873355173 0.00377033145304817 4.68341307675232
865 0.9972668138698368 0.01093909116554137 0.013559419097737946 4.683408202865983
870 0.9982621262721842 0.006384097777484499 3.297422047721099e-05 4.6833424400842025
875 0.9976654799726201 0.008985320729292035 0.005276246744776225 4.683032369260808
880 0.9985175658978716 0.0055676527446584245 0.008297539635444107 4.683463246575191
885 0.9982289950421541 0.006890304069095521 0.005206202741184995 4.6831918279134115
890 0.9978431504906236 0.008531875913135423 0.007999627201388693 4.683585329784312
895 0.9978244201520587 0.008231026400004282 0.0008189211292106702 4.683468623994542
900 0.9982212273418963 0.006987078644873357 0.004237949651757278 4.683316696356173
905 0.998201360776882 0.0069779938101186545 0.014926452248742006 4.68339946834724
910 0.998509750099142 0.005688928144762073 0.0019132914222268482 4.683536558342619
915 0.9976765511784579 0.00930280877838996 0.010138115989249297 4.6827320662338545
920 0.997622100930025 0.009516427488124535 0.001711333108062707 4.682961306179235
925 0.9982685968061868 0.006698445884000925 0.007236227228885284 4.683463461334096
930 0.998326216549564 0.006359022823852811 0.00903331408931729 4.683409788092426
935 0.9978772241225555 0.008279353122092381 0.00585461746904925 4.683014824000085
940 0.997995773730038 0.007620863742510586 0.006283213683151434 4.683001384260179
945 0.9973704484288284 0.010357845821531875 0.011970569060544278 4.683042315772328
950 0.9979110031642255 0.008111517877233965 0.010262132862630224 4.683121599291564
955 0.9979464277938229 0.008056935041609314 0.007915454462537497 4.6837867382733736
960 0.9975325281452865 0.009878168050744485 0.004905049593874278 4.683580873311102
965 0.9985529514199525 0.0053270985428302 0.007492443017549588 4.6834359134132475
970 0.9974505437143255 0.00994445264036159 0.008147123486623276 4.683189921246098
975 0.9979587464602927 0.007863538709471207 0.0015017501916951836 4.683372057273531
980 0.9981000100103787 0.007484856899751868 0.008188393903953317 4.683206767598933
985 0.9978060206411759 0.008460593959807028 0.004334110495265664 4.682967917079536
990 0.9982021745146259 0.007060263214050622 0.005011609770074754 4.682911684749569
995 0.9978383395787997 0.008437516384417698 0.008625678384241997 4.683118912836522
1000 0.996898668649093 0.012460541259749824 0.001992207792578027 4.682789299853441
