0 0.384242658251697 2.191716563490804 0.3634055261936864 0
5 0.8914327539623449 0.4872351083165922 0.031294230478621676 4.779408634431896
10 0.9142988011058635 0.3852463974425442 0.00797643897415412 4.775949663899536
15 0.9113272436793202 0.40047184408984826 0.012869300628318703 4.770969106972816
20 0.9138354187668173 0.3985935342135276 0.013598494132489147 4.764991975117971
25 0.921599461211329 0.37455579129784233 0.0015331388864030515 4.743497540493111
30 0.9149846417838039 0.39832180688969654 0.016910035022681402 4.72226235519313
35 0.9368047533178754 0.3287903166984112 0.008211229221601668 4.714072549359286
40 0.9313568921681603 0.36591392929692645 0.006178229649126399 4.707860571694104
45 0.937468154069069 0.3191827889115375 0.0006044923361874233 4.706648940596381
50 0.9849341956777065 0.052392391016231166 0.012403519438199062 4.730751919473665
55 0.9959065525651052 0.014210008567933308 0.0028410944346279887 4.700082383280715
60 0.9966652552518472 0.011300793817738075 0.002955987675532956 4.697647307715759
65 0.9975902205098699 0.00789564479384719 0.0061499293640534525 4.696191602844865
70 0.9960935232538648 0.01232746019934261 0.0005295423657170062 4.694958171076159
75 0.9980411256304467 0.005644165197359996 0.0027435435645373207 4.695250159752947
80 0.9974386240300052 0.008448875670104883 0.0027974861600046363 4.694048798291795
85 0.9963872206677289 0.013135924500223162 0.0009824122397557034 4.69475320970562
90 0.9976123416117012 0.007234315943965619 0.004511411839910551 4.692489019163713
95 0.9986104018638908 0.0038570900053525037 0.00410612498535845 4.693400297464216
100 0.9981689012242554 0.006088535301498332 0.0024142242063989183 4.693730914542203
105 0.99757993378303 0.008329759755244304 0.0051493497100794094 4.693856404668589
110 0.9985948133108045 0.004186950460486116 0.004628054901571144 4.692402339347101
115 0.9983274821251661 0.0057227602107028375 0.0018113887562587472 4.6927784856958565
120 0.9979544701717372 0.006955411537142631 0.0031186061241745833 4.692817283008605
125 0.9967216500257045 0.01052983590785228 0.0038075171098717053 4.692250306739575
130 0.9975531138888071 0.008315553228444905 0.0013345738626340253 4.6913594752401595
135 0.9948172757770328 0.02030484903453278 0.0036792425751532853 4.690379541409533
140 0.9979867726091598 0.00713897403093533 0.004427263443014029 4.690948914828974
145 0.9980236434123386 0.006463750920551625 0.0021132760978603837 4.691448643380506
150 0.997519064455207 0.008587267490650419 0.004165496141561809 4.690825228254868
155 0.9939282169990443 0.022583571018185644 0.0051915226455112595 4.6897401823360525
160 0.9972262269818911 0.010340656537004556 0.0015055249066682208 4.690451866677343
165 0.993417412462244 0.024864018864292348 0.0015477355030637518 4.690209351890696
170 0.9982541161690157 0.0063962543657378745 0.0009267059500526198 4.690594413754762
175 0.9964498918816194 0.014553556691199176 0.0030392473895992644 4.690322444596586
180 0.9986021173747353 0.004680188030584453 0.007643005668724445 4.690044283123172
185 0.9985708350751457 0.005268690627527661 0.00033745132970097735 4.689332052691607
190 0.9974451117199312 0.009692224130955829 0.0008973943843053611 4.689847049980092
195 0.9991082465545965 0.0029658049721792423 0.0015939534570628133 4.688595918740948
200 0.9988873055314331 0.004157847652239255 0.002304189971723769 4.689057912068178
205 0.9983881978700595 0.005920761034500011 0.0031129741958002555 4.688629723717604
210 0.9974610421455873 0.010293850175112418 0.0047209346807808306 4.690073309930931
215 0.9987190201262655 0.004592467207919171 0.0005048805444058946 4.689411423502883
220 0.9985189167239411 0.005568939178933974 0.003426730473357953 4.688156655493964
225 0.9985238603350862 0.005730196913160235 0.008791630954973595 4.688899634287524
230 0.9979364796925166 0.00778744838430967 0.00039821279962892753 4.689903900692665
235 0.9985067782867089 0.005704100024820136 0.005428037666451058 4.688510953664293
240 0.9983211625132384 0.006323407949185622 0.0034068884257878462 4.68865654118192
245 0.9991668814428895 0.0029915506157092153 0.0050110686140525385 4.688541666707987
250 0.9983470548144476 0.006031002143141784 0.0026238681242436446 4.688233636812227
255 0.9977966079981653 0.008668971604803843 0.00010777453966825945 4.688621679300213
260 0.9981796589101988 0.0068988800917049176 0.001153059404379153 4.6879212792765905
265 0.9978395197843548 0.007359313855909377 0.0036520329216398473 4.6884979302168945
270 0.9988864134471449 0.004051148675978666 0.0023840582539393917 4.687514374557724
275 0.9989215381352655 0.0035798207400929982 0.00292803860578128 4.687637498505441
280 0.9985241772420859 0.005450913903147558 0.00024562862534294183 4.687775932525693
285 0.9988497755777039 0.004211872642806647 6.228874735425549e-05 4.687725739156445
290 0.9987599661984732 0.004498387118039737 0.0017865457699586251 4.6873302181704215
295 0.9985344483554303 0.005252015968220114 0.001566805958484796 4.688144841897802
300 0.9988126318417844 0.004329616085860799 9.193956807562742e-05 4.6877463500374015
305 0.9988661243127529 0.004345890597003965 0.00045163935297543034 4.687986196838339
310 0.9988891566211195 0.0038316122173105427 0.0033056238957238637 4.686924625375957
315 0.9969452490086563 0.011949604364322575 0.0064552378606588245 4.687883247149947
320 0.999018573234165 0.0036799484480196654 0.0001477584536411225 4.687967222350258
325 0.9985526380972529 0.00536928773055223 0.0021323438579268217 4.687054591890685
330 0.9984222716758878 0.006023670959009131 0.0009931100769351442 4.687407964742379
335 0.9987558055778658 0.0044429417034823615 0.001354581582679426 4.687266362494503
340 0.9989974972925195 0.00365672390329852 0.002330848832306831 4.68741002836977
345 0.9988405886847127 0.0041684569345052935 0.0015544931206927792 4.687537994453166
350 0.9984874724603452 0.004922685203911037 0.00149823396630544 4.687603688339573
355 0.9985262075429708 0.005408888832412195 0.003814036951321098 4.686642480842184
360 0.9978112419269116 0.008038247297736945 0.006990573685694557 4.687347997524395
365 0.9989432626408674 0.003998973517130189 0.014472504066154857 4.686666892272059
370 0.9983538338571528 0.006276710517894912 0.0025228500387943775 4.686697959668163
375 0.9988473473223372 0.004268733395761615 0.0035846036686923988 4.6873344570898094
380 0.9985004575882126 0.005553808839709795 0.0005847331885409091 4.687298862636075
385 0.9970563583991685 0.011729634398465194 0.013643862347089142 4.686483915103579
390 0.9988724949240657 0.004117274549614969 0.0018512135409773922 4.687227739203506
395 0.9987897843798588 0.004406432926461257 0.0025724968074416488 4.6872672004228075
400 0.998879378339762 0.004139138074371829 0.001048582851899571 4.686831600650904
405 0.9977062196913598 0.008844037285471451 0.00563653573778744 4.686670234573516
410 0.9989147519721071 0.0037491377294660566 0.005293059064029659 4.686837713733381
415 0.9989660554215671 0.0036195783378207835 0.008050008446285783 4.686846793704789
420 0.997285360385513 0.01028167868247909 0.0017205243726030606 4.685965595040429
425 0.9984373525587283 0.0057525905994051385 0.007181556909584108 4.685754718301972
430 0.9983929341194961 0.006057280684047761 0.004131564008566846 4.686312629659365
435 0.9975955502105183 0.009526268068416499 0.0015634225825693626 4.686347863625613
440 0.9988938917352237 0.004156020961774587 0.0004762708554237882 4.686709283089871
445 0.9961705016600749 0.01520320087887228 0.0044895316772259886 4.685005303228265
450 0.9986069072758033 0.005230317014044417 4.073891427291976e-05 4.685907164526979
455 0.9980587622413244 0.0076085475935876445 0.007110958132438672 4.686491725253777
460 0.9986823773026186 0.004932379957077515 0.00503127476465437 4.686384903848661
465 0.9987394825684504 0.004634884235926506 0.0051240122448810155 4.686633165272114
470 0.9980189882981149 0.007611977175641549 6.064629214530548e-05 4.6859593907194235
475 0.9988364837277643 0.004286318823239377 1.7357677206009114e-05 4.686132293102065
480 0.9984317579711444 0.005878374720522217 0.012061015358166838 4.685235574576909
485 0.9983376164025553 0.006472420464726625 0.0021488647470189193 4.686029789934229
490 0.9985864011959152 0.005374977733132447 0.0035678036752953 4.685984985178618
495 0.9982094319995329 0.00687873591898569 0.0015433982209329677 4.685973972367619
500 0.9981978597232568 0.006969159283142012 0.002862961758738347 4.685726388936165
505 0.9985098491512134 0.0056683828403096825 0.004511437307729738 4.686050125055304
510 0.9986877257301661 0.004924821777024135 0.006331893528165988 4.685762391355622
515 0.9988950541228049 0.00392319082455117 0.010744969916456792 4.686284157397131
520 0.9986695974933203 0.004779006708207412 0.006077823708378727 4.685056029278919
525 0.9988225697258926 0.004392079238102475 0.0012866191305842545 4.685519937358361
530 0.9989147293088373 0.004114061633721633 0.0045698708574433144 4.686066883015512
535 0.9976840191541632 0.008600802624473936 0.0032118297906027493 4.685291309454029
540 0.9975298795630427 0.01006143429974049 0.019168154226382628 4.684829551742941
545 0.9973810827344236 0.010165157290658478 0.003489840133404698 4.684975577428857
550 0.9981670081668772 0.00695774491409118 0.012512576908330741 4.6847082098805535
555 0.9982279632497338 0.006843083517571458 0.002968174950222835 4.685465655979418
560 0.9986402327440416 0.005052583181089254 0.003643175119862674 4.684803706172107
565 0.9981905177010799 0.0069869535264563964 0.010296185844400396 4.684939194110262
570 0.9980114625427512 0.007882561984236425 0.002832906803904578 4.684637375790731
575 0.9985296200566729 0.005541598768237677 0.00015690352032970978 4.685226782022616
580 0.996022146885077 0.015468468151456527 0.0039055310692381884 4.685260059954973
585 0.9983484674338977 0.0062845228255188346 0.006795103811765735 4.684963934681479
590 0.998384518935834 0.006126844611640259 0.0013262703683420973 4.685768191815425
595 0.9979856011001975 0.00787727691718576 0.0001897683757552393 4.684223625142717
600 0.9975579485484736 0.009589989448384628 0.0006664522387613836 4.685500612226326
605 0.9986084882624103 0.005417700355457633 0.0016270116025263182 4.685554670301963
610 0.9983320659646082 0.006457231193190083 0.008921973337446598 4.684499622925298
615 0.9985720118289747 0.005517667607956689 0.0010051945183786604 4.684771730617599
620 0.9972843752568546 0.010602520862034837 0.0028859232592461925 4.6849117197891745
625 0.998268832386307 0.006688210350183077 0.002787468760364842 4.685437203210429
630 0.9978821991869313 0.00825666448950546 0.010738296660192104 4.684923699606909
635 0.9978728433389796 0.008269823997922643 0.005524992094813719 4.684424233570716
640 0.9985977141149947 0.005222787592146005 0.009531968622624065 4.684659293445077
645 0.9979835313520093 0.007783936961452298 0.007402378114834907 4.684384567146028
650 0.9981114315471147 0.0072431385502476076 0.0035766541214277137 4.684704752633385
655 0.9982489432373873 0.006698497993416375 0.00834630070683251 4.685160959811182
660 0.9979314986856905 0.0075825613818087945 0.005976371102930811 4.6848426512681
665 0.9982547293549202 0.006811526400272605 0.0037986712832576153 4.684338562320024
670 0.9986571367714678 0.005145664529160321 0.007040795102797093 4.683699100110269
675 0.9979718604761958 0.007871415652780378 0.00823967239238299 4.683879049825179
680 0.9973917366153371 0.00964808087653335 0.006188884213909507 4.683868848129465
685 0.9977780837392143 0.008905585010490213 0.0007015666153862288 4.683946215035635
690 0.997902088087194 0.007268778310788981 0.003775645321258514 4.683752562565031
695 0.9984096123568527 0.006021440580235904 0.015531246701013135 4.6836354732912415
700 0.9983805971383108 0.006143742323045487 0.002843157996827106 4.6839969112442725
705 0.9982407631302792 0.0069635218076751215 0.008246858215884334 4.683333303548265
710 0.9981798978568179 0.006994796413525073 0.005658490674671279 4.684117954038836
715 0.99800152537683 0.007510885042697701 0.004531987421721118 4.683947164262774
720 0.9982195916283889 0.006689806767142592 0.006412222638806364 4.683588381385748
725 0.9972968424188663 0.010695446010611676 0.016503072097980187 4.685252941018012
730 0.9981798657055647 0.0070985126573601676 0.0013150061787272627 4.684398665950599
735 0.9978237996655176 0.00812373674559197 0.00033330733915337696 4.6841012938477515
740 0.998055481884646 0.00738673406468493 0.003596177657802846 4.684009382481978
745 0.9985059974664989 0.00570831868069277 0.004047548420027747 4.684188725666419
750 0.998206885727946 0.006901731448948567 0.002774985915453332 4.6844981743492635
755 0.998207018978118 0.006950968639145572 0.0038929147613255832 4.68382048092071
760 0.9978142009430337 0.008530549090653317 0.013879463779843393 4.6837372821209735
765 0.9978306955350388 0.008142448316160511 0.00033274542927430595 4.6833692025622256
770 0.9982003764289797 0.006955121490205052 0.0004355981488752825 4.6837792945639105
775 0.9975940882261389 0.009388540896114073 0.0014678238125960252 4.683269619416142
780 0.9980877023476742 0.007398405608306291 0.00047219315951152474 4.683815481902957
785 0.9983402877238505 0.006540875342927244 0.006251769421726561 4.68366312551905
790 0.997694266341568 0.008982646418989937 0.009312173197834284 4.683554263982909
795 0.9981243859086539 0.007286580609729754 0.00936828382800603 4.683539334623085
800 0.9970933712082152 0.011158647887842932 0.01190833369391986 4.683712053288115
805 0.9978341645749131 0.008568004114011707 0.009356390734632791 4.683361311027306
810 0.9985150769213444 0.005641965819974892 0.00914391651699864 4.683850820677862
815 0.9984992656765663 0.005751775071819232 0.01174330242742938 4.683734015493717
820 0.998243123559672 0.006825835653139656 0.0014019282219932538 4.683661483347621
825 0.9979037354690143 0.008188920205137507 0.008463488708151612 4.683723547724242
830 0.9973507301559286 0.010450729309622098 0.0016898268642819847 4.683464707762394
835 0.9973056000000955 0.010836415431522362 0.01128734380802432 4.683699196486584
840 0.9982494001617905 0.00689610413758146 0.009413956350811103 4.683768072845599
845 0.9982657335645557 0.006897922856713201 0.005617975358509497 4.683358053685888
850 0.9975831006428858 0.009791499543779558 0.0037853024647904743 4.683111228294728
855 0.9976707010162456 0.009156272662234954 0.0060844334158036695 4.683390399052205
860 0.9975749418273322 0.009561223042014788 0.004490140537715126 4.683115768485937
865 0.9980435945604905 0.007601777473573712 0.013493984345621657 4.683398993325348
870 0.997458451297994 0.009926016589907327 0.0053280318298205565 4.683633562762189
875 0.9977755034620734 0.008474423561542821 0.0059579315635112096 4.683687371169047
880 0.9978474950210671 0.00841761286745868 0.010038622220582827 4.683031260694987
885 0.9983485129959422 0.006567446508212171 0.004295453846437258 4.683240640478528
890 0.9980330104159232 0.00771548090536367 0.0010074110740680986 4.683821892025274
895 0.9980615828002165 0.007753949110868241 0.008210574741167376 4.683059923676627
900 0.9980775072012003 0.00767738278842689 0.0038715690213149134 4.682889081827865
905 0.9973988606631361 0.010062577703247477 0.004115984422954799 4.683352166654376
910 0.9982827517826377 0.006735328048107725 0.002916159656728201 4.682726919831491
915 0.997776206879764 0.008695272316959546 0.011001127605755112 4.683157504254529
920 0.9982785056832255 0.006694416701596317 0.0013400134611889492 4.6831323067425386
925 0.9976373633624688 0.009670376549526516 0.009187880707503426 4.683015275474745
930 0.9974287155226942 0.009918892753283615 0.004156608489610081 4.683357820746089
935 0.9983411339850883 0.006413684591769275 0.0004100649028881964 4.683029830025559
940 0.9977537596611872 0.008962162297747156 0.004465764973665243 4.682582727473751
945 0.9980734051766386 0.007461110392732451 0.01765449715646783 4.682718678353192
950 0.9979607246510317 0.008150631445448475 0.006800720636191526 4.683350795272241
955 0.9980665778532609 0.007289232307152282 0.003643354867969517 4.68330407552503
960 0.998141801774401 0.0073360922532828 3.5280513569491134e-05 4.683389356693233
965 0.9973639055030088 0.010549727085085614 0.012014196200233584 4.682887704975236
970 0.9981682110275654 0.007169811364500234 0.003619229520614775 4.683376159295806
975 0.9959299318109034 0.016103771003272094 0.000421842866330957 4.682722655974062
980 0.9972181051048032 0.011261503132610429 0.0014643001868837047 4.683292834299484
985 0.9972054027060195 0.011092987857394654 0.0014629683338140964 4.682584347455253
990 0.9974346593338175 0.010213077427018824 0.00781902612356733 4.682650436329297
995 0.9978119265697418 0.008464538523964116 0.007984778959226224 4.683145770995491
1000 0.9975681063475814 0.009681686851036098 0.0008834453373425255 4.68281307090862
