0 0 0 0.36685168187104067 0
5 0 0 0.0006106204811517912 10.227904215395075
10 0 0 0.006707902699051749 10.109903150833476
15 0 0 0.0017504597339468297 10.080469514059308
20 0 0 0.0010246400070725858 10.060192417323147
25 0 0 0.008271980614597663 10.048833541569412
30 0 0 0.012639523741750036 10.042412956955719
35 0 0 0.009265691032697587 10.035507585392358
40 0 0 0.00922510846025304 10.030490879088541
45 0 0 0.013536183068273866 10.032039264620993
50 0 0 0.008007499043453992 10.031726465380633
55 0 0 0.0036818588939500074 10.020154534272914
60 0 0 0.011296437776077584 10.02453802663713
65 0 0 0.009508068641319145 10.021849402134002
70 0 0 0.012090393731905458 10.019798872720534
75 0 0 0.011033312842793741 10.016153656721
80 0 0 0.008287923356788074 10.014562787950462
85 0 0 0.011404938070209258 10.013745952480729
90 0 0 0.012768648267183158 10.012917727507798
95 0 0 0.009825366386270185 10.010330198333415
100 0 0 0.015416569024994997 10.010358383749145
105 0 0 0.009409650391758673 10.01011086296798
110 0 0 0.008852809990871569 10.009570385219874
115 0 0 0.012209639102094938 10.008332786272677
120 0 0 0.0097613447776832 10.009386152223382
125 0 0 0.0118011004443912 10.007024146366058
130 0 0 0.011382061408416355 10.007223829014157
135 0 0 0.013357071078190508 10.00464065934694
140 0 0 0.007310703682371633 10.003526658562828
145 0 0 0.009027792958588687 10.004444485756723
150 0 0 0.013561288519108095 10.004709841341722
155 0 0 0.004282405994283867 10.004895754817916
160 0 0 0.015358766299127025 10.003876097526804
165 0 0 0.01455929089431729 10.003937325182475
170 0 0 0.012401616162320162 10.003311191522068
175 0 0 0.011835330019085433 10.004238873259565
180 0 0 0.008741348222934153 10.000684245846024
185 0 0 0.011341530264739053 10.003585502177415
190 0 0 0.010850987367510445 10.003295660908059
195 0 0 0.009509045797797322 10.002249964117894
200 0 0 0.013723583523628013 10.003907798660997
205 0 0 0.010378511970474902 10.002554457579414
210 0 0 0.011825411642194084 9.99916453606937
215 0 0 0.008948371239524855 10.000052862392783
220 0 0 0.010058786419544274 9.99988506971709
225 0 0 0.01577213162772284 10.001471188876762
230 0 0 0.01566852528392859 9.997423395488603
235 0 0 0.013034874225804627 9.999203257002653
240 0 0 0.012083328321675246 9.999344699668843
245 0 0 0.01191517223761962 9.997183014857107
250 0 0 0.010878125897586743 10.000975970683054
255 0 0 0.011908841430281036 9.99798404602919
260 0 0 0.015313294356113838 9.997584260077735
265 0 0 0.012510322543323182 10.000435760868816
270 0 0 0.010311537980497887 9.997865252066738
275 0 0 0.011461772501500045 9.9949772027279
280 0 0 0.013504234429245976 9.999194375522693
285 0 0 0.012016966064633428 9.995902985471227
290 0 0 0.010365439497178164 9.997228946079204
295 0 0 0.011993825959857984 9.995769984909678
300 0 0 0.017204204937207646 9.997729109361563
305 0 0 0.012680216047377346 9.996568806756377
310 0 0 0.012644889707170481 9.995792373416181
315 0 0 0.010581036992994175 9.996377820377207
320 0 0 0.009592651505969219 9.995955578300572
325 0 0 0.011021099386657518 9.995744504646987
330 0 0 0.011654981661521013 9.997603276963893
335 0 0 0.011302425870304944 9.995209755336623
340 0 0 0.013203085516588775 9.995738833407053
345 0 0 0.013428033802404649 9.995885106967464
350 0 0 0.012878536711958821 9.993860308856005
355 0 0 0.0117060303942913 9.996745976168102
360 0 0 0.009942184251506836 9.99588542482666
365 0 0 0.013688868798105158 9.992590165645309
370 0 0 0.009964337770515197 9.994176768143893
375 0 0 0.009340080329819589 9.995510050583697
380 0 0 0.010893570045236611 9.995020429248205
385 0 0 0.013352738286114718 9.993375706980233
390 0 0 0.011515625000733554 9.994744676543338
395 0 0 0.01543359118580101 9.993287403906546
400 0 0 0.011907480106305712 9.993146424689836
405 0 0 0.013623048992297715 9.992449286732956
410 0 0 0.013202365571230779 9.990915008187034
415 0 0 0.012248592795371493 9.990096647395061
420 0 0 0.011695349549528 9.991448439969103
425 0 0 0.01267828947741978 9.989602770517916
430 0 0 0.010389425782096673 9.989444216335015
435 0 0 0.010375918556496888 9.98886650765751
440 0 0 0.016103604623969314 9.989495110097126
445 0 0 0.013900505646822658 9.98708010740504
450 0 0 0.01743278111904978 9.988608589551086
455 0 0 0.012543671689163816 9.987413896383435
460 0 0 0.012354460003916046 9.9872299567722
465 0 0 0.01183806153967426 9.986731142637938
470 0 0 0.012051472434363664 9.985076100937395
475 0 0 0.014340404241982796 9.984774980060136
480 0 0 0.010631464290215664 9.984402746600296
485 0 0 0.012760352281213638 9.98235723223538
490 0 0 0.011150819088806108 9.983284520068688
495 0 0 0.012688678184371582 9.98163241201454
500 0 0 0.007310126323717636 10.130762714077207
505 0 0 0.0012387662295423318 10.109914600183647
510 0 0 0.003401340886046267 10.104695498957929
515 0 0 0.0032697975973459137 10.096870347081788
520 0 0 0.005030338823858838 10.087351203406527
525 0 0 0.0033187596520261042 10.092508572242076
530 0 0 0.009073226229457498 10.075162558304777
535 0 0 0.004290849951188003 10.074925118573136
540 0 0 0.0070939454560949855 10.062755867783574
545 0 0 0.009177881412665512 10.053468963597926
550 0 0 0.009864496578794846 10.061359343328268
555 0 0 0.009545934448736082 10.050021588738778
560 0 0 0.011860041659700116 10.039802094589975
565 0 0 0.01185228684696904 10.041104995474479
570 0 0 0.012507922619201306 10.03329382322892
575 0 0 0.007989441055878954 10.026130795015257
580 0 0 0.011921294574484875 10.031392658155298
585 0 0 0.0041895602541281995 10.017950727819077
590 0 0 0.011505856054225827 10.0218036025292
595 0 0 0.012643700668698354 10.020400819925207
600 0 0 0.010287192302447679 10.012717071253498
605 0 0 0.01617284982835221 10.011839214599108
610 0 0 0.0048308056677670574 10.005724226765986
615 0 0 0.010189988159568397 10.003811942356107
620 0 0 0.0007160028629751292 10.010549485744349
625 0 0 0.008690922252570621 10.00029062007515
630 0 0 0.014825143414330721 9.997932516784187
635 0 0 0.015838512883628475 10.008198763654967
640 0 0 0.007561437135855886 9.993944162166434
645 0 0 0.015454826671822408 9.994611912442792
650 0 0 0.015344768322348434 9.995251170005147
655 0 0 0.0123732074178311 9.990986241216147
660 0 0 0.013270494987415171 10.00231010264007
665 0 0 0.016355798859801984 9.987761405323306
670 0 0 0.014328187622868693 9.995501718483213
675 0 0 0.007470481961502573 9.988884544352544
680 0 0 0.012782397603205542 9.988514165511098
685 0 0 0.005217584960450328 9.999467195473153
690 0 0 0.01219826783738176 9.987808422569897
695 0 0 0.013592894667270539 9.986347008144142
700 0 0 0.012261258690334786 9.991776918614098
705 0 0 0.013528426050618325 9.985634388367986
710 0 0 0.012830314106361707 9.989151885087102
715 0 0 0.013236809164921315 9.985604717643795
720 0 0 0.013483775828887268 9.980368517110135
725 0 0 0.012197528113687683 9.984429329359601
730 0 0 0.014881370216350387 9.984650170463137
735 0 0 0.012478399666694395 9.981314214905428
740 0 0 0.011403962599121797 9.980298556562563
745 0 0 0.00961670302981199 9.983897183089844
750 0 0 0.01454777569374599 9.979812919717633
755 0 0 0.012767319533595556 9.980114461279852
760 0 0 0.01183850896389349 9.980295869598327
765 0 0 0.014909589092176434 9.979855496231119
770 0 0 0.017169656695646962 9.97991915254431
775 0 0 0.014294505167625093 9.979387500120552
780 0 0 0.013512966323078413 9.980620999871835
785 0 0 0.01388411472279083 9.979512901733312
790 0 0 0.00815751144122201 9.977984659498567
795 0 0 0.015510870108989883 9.97704508623761
800 0 0 0.012280920772161696 9.97898064788837
805 0 0 0.00811645637605607 9.979618297813468
810 0 0 0.014320712771955346 9.97647084176444
815 0 0 0.012209959774636348 9.976883554990033
820 0 0 0.012565981045140173 9.978533409298313
825 0 0 0.012635616130617366 9.975714591298546
830 0 0 0.011413994141820316 9.978733842954057
835 0 0 0.012818448486535461 9.97804631765355
840 0 0 0.011918748791354794 9.97959419284132
845 0 0 0.013408494296890172 9.977569184401515
850 0 0 0.012513725401915199 9.97640466761716
855 0 0 0.013595038655748848 9.976981551086768
860 0 0 0.012464451464170745 9.97578511043109
865 0 0 0.013412669109411413 9.975163080379536
870 0 0 0.012591294507762196 9.975358586867065
875 0 0 0.012179080793263797 9.976456411519482
880 0 0 0.013797986883247404 9.975044716952517
885 0 0 0.0161866188762263 9.974911968028328
890 0 0 0.012258440381131885 9.97571629224867
895 0 0 0.014306136655588997 9.974768440818924
900 0 0 0.01425321444041705 9.97459836857401
905 0 0 0.013974653010518256 9.975416316410975
910 0 0 0.013655534708500339 9.974175972481449
915 0 0 0.01438229037522798 9.972857243477412
920 0 0 0.011632374999208883 9.973430569137879
925 0 0 0.01499562768434326 9.973701157957604
930 0 0 0.014145336226503158 9.974250817394529
935 0 0 0.01217172360773544 9.974011219669093
940 0 0 0.01456039690990285 9.974098068159215
945 0 0 0.0132123637622803 9.972057670871669
950 0 0 0.011494465367195561 9.97325579357901
955 0 0 0.01123825090578534 9.972548297957447
960 0 0 0.014840174281938845 9.97376929615893
965 0 0 0.012737849457566064 9.973107660830259
970 0 0 0.014117397832946965 9.97298475718295
975 0 0 0.014268953808937113 9.973747052059286
980 0 0 0.015883582681660346 9.973890087604804
985 0 0 0.013339057475417748 9.972837015137673
990 0 0 0.012730455519450512 9.972678473732419
995 0 0 0.008943797695212918 9.974793367747958
1000 0 0 0.012049801154944362 9.972977491465306
