0 0.8892806478954192 0.38879730272352475 0.2962932143358432 0
5 0.9459208951428301 0.20099522425002436 0.1492781131425982 1.8408287940902253
10 0.9578150158011451 0.16499275697936322 0.12172866857111653 1.8006660406344102
15 0.9670037162167135 0.1291722233246655 0.0902470274808389 1.7657389539901127
20 0.9779505743692224 0.08573911888303032 0.030008438948432303 1.723231090296081
25 0.9887186517507196 0.043784516891644865 0.0004897161220525081 1.680765032822588
30 0.9961569107187989 0.015025150331195114 0.0022255743167105546 1.649750424864774
35 0.9991277855982634 0.003439868489245157 0.003301015163979626 1.6363165026441597
40 0.9997164281354944 0.001130926773394103 0.0012888503349439695 1.6332126054046308
45 0.9997203871024338 0.001122854043809296 0.0017174223875071615 1.6327085445258498
50 0.9998261553201272 0.000698722563184706 0.0008902548573253011 1.6325605135785104
55 0.9998433853382009 0.0006307592946965812 0.0019644698103959968 1.63241999281649
60 0.9997009481948418 0.0012004515795447368 0.0016268625182473961 1.6323489101668298
65 0.9998369793788748 0.0006558776776055542 0.0006874729547894365 1.632349709452595
70 0.9995443419628405 0.0018273049480026504 0.005796124016828719 1.6322955479711319
75 0.9998477993470806 0.0006147042988089435 0.0018431180506608413 1.6323335889050496
80 0.9998931706352946 0.0004317470388219835 0.0008180643683615152 1.6323267092564546
85 0.999885227712811 0.00046258704320401023 0.0015772574839518771 1.632227533479288
90 0.9999099174008639 0.00036392225909209763 0.00039316722901405754 1.6322158836954879
95 0.9998894629887853 0.0004471718368037614 0.0005884880883453292 1.63226715971184
100 0.999921490461164 0.000317679545397187 0.002112394352833391 1.6322083335496118
105 0.9999033779093129 0.0003909806558741735 0.002192186019835507 1.632195693005272
110 0.999927629396826 0.0002933425171658399 0.0013185202181453803 1.6322171829343992
115 0.9999337836454495 0.00026848579610505574 0.001220714176817017 1.6322079820662412
120 0.999699325955178 0.0012102564408618122 0.002849241220985732 1.6320767893693986
125 0.9999363314473484 0.00025815966909825683 0.0013906760090605097 1.6322908397906968
130 0.9998869991390484 0.0004569372583109743 0.002223717335415598 1.6321214058819649
135 0.9999328470040976 0.00027150050595259323 0.0004768107530370713 1.6322367603762586
140 0.9999032046451446 0.00038957301526632016 0.0026843940011915812 1.632174873604702
145 0.9998991800325896 0.0004079373582082102 0.0019913740824060167 1.6321738768048828
150 0.9999205824646382 0.0003218366320509869 8.245281015550887e-05 1.6322129527412435
155 0.9999223580814873 0.0003146427834934684 0.002011589306126771 1.6321782591435268
160 0.9999511932021721 0.00019812802705221344 0.002315225221801498 1.6320528721359664
165 0.9999466074424392 0.00021636217301135297 0.0032513728484806492 1.6321190701073274
170 0.9999128462675346 0.00035115754039138913 0.0022706182127811836 1.6321960921975236
175 0.9999524722376294 0.0001929309156587511 0.0016353331607512622 1.6321395624424933
180 0.9999602409912153 0.00016201416589511908 0.0012612849805877513 1.6321933772542736
185 0.9999352916069766 0.00026262782996289147 0.0001453541995086738 1.6321975335031442
190 0.9999392332196759 0.00024674198208041176 0.0012163110011531586 1.6321955986664818
195 0.9999313080137507 0.0002785620713579018 0.0006743619708879933 1.6321612355712165
200 0.9999410064525192 0.00023938427051151123 0.0009395352572318938 1.6321821933697882
205 0.9999557927943193 0.00017962346469957424 0.000129644630717074 1.632160771144103
210 0.9999663382634864 0.00013761910602605454 0.0004322672744014877 1.6321924332561573
215 0.9999324313833924 0.0002729489054986711 0.0020556569841394534 1.6321949226031092
220 0.9997876936553972 0.0008530992109134772 0.00209290138513607 1.6321734897181557
225 0.9999600753808777 0.0001626428095438115 0.0012856606734592546 1.6322206117481457
230 0.9999623608371873 0.00015343087911312558 0.0013238619534190477 1.63215961189146
235 0.9999636138118291 0.00014856862312417896 0.0014715161391221088 1.6320772773672652
240 0.9999646520982169 0.0001443468023327732 0.0003582881860528797 1.6321591593032236
245 0.9999080779719278 0.0003704292941639764 0.0006055286110564495 1.6322108382658476
250 0.9999149741536867 0.00034272403107271643 0.0015172496930810908 1.6320286848859578
255 0.9999523792047218 0.00019320731871474983 0.0013174950948835473 1.632105854579074
260 0.9999340679248355 0.00026639216697432744 0.000278875876756679 1.6321490691820315
265 0.9998745775537785 0.0005046605353176137 0.002091867100106226 1.6320984016897893
270 0.9999481111010782 0.00021025099273663805 0.0007962390133970931 1.6321768157519654
275 0.9999580142916926 0.00017078491787247962 0.0003309584414072919 1.6321877877706157
280 0.9999347307746379 0.0002637787263835012 0.0013447537579585056 1.6322569803904512
285 0.9999578127691167 0.00017154881800207633 0.0008209735569986165 1.632244101198267
290 0.9999361433670111 0.00025828238136726966 0.0006099642683723427 1.6321317021384942
295 0.9997864468245528 0.0008578348202243902 0.002604863875489194 1.63204450785654
300 0.9999512119247118 0.00019848710963121796 0.00010557397008770231 1.6321765784175435
305 0.9999609763055846 0.00015921585062361743 0.0012612916224226112 1.6321503315422037
310 0.9999645479402023 0.0001446409837795315 0.000970709125334146 1.6321855086954462
315 0.9999578098833035 0.00017154145289555167 0.0005199979326921955 1.6321715584700534
320 0.9998904066703574 0.00044119557600041936 0.00041834592661937897 1.6321919003659628
325 0.9999414112298899 0.0002369855810615551 0.0020051861839045504 1.6320789125303719
330 0.9999004531674046 0.00040108168125985166 0.00167596417511362 1.6321851747650842
335 0.9999641066208582 0.00014638176846637485 0.0021765566568725525 1.6321342685942204
340 0.9999601660428615 0.00016216973657634526 0.0024424800319344797 1.6321610013261636
345 0.999964163274519 0.0001465536528744149 0.0006351867631948505 1.6322057191786925
350 0.9999183615794743 0.0003292755018036164 0.0014642618682449982 1.632179765697623
355 0.999936138959038 0.00025912813795003764 0.0007662019985914537 1.6321473294267375
360 0.9999632456519527 0.00015003275117253523 0.0005987827535935963 1.6321405839589445
365 0.999937750786797 0.00025168307764733555 0.001263504971094065 1.6321592606633635
370 0.9999521816706018 0.00019397888352790105 0.0008148072288465258 1.6319940396431483
375 0.9999150244418995 0.00034259728207119977 0.0029092298381174775 1.6321855145390072
380 0.9999459569342335 0.00021965769682408265 0.001069379608066523 1.6322071467609498
385 0.9999537068591657 0.00018790470728058395 0.00015314274427691288 1.6321168667111596
390 0.9998494263189783 0.0006071066910082745 0.0029708041885061487 1.63204509678178
395 0.9998699588673423 0.0005232950470670517 0.003148304562773596 1.6321917635356333
400 0.9999560241052312 0.00017865504374459107 0.0009005101950863015 1.6321544126888603
405 0.9998747062892834 0.0005040724506946148 0.0017066831393972581 1.6321533522016682
410 0.9999696758134511 0.00012421210345459066 0.0002084008131570947 1.6321375876218895
415 0.9999061320897513 0.0003781940559333119 0.00016445270770049092 1.6321023850002272
420 0.9998310264024205 0.0006795357430318116 0.0015695444831045346 1.6321467947263801
425 0.9999076271435543 0.0003723399061643651 0.0019527973922490727 1.6319804895947434
430 0.999955869612139 0.00017950068161565191 0.0026813911494767417 1.6321805066317585
435 0.999943119167132 0.00023018507709182678 0.0034082813647628996 1.6322213393321579
440 0.999948982264416 0.00020677057905582608 0.001504160123879661 1.6321334602525501
445 0.9999419986864577 0.0002355259629016615 0.0030542478906707693 1.6322222309961427
450 0.9999282679348183 0.0002895900706003651 3.135258965203391e-05 1.6321746966104091
455 0.9999609939900044 0.00015881070422829602 0.002449587201195147 1.6322210018916752
460 0.9999687323419588 0.00012801589295641236 0.00011611736725658517 1.6321616454635537
465 0.9999376787831445 0.00025205192481103644 0.0025925417652725713 1.6321283449258168
470 0.9999157247085817 0.00033997843927924265 0.0008020197513560756 1.632082936636086
475 0.9999345910452584 0.00026444611332232526 0.0012130909056060624 1.6321104695598943
480 0.9999621831780844 0.0001541215650349148 0.0017962016917629775 1.632121197425631
485 0.9999688023525855 0.00012761587261755913 0.0002765115309679711 1.6321011534703942
490 0.9999644536930549 0.00014521392055133475 0.0011258115521872725 1.632203229604742
495 0.9999542388018976 0.000186240775456481 0.0005345428263652252 1.6322294216960926
500 0.9999523310153684 0.0001939796646446279 8.958194180563872e-05 1.6321242532449964
505 0.9999597433212664 0.00016399634006991626 0.0018491551931731909 1.6321169127735324
510 0.9999313456923098 0.00027827589218509807 0.001821426289751571 1.6322299316280793
515 0.999965946018861 0.0001392398320934074 0.0010190655786193048 1.6321763462429102
520 0.9999334513149377 0.00026992439487516506 0.0005634948603032708 1.6321465627384384
525 0.9998532541521864 0.0005902785570621738 0.0008597348024086404 1.6321595072367772
530 0.9999350556684932 0.0002633390622479581 0.002554427834441597 1.632156406368608
535 0.9999623919320627 0.00015322134172568447 0.00039940618380684967 1.6322408665819514
540 0.999807482209586 0.0007754548590535038 9.400768611733668e-05 1.6320736191426664
545 0.9999312709938739 0.00027760663106790595 0.0003606568795040399 1.6321380429263521
550 0.9999715046965872 0.0001168724263547194 0.00020113257113130167 1.6321937702719285
555 0.9999523041583306 0.0001935305393767628 8.34267912459552e-05 1.632231289868903
560 0.9999621563152674 0.0001541764988912675 0.0002888464317485351 1.6321924071072675
565 0.9999666112619265 0.0001365180143333422 6.316081414881047e-05 1.6321022712368958
570 0.9999265453949422 0.00029658092584572415 0.0007973659409701295 1.6322014592403356
575 0.9999663557120642 0.00013740405419593316 0.00015363742016183402 1.6322157039046192
580 0.9999013612714974 0.0003974637418686644 1.2122336422670799e-05 1.6320842398267519
585 0.9999677622123373 0.0001318420977414192 0.00036289520121512986 1.632242887606776
590 0.9998806987108848 0.00048013050912798505 0.00015125930872184057 1.6319760009236957
595 0.9999646631572552 0.00014416266743744188 0.0005505395721459028 1.6321927805323264
600 0.999949789573296 0.0002043059886041032 0.002235356665165167 1.632182892487655
605 0.9999159909113674 0.0003389823870179054 0.002091587830927333 1.6321479150861256
610 0.9999415502506488 0.00023729464668931222 0.0011579042499787473 1.6322043298991893
615 0.9998731016248328 0.0005106429010828251 0.0005738901051359768 1.6321587932171133
620 0.9999488874449104 0.00020717785889878826 0.0023843293006362565 1.63216093875044
625 0.9999474402459562 0.00021293491084728444 0.0012068572733983096 1.6321353607214757
630 0.9998809373205461 0.0004793996375491716 0.0018939670933075803 1.6321440012194546
635 0.9998077634315916 0.0007726011635549312 0.0013347373055310197 1.6320972129656786
640 0.9999425998682983 0.0002323166597670845 0.0020185597615258732 1.6321730933672967
645 0.9999532812669176 0.00018962358265106616 0.0017989906037749748 1.6321281217781378
650 0.9999690642666305 0.00012662360661708227 0.00038111089663717124 1.6322182913345156
655 0.9999163889392211 0.0003372230292240097 7.71430267363371e-05 1.6321424417377124
660 0.9999544867917025 0.00018480216374427982 0.0008506937289394223 1.6322156274262714
665 0.9999434537017173 0.00022965231351390614 0.00035170237296777707 1.6322094961004792
670 0.9999645408108407 0.00014474444917089713 0.0011528434540084564 1.6319789901636892
675 0.9999541362614819 0.0001861645089005215 0.0014207922929025951 1.632174250023879
680 0.9999528556849222 0.00019131080554091184 0.0011734708780426484 1.6321873834339364
685 0.999955666105236 0.0001800749551894576 0.001284109543537415 1.6322296159465637
690 0.9999637233680301 0.00014800637230449887 0.0016524197568925647 1.632226187625598
695 0.9999657586382424 0.00013989412731096884 0.0022480699562426043 1.6322295410023018
700 0.9999495444926929 0.00020450050519382756 0.00039906692463631543 1.632162808702235
705 0.9999478841316363 0.00021186689689689508 0.0010366023890786558 1.6321562827488614
710 0.9998203238447032 0.0007221803288430806 0.002242501818035869 1.6321421039964832
715 0.9999454556190865 0.00022085989933895434 0.0001467128807068896 1.632095093528014
720 0.9999558143993637 0.000180016609278022 0.0010142400945993835 1.6321373050458121
725 0.9999447861647686 0.00022359236913249703 0.001038561976965946 1.6321927833157945
730 0.9999541666371835 0.00018667958685303354 0.0014138710416053968 1.6321622688186006
735 0.9999444422376527 0.0002249458506096147 9.134063101701173e-05 1.6322062069565768
740 0.9998550091825888 0.0005832802400680404 0.002150090599854604 1.6321412385304677
745 0.9998738798116297 0.0005074524835482208 0.00024015199805238474 1.6320452836727055
750 0.999925351019098 0.00030133891839168037 0.00040881066651654585 1.6321988843228683
755 0.9999203117839404 0.0003215209004614472 0.0015943134000444559 1.6321090557374125
760 0.9999650332280228 0.00014271122990772156 0.001530011443361845 1.632133806247556
765 0.9999202054828195 0.00032188863308002524 0.0005493728839032208 1.6322143863033571
770 0.999924758568801 0.00030363709212388734 0.0019308121217187502 1.6321845670055755
775 0.9999572020202853 0.00017445869531096392 0.0006526715644221692 1.6322276217019758
780 0.9998932012589715 0.00043025458465995037 0.00017635767576784644 1.6321617983290997
785 0.9998856620428573 0.00046030687081533017 0.0024713675895779996 1.6321310588921265
790 0.999921002155814 0.00031877173557770533 0.00047202424325409886 1.6322043938821957
795 0.9997939081985874 0.0008299881851399071 0.0008909515486275055 1.6320882849597205
800 0.9999424116306133 0.00023394827687761577 8.720266310158209e-05 1.6320842494142613
805 0.9998730725058194 0.0005108911300739649 0.0003732110483181117 1.632086672443271
810 0.9996163790341566 0.0015405066353133545 0.0022950476971814737 1.6319351435230214
815 0.999898587700327 0.0004098805299259656 0.0017153224600310324 1.631942570054229
820 0.9999560454388561 0.0001786888589279112 0.0007052489369892001 1.6322140722537335
825 0.9999622161323529 0.00015416610029506117 0.0012780166863626263 1.6321233499290682
830 0.9999520588483315 0.00019449567425522396 3.9513320510664585e-05 1.6321401174064958
835 0.9998366172550842 0.00065690978261701 0.0029905164454344657 1.6320769661260959
840 0.9999539118909035 0.00018707776023352274 0.0002885790535340771 1.6321974128825476
845 0.9999654546088721 0.00014097818328062672 4.85930112703592e-06 1.6321782727311116
850 0.9999346788413637 0.0002640657961232584 0.00043932506779453817 1.632072443015158
855 0.9999681058198663 0.00013051855468715345 0.0014956626140349982 1.6321438918435696
860 0.9999662556717329 0.00013778867771674363 0.00037046730369816316 1.6320533670331034
865 0.9999652949008031 0.00014162094870417974 0.0010235045004287624 1.6321878310200801
870 0.9999643460722747 0.00014543916124321044 0.00132382020837718 1.6322619269861605
875 0.999930593594033 0.00028132343017617245 0.0004221098801973078 1.6321975348755071
880 0.999871397597194 0.0005175538511632549 0.0022198575271836773 1.632141842588311
885 0.9998685501559925 0.0005304136590180697 0.0009448603926038857 1.632045475807345
890 0.9999404479958849 0.00024159415411495466 0.00014024584251104422 1.6320594846988927
895 0.9998741388804938 0.0005063906922693207 0.0008397793317227453 1.6321166200501
900 0.9999337647818556 0.00026765576577014727 0.0004174385870201469 1.632227721103804
905 0.9999192273184119 0.0003258937051744404 6.186266172591992e-05 1.6321068888961587
910 0.9999590897527417 0.0001668645025190152 0.001362731107339421 1.632205550014486
915 0.9999628691787996 0.00015156125597681758 0.0008580005957177228 1.6321998941501838
920 0.999954133668441 0.0001864460229139553 0.0011903810236493229 1.6320772227108833
925 0.9998795213010444 0.00048507895178162563 0.001819311475366181 1.6321790408969243
930 0.999967368634932 0.00013342829085050134 0.0019706038448499275 1.6321921987622778
935 0.999930673760036 0.00028093847952814777 0.0002809886647971993 1.632177559729336
940 0.9997697915243474 0.0009250033629792931 0.0009140975490664616 1.6321257539784955
945 0.9999619435654818 0.0001550199583573164 3.4018200352869954e-05 1.6320514497217973
950 0.9999580106979863 0.00017070437484623113 2.5104328252867347e-05 1.63207000418167
955 0.9999648170681297 0.00014369423196081144 0.0011515290508146148 1.6320016982832886
960 0.999802928354643 0.0007919453953124655 0.00033262540080514214 1.6321470103654292
965 0.999592624631066 0.001635676524473606 0.0014143810985483007 1.6320172372472121
970 0.9999216876976008 0.00031713091320417774 0.0009558448097415351 1.6321242918575307
975 0.9998802457391552 0.000483554185341184 0.0004297379911539778 1.6319347272033264
980 0.9999678942869046 0.0001313970826897215 0.0008393318694386309 1.6321312012359397
985 0.9999326343915305 0.0002721591281271696 0.0001478128561163139 1.6320980849979398
990 0.9999644217890994 0.00014512032141156261 0.0014062528684375408 1.6321571988701096
995 0.999933304726479 0.00026948654901026714 0.000765045967468847 1.6321936107025112
1000 0.999946807790792 0.00021547912424679794 0.0007652297322691126 1.6321321869984484
