0 0.8959262133067769 0.3642928018292735 0.39698300622060245 0
5 0.9464695254328204 0.19603092929151278 0.04394086070233216 1.8374051743871507
10 0.9608237515221741 0.15184340458547796 0.09616614776012034 1.7885503970000707
15 0.9721259087306305 0.10822135480264472 0.025323244133738987 1.7459069018412752
20 0.9843818138003224 0.060182072458734304 0.004358515210959313 1.6980741418727312
25 0.9941666975142611 0.022640054754480055 0.01453670926538475 1.6587499238813215
30 0.9987034668953495 0.005095012423601775 0.012475943704905124 1.63864676054527
35 0.9997333158404285 0.0010640213803922993 0.0012103772645684074 1.6333395378105786
40 0.9998506836842409 0.0006009610620054673 0.0007825535481198465 1.6325166876609523
45 0.9999236289846596 0.0003081438388583546 0.001312319468563361 1.63237141144152
50 0.9998988355079194 0.0004073816914622608 0.0006382600131700222 1.632165361666794
55 0.999922012495831 0.00031470671452882293 0.00010622189147935224 1.632224692128974
60 0.9997166216633313 0.0011364164812444066 0.0017459172001486056 1.632121967295706
65 0.9999456600328585 0.00022078453809726284 0.0010432513314524439 1.632207983321823
70 0.9998976937525903 0.000413882333607285 0.0006217550250928738 1.6322052146977435
75 0.999939024758371 0.00024733647924857216 0.0008721648442646668 1.632229762650611
80 0.9999353216338054 0.00026246186515277437 0.0005259195614000234 1.6322798694456495
85 0.9999527518272848 0.0001922065251354077 0.002426785767152939 1.6322017569036553
90 0.9999395861665867 0.0002452030017765505 0.0033554565375097933 1.6322031245241018
95 0.9998245512263113 0.000707498210856583 0.0018238999571342784 1.6321744848182056
100 0.9999041668975389 0.0003877625751216307 0.001018972881394964 1.6321765899291611
105 0.9999526986675007 0.00019274932320878513 0.0010292134153744303 1.632155198933413
110 0.9999286345812213 0.0002879955605032958 0.0004864719122130712 1.6322155565293883
115 0.9999466767486572 0.000216849596744062 9.610765155843026e-05 1.632123921732426
120 0.9999557308738393 0.00018047512284824485 0.0011643125948677113 1.6322459128092857
125 0.9999335116372232 0.0002695384909003895 0.0007040752674194461 1.6321590422967804
130 0.9998801214104858 0.0004841698726605337 0.0018041189541551095 1.6322275616770718
135 0.9999569010454319 0.00017517235582120705 0.0006727110707138717 1.632172329779167
140 0.9999506044861326 0.00020031697806799365 0.0004498089669229266 1.6321588852796358
145 0.9999524206259949 0.00019360116400402028 0.0008252977520362137 1.6321932334756337
150 0.9999350863079255 0.00026225308968008676 0.0005002211032583137 1.6322053635380491
155 0.9999569386264135 0.0001753264054864534 0.00024393694751312367 1.6321513458136336
160 0.9999680279607326 0.0001309462276579687 0.000693743924562229 1.632246464563311
165 0.9999243540803485 0.000306363686648492 0.0009415857936889704 1.6321742786459037
170 0.9999503568765404 0.00020127619519350048 0.0007280429448286441 1.632183275779479
175 0.9999664605392371 0.00013707253613670645 0.0032550332150891315 1.6321748709411004
180 0.9999556962414954 0.0001800892170416013 0.0002558796941398711 1.6322187410635518
185 0.9999600617309032 0.00016272447498888454 0.00024856384482818683 1.6321384362019815
190 0.9999538048948431 0.00018811620075953606 0.0015844733244330111 1.6322688217029366
195 0.999595724856946 0.0016226476621357122 0.0032694414384035753 1.63189728902493
200 0.9999542398556731 0.00018576063473552118 0.0026625279775402966 1.6321775036526984
205 0.9999546114569525 0.00018468690296447043 0.0023920065380909072 1.6321972906217437
210 0.9998808261907619 0.00048121580955617915 0.001440260933405657 1.6322162806843445
215 0.9998767315785992 0.0004961062815498352 0.00020597553443102434 1.6321331674704869
220 0.9999642282785173 0.00014596430004276684 0.00025942697565040085 1.6321984160366767
225 0.9999539426799049 0.00018729002436823627 1.9250123561409538e-05 1.6321769758630995
230 0.9999371664775407 0.00025415377490056734 0.0002456340030163595 1.6322420337755112
235 0.9999635193961388 0.00014877688414705048 0.0020418184655737193 1.6322345959315272
240 0.9998010153588073 0.0007994199330063623 0.002154938936864692 1.6319277893848534
245 0.9999159076180031 0.00033916577952597393 0.0009067690002457773 1.6321349736953001
250 0.9998503017134198 0.0006037667233558253 0.002321660122318825 1.6321963437525024
255 0.9999686912645378 0.00012808878162595683 0.001432504866696327 1.6320672918404207
260 0.999963419882764 0.00014911527576977335 0.0014858922341480785 1.6322454051170052
265 0.9999534332226337 0.00018899129450766772 0.001386219313213255 1.6320037628236108
270 0.9999660383997656 0.000138963032738193 9.90293119400576e-05 1.6321246968505727
275 0.9999584591640309 0.00016925086625363406 0.0011819240274548726 1.632172354350332
280 0.9999442636692346 0.00022563786028717558 0.001451425353312441 1.6321682893617722
285 0.999953128221907 0.0001908488099082728 0.0004010332800130634 1.632224048035548
290 0.999814785971548 0.0007443694287558866 0.0012974381002384128 1.6320166334716544
295 0.999963513284544 0.00014911824278418528 7.850111861218423e-06 1.632152805888349
300 0.999834013423886 0.0006673035773945291 0.0009158539925140374 1.6321954046201896
305 0.9999595337936616 0.00016496094281825968 0.00015878478391551099 1.63218063372011
310 0.9999608640631829 0.00015931508003252937 0.0026809988684481922 1.6322531468122472
315 0.9999128228494903 0.0003527688878512958 0.0005153181236892124 1.6321073583338503
320 0.9999661192534733 0.00013864645641015194 0.0007820181115518743 1.6322097391288504
325 0.9998682062937577 0.0005318356296875049 0.001121123568064819 1.6321746912903334
330 0.999819680971167 0.0007265424028475298 0.002437736820203096 1.6321235388359059
335 0.9999107191960145 0.0003599240022194028 0.003087484542604102 1.6321891179791927
340 0.9999627841895079 0.00015173450945704658 0.0007630935527618288 1.6321678399798247
345 0.9999676810622957 0.00013232268200580322 5.997307624094894e-05 1.6321068211161647
350 0.9999509625298635 0.0001988490521616093 0.000531361604718672 1.6322124073983273
355 0.9999597178201365 0.00016421236801833494 0.002266001704471554 1.6322295502954258
360 0.9999691673443418 0.00012638029707745524 0.0010472324949759582 1.632137867693479
365 0.9999599642409942 0.00016290337444946346 0.0018846668802590116 1.6321177096433204
370 0.9999478742097265 0.00021118916988838166 0.003847608405367353 1.6322299675765657
375 0.9999277034428815 0.0002927781061836665 0.0022128616032561776 1.6322600980109996
380 0.999899602458998 0.00040455865944610814 0.000613446221445324 1.6322053119322093
385 0.9999447258541571 0.00022379451324017197 0.0011864214933696715 1.6322165083794347
390 0.9998800124771025 0.0004844060796802552 0.0008297468680149578 1.632086611316518
395 0.9999646474378163 0.00014422728041685318 0.0003790752723131785 1.6321967371681543
400 0.9999490286520474 0.0002072790511544742 0.0014820601969525171 1.632184690978044
405 0.9999518372604929 0.00019536560625654786 0.0015276290715133811 1.6322236564732693
410 0.9999179788034169 0.0003307394285214649 0.000478460150598492 1.6322176103608819
415 0.9998893847054333 0.0004467280439228727 0.00010117317018032423 1.6320988765410802
420 0.9999462987617784 0.00021750520581442778 0.0006667188708799898 1.6322137464308129
425 0.9999557336200618 0.00018033615639456713 0.00034323507586786484 1.6321842610137949
430 0.9999663956418723 0.0001374677823966497 0.0009369636564906525 1.6322262371955085
435 0.9999127462492666 0.0003516286264140245 0.001303078542811864 1.632149202499779
440 0.9999489236091398 0.00020701885832852263 0.00019828346185923884 1.6322711648480746
445 0.9999031021416398 0.00039038894318643713 0.0008244454190931005 1.6321861677191671
450 0.999947278544071 0.00021358407709448635 0.0007748256415818222 1.6322351264297743
455 0.99996123856984 0.00015832910026980507 0.0001523780298633426 1.6322081285668668
460 0.9998704554813941 0.0005211637406312697 0.0011316805053560586 1.6321706683179238
465 0.9999630673374456 0.00015084965645817405 0.0008083335124293711 1.6322370887725282
470 0.9999494400808342 0.00020559668081832072 0.0012834645422108437 1.63205724633312
475 0.9999686589211185 0.00012825232931179542 0.0012341818979315633 1.6321498695687198
480 0.9999509110079883 0.00019908680774083365 0.0017728954910165573 1.6319921829402642
485 0.9999617860407981 0.00015564928276035062 0.0017567755329626067 1.6321747535326472
490 0.9999439820509255 0.00022677241852964158 0.0005794312331350859 1.6320585314073042
495 0.9999298052696053 0.00028355840777116725 0.0011199981628100542 1.6321373462954631
500 0.9999678524272793 0.0001314911232674909 0.0015540056654306245 1.6321857600460905
505 0.999968381315248 0.0001293693607020696 0.0003158324043242011 1.6322032277786462
510 0.9999636301614439 0.0001485630856621345 8.987525410542041e-05 1.6321347353987758
515 0.9999224148543474 0.0003130308300198781 0.00013561165153297416 1.6322581252869126
520 0.9998224307377617 0.0007155763671864435 0.001123366756561106 1.6320441384022075
525 0.9999324510525661 0.0002728502624465001 0.0021135005719896682 1.632199075531671
530 0.9997359397947421 0.0010604775273888034 0.0012959523520388316 1.632167952293407
535 0.999919816261778 0.0003247094110223614 0.0013614905373131592 1.6321710483854772
540 0.9999354309193058 0.00026189227672790416 0.000132200621443479 1.6320458370176385
545 0.9999637591757695 0.00014783913315374875 0.000199521607437525 1.6322301338899807
550 0.9999305417223355 0.0002806628692435531 0.0025202975954405904 1.632233735213799
555 0.9999476926594387 0.00021192864535257705 0.001635585903714487 1.632195170297492
560 0.9999530344268703 0.00019059570061008557 0.0023901760558122653 1.6321716696597173
565 0.999622061329255 0.0015172382391841488 0.00044930836117895723 1.6319345785339308
570 0.9999535552179859 0.00018907101916543212 0.0009267452858263692 1.6321383665334523
575 0.9999540391394994 0.00018712069340343085 0.0013169420490930506 1.632172430942042
580 0.9999403282087022 0.0002413870006152674 0.0005713119264334487 1.6320179510234252
585 0.9998423171853361 0.0006358002309214683 0.0006739416141114951 1.632124796818842
590 0.9999643483184757 0.0001454676493877205 0.0001641144266504302 1.632243270358718
595 0.9999637389504888 0.00014814577114963257 0.001219467141076347 1.632189560837213
600 0.9999615697477959 0.00015648928810030327 0.0009762851506383008 1.6322308220798365
605 0.9999392026849011 0.00024587636725525996 0.0009342373442176033 1.6321598779933273
610 0.999923266139504 0.00030963629057012554 0.000694524899750748 1.6321419824468557
615 0.9999626860693417 0.00015209366912460887 0.0017133922389123146 1.6321729213677916
620 0.9999545207505004 0.000184626056759285 0.00036942287405894447 1.6321638364151525
625 0.9999591183818932 0.00016646546641241322 0.00026772467593794147 1.6321849056579874
630 0.9999471976244527 0.00021472538467959268 0.001286719719834073 1.6322054634088239
635 0.9998663916390993 0.0005374316545387892 0.0011918290474071114 1.6321556000899264
640 0.9999251919000263 0.00030199823837762096 0.0010913665385889892 1.6322021673505325
645 0.9999633109450525 0.0001495340151336233 0.000811870976575424 1.6322057446519804
650 0.9998810313104003 0.00047881694457707624 0.002627940847279353 1.6320768474106282
655 0.9999660197364689 0.00013877792651428855 0.0007235271862731096 1.6322259794905227
660 0.9997944278548907 0.0008279689584220762 0.0008047606223158255 1.6320641799974664
665 0.9999685273342988 0.00012891305533568875 8.206930111942512e-06 1.632200118794046
670 0.9999499405676484 0.00020298017809494695 0.0024154949933319347 1.6322320833281065
675 0.9999632478572053 0.0001501045296217196 0.0003046936899615549 1.6323070551096726
680 0.9999659120320734 0.0001392655493148709 0.0017258060984486345 1.6321763916951837
685 0.999944773083921 0.00022359130208360334 0.0005012861757087705 1.6321265454236424
690 0.9999403516417151 0.00024133843784901465 0.0008761347324450774 1.6321731475903039
695 0.9999277784545493 0.00029267591100445856 0.00038077486592569265 1.6321736210742857
700 0.9999614920777207 0.00015701787614319507 0.0008232396728182767 1.6321567233021042
705 0.9999468029444637 0.0002155043270146706 0.0008454089256539898 1.632129246945724
710 0.9998280667173165 0.0006911579999007156 0.0006508614535891688 1.6320239344216727
715 0.9999549681022053 0.00018355167837458275 0.0011812375069113479 1.6321576726150255
720 0.9997703916337801 0.0009221002421329061 0.0014070504524852367 1.6320608297416843
725 0.9999641939378735 0.0001460925789020795 0.0010532766254103265 1.6321813863001142
730 0.999953478550542 0.00018879943719340986 0.001344143921610863 1.6321995366028748
735 0.9998862021431579 0.00045817399856407093 0.000940478400084821 1.6321860017974947
740 0.9999592967046254 0.00016554694089832012 0.000505320530288289 1.6321948940559192
745 0.99990098548438 0.0004002177914812499 0.0018623444759466867 1.6321290457522961
750 0.9998504716216221 0.0006012243019022367 0.0030502695828213966 1.632161140431589
755 0.9998701477572871 0.0005240525635907822 0.0030526508628885285 1.6320604877581766
760 0.9999553915057113 0.0001817681468261334 0.0008433737074529102 1.6322311972825445
765 0.9999588038670484 0.00016755816594904438 0.0012084576863355956 1.6321808841321044
770 0.9999366230715278 0.00025712180817727415 0.0006281670839149989 1.6321965698609244
775 0.9999302547154394 0.00028180931278898314 0.0002753645824291606 1.6322362391570058
780 0.9999021488164235 0.00039430545909202586 0.0015746011511648117 1.632196145000147
785 0.9999692398647179 0.00012601528648858995 0.0002503627560661581 1.6321974959074266
790 0.9997691335901302 0.0009272049665243198 0.0012405896113549808 1.6321324188809019
795 0.9999195870066169 0.00032560847448470653 0.0013412015187224124 1.6322116570940193
800 0.9998772792126253 0.0004939090574873628 0.0010681849746987382 1.631973963045155
805 0.9999558163713806 0.0001794589145320824 0.0005204726709751029 1.632152550983188
810 0.999928543087756 0.00028853290477437454 0.0020642064516489533 1.6322033386457528
815 0.9999517875166775 0.00019612127595092232 6.737722455163464e-05 1.6318850004382404
820 0.9999437305784983 0.0002285026359536424 7.899400128041911e-05 1.632207620750414
825 0.9999416184888658 0.0002370153918560547 0.00027112304405019216 1.6319787186854071
830 0.9999617922681301 0.00015584033239024464 0.0004231868100088576 1.6321888727019818
835 0.9999577996372464 0.0001718416372473719 0.00032464290277411934 1.632142831916934
840 0.9999452099159627 0.00022242221415913477 1.8843171897042765e-05 1.6320986623055926
845 0.9999489739505509 0.00020682142199479614 0.0010007079393736795 1.6320472904992942
850 0.9999625564021536 0.00015255022115301387 0.0013899443313565296 1.6322019864497452
855 0.9998509382210834 0.000599280620203757 0.00010130824587140097 1.6321520286617206
860 0.9999313821001623 0.0002782158582470551 0.0005449159571704332 1.632137771878331
865 0.9998701450625402 0.0005224241628130066 0.0006240564886119682 1.6322261413410826
870 0.999809969319433 0.0007635044874512165 0.003781655194066813 1.6319699439554258
875 0.9999566684188472 0.00017614615026362301 0.0009559029927788121 1.6321119588531132
880 0.9999475033280026 0.0002132915797405932 0.00043319334585834035 1.632237675455855
885 0.9999562591330085 0.00017767111991573437 9.320243034349751e-05 1.6321589650526238
890 0.9999675021855621 0.00013281802723930092 0.0002214012440600044 1.6322401425557858
895 0.999949241116346 0.0002057452431278861 0.0009850460935112437 1.6321813748348983
900 0.9998342087895433 0.0006663275138631963 0.0012553167802746845 1.6321032656067789
905 0.9999441269545506 0.00022687431125323343 0.0018175063625691656 1.6321930630216608
910 0.9999567732488348 0.00017617419804349943 0.00010205912781513504 1.6321577591403575
915 0.9999264857548755 0.0002967003374132471 0.0009674108318062924 1.6322407729607646
920 0.9999657362944141 0.00014022305944849656 0.0010848057594170513 1.6322042781505794
925 0.9999252813898726 0.0003017149586872492 6.000476618073236e-05 1.6320837706245763
930 0.999961053786949 0.00015863681857397616 0.0011120831823820954 1.6322250220137002
935 0.9998798943464013 0.0004848876544545355 0.00018324325422258703 1.6321656121858248
940 0.9999383907051824 0.00024905720876500226 0.0011008541067374367 1.632193719673624
945 0.9999686675527195 0.00012822675505308467 0.0014340448449559062 1.6322151658249562
950 0.9999625050805999 0.0001528715915986023 0.0030891768575125322 1.6320988900386875
955 0.9999255921308747 0.0003003756607673491 0.0014793787895808208 1.6322190220002428
960 0.9999533320964908 0.00018935842386036406 0.000558990087748068 1.6320718926207292
965 0.9999484072354982 0.00020904196761462046 0.0015288685527474755 1.6321769520268337
970 0.999933076950329 0.0002703654177576009 0.00045177793855710746 1.632134442075365
975 0.9999603659106124 0.00016163894464349404 0.0010631808517278518 1.6322204071498745
980 0.9999430547717678 0.0002313179970536705 0.0015101405021908931 1.6321663782644051
985 0.9997197659443482 0.0011254331148988772 0.0014859114890954928 1.6321238738176371
990 0.9999122076716433 0.0003552283433101433 9.292477119737796e-05 1.632149565414027
995 0.9999499679864361 0.00020288476542673628 0.0014421711549728045 1.6322134908743111
1000 0.9999626429218936 0.00015220743996402497 3.128228911553066e-05 1.6322289083639867
