0 0.3546436453820469 2.3992447897814246 0.3407468462138372 0
5 0.9141985399871854 0.3856840907399066 0.0077683726433956934 4.785235765112665
10 0.9097685658876582 0.40109261418479036 0.017592761129660905 4.774278567559656
15 0.912137001461043 0.40313815987102153 0.002636627144868786 4.764862975625352
20 0.917262543657657 0.3636966749663868 0.008261040577648426 4.764535320806621
25 0.9154255885879241 0.4075587401785725 0.01625551929149016 4.7346782385187005
30 0.9392564879756908 0.3065799218663967 0.00048019204053284525 4.720077217720076
35 0.9326263337309406 0.3430498980087746 0.011810326643080904 4.71008137809736
40 0.9414976800719628 0.30291481778287377 0.0036000420923054666 4.70794092046543
45 0.9392332568979476 0.3250960826845173 0.0029990660871088703 4.705938250254494
50 0.9398172099300006 0.3244769373029772 0.004146753793751623 4.704536899850569
55 0.9406964246257584 0.31237517898747935 0.0013279603143172558 4.702216697040916
60 0.9409973539967693 0.3096285387682647 0.006309773634535887 4.702261284054953
65 0.9438828487704016 0.2951919227641939 0.0037084193890601913 4.699613185830994
70 0.9413424467716397 0.30513220200226154 0.0011344206834233983 4.701531020891624
75 0.9362062127313464 0.34981741837117397 0.003670430836029581 4.698070981099117
80 0.9391584160539448 0.3286364564304387 0.0014964383313127438 4.69700908360604
85 0.9422346734696967 0.30108158111488237 0.0014851565352933527 4.699087176989322
90 0.940158151296927 0.3202965774511508 0.0021924534000099527 4.697899696898815
95 0.9399308184415709 0.3170890644921336 0.00415469325645379 4.697809171435773
100 0.9435261332026318 0.29952033933169897 3.598438212959465e-06 4.697347214670162
105 0.9412484076060375 0.3099496249124982 0.0009606017562373559 4.696666068844936
110 0.9378508472535169 0.3336719323979498 0.0030647531368366288 4.696401476649559
115 0.9459513204072276 0.28272044267940455 0.0013143103412338597 4.695783153306576
120 0.9389213308489449 0.3111296529773293 0.017367424332376036 4.6946115820683625
125 0.9416906316666376 0.3045772042260655 0.006795662058317387 4.6967959580600525
130 0.9327967107586913 0.35031644174000487 0.01362091446569691 4.6940976297396295
135 0.9378239020729409 0.3294281172936113 0.005824724162008854 4.69466954422929
140 0.9408526425854381 0.31529883812412507 0.001252943267885609 4.69436870515698
145 0.9410590599209352 0.3145845644235896 0.0007916535974132888 4.695571847054425
150 0.9426487064742012 0.3100559765528592 0.0007693022054231502 4.694765723773973
155 0.942771771182968 0.30562370012261564 0.003772177624779882 4.693439907181347
160 0.9427105740839528 0.30847086907493804 0.0024450899926562464 4.693204762206115
165 0.9431589257674977 0.2978494478247713 0.0008982517805473655 4.693841734494028
170 0.9446499590472237 0.2928244138635945 0.0034134094823363714 4.69305382440571
175 0.9360523431160068 0.346032098073386 0.004663103646868061 4.69374940483172
180 0.9402264138643318 0.318759781875384 0.0008807748277517291 4.692555045843285
185 0.9383390911578378 0.33251933131077394 0.005936902759194895 4.6932766446773755
190 0.938834858159993 0.32521740703020274 0.004063408596109541 4.692646464645207
195 0.942776458902121 0.3008444799359653 0.0023363804008833533 4.692737409229544
200 0.9437915132003092 0.2981773371560168 0.005236186884953309 4.692904927284765
205 0.9414444900125678 0.31472152741574444 0.005440140475740707 4.6919359185786815
210 0.9404618729090297 0.32125673567677904 0.0020320000473759148 4.691494814526794
215 0.9402716139037675 0.3138620477695353 0.008068665820454957 4.6911552118373105
220 0.9417172264465953 0.3073302698734164 0.005091879282652423 4.6914209406608105
225 0.9399060622083351 0.3194454143439156 0.011641829445731222 4.691187329151013
230 0.9462939899285288 0.28078841234775975 0.0013420611190213538 4.691470045900981
235 0.9437639221508105 0.2939036144263607 0.005721884440856861 4.691463894731288
240 0.9425641851654598 0.2998247702019503 0.0011701005364357364 4.690800797319785
245 0.9411572103287654 0.31213363385580006 0.0015750951514745815 4.6911532776101525
250 0.9390096409799206 0.32282659229605937 0.0029006028416709295 4.690901148139479
255 0.943408247841734 0.2965671661251621 0.002133752364732233 4.690338854098973
260 0.9419564261504916 0.30338200336661547 0.002970314928624207 4.688747972284695
265 0.9411252262881107 0.3111499986464139 0.005967590784592414 4.690480911414959
270 0.9386951453159109 0.3235460387399467 0.008150108484641594 4.6893951229956095
275 0.9408261794810626 0.3115185455720404 0.003814253554975222 4.69004474216083
280 0.9415372799551001 0.30941658636375635 0.004883662314074222 4.689809558546556
285 0.9448972195685168 0.2910373005448612 0.005261004381455381 4.690600641778874
290 0.9422674172452702 0.31030483097978756 0.0007672243040739435 4.690232620093589
295 0.9440350220740159 0.2973497006120498 0.002072211887315323 4.689920852352072
300 0.9385201440855357 0.3343606101040839 0.002867485893044419 4.689384318177266
305 0.9399459897656126 0.32287473635164243 0.005239142660452334 4.689906006246745
310 0.9434342683808165 0.300180783345148 0.0031643962160934347 4.689110109564064
315 0.9407875016701304 0.31699434608450705 0.005337105523160357 4.689358677893614
320 0.9395793704231852 0.32616722457285796 0.001591097343656589 4.689793160076822
325 0.9422821502190447 0.3085281685778254 0.0024669170343902813 4.690189446821755
330 0.9444325943062091 0.2917086639784925 0.0029240869478903697 4.689054445609175
335 0.9440991910116865 0.2983353556697512 0.00011640551667335686 4.689187055260314
340 0.9423838071483075 0.29926155895005735 0.0013691084047136037 4.689506079388044
345 0.9423962693228263 0.30098941310225413 0.009795569694521777 4.689373275754626
350 0.9426566193580128 0.30345750398957794 0.0011200126697283874 4.688989563941789
355 0.9390074827496453 0.3322920281301185 0.0014508215307427186 4.688836806575699
360 0.9411117807774743 0.3093948499420085 0.0075037470258434436 4.687801884957548
365 0.9438243635935943 0.29645667677396226 0.0003265830816714388 4.689485984668363
370 0.9450107695831891 0.2898858083230289 0.0006601739863894007 4.688184340916331
375 0.9415654107018401 0.3104382550767104 0.005726667151444653 4.6885519378920355
380 0.9384876346453669 0.33111527331430946 0.0014706274779929807 4.688035864358457
385 0.942678645835825 0.30641374136582655 0.001412640302305812 4.688012353038095
390 0.943533168381258 0.3012185388293389 0.0045573826470428624 4.687667339665789
395 0.9390665224327788 0.32970778961201663 0.0009269945944443414 4.688433656895265
400 0.9435862069595552 0.30240207056608703 0.0022459005898307627 4.688269472755596
405 0.9425241671950096 0.30847167946289833 0.0010962089233408356 4.688388164323372
410 0.9446553802911664 0.2894094576141528 0.0028994288607198104 4.687651780281187
415 0.941672155336554 0.31160521945472297 0.0015860048153060191 4.6876926644551125
420 0.9404945196901539 0.3236555699417609 0.005290813375959935 4.687339083621847
425 0.9421459866134474 0.306362783431692 0.008753249750585557 4.687759555291343
430 0.9433323142054925 0.2993611002063261 0.0027571059956357225 4.688604848811539
435 0.9411259152686634 0.3138866348864182 0.0024364678496491265 4.687617323222566
440 0.9420303036400272 0.3061450570922162 0.0020072380797504508 4.687134061700979
445 0.9426949990330533 0.3043696474482376 0.0004458404051232989 4.687940301732115
450 0.9451823316758299 0.28590165001142154 0.004590721845892265 4.688600394912296
455 0.9434175859842671 0.2965865010870887 0.0045851978850022235 4.68719319462743
460 0.9438016534896023 0.2995369699512951 0.007472520776698799 4.686691098773124
465 0.9438038420308592 0.29435807055307617 0.0007747409219440726 4.687061357363141
470 0.9414067407149367 0.3127362283903068 0.003923696038162117 4.687118130755297
475 0.9435346505453082 0.2946593607001864 0.007052601634467193 4.68707343656632
480 0.9424346193596832 0.3101488726008217 0.0042903785345154155 4.686969427540752
485 0.942212696677768 0.3069360745220715 0.0007672754212013633 4.687848956379217
490 0.9415745507169226 0.3167057122565238 0.0007687416987511853 4.686461085790895
495 0.9420282100546246 0.30881123799692567 0.00839328993351618 4.687505378697507
500 0.9979433875574979 0.007268295416911208 0.0043352108146579305 4.715255460297999
505 0.997900017987055 0.007952331273667568 0.007968943173798593 4.6870406777885565
510 0.9988242482833868 0.003920409222888388 0.003694107930614754 4.686242683914314
515 0.9977707740591398 0.008667032682791564 0.00034761445950626246 4.6857966613467275
520 0.9988906394107182 0.0036576491919007026 0.008570434406198979 4.685433328045617
525 0.9984029683454727 0.005695490570206019 0.0019274424282791358 4.68522459680005
530 0.9984067416165069 0.005686627503139086 0.0005160323765998065 4.685498624179067
535 0.9986121403363801 0.005043774190852446 0.00010280529470785282 4.6849235159313345
540 0.9982017895011815 0.006758612170022715 0.0008591604005254716 4.6852078165807995
545 0.9984249218931148 0.0059084416925268 0.0021560306620482805 4.684739157528986
550 0.9985654281772384 0.005121235109628586 0.00037353864005185144 4.684681472097417
555 0.9980037283610119 0.007517619740621484 0.0005944243911000235 4.6841034035085904
560 0.9977126522109401 0.008755477682556467 0.0035387312779056046 4.684433456481106
565 0.9982845186907321 0.006565248566663406 0.0025964493455785664 4.684821111805032
570 0.9985002666632993 0.005738001933908166 0.00385844934446844 4.684894065324715
575 0.9983824481562651 0.006159649577113235 0.003925928314128635 4.684799709584672
580 0.9982944651950394 0.006350426444454271 0.012071776934008627 4.68506787152598
585 0.998597253288007 0.0051950835889291724 0.005866714066904644 4.68422287327138
590 0.9975380299779131 0.008626144024858284 0.005269463030039834 4.684243169787882
595 0.9985286654021187 0.005594356602155237 0.007588940406388911 4.6846411629464075
600 0.9973414516031516 0.009424642510971637 0.0077532536877771285 4.6843409403708
605 0.998435463483617 0.005875312410910105 0.0018708335332362491 4.684535316869588
610 0.9971241044792387 0.011632071437290392 0.005578402668395377 4.684111227470714
615 0.9981342359661504 0.007481960912081753 0.013038929870112348 4.683738759634298
620 0.9975673363573236 0.009475934587165113 0.0008896482672107187 4.684171566844907
625 0.998606560798666 0.005355866416082655 0.001335864082767868 4.683848851150427
630 0.997487725861612 0.010001791464018694 0.0009410765216881778 4.683946669771857
635 0.9983487166547694 0.006182694099767794 0.013859075965997336 4.684440466223092
640 0.9982900980058407 0.0064010665915725795 0.005467654036793945 4.683925156118711
645 0.9982363904919775 0.006662985105285735 0.009727276660274287 4.683523882697548
650 0.9960064903428789 0.015779140475545184 0.011722262200901667 4.683756036626672
655 0.9985346244682729 0.005620239003103933 0.0037019552461945437 4.68373321096359
660 0.9979103915037761 0.00835562127064371 0.0007933788576015566 4.683817510312903
665 0.9985156923973648 0.005854498341097525 0.0009109657988770614 4.684416755298619
670 0.9968593314995811 0.012507066462411842 0.006354330079388459 4.683770619845976
675 0.9975144231060468 0.010034202529271674 0.005087251693364214 4.684154832377285
680 0.9980455998286111 0.007905790710507787 0.011056973471624154 4.6840186706201505
685 0.9963109976998387 0.015079912072648582 0.004191346017585751 4.683793494291146
690 0.9980520119921408 0.007453338688705458 0.0023712396613548847 4.683411863124972
695 0.9972935744473965 0.010629832002307715 0.004133070422847496 4.683877730279031
700 0.9984268373192544 0.006045576555385956 0.003211079482340562 4.683815384773416
705 0.9980220869427562 0.007707027099015384 0.0019267721527722603 4.683683735620885
710 0.9981665811867104 0.007410040377695992 0.0028730761294586404 4.684002231285428
715 0.9972586866372877 0.0105428912062413 9.46556293510703e-05 4.683537877230449
720 0.9982812213718484 0.006632569978798131 0.0015524298427749272 4.683497177090605
725 0.9982458624832545 0.006754365381142158 0.004135073852294724 4.683100574588773
730 0.9981809044689982 0.006998590623710221 0.0077061668645377335 4.683357791545728
735 0.9974170458017236 0.010209299503097569 0.004158391896023517 4.683378905511145
740 0.9985175605823247 0.005722329764815903 0.001603719116094915 4.683778190525145
745 0.9985172125427244 0.005765001735355213 0.011020679155287372 4.684025909246198
750 0.9985874204491838 0.005386881147945388 0.0047634743115534395 4.682831939705775
755 0.9973925655881092 0.010403452396133162 0.00834344291928768 4.683599413316108
760 0.9971136284848492 0.01153081857916849 0.003606529215728127 4.683407426215552
765 0.9980231862095726 0.00781599452017634 0.008377515476982289 4.683989568680225
770 0.9967913875486183 0.012793487853092422 0.0018220270327846677 4.683290345444148
775 0.9985413175005422 0.0056057417677219945 0.003686198197641044 4.683272544138287
780 0.9980103194671391 0.007830644247893481 0.008719784604729108 4.6826781220432245
785 0.997656833487137 0.009296323573947163 0.0018387981911858198 4.683596111467818
790 0.9983876548934579 0.006410309106006373 0.006446736658407115 4.68275170963961
795 0.9978207045009087 0.00848517570611218 0.007295387411643706 4.6829249940970366
800 0.9981105658928393 0.007445803364208636 0.00031012630277560405 4.683048476790614
805 0.9981822126547502 0.007232652538557538 0.010590073434930014 4.68267108543908
810 0.9983025812748284 0.006819404916714511 0.00963769004345183 4.683426811791652
815 0.9981627057707256 0.007106222245847782 0.007782922594436359 4.682708556874445
820 0.9983236670913642 0.006678604559657408 0.0010995847855010954 4.683574060986423
825 0.9978997875134834 0.008430233942831045 0.006397684700531148 4.6831923256078225
830 0.998093080007387 0.007384455274079826 0.009240910195962293 4.683385148200446
835 0.9984483318991786 0.006167398517710865 0.005549144655249361 4.683504600064856
840 0.9980841581526456 0.007698678719500585 0.0072360180374959615 4.683305973997787
845 0.9982607255621003 0.006777933897969213 0.007572396129429837 4.683070495034717
850 0.9982261422063001 0.006928761534392258 0.006274998178586344 4.683340134428206
855 0.9985033061513731 0.005757237003032323 0.001624884594478626 4.683383178890988
860 0.9980028034045317 0.0080140639242412 0.001952719286146376 4.682981002787442
865 0.9974012580810003 0.010619024080748218 0.0081002234341363 4.6831963013776505
870 0.9983754447119239 0.006392117994479918 0.0007453716103928976 4.683245996526953
875 0.9977721468569427 0.008490975900952158 0.004875235420853441 4.6827626925411865
880 0.99842021122786 0.0060912012943479255 0.010400761127606462 4.68320098413997
885 0.998323885356218 0.006576779053922621 0.008257455153855675 4.682955346958741
890 0.9982078590992398 0.007031245928710739 0.010499106223524679 4.683420130537778
895 0.9980647478824494 0.007366924661302399 0.0013514537325027831 4.683327038573305
900 0.9982935635764254 0.006851873813728204 0.007088139914236624 4.683070716330565
905 0.9981249101978763 0.007336064616790594 0.019832331404810777 4.6832008005836885
910 0.9983210981417499 0.006516381627162282 0.007718357967061218 4.683243597168751
915 0.9981211780882855 0.0074906378626220516 0.0010509474722897316 4.6824561193475525
920 0.9972297280345811 0.01144962135334815 0.003445634067351211 4.682796654112245
925 0.9981248044139085 0.007428957816001613 0.009219875198616778 4.6831466337431475
930 0.9983418523297937 0.00661109017629169 0.00792439801916589 4.683163299310448
935 0.9977475930571307 0.008904350620047019 0.008946388956629914 4.682874787566201
940 0.9980228535340698 0.007627906840442122 0.00889455970302011 4.682783744513698
945 0.9972724009511744 0.010916318971854189 0.013370897681555416 4.682950032383694
950 0.9980327342095046 0.00780931155630693 0.010388736718798919 4.683093110551037
955 0.9978695274335361 0.008553834573477026 0.009850091327156862 4.683349264605749
960 0.9977554193942308 0.009042020069703227 0.0029444559800169134 4.68328242584625
965 0.9984280495481451 0.006143458535663449 0.008016263235747667 4.683190339609639
970 0.9974723608687626 0.010260609894952033 0.01217054305041243 4.682828481237881
975 0.9980498881409924 0.007607043330709828 8.365293131329388e-05 4.683073552510354
980 0.9982536136012035 0.006837087817749499 0.00661049054631091 4.68274142016865
985 0.997492810022776 0.009949180150290005 0.004242737726465107 4.682629833847651
990 0.9982107550846897 0.00730738329575864 0.004683434603322212 4.682826948126657
995 0.9975654484100359 0.00990226062794175 0.006584235810685568 4.682792445792122
1000 0.9974164301696269 0.010499680224993924 0.00010630097616681766 4.6824370851146275
