0 0 0 0.33370755042612343 0
5 0 0 0.009946778399080314 8.178572519445847
10 0 0 0.00851678796941635 8.125916675611327
15 0 0 0.002285845672272524 8.095507786071838
20 0 0 0.006280627890409729 8.086630140885418
25 0 0 0.009883880379083498 8.087846519563632
30 0 0 0.005923709086093076 8.077539271530114
35 0 0 0.003522598537334831 8.069469739842571
40 0 0 0.006370682146650708 8.070943218037193
45 0 0 0.006890037121004333 8.070242260171382
50 0 0 0.005433927741170574 8.066226255805331
55 0 0 0.005984882304098216 8.06609562998847
60 0 0 0.0013003872452637122 8.061907485330769
65 0 0 0.0035355485229324746 8.056713544905719
70 0 0 0.0032199347383243815 8.058811124492467
75 0 0 0.0009118454517165198 8.055298520285122
80 0 0 0.002340455562218846 8.055932379332198
85 0 0 0.00876231431041341 8.054717322512591
90 0 0 0.00046935603518316604 8.05534345082051
95 0 0 0.003070958975407434 8.053036465283927
100 0 0 0.0026228226026181467 8.054137709860896
105 0 0 0.007674022268795433 8.053095420097714
110 0 0 0.0018603227715028314 8.052288647866723
115 0 0 0.0020309894054231226 8.052839371728474
120 0 0 0.0021592261097438392 8.049330668807825
125 0 0 0.0027151658351707297 8.050551383608669
130 0 0 0.00649428776990435 8.050119267771018
135 0 0 0.00419297565464416 8.051231414179
140 0 0 0.000608405836895809 8.050797511842955
145 0 0 0.0016627575258856275 8.049247303779612
150 0 0 0.007002925143099414 8.04687553458527
155 0 0 0.00017228411384451192 8.049349129389356
160 0 0 0.003757848235558914 8.046546578660438
165 0 0 0.003487825260710453 8.046345991840562
170 0 0 0.002804262050500217 8.044634713421427
175 0 0 0.005268001430266844 8.046502792281336
180 0 0 0.006066313797335132 8.045347182003818
185 0 0 0.007473346617443921 8.044869527132116
190 0 0 0.0017285886236291237 8.044176420182183
195 0 0 0.0026395384908042274 8.04341389598559
200 0 0 0.005031948203385372 8.042705746468082
205 0 0 0.004636068084041156 8.042029988265286
210 0 0 0.000611449811666942 8.041645029191349
215 0 0 0.0013704207637681431 8.041291203667841
220 0 0 0.0021226608697140215 8.04122074033587
225 0 0 0.0004476965213795481 8.040298572301301
230 0 0 0.0004637380113785561 8.041692860304774
235 0 0 7.645571830972031e-06 8.040714508863353
240 0 0 0.00030905390261648513 8.038455953733878
245 0 0 0.009703784568414253 8.037339496574976
250 0 0 0.0015701692447389615 8.037170112225095
255 0 0 0.0007050959496874842 8.035190571946268
260 0 0 0.0013378277258992988 8.033111105027231
265 0 0 0.002680181940884818 8.027484699917322
270 0 0 0.004719520273675171 8.015827515833283
275 0 0 0.002429261910618319 7.9981590821346416
280 0 0 0.003151373567794158 7.979633073766752
285 0 0 0.007174765762488544 7.969938222997743
290 0 0 0.0020179878770933968 7.961228992480541
295 0 0 0.004604293007704818 7.959948338214877
300 0 0 0.005255534880606927 7.9542438572389935
305 0 0 0.0033953224109097846 7.945415826970881
310 0 0 0.006546496590839945 7.945074423695084
315 0 0 0.0017645901211984505 7.940668233235425
320 0 0 0.008993830746685916 7.932470611778027
325 0 0 0.000453621088961631 7.930709909347355
330 0 0 0.005338048191289246 7.9303816835194825
335 0 0 0.004737608911665969 7.916812225272073
340 0 0 0.009592688617800826 7.912865013707996
345 0 0 0.0066922084380103275 7.908562354146909
350 0 0 0.001243647361010236 7.90682277457334
355 0 0 0.003633623777456574 7.899858198641375
360 0 0 0.009660438562782758 7.896711928408499
365 0 0 0.008539418830701528 7.8911477709091695
370 0 0 0.01493896395932448 7.887542219418209
375 0 0 0.0034439100218641716 7.883347619931198
380 0 0 0.008068963898075765 7.882953662666415
385 0 0 0.005022956649295196 7.884611202390223
390 0 0 0.011131314871128062 7.881761516141712
395 0 0 0.014594013421385554 7.877227223177426
400 0 0 0.00421544464075696 7.880439087544273
405 0 0 0.011046953631427048 7.877651879354307
410 0 0 0.011565656605531327 7.87129132070746
415 0 0 0.012191867622570962 7.873563767419344
420 0 0 0.009878676161340083 7.868381669495245
425 0 0 0.004159772432066555 7.866060145656969
430 0 0 0.003869861801240271 7.86962198886954
435 0 0 0.012278383589247488 7.867077737167189
440 0 0 0.016806638456731582 7.865143136088377
445 0 0 0.014428935884595928 7.866091645593852
450 0 0 0.011481910068585455 7.864073156720899
455 0 0 0.013923660391937709 7.864298441151246
460 0 0 0.01290303866504905 7.8637472228742675
465 0 0 0.011524963819506517 7.86138775929768
470 0 0 0.014276472432929399 7.8619583034344025
475 0 0 0.012915441472704625 7.861418594905046
480 0 0 0.012298963493975412 7.861531534264816
485 0 0 0.01026873262348893 7.859807020655248
490 0 0 0.012381179475341009 7.858416076052358
495 0 0 0.014774742580474287 7.860241142836251
500 0 0 0.012835863098249023 7.859668149309939
505 0 0 0.012648065715118673 7.861468771571134
510 0 0 0.014382758059725331 7.858298358380932
515 0 0 0.010760369978131346 7.85701379795289
520 0 0 0.010519624866532462 7.86002885397597
525 0 0 0.016179711030126942 7.856989979008273
530 0 0 0.011290800720356042 7.857719350329627
535 0 0 0.011548362610723117 7.854658981316434
540 0 0 0.012657952455657373 7.855238554532161
545 0 0 0.014261167456014245 7.856171027074342
550 0 0 0.01359813346073957 7.854949013284336
555 0 0 0.01321817785986168 7.855926896697545
560 0 0 0.01143177680606322 7.856206113562908
565 0 0 0.012794442301694353 7.855962429373434
570 0 0 0.015739645189969398 7.854322329489723
575 0 0 0.010343753691401059 7.855556329025493
580 0 0 0.012531660617640217 7.855886655785329
585 0 0 0.008415424564054641 7.854320380125896
590 0 0 0.014724155575512876 7.854891200951158
595 0 0 0.010975008980720125 7.853990489561733
600 0 0 0.012627839700226406 7.854914683102277
605 0 0 0.010167272842902975 7.855212312549407
610 0 0 0.01035532974752762 7.853305879711354
615 0 0 0.013064430675716165 7.853006439297318
620 0 0 0.014327542756517042 7.854470436305191
625 0 0 0.015076876716390464 7.854465669925445
630 0 0 0.015345037345205537 7.853768504578059
635 0 0 0.01060374789472962 7.854031052420673
640 0 0 0.010626570686927073 7.853712191240462
645 0 0 0.015496353416841968 7.852222253946137
650 0 0 0.010673710914945955 7.854581983682813
655 0 0 0.013121456297466416 7.853466304909628
660 0 0 0.013648845737148196 7.852631222770912
665 0 0 0.012488121743160274 7.8522556793811455
670 0 0 0.011231369348521092 7.852735517228594
675 0 0 0.013607068265351074 7.853579746074043
680 0 0 0.01260281277346964 7.851708553406488
685 0 0 0.013195712491544054 7.852828679623298
690 0 0 0.012006765699160038 7.853067642818016
695 0 0 0.014559067318666408 7.851744996463181
700 0 0 0.01153058192316947 7.852412383963465
705 0 0 0.011633872018529834 7.851921872966679
710 0 0 0.012290691287565547 7.8534888646460645
715 0 0 0.013275975435135035 7.851292819100411
720 0 0 0.011385745784161738 7.852471108595477
725 0 0 0.014036285408799198 7.85133797000946
730 0 0 0.016040561284017762 7.852817000731498
735 0 0 0.012796824678071417 7.852177683349225
740 0 0 0.015320386174455525 7.851298158816722
745 0 0 0.014357819056395105 7.851396118773652
750 0 0 0.01308527090685585 7.850407842771164
755 0 0 0.012832777049485156 7.852132503571338
760 0 0 0.01292209533344324 7.851617986750414
765 0 0 0.013274418234905383 7.850992035590593
770 0 0 0.014183090830863332 7.852676634972354
775 0 0 0.014831024494415646 7.851561868612898
780 0 0 0.010243530808198953 7.851643379052265
785 0 0 0.00753418956020413 7.850999550300714
790 0 0 0.011925669377478743 7.851208107441837
795 0 0 0.010253778928859703 7.852112739167534
800 0 0 0.015817778206488775 7.851291288023917
805 0 0 0.013128472496370058 7.850420727029294
810 0 0 0.011873690077095045 7.8510103719598305
815 0 0 0.013392872955165558 7.850427287590565
820 0 0 0.012305779953629248 7.851380372325206
825 0 0 0.014067883631721845 7.851057942942202
830 0 0 0.014000139873569406 7.851041631856987
835 0 0 0.008954637180657476 7.850385773907758
840 0 0 0.014942354491549903 7.85154610316494
845 0 0 0.013468355200043858 7.850752411124611
850 0 0 0.01151040213615473 7.851486104202953
855 0 0 0.011416229105425835 7.85059866245276
860 0 0 0.011781775437498032 7.851007756814324
865 0 0 0.014854988254985546 7.85055971415473
870 0 0 0.012892250344972433 7.849403800046134
875 0 0 0.011613669966378914 7.850561218110163
880 0 0 0.01447721218046194 7.849630634840485
885 0 0 0.017038093843549262 7.8502064399644915
890 0 0 0.007208128115863355 7.851144061493671
895 0 0 0.016157060717590932 7.850881019616287
900 0 0 0.013796783901806942 7.8507838038116695
905 0 0 0.008595662506816648 7.850820439671318
910 0 0 0.011448712459265487 7.850416077820978
915 0 0 0.012743021374691743 7.8494346805298445
920 0 0 0.010483592103742945 7.849770489892587
925 0 0 0.01175125797464971 7.850435500954039
930 0 0 0.01385053936331282 7.850237310660981
935 0 0 0.012608561741210611 7.849796230835874
940 0 0 0.008181766006535307 7.851179889569472
945 0 0 0.013082807345266012 7.849502351863374
950 0 0 0.01435714217957873 7.849825003335708
955 0 0 0.015274724446887378 7.849106994016541
960 0 0 0.013906613897989306 7.850490538490379
965 0 0 0.016073365797898642 7.8500647109146415
970 0 0 0.012700668549459282 7.850495720248065
975 0 0 0.014034691014288336 7.849537704614983
980 0 0 0.009463534230585546 7.850031193977863
985 0 0 0.013900672329443031 7.850054011706592
990 0 0 0.01027164817596704 7.849511984933015
995 0 0 0.011750801123677102 7.849557877297754
1000 0 0 0.011381720452888544 7.8493552460527924
