0 0 0 0.2902077210380196 0
5 0 0 0.018167068051984536 21.258382573568767
10 0 0 0.01568271633587215 21.193637700527542
15 0 0 0.016788509598728796 21.133191987302215
20 0 0 0.021100789302527234 21.125669546305275
25 0 0 0.01927633287252184 21.096800852969576
30 0 0 0.018801609823380083 21.082513999408697
35 0 0 0.018162195321119956 21.0516188389921
40 0 0 0.015493799189875146 20.99660299959006
45 0 0 0.020350295375572536 20.953199104269796
50 0 0 0.02466186867991893 20.91334854088145
55 0 0 0.02212980769951045 20.899598115528942
60 0 0 0.0230059611334259 20.886838429649764
65 0 0 0.02455829835682599 20.875146085061456
70 0 0 0.022396365752893832 20.845698561448494
75 0 0 0.02456421885438642 20.843547067426815
80 0 0 0.023523351504852075 20.824567759404662
85 0 0 0.01809006724939599 20.817201477426906
90 0 0 0.022155616835358716 20.81822128896314
95 0 0 0.025986315845830887 20.80567049360134
100 0 0 0.02300778876753773 20.793500971291536
105 0 0 0.023991952420048257 20.805353582808035
110 0 0 0.022205310349843188 20.792517301290005
115 0 0 0.02344830261048525 20.776127213642976
120 0 0 0.02389299646371157 20.776959120369966
125 0 0 0.022093860750086458 20.764225878490606
130 0 0 0.024773180084601165 20.77727740625971
135 0 0 0.020990950431937883 20.76014609454584
140 0 0 0.023247484985569278 20.77132089116239
145 0 0 0.02311780915528372 20.764412177503733
150 0 0 0.025063567348947213 20.75954061890661
155 0 0 0.023683639295210224 20.757286915658057
160 0 0 0.019607533505535457 20.750062857612516
165 0 0 0.024795290456842034 20.755255214049512
170 0 0 0.022426026583749925 20.75644060196763
175 0 0 0.025297880953079055 20.75218177484885
180 0 0 0.025394445454892 20.749764517187778
185 0 0 0.024331070594528992 20.748246323267644
190 0 0 0.024639222873492628 20.747513069073936
195 0 0 0.023608301725122294 20.750585995716662
200 0 0 0.02392035386033231 20.74555270020653
205 0 0 0.023490862018210157 20.743245957077555
210 0 0 0.024307358409712876 20.73695016258681
215 0 0 0.02308855576921265 20.744031873814862
220 0 0 0.024698555090068686 20.736240484147455
225 0 0 0.02457459928963579 20.73975928130164
230 0 0 0.025638183027907768 20.73217911674876
235 0 0 0.024436748319383028 20.73401386341676
240 0 0 0.02425872649585381 20.736530965193456
245 0 0 0.025363574527335064 20.73257203982345
250 0 0 0.02341274379831404 20.730615326108737
255 0 0 0.02536955056704171 20.73620316959037
260 0 0 0.02518766553175089 20.738032381819412
265 0 0 0.023689805439169875 20.73330255259787
270 0 0 0.024055899195316144 20.73418692585043
275 0 0 0.024934361520591253 20.72970114289462
280 0 0 0.024992522863397815 20.729262626647824
285 0 0 0.0245728946506496 20.72962890788103
290 0 0 0.024848839947597234 20.732182736414742
295 0 0 0.026681971091448098 20.73229227538789
300 0 0 0.024573225468964788 20.73099032151276
305 0 0 0.024845761981229897 20.729885096368157
310 0 0 0.024509383870554347 20.73259668774058
315 0 0 0.025154990931087973 20.730212832408043
320 0 0 0.024523993648481124 20.726327279345078
325 0 0 0.02154736501637422 20.72931027848933
330 0 0 0.024293503483351575 20.728288603242817
335 0 0 0.023272370439975543 20.727118348927444
340 0 0 0.025136267103253118 20.729361043599866
345 0 0 0.023546615230031875 20.727151646811212
350 0 0 0.023810217358730235 20.724341728631057
355 0 0 0.024456784669856013 20.72477663915713
360 0 0 0.023143308962682463 20.724098790980424
365 0 0 0.026179500399605926 20.72519649675482
370 0 0 0.0261644444200273 20.731303320696092
375 0 0 0.019702426394854866 20.723244305970056
380 0 0 0.02416861025662609 20.731684425618237
385 0 0 0.022678604673131986 20.72210219200626
390 0 0 0.025468699536301154 20.726547391667765
395 0 0 0.021334975186599436 20.722986386099393
400 0 0 0.024305843753692047 20.725585463246148
405 0 0 0.025368533335846655 20.722297776202453
410 0 0 0.022807552153755628 20.723019524103837
415 0 0 0.028089577654571762 20.722340307518476
420 0 0 0.024933178797772237 20.724543400599195
425 0 0 0.024337414313695405 20.72071183741537
430 0 0 0.025270702037648807 20.721013919809497
435 0 0 0.02581065903280111 20.7238630044328
440 0 0 0.0257118039055515 20.72239684897067
445 0 0 0.023326108347241137 20.71931958090233
450 0 0 0.025063964636612868 20.722355655706732
455 0 0 0.02441252734677346 20.722003136049857
460 0 0 0.024530990141408582 20.722670425683695
465 0 0 0.027353269043832285 20.722533665907818
470 0 0 0.026249045817713146 20.721843543755504
475 0 0 0.024412078111232027 20.722266737167033
480 0 0 0.024884814223271157 20.721520174543357
485 0 0 0.023315584145036095 20.72074883434682
490 0 0 0.025136925617541994 20.717311874305597
495 0 0 0.023181357607359843 20.716784722943526
500 0 0 0.024093984613067887 20.71890575966621
505 0 0 0.02635840199756867 20.719460607488923
510 0 0 0.023678877516166263 20.71778161512299
515 0 0 0.025732295544989015 20.714988082612773
520 0 0 0.026143932088202648 20.714883391927284
525 0 0 0.023285722397932584 20.713394600370215
530 0 0 0.023977688499416727 20.713816811202886
535 0 0 0.023668280429882227 20.710730614159488
540 0 0 0.02396240802868066 20.710743334657273
545 0 0 0.02511923002270766 20.7121966893608
550 0 0 0.020919610506272335 20.709087346743523
555 0 0 0.02554264870778411 20.708900170050697
560 0 0 0.024819356862012754 20.710167134162024
565 0 0 0.02276292616617881 20.7086513480111
570 0 0 0.02247179105075059 20.70675522263881
575 0 0 0.026440945292161677 20.704797297735205
580 0 0 0.02187125986239713 20.705197502262003
585 0 0 0.027580143515949507 20.704146861513696
590 0 0 0.023513966384888674 20.704913129558516
595 0 0 0.022899506115331203 20.70434331627801
600 0 0 0.024070905569810508 20.701708511090796
605 0 0 0.02346492808122269 20.702389872012976
610 0 0 0.0213522223869953 20.702466231585177
615 0 0 0.027558468544529813 20.70158226587137
620 0 0 0.024478680504741668 20.701301220131523
625 0 0 0.01925971515813374 20.700424918946506
630 0 0 0.0247363862804022 20.697047905181602
635 0 0 0.018139694026792164 20.69859745200701
640 0 0 0.026297828366521614 20.696775635969853
645 0 0 0.026321614314172903 20.696998088012375
650 0 0 0.02126714985064826 20.693862624222998
655 0 0 0.021325475069034816 20.695417537887508
660 0 0 0.02432132108810836 20.692812485781307
665 0 0 0.02006273086840138 20.691255725453228
670 0 0 0.020454897926350135 20.690138715602544
675 0 0 0.028474871653717315 20.68967332641742
680 0 0 0.021447910682335092 20.68857984973056
685 0 0 0.020581652211801416 20.68696125689192
690 0 0 0.024079213248510367 20.687903245267893
695 0 0 0.02254611829842501 20.68617060080765
700 0 0 0.014855221408067942 20.68228321508682
705 0 0 0.023367873483310264 20.682334362286984
710 0 0 0.020728079147964262 20.67749423171127
715 0 0 0.01811548546336872 20.678937881086323
720 0 0 0.02213950014608046 20.676392866067403
725 0 0 0.01861415706308822 20.67471340218258
730 0 0 0.023904684132114218 20.671996480101413
735 0 0 0.013518799458456687 20.671552640111962
740 0 0 0.02018683708805824 20.670776077690153
745 0 0 0.020382260184349077 20.66589727761759
750 0 0 0.01801784601166112 20.667805324850335
755 0 0 0.019562052615887948 20.66205561917234
760 0 0 0.029554082336137766 20.66113088729631
765 0 0 0.01340056474675766 20.659943281578183
770 0 0 0.014454233600686095 20.657083744130688
775 0 0 0.012585515110949075 20.656160459312154
780 0 0 0.013394610742129442 20.652356464988074
785 0 0 0.011082494534686127 20.65017731618873
790 0 0 0.01975356489537905 20.648640323397196
795 0 0 0.014299265040843334 20.6461828317667
800 0 0 0.019609418739247486 20.64508677903218
805 0 0 0.0076702375773261 20.640426494930253
810 0 0 0.0025182311803102486 20.641290776690195
815 0 0 0.008594809146395654 20.634920542024933
820 0 0 0.00737934054575895 20.63598774008779
825 0 0 0.023959570419795462 20.632766174889248
830 0 0 0.00019163362993723787 20.630156076376434
835 0 0 0.011868289113683428 20.626647057709924
840 0 0 0.010834892683559083 20.626205603265703
845 0 0 0.002869319268154369 20.622948546235083
850 0 0 0.01523010054919749 20.61972619561983
855 0 0 0.020577125735715462 20.614679487363002
860 0 0 0.004935785752883559 20.614867426343846
865 0 0 0.01241562067056834 20.611231632487474
870 0 0 0.021660417548670097 20.608059174228888
875 0 0 0.014086379006514882 20.606148746578196
880 0 0 0.008188473669971108 20.60117751876648
885 0 0 0.019392988690514645 20.59913414015872
890 0 0 0.011707356364619947 20.594714217184197
895 0 0 0.011154579143557442 20.594154376494398
900 0 0 0.0045918753851921235 20.593017056659868
905 0 0 0.004479614644663066 20.587500795669513
910 0 0 0.0032727991265490974 20.584830702241575
915 0 0 0.012867349494540603 20.580134934292737
920 0 0 0.032362805941292594 20.574370569261454
925 0 0 0.011204121815717949 20.574810994874827
930 0 0 0.009231037668068875 20.574037745974962
935 0 0 0.00889457234661517 20.57220381101557
940 0 0 0.01948907183246318 20.560578035715377
945 0 0 0.0015181135244570765 20.559318112425863
950 0 0 0.022883002971268107 20.559280756321364
955 0 0 0.006784921041853131 20.557705202166773
960 0 0 0.0013591656234976934 20.554226503919644
965 0 0 0.007964155554757824 20.548546643050113
970 0 0 0.02092280539486069 20.549522141802115
975 0 0 0.021083694124015118 20.53847993740301
980 0 0 0.01104529028617729 20.538361605570962
985 0 0 0.0029179830112731064 20.534101441486786
990 0 0 0.005156628348271131 20.53279406909528
995 0 0 0.04688941469531316 20.52513092645431
1000 0 0 0.01796650188021487 20.527578328952785
