0 0 0 0.24982058565196585 0
5 0 0 0.01757233107116507 21.249616823108525
10 0 0 0.020012879036620967 21.151632631885235
15 0 0 0.019787016862532703 21.167199320016493
20 0 0 0.017969099214618645 21.115601316295525
25 0 0 0.01862093543291543 21.07538375959528
30 0 0 0.01924507849766477 21.08906698359937
35 0 0 0.020342300522805168 21.0273343971319
40 0 0 0.02041771753630539 20.968276225040455
45 0 0 0.021148843800000483 20.925725030315178
50 0 0 0.018525977793325543 20.913828614468606
55 0 0 0.019354985964501026 20.891897727299224
60 0 0 0.016709552720794774 20.88731440092226
65 0 0 0.022145953347751934 20.869991516411172
70 0 0 0.02544303549536453 20.88165763001523
75 0 0 0.019398512801776402 20.83940694470443
80 0 0 0.02348721923548136 20.846533403340676
85 0 0 0.018954492826699587 20.831754147681995
90 0 0 0.024455598249049304 20.814539556227363
95 0 0 0.022976903203587362 20.81922216720891
100 0 0 0.025329049420629524 20.82544946772084
105 0 0 0.021054255539194155 20.800419358987455
110 0 0 0.018969525833681722 20.811876915615407
115 0 0 0.0207990660959263 20.796400968019363
120 0 0 0.026181100153675585 20.786154042043663
125 0 0 0.02559035671045673 20.76370185911504
130 0 0 0.026213472982922426 20.770673990832623
135 0 0 0.023818569392370037 20.77441461595761
140 0 0 0.025108230955900757 20.769129010734027
145 0 0 0.02450337482742526 20.763730747291653
150 0 0 0.022320387390619256 20.77631504571929
155 0 0 0.025344031145067447 20.76688605132326
160 0 0 0.023310026398806194 20.759260613733403
165 0 0 0.025381931150911363 20.757364494294293
170 0 0 0.02594240681192561 20.76529727800931
175 0 0 0.02504707591883104 20.75756994814461
180 0 0 0.025532658888875126 20.76305291724724
185 0 0 0.028014500882040494 20.752592291593437
190 0 0 0.02526435669762983 20.74622811063608
195 0 0 0.025763704578113167 20.753923119397946
200 0 0 0.02179687819365994 20.74495888622875
205 0 0 0.02367633934342206 20.74796879856066
210 0 0 0.02335725150142709 20.746087752328386
215 0 0 0.024999640610784413 20.742162914113173
220 0 0 0.02583267126457267 20.741356315087746
225 0 0 0.026321171631824125 20.740245428169747
230 0 0 0.023210249990251786 20.7390220179756
235 0 0 0.025634482365265665 20.73859005435977
240 0 0 0.023454405572484793 20.739163908157437
245 0 0 0.02554219176925554 20.745399615097213
250 0 0 0.025226871719008725 20.738432298277257
255 0 0 0.026391183301178955 20.739563241068275
260 0 0 0.023388141997188194 20.732497780147952
265 0 0 0.027792663802070683 20.73367064467118
270 0 0 0.021034346051648667 20.740057119070965
275 0 0 0.025185335125915254 20.738261534397306
280 0 0 0.02334682537054844 20.735691469399978
285 0 0 0.02249375987420965 20.7364886235469
290 0 0 0.024499106527757997 20.736110888415137
295 0 0 0.02582953055689008 20.735201889881814
300 0 0 0.02510093918363232 20.73648187545702
305 0 0 0.027317521830757974 20.730974287403587
310 0 0 0.024311180442646796 20.73287716880761
315 0 0 0.02577288051933868 20.73766608910863
320 0 0 0.02288690693338613 20.731396597706507
325 0 0 0.02442395784483864 20.727216283581487
330 0 0 0.02563207042936444 20.73434472643541
335 0 0 0.02395635008557484 20.7324187739074
340 0 0 0.024716240509681908 20.732666989535797
345 0 0 0.022423737826085643 20.728450320475755
350 0 0 0.02531633179857784 20.733708341486075
355 0 0 0.024817806440875056 20.73320117899024
360 0 0 0.02554915087237286 20.72937144567337
365 0 0 0.024984195216390948 20.734074655912288
370 0 0 0.02653229118502587 20.727360496613414
375 0 0 0.024230628412979627 20.72844458733377
380 0 0 0.024812934708696277 20.72845760756343
385 0 0 0.025474480951737544 20.72734186334258
390 0 0 0.02329560869354763 20.726427815097026
395 0 0 0.022777589021126365 20.72571487691239
400 0 0 0.023630064124188888 20.72806299025971
405 0 0 0.022846336137465784 20.725505952707437
410 0 0 0.025075938954015164 20.72352204019262
415 0 0 0.02255971092297404 20.732518249032502
420 0 0 0.02571450776088735 20.731071577986263
425 0 0 0.02498104084546382 20.7250612857828
430 0 0 0.024473882488095455 20.72603322561318
435 0 0 0.02501322279642837 20.729188790474833
440 0 0 0.02378103175777113 20.725295396807564
445 0 0 0.02519698362025391 20.728963014510626
450 0 0 0.02433573755317897 20.725019274317205
455 0 0 0.025021484314804887 20.729327760231296
460 0 0 0.02386783391056202 20.72434319538503
465 0 0 0.023345831398100536 20.725177871922277
470 0 0 0.023650526397380744 20.72194337763035
475 0 0 0.024065510211664032 20.72835818463795
480 0 0 0.025530919632116067 20.722796024625826
485 0 0 0.020736977427852743 20.727453418126675
490 0 0 0.026526248735986746 20.723854834309858
495 0 0 0.023004920718634914 20.720748923995963
500 0 0 0.025936040865553123 20.721536438461968
505 0 0 0.026171339969621288 20.725249869600198
510 0 0 0.023917444599663273 20.72272913655222
515 0 0 0.020908311712072303 20.72367802767752
520 0 0 0.026185380420853166 20.721793445706002
525 0 0 0.022128597179610354 20.722092008810797
530 0 0 0.027674608908390574 20.71928514471764
535 0 0 0.023767991680005096 20.717882512899532
540 0 0 0.0246504772741285 20.71779651684447
545 0 0 0.02651616141113844 20.71802541370906
550 0 0 0.024311241094040037 20.714804259783012
555 0 0 0.0249715640872048 20.713668992583358
560 0 0 0.026891610167218083 20.71744932551745
565 0 0 0.025533030604034668 20.71503933873196
570 0 0 0.022290621420106183 20.712805929389003
575 0 0 0.026416692676794806 20.713581904119224
580 0 0 0.026951080977120734 20.71127290115704
585 0 0 0.023216074518563445 20.70977313680255
590 0 0 0.024813963682864593 20.709077275843228
595 0 0 0.02705712802875504 20.70878258032666
600 0 0 0.02306840087199924 20.708600935307285
605 0 0 0.022480588102597565 20.708568497437753
610 0 0 0.02318629220122914 20.70784719294409
615 0 0 0.02238064743848245 20.70634578553078
620 0 0 0.02077696870286494 20.705428946508004
625 0 0 0.027670609978997174 20.70524722379982
630 0 0 0.022277756851391883 20.704985513872085
635 0 0 0.02790181644580958 20.703631291196032
640 0 0 0.024204316685063176 20.704706300959288
645 0 0 0.023333752214913073 20.704102866410658
650 0 0 0.021605444205145874 20.70357429024736
655 0 0 0.025101057987506836 20.700546801657477
660 0 0 0.01842293362191505 20.698936886817165
665 0 0 0.02233054404491064 20.70159905599464
670 0 0 0.02417114791878161 20.70061226949602
675 0 0 0.026136809754720325 20.69906703105738
680 0 0 0.02280821768343766 20.69783403056159
685 0 0 0.01695133785273306 20.696815237120166
690 0 0 0.024538870649507993 20.69716509644065
695 0 0 0.023864493086278582 20.69633195740812
700 0 0 0.020933339864251055 20.69427806424189
705 0 0 0.01099027912857009 20.69368710181852
710 0 0 0.017713050525351548 20.693911990624166
715 0 0 0.020332510353648248 20.692419498043343
720 0 0 0.02572696371429206 20.691893790786917
725 0 0 0.0236316015861584 20.690754587527458
730 0 0 0.03209116630097575 20.687837833114774
735 0 0 0.02180593236135353 20.68934615066631
740 0 0 0.01739926497869959 20.685366684530553
745 0 0 0.020104831063118 20.687914685512716
750 0 0 0.022999763663646755 20.683662671062
755 0 0 0.01810657419564321 20.685608141686377
760 0 0 0.02189130370918102 20.68300705500693
765 0 0 0.018437323997373634 20.68034747480458
770 0 0 0.022916935184423615 20.68225637831965
775 0 0 0.019322452472041673 20.676218387845502
780 0 0 0.02247032408802241 20.67450754448583
785 0 0 0.023937642377314772 20.673814713291154
790 0 0 0.02550101055699927 20.67317069487965
795 0 0 0.023198247889077095 20.673916753605557
800 0 0 0.00796392003428359 20.671322408336252
805 0 0 0.03405304699656586 20.668956768171416
810 0 0 0.003872258749814783 20.670181474791196
815 0 0 0.01596739700188099 20.666963750879994
820 0 0 0.017339404315214857 20.66679654313649
825 0 0 0.017647570539001123 20.66403691367844
830 0 0 0.023055592339481734 20.657733894237612
835 0 0 0.00695611751185421 20.65971056784078
840 0 0 0.030866756302157405 20.657487628769385
845 0 0 0.015687925612475784 20.655761973818144
850 0 0 0.004094576638273395 20.654329639174946
855 0 0 0.008224924275805456 20.654598219081507
860 0 0 0.0026947739482841016 20.651298922728145
865 0 0 0.014148448549387238 20.64810365662863
870 0 0 0.005547240388415142 20.64598760149784
875 0 0 0.01739039881012494 20.64201507004827
880 0 0 0.014966617352593303 20.643075601509544
885 0 0 0.00885809405535043 20.641354912354533
890 0 0 0.01369993243982548 20.633877861192136
895 0 0 0.0005275115880669645 20.635299447682723
900 0 0 0.01160917258007732 20.6340103286523
905 0 0 0.0018625237070473144 20.62822827135241
910 0 0 0.004202650795865459 20.627741494264015
915 0 0 0.013100870025056555 20.625683724090074
920 0 0 0.019894650424988614 20.625037645991334
925 0 0 0.006979300116945586 20.623270498957286
930 0 0 0.014600922865783739 20.621491475358436
935 0 0 0.004045503731923361 20.618550118136042
940 0 0 0.0010553345682884352 20.612988474689292
945 0 0 0.0025203973097565058 20.61290969360674
950 0 0 0.0005954934081362495 20.606801043100674
955 0 0 0.0010072911203855561 20.605323279481944
960 0 0 0.006304595976137417 20.60048245174432
965 0 0 0.022668715483972646 20.601064160582347
970 0 0 0.015125336514111076 20.600100657759352
975 0 0 0.007053988006764822 20.59388958114804
980 0 0 5.275373446655962e-05 20.59375544398896
985 0 0 0.0032038730858310327 20.590234223532594
990 0 0 0.013749981423112567 20.589892073034417
995 0 0 0.01607464700272021 20.581868623097613
1000 0 0 0.004809361315630589 20.579703341942373
