0 0 0 0.28683118722638645 0
5 0 0 0.002379512368183345 10.510755483697778
10 0 0 0.0026721612636335657 10.35791203895154
15 0 0 0.0016601659111097344 10.31961249068911
20 0 0 0.0005990323149869248 10.275383640226858
25 0 0 0.0015411778552176791 10.261581305634067
30 0 0 0.0003074441519854698 10.26538901248886
35 0 0 0.004297566805161024 10.24025435879942
40 0 0 0.0011427099528940055 10.24104172210283
45 0 0 0.0075981616639764216 10.229402556419203
50 0 0 0.0017369697472173762 10.230650634551546
55 0 0 0.0031030935464440024 10.219512151392165
60 0 0 0.003837695120456619 10.217607013160636
65 0 0 0.002102240843238512 10.21582945323808
70 0 0 0.0028470667710507325 10.21249576792059
75 0 0 0.0023589349743549093 10.210074800621916
80 0 0 0.0009286840970239574 10.205893116957155
85 0 0 0.0031490318167384235 10.200776369925578
90 0 0 0.0009467080639133929 10.206083161570248
95 0 0 0.0016532447671739892 10.20317615727623
100 0 0 0.007851661202084026 10.003499990133916
105 0 0 0.012518166802515163 10.005952586241353
110 0 0 0.011734344090520432 10.005068943082312
115 0 0 0.012838039823746428 10.00375593213277
120 0 0 0.009351404945916464 10.001767134123805
125 0 0 0.014130888198718106 10.001471773462757
130 0 0 0.011000476867205178 10.005877422278472
135 0 0 0.0058206525853925495 10.00131084233703
140 0 0 0.010396106456462162 10.003026629082234
145 0 0 0.008288573982406344 10.001765127107678
150 0 0 0.009062115072956178 10.001364530585283
155 0 0 0.01327596837323175 9.999067725118646
160 0 0 0.012568292887456867 9.999800088955993
165 0 0 0.013627640408846897 9.99965847972037
170 0 0 0.014590555883710943 10.000163691452068
175 0 0 0.007891518809016507 10.000280712742022
180 0 0 0.00994470452768259 10.001338121152891
185 0 0 0.013756993820244645 9.999243889410478
190 0 0 0.008281444848266428 9.998808370843514
195 0 0 0.013544866506177922 9.999677945943072
200 0 0 0.01415424565779122 9.998846834632882
205 0 0 0.010968232656511478 9.999079286848268
210 0 0 0.014629370254122476 10.00053339889208
215 0 0 0.009013199520433002 9.998339182791838
220 0 0 0.008113398971038244 9.999267396977562
225 0 0 0.01356508889928798 10.000509293218288
230 0 0 0.014219857844638417 9.997945171390393
235 0 0 0.011575389282500126 9.998336078526826
240 0 0 0.01095284210729952 9.99955444049501
245 0 0 0.007307494831626737 9.997495828135436
250 0 0 0.010129344440222399 9.99862109399689
255 0 0 0.013266311049317858 9.999319264928337
260 0 0 0.014229937732775033 9.998983383187369
265 0 0 0.009425308645421682 9.998125209465272
270 0 0 0.010931918921189165 9.997416260280973
275 0 0 0.007969110843919047 9.998121988079983
280 0 0 0.011192819959977784 9.997050146400273
285 0 0 0.008569278329962682 9.997761642188971
290 0 0 0.016092673078689668 9.99822311386631
295 0 0 0.009957172519716506 9.998639746898418
300 0 0 0.0169937864400469 9.997536332190913
305 0 0 0.01137751074634652 9.997836462271643
310 0 0 0.011436034284023178 9.99635451657121
315 0 0 0.01324147783755314 9.997678230067494
320 0 0 0.01436093363666835 9.996241130659385
325 0 0 0.01225520410513914 9.995319588986042
330 0 0 0.013609758584998799 9.998226372206709
335 0 0 0.014797648922665996 9.996314757552762
340 0 0 0.011601419645256739 9.997009452517894
345 0 0 0.012650804364033208 9.99556041662806
350 0 0 0.012785891155927986 9.994919312930723
355 0 0 0.012153472900186646 9.995234311046064
360 0 0 0.009195898789065238 9.995972267812405
365 0 0 0.010221532917291665 9.99322357759158
370 0 0 0.011914094755468563 9.996094027635046
375 0 0 0.012120997352473184 9.994141748434837
380 0 0 0.011005622268443815 9.995869981001345
385 0 0 0.01318690784793275 9.99588434970619
390 0 0 0.011721772846410072 9.99546536213632
395 0 0 0.016126882897061767 9.996901654655227
400 0 0 0.008185270232533126 9.994805373266331
405 0 0 0.01303256601914704 9.99447478345843
410 0 0 0.014867086203857127 9.992807490218052
415 0 0 0.01261810430763255 9.99474224338563
420 0 0 0.011125466282994267 9.99435213294571
425 0 0 0.011047028957241078 9.993774097063739
430 0 0 0.014767413472644986 9.993581639872781
435 0 0 0.013081048513243099 9.992440548429357
440 0 0 0.014183028421285382 9.993822295575207
445 0 0 0.016235930086296646 9.992432376832788
450 0 0 0.015839056494179715 9.991992009648257
455 0 0 0.015116234347806179 9.99429095397974
460 0 0 0.007929196782617831 9.993962922733377
465 0 0 0.012901912324959186 9.992657758299718
470 0 0 0.012531089664250983 9.993220981351156
475 0 0 0.01206324824805538 9.992416081245805
480 0 0 0.009249926087882887 9.992472109046426
485 0 0 0.01473901079826212 9.993476625741245
490 0 0 0.0128611414382227 9.991983331776542
495 0 0 0.012626740053013341 9.993311773471877
500 0 0 0.01264916831000984 9.99153250370003
505 0 0 0.014675097597387499 9.991260495840669
510 0 0 0.015840189818932426 9.99208060533327
515 0 0 0.011088478924272227 9.99082901599354
520 0 0 0.011266913566743142 9.991922765128024
525 0 0 0.012545364724331431 9.991819362894185
530 0 0 0.01368483605934867 9.98986280900149
535 0 0 0.011950660253426726 9.990315897432268
540 0 0 0.01189144142177656 9.990639622823602
545 0 0 0.012417791417054236 9.990249660438806
550 0 0 0.009736512512710904 9.990308058400796
555 0 0 0.015413353747943725 9.990808749880976
560 0 0 0.013480820133813465 9.989524278762921
565 0 0 0.014747563245040674 9.989617364459342
570 0 0 0.014788561805874956 9.988625233797688
575 0 0 0.011906741782703012 9.989318482431743
580 0 0 0.011225684840631578 9.989163558466778
585 0 0 0.012547097962826381 9.987845374318354
590 0 0 0.01130669526753536 9.989327811983653
595 0 0 0.011374411440317589 9.98859129422167
600 0 0 0.011920149458586327 9.988551040675935
605 0 0 0.010061477870622282 9.987997915204891
610 0 0 0.01610187998282564 9.988620113937175
615 0 0 0.014318455500296423 9.987855383226538
620 0 0 0.012486260037562591 9.987037507826729
625 0 0 0.014491907184768005 9.988054306828067
630 0 0 0.014002282449869341 9.987603610845564
635 0 0 0.012271115292406654 9.987268751007981
640 0 0 0.010980228016861604 9.987278661271365
645 0 0 0.013081789488952777 9.98750622616629
650 0 0 0.013578325199130825 9.985709755841718
655 0 0 0.011144322150129726 9.986390750599847
660 0 0 0.01438039202887098 9.985984867014418
665 0 0 0.011433855220044808 9.986649626107056
670 0 0 0.012297526019872329 9.98473290373709
675 0 0 0.014367608076168548 9.98502049323476
680 0 0 0.0123649158669632 9.984226185437159
685 0 0 0.013977744864947406 9.984908118668574
690 0 0 0.012584502179627366 9.984585123776013
695 0 0 0.013393866816760802 9.98482437838359
700 0 0 0.01124705385371949 9.983407142972014
705 0 0 0.012278213716240494 9.982243406016172
710 0 0 0.012036072215146243 9.982401213488368
715 0 0 0.012945043875164597 9.98302180735211
720 0 0 0.011268137083130014 9.982244508681037
725 0 0 0.016207475513361214 9.982119982410934
730 0 0 0.013231017276500223 9.983508376649777
735 0 0 0.015285239706622766 9.98242058013987
740 0 0 0.016498949434792465 9.980950412583349
745 0 0 0.014734211210473802 9.981852118020452
750 0 0 0.012167228603758407 9.979962455116015
755 0 0 0.011092141589768678 9.981583546865155
760 0 0 0.01096532900936742 9.97983531594388
765 0 0 0.01273113368334955 9.979870797514629
770 0 0 0.01452379717832164 9.980215108689848
775 0 0 0.011996915387224805 9.977925030340915
780 0 0 0.013493476043013874 9.980268748563706
785 0 0 0.013391031848891899 9.979269287473056
790 0 0 0.013723524602770265 9.977853545537323
795 0 0 0.010616702116109211 9.979429068999666
800 0 0 0.012140512576692908 9.977967925702064
805 0 0 0.014015935061258977 9.977108877482328
810 0 0 0.013334194903916075 9.977802914832909
815 0 0 0.01730147714511676 9.980033909485917
820 0 0 0.016446335365758458 9.978252423924392
825 0 0 0.013142463803528681 9.977970946033654
830 0 0 0.010790934173580347 9.977020353717531
835 0 0 0.015066565014815847 9.97725016363685
840 0 0 0.012725313080610201 9.978692049473572
845 0 0 0.012772521418224825 9.977119459420447
850 0 0 0.014239972746574292 9.977392478994224
855 0 0 0.014926026460999164 9.975748859815672
860 0 0 0.013762274161933652 9.975675127627344
865 0 0 0.0146212089123261 9.976075847289337
870 0 0 0.012380120824974084 9.977028071533423
875 0 0 0.014287184973335032 9.97696538687463
880 0 0 0.015095086218791298 9.975679182455558
885 0 0 0.012890800086730714 9.97685350038691
890 0 0 0.012452764345702194 9.976293374807886
895 0 0 0.009834323808165513 9.9762261836152
900 0 0 0.011663293161047195 9.97729951751252
905 0 0 0.014096198544959915 9.976987262519328
910 0 0 0.01250795133477789 9.976983085375133
915 0 0 0.011614311701495073 9.976419143025518
920 0 0 0.011493337408987392 9.976283081368303
925 0 0 0.013014663422407757 9.976067356696712
930 0 0 0.011900001689228779 9.97656962292182
935 0 0 0.010822203004332343 9.975308659472107
940 0 0 0.013676576437701815 9.975572904383588
945 0 0 0.013843288526502295 9.97644338159571
950 0 0 0.013483081811971553 9.974788954520124
955 0 0 0.013245851542140086 9.975145682454837
960 0 0 0.0128770637252702 9.974506942678541
965 0 0 0.013536916872710858 9.974694672787143
970 0 0 0.012256510394897946 9.973916309844626
975 0 0 0.01365346254872657 9.975117442609033
980 0 0 0.014106802207888514 9.97510570392055
985 0 0 0.013911525958327786 9.975594172571409
990 0 0 0.01379066214903224 9.974421367032459
995 0 0 0.014708319903667721 9.974354311045953
1000 0 0 0.013374117367371596 9.974596686873719
