0 0.568512876177933 1.204489604557451 0.2842739787697426 0
5 0.9787225452069869 0.0662113696313793 0.02350446296270814 1.6679893229979061
10 0.9900058255281672 0.03656495414529526 0.017591120870176002 1.6445656877847887
15 0.9938338938123541 0.024249840697900815 0.0007615946312995447 1.6418270607873489
20 0.9927680766214643 0.029054456526125705 0.010669044026970331 1.6387446673454982
25 0.9918322434197981 0.03312438734617951 0.009651004802449625 1.6389250538209919
30 0.9943766540346133 0.023304727184519702 0.008268686536402559 1.6381666491197828
35 0.994518174068913 0.023772981239735813 0.0019397859009533391 1.6372206307283605
40 0.9950101847346278 0.021088728787240107 0.0003850674424179523 1.6364797828797568
45 0.9940851244090054 0.025705997858680885 0.0013948890029955585 1.6369144154193291
50 0.9991203726782562 0.0024379681915629448 0.001727792024679431 1.638703984489034
55 0.9993636411611223 0.001931979887683788 0.0025099750533068566 1.6359820264316323
60 0.9995401227931642 0.0012598555953411417 0.0002638813972448695 1.6358763628743782
65 0.9989462112262556 0.003093340827844848 0.0022789857724725415 1.6360073592230706
70 0.9993543008152533 0.0021873557868092863 0.0011767744908395272 1.6355140977127456
75 0.9987113360784539 0.004651997263851904 0.0023001346451849702 1.6354001639040743
80 0.9990405244476058 0.003035545964785502 0.0005548487190745188 1.6353177955440623
85 0.9994353931515041 0.0015974079176186429 0.00200114515802996 1.6356301118494798
90 0.9995387957520594 0.0011164212903591597 0.002037523844493183 1.6354267419760502
95 0.9983389556981851 0.005900289003715864 0.008988884834389754 1.634996788502715
100 0.9994530898773922 0.001657593846310812 0.0020815945719807605 1.6350135917825046
105 0.9994696289962459 0.001556171745417112 0.0021873789326645188 1.635359506471505
110 0.9990459906744302 0.003316766619416489 0.006155032186868192 1.6347337729696074
115 0.999207246861186 0.002485384349247166 0.005104357924649472 1.6346135321185402
120 0.9995934280984988 0.0010710718300970257 0.0013923418814973942 1.6352196462487425
125 0.9997196303537321 0.0007512553293611557 0.0022914290476108157 1.6351970612105482
130 0.999191921139741 0.002626576031409922 0.0026756797982436797 1.6350932407897374
135 0.9991362552090802 0.0030164677147599406 0.003787578947048731 1.6345517811282206
140 0.9992431921212278 0.002469522783858258 0.009804043610134983 1.6345514919875543
145 0.9993037472962933 0.002486310972554362 0.00034135010156788326 1.6344390135674687
150 0.9995613343507841 0.0010769776886927485 0.0027568020820207817 1.6346878322035705
155 0.9991076380102749 0.003167518338590636 0.0033509876117741033 1.634250617073712
160 0.9991111114202893 0.00327853102726694 0.0010385292045338446 1.6347260943279989
165 0.9995565967249633 0.0014113599255676235 0.0006634497291830854 1.6342572766977046
170 0.9993869753631723 0.0020510684050474293 0.0024478032364829705 1.6346291932558625
175 0.999500797689572 0.0015687504542236663 0.000882197932583928 1.634195391795977
180 0.99954951497087 0.0013909429560212683 0.011725709365741244 1.6344486539556582
185 0.9990535068406925 0.0035566372376791833 0.001676644078329348 1.6343088454410795
190 0.9990945913418358 0.002996482482035878 0.0026849932352372985 1.634563645452271
195 0.9994894457290131 0.0016781459717123415 0.014164083783058778 1.6341919287737294
200 0.9996247898369595 0.0011506868600266174 5.412799604509466e-05 1.6343271990313437
205 0.9989195506966655 0.004072634013793541 0.00014688587055511348 1.6344242077652202
210 0.9965773955503474 0.013348209927186439 0.011292535093325284 1.634220257828853
215 0.998816316031541 0.004486468935678278 0.00543835314111818 1.633808625235172
220 0.9990946393413052 0.003337029250088497 0.0001396109595219741 1.6340653199623187
225 0.9988755128774909 0.0038566858483308764 0.0024297915019817484 1.6340912545558561
230 0.9996420257063827 0.0010170764939299026 0.0008986384281333137 1.6344539740572888
235 0.9996908089801594 0.0009141688237419565 0.0030259521019400104 1.6342524732894472
240 0.9993367285587991 0.0023371405525196565 0.0007919751884566395 1.633982090721602
245 0.9997572615273683 0.000716834487092255 0.0008018236109705867 1.6340186125298342
250 0.9995067628074231 0.0014600905793737962 0.0030473687208507627 1.6339439410980434
255 0.9996027724686113 0.0013555214656064685 0.002861059599394755 1.634062809097813
260 0.9998070633771341 0.00048687084261267444 0.0009343477232912623 1.6338012546107794
265 0.9994448008950716 0.0017659569352828086 0.0023985736550469205 1.6341109416909612
270 0.9995552420603392 0.0015152373962323828 0.001723965084877932 1.6338569738385822
275 0.9996639629113027 0.0009222296161754961 0.003665735208494114 1.6337972228026394
280 0.9994438342791596 0.0019709499582771794 0.008293326409055446 1.6338711043531016
285 0.9995071289017877 0.0016623855407060795 0.0020631375559441167 1.6339559011145959
290 0.999732031318201 0.0008439787437632962 0.0035168080016769743 1.6339009875492467
295 0.9993213835954031 0.002568972507285716 0.0067682078953752445 1.6337331177602201
300 0.9996069251226269 0.0012654342310933764 4.770019298150352e-05 1.6337402060707182
305 0.9995252154228507 0.001703931205518039 0.00033445153016398166 1.633798320374418
310 0.9996451681055576 0.0010571466733433343 0.0030427391070642074 1.6335368435797082
315 0.9996026944120817 0.0014370710105673368 0.003619718427993357 1.6336441940139976
320 0.9995932506154983 0.0013902901251339195 0.0002453556205708196 1.6339104006041447
325 0.9994479081802015 0.0019546145904987267 0.0011661856594051834 1.6339755970295775
330 0.9993953418062469 0.0021204161109189545 0.0018003715812353605 1.633380769965476
335 0.9997500676841896 0.0007810218901531663 8.674184605261814e-06 1.633771474773261
340 0.9988235814048481 0.004450824394965025 0.013136470378386944 1.634007125419385
345 0.9998197023486972 0.00055015316375151 0.0014804730049891024 1.6337036979265165
350 0.9993275615024539 0.002515918170749476 0.0032608673803378174 1.6336366387197683
355 0.9995554136499045 0.0014275237953296216 0.0004585068892972721 1.6339216821171343
360 0.9998238475890984 0.0004531956424558281 0.0006324396561270262 1.6338412923131798
365 0.9998032478879707 0.0005343766334893196 8.534526447334656e-05 1.6335306011180792
370 0.9991411286474179 0.003291630949640467 0.008172987579186053 1.6334085482081715
375 0.999706303338951 0.000993428750675207 0.0002244157625561627 1.6335537015792405
380 0.9995606504690286 0.0014362835152084141 0.0022218141830467886 1.6334277896250682
385 0.9997795114773709 0.0006669693086203132 0.0026006043916493304 1.6334591762823139
390 0.9992921975316225 0.0026906437693532403 0.0019692909756297006 1.6338625969095932
395 0.9996169138670443 0.0014016324113284018 0.0020768396158505897 1.6334862654171047
400 0.9994342806620795 0.002124828196397255 0.0015836662191004436 1.6334547538601936
405 0.9996320780226403 0.0012830591065839947 9.409234936064159e-05 1.633484247807051
410 0.9998564430637092 0.00042652631950246267 0.005450747036010561 1.6337665962708185
415 0.9997574504351047 0.0008204037706782685 0.00048376466815414076 1.633681359260724
420 0.9992803680127849 0.0027692760377013848 0.0008730503993341632 1.6332796794952356
425 0.9991877570863861 0.0031201543857695135 0.0019184957898237265 1.6335724535248115
430 0.9994538217638809 0.001989222330968987 0.0014665839620962018 1.6332153999003618
435 0.9993617953393132 0.0024495748828452513 0.0032970107244660873 1.6334280314824527
440 0.9996375946362899 0.001297944070798751 0.00525485324140007 1.633591326373613
445 0.9997139021278028 0.0009490314601481309 0.0003653165750776566 1.6336446959157553
450 0.9994214043321723 0.0021548400538837775 0.0035198100155136025 1.633283734689333
455 0.9998626027254212 0.0003650304479616562 0.002269283711428649 1.6334388729435816
460 0.9996712465224664 0.0011726978249484432 0.0029106145875559264 1.633564521148431
465 0.9996036726443267 0.0014833616943776828 0.002705353783258646 1.6337062885072309
470 0.9990921502034804 0.0036186906356983073 0.006694427327972985 1.6336086054285932
475 0.9999074207336567 0.00022542746399345504 1.4375224135498854e-06 1.6336867621459659
480 0.9996795020804432 0.0011561328632447854 0.00683445155451734 1.6335061458075346
485 0.9996515854848294 0.0012753113448811249 0.0008610536886346498 1.6334654120182173
490 0.9997921694289822 0.0006959457085837784 0.0020690640549714256 1.6336643331432565
495 0.9998623781718592 0.0004177309305919419 0.001622368613693137 1.6335446438168302
500 0.9994574168741397 0.001997736461855304 0.0013702820665129067 1.6332515655593314
505 0.9997708337300313 0.0007784782641635513 0.00011596157408111374 1.6335343691334843
510 0.9995759846466084 0.0015821649076055433 0.0035338068790984334 1.6335782285615428
515 0.9998138923593898 0.000634072486121573 0.0029956089172102907 1.633428304504281
520 0.9997997543967392 0.0006802991793875002 0.004664510385346876 1.6333725281176128
525 0.9996711784883177 0.0011879686471640838 0.0001345578671700931 1.6333201703275646
530 0.9998733070302097 0.00039700861965474843 0.0014723067562467662 1.6334714017372693
535 0.9996854754173123 0.0011282232890599264 0.003369351253055708 1.6334366710377062
540 0.9998458889530512 0.0004971826442699001 0.0010517778392378219 1.633491150634272
545 0.9991546925886017 0.0033138654490687536 0.00027239408351942274 1.633150688814377
550 0.9995561172458242 0.001646864312268459 0.0009817021233531342 1.6333619637981789
555 0.9996065711904564 0.0014685797982700866 0.0015446905249136833 1.6334362634416002
560 0.9997477446084847 0.0008831357626888359 0.002939583461070372 1.6335657155553
565 0.9989877668668782 0.0038350216961200445 0.004926195740264205 1.6331890451158946
570 0.9998940016241444 0.0002880338831139362 0.0036160242450602453 1.6332829959105417
575 0.9995950151961568 0.0015026240419782066 0.0021993291023887362 1.6332478535715054
580 0.9997563194241091 0.0008655847956671181 0.005080216636535129 1.6333661133014812
585 0.999728709264301 0.0009672303163510421 0.0004844721062906565 1.6330737593101226
590 0.9998176535515428 0.000624324954634492 0.00038971131073939347 1.633203396223906
595 0.9998116956948813 0.0006364179835081085 0.0008018906803919368 1.6331112003617931
600 0.9993473396521175 0.002515495462900308 0.0009387937959419723 1.6334429584121808
605 0.999534720613489 0.001778754162353291 8.06222105205201e-05 1.6335630036276176
610 0.9998235417063439 0.0005643384799132178 0.000637239793648936 1.6332043814251995
615 0.9998435734465908 0.0005152576429103828 0.0028118736324862503 1.6333490101498356
620 0.9998419863069512 0.0005074381331595657 0.0026827809047071938 1.633182686932171
625 0.9997772108033312 0.000777763729595593 0.0016782431003321552 1.633242659779024
630 0.9998749036107801 0.00040109265726995247 0.0005683983714099838 1.6331157115121406
635 0.9997975323954316 0.0007114830304402187 0.0006762120121974746 1.6334788902550235
640 0.9995696494408894 0.0016522962625931115 0.014605386629592765 1.6333575445000654
645 0.9992337761552081 0.0030061729133767923 0.009096925869991779 1.6331582754932807
650 0.9995721352075392 0.001602351609871988 0.0029073648901509763 1.632868337472323
655 0.9997526252448042 0.000865219644076376 0.0011941876112313565 1.6334611264212984
660 0.9999010674809329 0.00029621294934623066 0.0006699940214782707 1.6333102194382993
665 0.9997576480847192 0.0008340428053741356 0.001609366215835184 1.6333509974063005
670 0.9993610509287582 0.002494797972915075 0.006294229814058916 1.633202036670033
675 0.9998301063601671 0.0005647192239874865 0.004532944397483529 1.6333560221340084
680 0.9996070610220918 0.0015016409110308881 0.00027038962557357493 1.633466639803817
685 0.9997738167038068 0.000811585606346199 0.0006469545482463701 1.6334792440975965
690 0.9998561912513871 0.00045113150947462266 0.001332566028362292 1.6335204529528722
695 0.9998333587701522 0.0005860345832577885 0.0005196069731416841 1.6332935744407482
700 0.9997663380138802 0.000854932897504046 0.0025960839252545664 1.6331189977449612
705 0.999813265037296 0.000646902767630797 0.0008264992690523165 1.6330378439737019
710 0.9997485290971486 0.0009284930649871015 0.0008813649573236049 1.6330599488880226
715 0.9998674567312724 0.0004310565499412444 0.0014404606667559605 1.6331731556148883
720 0.9996718248220455 0.0012024355993276448 0.0006045478143958949 1.6329332140168842
725 0.9998487462445642 0.0005101132221316806 0.00359946648862719 1.6332182247315357
730 0.9992082210397581 0.0031055883086341662 0.0040401479423139985 1.632913027526045
735 0.9998129252081139 0.0006684471993991803 0.0006632205788490442 1.6334054724836744
740 0.9995543045902846 0.0017132896940323938 0.0011112593034312557 1.6335316824150854
745 0.9995447290076434 0.0016753494893557708 0.004008236087920114 1.6332627680736411
750 0.9998182936515141 0.0006278690894223615 0.0030633731783922258 1.6332180746653913
755 0.9996689000985657 0.0012222773160768252 0.00516760047517506 1.6332640473847058
760 0.9994593895715296 0.0020723325183549246 0.0008210843965117398 1.6333724808511059
765 0.9996171837234209 0.0014243492003254143 0.003895490951498992 1.6331347356957797
770 0.9998462802252714 0.0005244570481897082 0.0009777562776047688 1.6333683667549541
775 0.9998601222854363 0.00047793856811684243 0.0013181359104275092 1.6332542744316738
780 0.999808944458056 0.0006832286627784789 0.0006012196232125788 1.6332281994711986
785 0.9995982106118289 0.0015520687780812281 0.00231038711477205 1.6331914201058968
790 0.9998768873693065 0.0003945084102010554 0.0016169793414668732 1.633187033176806
795 0.9998765780140537 0.00039845310675357126 0.0003180208812423313 1.6333138423417513
800 0.9993896482681409 0.0023453155849446627 0.003062310136435098 1.6330808904786256
805 0.9996322185496962 0.0013929237951280093 0.008261938852142325 1.6330462729574642
810 0.9995698940112527 0.0015794474218289167 0.004395258115086564 1.6330673667856468
815 0.9997364256614952 0.0009770655143628293 0.005006852904727133 1.633021029332127
820 0.9989650260192011 0.00415331318993295 0.003678668706230237 1.6331191439916395
825 0.9996008795974038 0.0015504955084142402 0.004554799438700297 1.6329741020484265
830 0.9996530203975929 0.0013110656438148904 0.0009125492257804346 1.6332198993287719
835 0.9999055747967156 0.0002843124624729576 0.0010172526418592565 1.6332413640635448
840 0.99988959990295 0.0003454561622222574 0.0007099752377712765 1.6330986468822317
845 0.9997319572425993 0.0009795456339420916 0.001429050234391216 1.6332666177933606
850 0.999618627969596 0.0014588995932882654 0.0035654178550936777 1.6329200055781428
855 0.9997842988616467 0.0007652058940925688 0.0041507398437889975 1.6332220500714094
860 0.9994983486941099 0.0019223215452113251 0.004777016688595204 1.6330884106054873
865 0.9998016816644101 0.000724095091149124 0.0022020093406489583 1.633029104046553
870 0.9997372593571627 0.0009670199544686842 0.0036656446686205157 1.6331317096317588
875 0.9992630526647268 0.0029079064404404775 0.006540309783042764 1.6329504607483372
880 0.9997936316374731 0.0007349878646343289 0.0022029811941739474 1.6331705262319545
885 0.9999198258883385 0.00023783771322127834 0.0011312673098142767 1.6334916418899297
890 0.9997089063659654 0.0010912165361876003 0.0008247983577276408 1.6331211731467212
895 0.9994183611800691 0.00223593583527526 0.001304647468940212 1.6330410955636723
900 0.999782132291422 0.0007819872203003175 0.001560968808230978 1.6332234829867702
905 0.9994221641774717 0.002188005051272146 0.001733252565195853 1.632754631147592
910 0.9998016789902229 0.0006778831887455095 0.0003412538588374314 1.6333827764887843
915 0.9997463532185904 0.0009283725261826081 0.0002992369884702306 1.63306853128862
920 0.9998311121630169 0.0005711146018816393 0.000999783666991938 1.6334051094621613
925 0.9999151951065006 0.0002401394183482175 0.0016440660176304522 1.6331148205324653
930 0.9995417784113887 0.0017536017875985355 0.003913754758600341 1.6328668102926551
935 0.9997014340888748 0.0010812477100499152 0.00606764989423203 1.6330606673343326
940 0.9998520178117631 0.000511851097553917 0.00043655947213983026 1.6332494037265612
945 0.9997931132945704 0.0006987795026258681 7.849448149244154e-07 1.6332735161672949
950 0.9995069051461869 0.001903237607341346 0.0070988061800025815 1.6331148088122
955 0.9997526179634906 0.0008933124838848006 0.0050128568091909464 1.6336831308496296
960 0.999838797185587 0.000542380796781039 0.0023005645629288196 1.633240727038299
965 0.9998612078626816 0.00044243668738830344 0.001976613549203865 1.6332567482328704
970 0.9997645154998966 0.0007696723602830247 0.00021851706806508275 1.6331334309008003
975 0.9996992808977051 0.001079596866577326 0.0031841669012910856 1.6329379307705216
980 0.999861585325651 0.00037182321436191046 0.0005034892919093537 1.633275417853454
985 0.9998677646516247 0.00034278842212631666 0.000687342606181307 1.6330380667195001
990 0.9996160140581318 0.0014209858096421168 0.0019733564694188743 1.6331404500728428
995 0.9998035094485065 0.0006744614396221316 0.002496862668332156 1.6332388104302729
1000 0.9998293502793644 0.0005086071333537667 0.0027348645707265806 1.633340679139377
