0 0.5905486373342979 1.1159407144164577 0.36899128528673697 0
5 0.9814489389482215 0.06057005339763921 0.010159680723029751 1.6651117715465904
10 0.9894538065100245 0.03795369181321884 0.00848817507819799 1.6455517800410862
15 0.9938972347986736 0.022764276355099256 0.0011351316755257024 1.6411919417516319
20 0.994182468153735 0.02428951905720611 0.006223854986936894 1.6402058574502922
25 0.9944692392182346 0.022508193687425848 0.01098774275057579 1.6387512491353333
30 0.9929759261454462 0.028269831672933066 0.010253968851067885 1.6386185817902368
35 0.9914094740161054 0.036338373797872636 0.014468285995974606 1.6369975759684863
40 0.9940492168031521 0.025307956918006358 0.002165262392078926 1.6377630682062425
45 0.993957991414508 0.02663658318608708 0.0070709875477299455 1.6366081595778206
50 0.9986001009618841 0.004152468694647027 0.0027999478802605005 1.6393458060547326
55 0.9979395743285934 0.007323874878491399 0.007342709585732798 1.636763881733869
60 0.9992156516078969 0.002705574245348785 0.0036095598481880042 1.63627405806102
65 0.9977696813016341 0.00822547431315912 0.0027649967783198726 1.6359807660274823
70 0.9982585626516423 0.005675347961852539 0.003112230403349292 1.6358387803818486
75 0.9978537742871393 0.00799615963056377 0.007083972491829904 1.6362271644793218
80 0.999602599313639 0.0010423166033981524 0.0016700600372108187 1.6357346702875117
85 0.9990293188396667 0.0033004173455288832 0.005574661754109478 1.63514308779867
90 0.9992702693815292 0.0024118060161983923 0.0022741659279130744 1.6359614948782806
95 0.9972601052592893 0.010711976353069863 0.0022505420025873413 1.6353937887524794
100 0.9989723298448625 0.0036367120138813824 0.006316073552032231 1.6355160268908413
105 0.9997488634577404 0.0006493220232244301 5.182246664237056e-06 1.6354399222886673
110 0.9980941788005729 0.007257381871483393 0.0072525651519914636 1.634962922115349
115 0.9996320937790746 0.0010392440992526009 0.0037496650198654002 1.6351238925962155
120 0.9995918866953972 0.000927254268006994 0.010663368465647416 1.6350666439000165
125 0.998708121437921 0.004868267143254501 0.0035261625165219357 1.6344067777720488
130 0.9988513006972115 0.004008729568928615 0.0010789639994359668 1.6353490408107854
135 0.9982431863179622 0.0066697536162971804 0.0003548509875426209 1.634912703338811
140 0.9996772176278885 0.0007989136760677695 0.002591955233344878 1.6344654309478295
145 0.9990337704371728 0.002724035034944894 0.0005309923096081803 1.6351544995178304
150 0.9992653632169496 0.0025654634333727167 0.0013782202232828222 1.6348743639814678
155 0.9996250792587312 0.0008821670707821472 0.0003402012674709187 1.634493467344798
160 0.9996915857259313 0.0008806514641477303 0.0014103059878829427 1.635140811420719
165 0.9996482777068469 0.0007987426911486573 0.002529429665707017 1.6348722519442822
170 0.9994638567670144 0.0015171989364564098 0.00024068035084612305 1.6346973680859214
175 0.9989522052449072 0.003951754209369884 0.006143448264576801 1.6344475318301548
180 0.9992261178925298 0.0027642429124872248 0.0007805203061663768 1.6348025803423365
185 0.9991676410010916 0.0029856257233400463 0.0013301998259807046 1.6345242923984826
190 0.9973854414856648 0.01018344985820474 0.012915911594833629 1.6348662130081424
195 0.9990975190163083 0.0031572958291592457 0.015898208757694654 1.6344426862480748
200 0.9997391342852044 0.0005553319941873358 1.3063350951192376e-05 1.6346006321138775
205 0.9994983079673866 0.0016226421585212591 0.0021069847845773815 1.6349315477140351
210 0.9986671511424394 0.0045763267216853976 0.0015020626155213268 1.6347611457180784
215 0.999559575864844 0.0013202509814802532 0.002624409803202221 1.6343197935005267
220 0.999400244112933 0.0022447087078825145 0.0009438599596471864 1.6344347007646942
225 0.999628194366137 0.0011571781284243077 0.044697605821403696 1.6342944416933414
230 0.9995956800068718 0.0009701912306872007 0.002574712738915297 1.6344866478849602
235 0.9994877357969565 0.0015340655385445157 0.002736733963327076 1.6346398768376893
240 0.9994636828182163 0.0017553473499269945 0.001806142896024765 1.6339560527537886
245 0.9994330300219482 0.0020380467295746385 0.0016655312459508131 1.6343629345312722
250 0.9990541724940408 0.003394274664623387 0.006646852238848311 1.6346111651994255
255 0.9996516764099286 0.0009464365734701552 0.0011929018588290319 1.6341238173560244
260 0.9995862022451052 0.00124958239205597 0.006492656049232437 1.6345447080267914
265 0.9992735903810437 0.00244008103757265 0.002695474007318621 1.6338135615106992
270 0.9997681371903019 0.0005467293178087473 0.0014132282037966348 1.6342526796451082
275 0.9994321831817781 0.0014535001767232991 0.000917669440152924 1.6342225602752407
280 0.9992047162333457 0.0027792385701257416 0.0004405027313512111 1.634045200202945
285 0.9994742179009122 0.0017471912657565092 0.0019130224775585347 1.6340504709507615
290 0.9990662442876859 0.003406462883562833 0.008601235421545672 1.6340878317084833
295 0.999722628201892 0.0006649308716322189 0.0008772202219229364 1.6341636469591974
300 0.9993108518157146 0.0023870277854574073 0.00024369634652621208 1.6337999783563222
305 0.9996779944195107 0.0008270606105575951 0.0008581415266835091 1.634286377078017
310 0.9996135882618887 0.0012137948082395766 0.0031832323718417044 1.6338550299216543
315 0.9995100606475995 0.0015267115726516067 0.000713677826015946 1.6341731641631794
320 0.9996934535449523 0.0009492100569112871 0.0029794448872753065 1.6340585287982214
325 0.9990036384033668 0.003585360368558943 0.0005613196539244747 1.6342621187244755
330 0.999487821902749 0.0018187707325925118 0.00628887511803411 1.634076894547419
335 0.9995754911864528 0.0014596730783029699 0.002354874294994591 1.6341336734886573
340 0.9986856086139166 0.005108155602544517 0.017824887788967292 1.6338871121408514
345 0.9997583051899321 0.0007382712382797418 0.0018014347353032534 1.6335584681713318
350 0.9996285067292192 0.001171665623187046 0.001722142052742237 1.6338511404548246
355 0.9992705010885466 0.002409342771589218 0.0032764832743343852 1.634184905209798
360 0.9992727363724387 0.0024102756255361957 0.0023487847821188623 1.633827531033439
365 0.9997909246212253 0.0005865030236904545 0.0013774988658274978 1.6338813005371975
370 0.999486455159418 0.0018099413986742974 0.0074414571007741515 1.6337683190797292
375 0.9990429628668607 0.003601992515070318 0.008524481222155433 1.633978928744631
380 0.9991934094937809 0.003036176685573766 0.0033183823469384865 1.6337033496549198
385 0.9996097126598453 0.0012727963898078176 0.001054681455886275 1.6341067671398504
390 0.9994869795127788 0.001857719429001481 0.00989088504610125 1.6340450129547057
395 0.9998187710207451 0.00045854837778058766 0.002414960414819811 1.6338448507960297
400 0.9997122550223472 0.000939086604445194 0.0017103775698121826 1.633769488710534
405 0.9995837381564621 0.0013200823043941767 0.0019371018629998904 1.6337219239654233
410 0.9997302851550582 0.0008320498867708803 0.0010656441190004529 1.6337868160899995
415 0.9994620627127095 0.0017127748919163466 0.0005540672459953822 1.6333813988250308
420 0.9995945027517089 0.0014699069847505797 0.0018789508435932412 1.6339928258974448
425 0.9996721549798339 0.0010458437211640081 0.000267297973109315 1.6337760038765692
430 0.9997898201410403 0.0005814108649411232 0.00022365021481185465 1.633837468155438
435 0.9992752172865388 0.0027443117262688776 0.0017660854843857265 1.6338350373717203
440 0.9994204766299221 0.002192131037612066 0.0020320294139173356 1.6335204565234833
445 0.9995597848493679 0.0015710502771695278 0.0030308036028359187 1.6336893845611882
450 0.9995113165173375 0.0015848726819387426 0.0032185013205245916 1.6335577062318523
455 0.999145214622151 0.0030780207565754836 0.00022809387777522616 1.6334979453834881
460 0.9991505036501596 0.0032731197081159458 0.0018257188273234082 1.6337982798547321
465 0.9998452094510616 0.00042503847941488537 0.003046083882464412 1.633636946193033
470 0.9996762302653066 0.0011498356165700052 0.001779510275597529 1.6333779352575168
475 0.9998139504417892 0.0005471922518545114 0.002730597782603539 1.6335272002201486
480 0.9998074127623631 0.000585762329345485 3.803038071792386e-06 1.6331181766541278
485 0.9996049516708174 0.0012855038498531535 0.002664908261855503 1.6333538576172375
490 0.9997479541946737 0.0007747919763132494 0.0004695979299875752 1.6334483240499693
495 0.9998098997264225 0.0005339194530589175 0.0010943403470733415 1.6333394308940472
500 0.999647828604378 0.0012752112492626644 0.003970016426080303 1.633360228249367
505 0.998977141631208 0.003640320785109674 0.0036725052345469855 1.6333494907337611
510 0.9996916636377209 0.001053297030224165 0.0007146191637237287 1.6333923316433945
515 0.9997203281373108 0.0009164460319024403 0.002177809266718178 1.6337591131356046
520 0.9990914815563626 0.003474319520696545 0.002087599604847723 1.633325956400731
525 0.9992210771331466 0.0030447476892674352 0.002600425658078276 1.633319244737328
530 0.9992824225202286 0.00272885386390187 0.003950787024770586 1.6335197059729658
535 0.9992658696636605 0.002583318235346521 0.004367324402408279 1.633417673818907
540 0.9997416263847279 0.0008976160254383636 1.655789659205098e-05 1.6335358663848905
545 0.9995409009854053 0.0015779550635499628 0.0019466901810836212 1.6334473451545568
550 0.9995032188490749 0.00187013883873699 0.004278945258632927 1.633480542213586
555 0.999842178552502 0.0004980141429253848 0.0008372945932468845 1.633483495725423
560 0.9998934420903951 0.0003015942149595663 0.003483195879034673 1.6335948464353038
565 0.9994054938129444 0.002245855788776119 0.0009268210782544806 1.633130523532829
570 0.9997620670245875 0.0007997743887684372 0.0016668859145871906 1.633428792313665
575 0.9998955688065354 0.0002999077691201446 0.0005514073283856558 1.6335612007425429
580 0.9996522004867796 0.0012951598046158086 0.0006355537474247441 1.6330349422944328
585 0.9993072693118095 0.0026664582103301804 0.0011298874934952963 1.6331634727036544
590 0.9997630640156081 0.0008638658748643113 0.0010795819716862276 1.6335351826067797
595 0.9998660039050185 0.00037950749391257865 0.0016969956734418368 1.6333576864718335
600 0.9998471807781844 0.00047887503836485656 0.002012541601370099 1.6335293398063582
605 0.9997383897416141 0.0009421406612855066 0.0025427343362249832 1.6332845672991656
610 0.9997250234242129 0.0010118667051959296 0.0039894096934876 1.6335677277635983
615 0.9996772549008517 0.001110199801360956 0.0032181426139334945 1.633228343514384
620 0.9998385406530279 0.0005545371360877738 0.0014079025228443953 1.6330965949957048
625 0.9995619099676488 0.0016597847977557478 0.003855930332084645 1.6334037260934686
630 0.9996630068418622 0.0012666348671395156 0.0036013116978543813 1.6331407110819847
635 0.9994502282520454 0.0020927199212152914 0.011678287002176546 1.6333402278456401
640 0.9998313449051168 0.0006027938256223386 0.0002725418890230369 1.633455999461888
645 0.9998644199627733 0.00043822464372467174 0.0006619174365523062 1.6333395002415525
650 0.9994647715804545 0.0020741198637270752 0.0074644622148367645 1.633061348405258
655 0.9996710378827269 0.001215427269788627 0.0061975513519696435 1.633339811350055
660 0.9992101429985547 0.003066527476887293 0.0008211065844392351 1.6331834768420908
665 0.9998520058036261 0.0004953234273761264 0.0005923659401583237 1.6333018999111275
670 0.9996789253296642 0.0012399661420885444 0.001698332228139643 1.6332960371086105
675 0.9998215000237778 0.0005619867876500706 0.00026189436835610813 1.6335389798247033
680 0.9997713146071325 0.0008003144520869476 0.00484719554077051 1.6332009590498942
685 0.9997820115229763 0.0007957361169523836 0.0003045393022214071 1.6332322554042267
690 0.9997471074953592 0.0009399712138391525 7.30660554562057e-05 1.6335199492616548
695 0.9997587721297512 0.00085648627300694 0.0007807624461704243 1.6332606803004142
700 0.9993057394691549 0.0027379715599211707 0.0052777670945136634 1.6331488514576287
705 0.9995154506563685 0.0018881760445681461 0.0009037826530577941 1.6331847547700917
710 0.999338458596327 0.002551116359493566 0.00019470781534014492 1.6329943704539758
715 0.9998704076309807 0.00043996827057712906 0.0033588684103307287 1.6331748536249702
720 0.9992558700898969 0.0028979365240964228 0.0023565146526927094 1.6331525153113864
725 0.9994808899711587 0.002027758183859474 0.0064985074422967415 1.6332252172732762
730 0.9997638337279467 0.0008866646816485524 0.00032035145862363557 1.6332669231339942
735 0.9995873710238774 0.001615440801644663 0.00692526035178509 1.6334330404559372
740 0.99955141816567 0.0017462463076411971 0.0007671976511909318 1.6333511242796317
745 0.9989983846012012 0.003989864890472372 0.004109335066347697 1.6329818379953454
750 0.9993291765866167 0.0026162460537226817 0.008723632990951025 1.6332145848232182
755 0.9995305448864288 0.0018214882840150715 0.004091760853990767 1.632849219024346
760 0.9999146443412181 0.0002336602972037305 6.698907296431855e-06 1.6334259161702493
765 0.9997630687049839 0.0008897988331084683 0.0005246488776791125 1.6330107813607517
770 0.9995675244502219 0.0016891928980429238 0.0024238025083223036 1.6332974313270026
775 0.9993426414774067 0.0026267116888318842 0.0013195470736238057 1.6331564182867635
780 0.9998486534465397 0.000521830362856468 0.0026830392893237853 1.6331910527410445
785 0.9998055205204157 0.0007071357197856454 0.00042075696236620885 1.6333168013280104
790 0.9989598484263815 0.0041295315010330125 5.736883726292774e-05 1.633029667427682
795 0.9996429744114268 0.0013762657875067141 0.002107116926272079 1.6331996049281563
800 0.9998676315180031 0.0004526201370795846 0.0023498982719689643 1.6329506203215305
805 0.9998550396815996 0.0005148629254008164 0.00037723548032575493 1.6333589659517653
810 0.999571768385565 0.0016694506951080434 0.0067000060676907225 1.633183344152713
815 0.9993396421030611 0.0026269771248736973 0.006440772554042518 1.6327673781236873
820 0.9997599276656488 0.0008988001332173035 0.0009026479986831148 1.6333368937799095
825 0.9996806232763946 0.001222408991929047 0.0005701020428281467 1.632555176472335
830 0.9995351309295221 0.0018047209040692458 0.0011146962926658066 1.633094657841454
835 0.9999118959726818 0.0002906658840957643 0.00023473924488270903 1.6332352432394146
840 0.9996858231735442 0.0011998822549117438 0.000538871391189355 1.6328394352732505
845 0.9998726175188372 0.0004463063380151233 0.0014558033348075483 1.6329648228716847
850 0.9997621057512726 0.0008611414955201901 0.0016689264012117455 1.6330723558920068
855 0.9996244819579775 0.0014273618038536107 0.0029573568884049273 1.6332173925503866
860 0.9997196111231812 0.0010624405885999444 0.0021305617790421394 1.6332111422469469
865 0.9997735778565244 0.000833709468418542 0.001292122753149716 1.633255123919331
870 0.9997730471237035 0.0008187485841393283 0.0023241632392119183 1.6323487550816347
875 0.9997245945395388 0.0010477600173257606 0.004880331192799403 1.6331892178772978
880 0.9998559579751066 0.0005187297736284346 0.0007009525803036709 1.6336052525131608
885 0.9997418212973845 0.0009581852533893098 0.0015569044700163293 1.633170058992196
890 0.9998441247393816 0.0005586573875540068 0.0014725129745234433 1.633054382800893
895 0.9998064164012332 0.0007199428545818787 0.004063962724242032 1.6331624315361668
900 0.999423321685911 0.002282048838484485 0.003915981846449368 1.632874926325667
905 0.9997655171780525 0.0008988788884713994 0.0031127713747056696 1.6332734248163814
910 0.9997289122871897 0.0010089827846868626 0.0005151079914589296 1.633134185077052
915 0.9999131756971573 0.0002838987156998929 9.020231226330999e-05 1.6333766322816883
920 0.9998448212860167 0.0005363004569403085 0.0013520927899501878 1.6330703790485737
925 0.9998376683024257 0.0005867663784477894 0.0005491014126239868 1.6330076433796155
930 0.999900650914001 0.00035282549810999875 0.0005573404314858088 1.6332400310437845
935 0.9995461525893495 0.0017616950152206101 0.0008110901851836605 1.6330987333427598
940 0.9996299516190175 0.001409271402784018 0.0005095513049893086 1.6331451562731873
945 0.9999408247439845 0.0001782324862513729 0.002281895609856477 1.633242005288567
950 0.9998694290573411 0.0004826183522985694 0.003439723617045365 1.6329913839419277
955 0.9999284665902652 0.0002349660425167155 0.001660724408757197 1.6331567341975284
960 0.9997361479640519 0.000981898104660761 0.0026002774535092144 1.632841098573912
965 0.9998539524462811 0.0004973165060100371 0.0003812685145809791 1.6330727547101367
970 0.9997151773509618 0.0011034101591076428 0.0023988541449602163 1.6331694782206787
975 0.9998612319286393 0.0005164764681309109 0.0007280925542092476 1.633242364159319
980 0.9996486620499296 0.0013595704486841775 0.0008111811213225018 1.633127032494489
985 0.9992469528566877 0.0030083871994825984 0.004151276220840661 1.6331171258973385
990 0.9996816494025936 0.0012166740599579562 0.0015413994726840574 1.6330626260780912
995 0.9998449929883474 0.0005395715025717784 0.0012368858311737618 1.6331098275027227
1000 0.9997116167615869 0.0010440397600228746 0.002522578885787663 1.6330717539449688
