0 0 0 0.2657445556139154 0
5 0 0 0.01398506310357761 27.353047401819495
10 0 0 0.007254378421911678 27.193608216443
15 0 0 0.011543575942319917 27.106072099099123
20 0 0 0.011151980957270213 27.045888978000285
25 0 0 0.015986314913477573 26.986240706205813
30 0 0 0.015337568198021012 26.921030050967794
35 0 0 0.013337699748209753 26.868746174063617
40 0 0 0.014751652238498503 26.82325430573024
45 0 0 0.012115141027883247 26.784682557098233
50 0 0 0.015178495575790762 26.72502985120148
55 0 0 0.017134388710783544 26.686411831256166
60 0 0 0.012895272827107451 26.652902134598992
65 0 0 0.012883536065409373 26.621584843452283
70 0 0 0.016088139911661692 26.582364467218657
75 0 0 0.013385247741346973 26.576609994579176
80 0 0 0.016102776970441157 26.556953236738845
85 0 0 0.012514158771805395 26.53060162426916
90 0 0 0.014361870583238234 26.519710003909513
95 0 0 0.017449476438935463 26.512201298437407
100 0 0 0.01654711141374965 26.497604789970065
105 0 0 0.014758339764195272 26.49169299396034
110 0 0 0.015034245779321331 26.469850068838188
115 0 0 0.011643048197332417 26.465785623125075
120 0 0 0.014521606331835635 26.47104350009769
125 0 0 0.017800531493608274 26.458189791398876
130 0 0 0.015273675939311948 26.465983387263364
135 0 0 0.015763338830857787 26.45589605480031
140 0 0 0.016930202518323778 26.45292606289883
145 0 0 0.01462731090304814 26.43845821348106
150 0 0 0.016080578620842 26.443283280008483
155 0 0 0.016356749831941908 26.43688706312581
160 0 0 0.014378458449218812 26.43438006908058
165 0 0 0.013864943386515005 26.425150722247476
170 0 0 0.014041312281560137 26.431968044349368
175 0 0 0.015205799632625139 26.430042049877184
180 0 0 0.016770381781151977 26.43071012027185
185 0 0 0.016798582262983475 26.42742563365372
190 0 0 0.017219468260009085 26.418100559952567
195 0 0 0.015942751373534403 26.421279786714923
200 0 0 0.015858137689913177 26.424705790864763
205 0 0 0.0159349938581288 26.415675547285442
210 0 0 0.015488273518471818 26.418870749846583
215 0 0 0.014724630049519405 26.41511195442162
220 0 0 0.012778111142111026 26.410785116513107
225 0 0 0.016256537866224052 26.411900710333576
230 0 0 0.015534867359698445 26.420660373789623
235 0 0 0.015244688924545002 26.412312767307824
240 0 0 0.01420154667610074 26.40865234338019
245 0 0 0.014436111514855243 26.41015109855148
250 0 0 0.01428684710902317 26.40263070645795
255 0 0 0.017773031544224382 26.404201639674092
260 0 0 0.01575176404499956 26.40192968847959
265 0 0 0.018869021403949304 26.410847171253486
270 0 0 0.012741452703201261 26.403673239336673
275 0 0 0.01470167612672868 26.399147778258374
280 0 0 0.017416539301099432 26.40305428832437
285 0 0 0.014694797364384726 26.400254886806934
290 0 0 0.017809734055784343 26.39804391326692
295 0 0 0.013192821855684489 26.40055023554063
300 0 0 0.014683703611191978 26.389537351145826
305 0 0 0.014784572565437415 26.391980329106083
310 0 0 0.020417801655182588 26.387601352012297
315 0 0 0.015800905926615316 26.3841653383426
320 0 0 0.018484482008102487 26.387904595563427
325 0 0 0.018886375796471677 26.37984738735437
330 0 0 0.017248367882834126 26.37861122507326
335 0 0 0.014064121222241432 26.378228243794286
340 0 0 0.013351733279148403 26.376689852993255
345 0 0 0.01750322349631883 26.369968440640335
350 0 0 0.015070456909028529 26.375536372685616
355 0 0 0.015528381683427295 26.370097439656032
360 0 0 0.016968329016259887 26.359389057470135
365 0 0 0.016147705419399694 26.361878905052876
370 0 0 0.01627512776312101 26.35750350047779
375 0 0 0.01691630576513381 26.345591671808958
380 0 0 0.013928528053737788 26.342829578639815
385 0 0 0.015294650036308699 26.34315396952024
390 0 0 0.013768274269647662 26.329214308996455
395 0 0 0.016407144071930224 26.321983587928063
400 0 0 0.012058028404726917 26.312927203307954
405 0 0 0.016156540875380987 26.310752133417342
410 0 0 0.019037443805560716 26.314290621396776
415 0 0 0.016948297117758138 26.283206753807985
420 0 0 0.01855063359975251 26.29633927892278
425 0 0 0.013524553151418539 26.264863952786673
430 0 0 0.01778227034466129 26.267979675977223
435 0 0 0.017025769963076698 26.25678457369887
440 0 0 0.017742478485853308 26.269115246468665
445 0 0 0.015585827859407875 26.248682888222973
450 0 0 0.016321348513235412 26.250478593842363
455 0 0 0.014478235928910843 26.23804844476181
460 0 0 0.016565066352065783 26.226501942188946
465 0 0 0.015470545834802563 26.22152175933424
470 0 0 0.01832274054259475 26.225633483504126
475 0 0 0.02053087632751005 26.211725619356326
480 0 0 0.020786555829044318 26.204693599778203
485 0 0 0.020811861530491083 26.21213594191098
490 0 0 0.018483560345629257 26.19041261850819
495 0 0 0.01874628336680395 26.197360973744754
