0 0 0 0.3011013585200708 0
5 0 0 0.009502613386219716 8.097882531411692
10 0 0 0.010085010084430523 8.051813521823311
15 0 0 0.009401891471406243 7.993946257644768
20 0 0 0.008816391579304694 7.9714352067137
25 0 0 0.0042866567415214 7.936592548257965
30 0 0 0.009686968734009316 7.911510739268336
35 0 0 0.003742249734884018 7.911276040725806
40 0 0 0.00997127578202539 7.902291916818081
45 0 0 0.007687548949864009 7.896893555739038
50 0 0 0.006601595543198169 7.892626668496089
55 0 0 0.017843775338280077 7.888582281669641
60 0 0 0.015890146921112347 7.885803114594772
65 0 0 0.006498911378056249 7.8837517768209775
70 0 0 0.011020450723262298 7.8880526448801245
75 0 0 0.01811047774812624 7.881719381030514
80 0 0 0.015158844418964756 7.880055527875545
85 0 0 0.009690136107052716 7.877386378798534
90 0 0 0.015638885186149754 7.877210858024057
95 0 0 0.011858572872187834 7.8771392118553605
100 0 0 0.015156240171564361 7.873621799762673
105 0 0 0.0076811862634424966 7.87199993037443
110 0 0 0.019466212947984562 7.874631616742058
115 0 0 0.023430547290407944 7.8719682988244175
120 0 0 0.009914312289577731 7.874625946034609
125 0 0 0.01786877046532065 7.868098329714257
130 0 0 0.01499431438863752 7.868722459782632
135 0 0 0.015355987020215789 7.866359350698888
140 0 0 0.017998404746705887 7.867040816881161
145 0 0 0.0069787814658717195 7.872209384827013
150 0 0 0.015338961659669303 7.8690972921879325
155 0 0 0.010405531417353231 7.868475159283897
160 0 0 0.011856588312835203 7.8670149408288985
165 0 0 0.014129938374885631 7.870322838235036
170 0 0 0.007723400713458783 7.866658476715937
175 0 0 0.019311120640129298 7.86687980928426
180 0 0 0.007559808118755784 7.865300287110087
185 0 0 0.012967374780892715 7.865026179698821
190 0 0 0.01722877182175453 7.866449425898366
195 0 0 0.016449847742570967 7.862736103841956
200 0 0 0.009638519697941828 7.865221333717402
205 0 0 0.013301806538345229 7.862762130798517
210 0 0 0.015103635309221763 7.8647921501067435
215 0 0 0.01132000819588419 7.864039098720842
220 0 0 0.013443430331965711 7.863809655741567
225 0 0 0.015542551334934984 7.862874341927034
230 0 0 0.013920003143324644 7.863396229561233
235 0 0 0.020935657594418622 7.861516539997483
240 0 0 0.013563707749572718 7.862610851286442
245 0 0 0.00843160529469511 7.863071437280123
250 0 0 0.004578423454186797 7.862212106164184
255 0 0 0.009657485620238049 7.861398685412271
260 0 0 0.017193353374739928 7.861822975268924
265 0 0 0.009511090194052274 7.86082702193963
270 0 0 0.015708274976715675 7.859983276423442
275 0 0 0.016930807824712346 7.8623860753353405
280 0 0 0.01683457862187243 7.862135491226617
285 0 0 0.014625290649112 7.862280681493888
290 0 0 0.013289307323285593 7.861929254202071
295 0 0 0.015829712110309035 7.858486286774541
300 0 0 0.007780276397655328 7.859333647142104
305 0 0 0.016930720739280147 7.859958164257304
310 0 0 0.012116020398037275 7.857500296427906
315 0 0 0.008530876606550164 7.8579326108087635
320 0 0 0.008653541500319495 7.859015539965511
325 0 0 0.014470150703117524 7.859400358830353
330 0 0 0.017680450448745333 7.8611789214289045
335 0 0 0.013465557590429666 7.859620900242479
340 0 0 0.013548118564872924 7.8582273271812495
345 0 0 0.01492164347004099 7.859011381222075
350 0 0 0.014681990753669494 7.858405436425634
355 0 0 0.014402827767804771 7.857077062613386
360 0 0 0.013962870035953312 7.857211061567433
365 0 0 0.013690000634593469 7.855555501270867
370 0 0 0.00895582037982079 7.857933837377135
375 0 0 0.016450513128446698 7.85680996908355
380 0 0 0.015191074023015672 7.857729446323224
385 0 0 0.018309342149996022 7.856297078298851
390 0 0 0.01756029925378133 7.856565076631674
395 0 0 0.011647336764214922 7.854100711038087
400 0 0 0.016202011434656383 7.856731369198831
405 0 0 0.013057290821911982 7.854893580408125
410 0 0 0.01871193233482682 7.855610521251093
415 0 0 0.011649690605918028 7.854693456263285
420 0 0 0.01559883676133711 7.854522579861156
425 0 0 0.007995815529014516 7.853281037277628
430 0 0 0.009428188385668168 7.855119862045104
435 0 0 0.018832603652424007 7.854605760035399
440 0 0 0.01113205110472526 7.854447797006021
445 0 0 0.01589259399644316 7.852650157383416
450 0 0 0.013756890881583494 7.85132124963602
455 0 0 0.02284811491193417 7.852789499423776
460 0 0 0.01033661297576316 7.85227197419296
465 0 0 0.011974688300605552 7.851509157171087
470 0 0 0.0017259063672587782 7.850911207018498
475 0 0 0.015726411333972123 7.85121268756952
480 0 0 0.005869177014372617 7.852187294959715
485 0 0 0.01716328903983233 7.850767556324639
490 0 0 0.021346529994699326 7.851224705647281
495 0 0 0.013097598394505416 7.850462401805252
500 0 0 0.0068773418073801995 7.932577386499812
505 0 0 0.008355012934718964 7.850219333727457
510 0 0 0.014673404819554037 7.847386973279665
515 0 0 0.015745829492399555 7.846418527807569
520 0 0 0.013392376536562223 7.846196586747448
525 0 0 0.015611630806539267 7.843694553106012
530 0 0 0.0027254749897276387 7.844648865487939
535 0 0 0.006291133145089445 7.8443031102408805
540 0 0 0.0012149117076163396 7.843639037436435
545 0 0 0.0063157489041769654 7.843677782774416
550 0 0 0.015577135035197864 7.84255299085055
555 0 0 0.005226882904703745 7.8421833658204845
560 0 0 0.00705754871602049 7.841309690360614
565 0 0 0.009352879019695948 7.841061085807626
570 0 0 0.010800048469690848 7.841462707309663
575 0 0 0.010487859475412087 7.840177898771128
580 0 0 0.006489696857996163 7.840393720235029
585 0 0 0.008057292217761747 7.839950240997594
590 0 0 0.004080279644519846 7.838704995374782
595 0 0 0.001588785683503957 7.837736564553492
600 0 0 0.013528536416524961 7.8373358072699615
605 0 0 0.001743670629083427 7.836697481102732
610 0 0 0.008669262059902483 7.837511183577552
615 0 0 0.014327561148984369 7.837360142342005
620 0 0 0.011793651209193623 7.835172413593198
625 0 0 0.016828498248957713 7.834034106443936
630 0 0 0.008380860388954359 7.834586277755903
635 0 0 0.007539148437141208 7.832283169091568
640 0 0 0.0004937222165359856 7.8325838083943635
645 0 0 0.004538528393327024 7.832248043366255
650 0 0 0.012288413370547646 7.830648555058733
655 0 0 0.003723568409432332 7.830969961736597
660 0 0 0.008886349348125044 7.830740289458233
665 0 0 0.00274756020423772 7.828548029595939
670 0 0 0.011034892180770361 7.827382054765065
675 0 0 0.01689144796227482 7.8275238692175115
680 0 0 0.01253950504259116 7.826782153295504
685 0 0 0.0007165599085121599 7.826395896489537
690 0 0 0.011276605767404524 7.825688768979192
695 0 0 0.0074008021380154165 7.82465976975592
700 0 0 0.0061476370442539174 7.8236775267435466
705 0 0 0.006720336404195892 7.823420320358258
710 0 0 0.0012280300106983777 7.82322368514644
715 0 0 0.00802435040669458 7.821565749988054
720 0 0 0.00827894465354495 7.821981456715015
725 0 0 0.009623155519611126 7.821342694378493
730 0 0 0.002251785727871214 7.8205122863539165
735 0 0 0.013284705832905752 7.819806698079105
740 0 0 0.00031194690028324423 7.819013390294422
745 0 0 0.005479045293458329 7.815606936291136
750 0 0 0.001204328542274924 7.8175396837224955
755 0 0 0.004354717892158355 7.814760170196739
760 0 0 0.018874503628677486 7.814115339694963
765 0 0 0.01224960386218843 7.81289779436096
770 0 0 0.006386206636625591 7.812452247584371
775 0 0 0.017466657218784265 7.811529063275459
780 0 0 0.014093931392952674 7.811829926258386
785 0 0 0.001814546060092237 7.808855059937306
790 0 0 0.028533089750643725 7.808397495171681
795 0 0 0.021223804590071893 7.8074585321202274
800 0 0 0.00846166518296343 7.806937776095696
805 0 0 0.011739812423351648 7.805698039142834
810 0 0 0.0005885973115502541 7.805212445325497
815 0 0 0.005868350339807593 7.802835780984319
820 0 0 0.01756642589341384 7.802974248510827
825 0 0 0.015208735128049433 7.801698363563036
830 0 0 0.003057108691972177 7.8014644625209435
835 0 0 0.013250091646247686 7.800591470171993
840 0 0 0.0028626982071959794 7.799077074370003
845 0 0 0.005342389577400075 7.79871117403144
850 0 0 0.025760048911153133 7.797531522599282
855 0 0 0.006524371591048128 7.79680792930789
860 0 0 0.022101665618763366 7.795113267327203
865 0 0 0.009932414432460845 7.794134546998288
870 0 0 0.027081850193383383 7.793015462525774
875 0 0 0.037397822160692984 7.792404292196478
880 0 0 0.0012317672119177558 7.791198390200418
885 0 0 0.04984789853673566 7.789806420528765
890 0 0 0.033207620757063294 7.790986762603449
895 0 0 0.012261648065812425 7.787507748566373
900 0 0 0.02025074994750975 7.787417277545427
905 0 0 0.02142127215344214 7.786433599864526
910 0 0 0.015862254337822845 7.784397477450168
915 0 0 0.00627936720064004 7.784088530311051
920 0 0 0.05237301975746389 7.783656884502687
925 0 0 0.006183166236429782 7.782308775978757
930 0 0 0.029114769009026542 7.78166167540977
935 0 0 0.042893556937045885 7.782207370968155
940 0 0 0.008436168729607285 7.78009750252085
945 0 0 0.009031169847038667 7.777425585478308
950 0 0 0.027367733052323207 7.7773103538652455
955 0 0 0.044251145200945974 7.77615352766356
960 0 0 0.052619200020264545 7.776053087065497
965 0 0 0.035783725269912914 7.7756889491856604
970 0 0 0.04344143470482642 7.775668671284548
975 0 0 0.006625995306368093 7.773984480722907
980 0 0 0.04370768315226914 7.7723172904946765
985 0 0 0.03537478499820845 7.771279101060347
990 0 0 0.037413962266899636 7.771125533594066
995 0 0 0.0495546496135022 7.770052186597534
1000 0 0 0.04712141514819779 7.769499461191389
