0 0.711279333701627 0.6813933244036616 0.6099229787004045 0
5 0.8400932659917828 0.3721371973755856 0.3291111048529024 1.084976018183675
10 0.9039655786900103 0.2378835381199501 0.23192061121629481 0.9381219947212059
15 0.9354197354807883 0.158941599301631 0.13242538488219946 0.8570084387805443
20 0.9579695491767796 0.09809021128180706 0.11538426357429132 0.7950000060837429
25 0.9738804116122701 0.05779623852109983 0.10742211558482462 0.7531532264810467
30 0.9832590606926827 0.03547927493669922 0.03413335312616339 0.7297485356180262
35 0.988507732855094 0.023600593967634254 0.05997239573495605 0.7172952738799191
40 0.9917421093984586 0.016841176990253226 0.011092876976698585 0.7103564292758392
45 0.9937830091108063 0.012800570630256636 0.0022387670375949575 0.706094507980948
50 0.9950695457685397 0.010038556483805028 0.0006824135520412389 0.70335772634487
55 0.995973349456299 0.008156406021801565 0.011496011510404247 0.7014614229962117
60 0.9966396726170013 0.006871033132444859 0.012310087139875803 0.7000367776322111
65 0.9970989940093171 0.005813386403935694 0.0004207394169253309 0.6990392439013858
70 0.9975173576874036 0.005044725001628114 0.01240356060637171 0.6982996908594327
75 0.9978171359840615 0.004458677323172955 0.007776444661068527 0.697633614792109
80 0.9980647088132751 0.003902583065948817 0.002024877810171688 0.6971115577780072
85 0.9982531393732954 0.0036014837369711117 0.001827590730848705 0.6967411174581187
90 0.9984235340783219 0.00315716116846787 8.60017350641229e-05 0.696359568775716
95 0.9985616282246179 0.002880178009824874 8.475438387489653e-05 0.696112571656271
100 0.998664146964745 0.0026865400733339095 0.00011383788059338151 0.695865672761002
105 0.9987909698929334 0.0024714929394453744 0.0007532728941771483 0.6956070266312124
110 0.998886903800957 0.0022458965724063695 0.0009616371564794557 0.6954678546566566
115 0.9989581774182088 0.0020864292015887465 0.00010745835440639784 0.695320223160225
120 0.9989821225198059 0.0022051175094626174 0.00121713708742055 0.6951892340788995
125 0.9990935286013829 0.0018150905672040807 4.692859512456238e-05 0.695075623973195
130 0.9991485613109657 0.0017048804060386669 7.763520781800537e-08 0.6949492776423085
135 0.9991650008519157 0.0017062398026048697 0.0001656767932032288 0.6948165918495441
140 0.9992412828720705 0.0015194117355932235 3.1953261325878834e-05 0.694743379297568
145 0.9991400738615124 0.002075426070521358 0.0014596788563134844 0.694640502147142
150 0.9992929378740314 0.0015044758424642701 0.00017723323476181996 0.6946160825764699
155 0.9993120089429288 0.0014980760480032274 0.0023927057974026944 0.6946030681151698
160 0.9993587326649445 0.0013124156834407597 0.0005811449851336192 0.6944309983946986
165 0.999401011279041 0.0012423560914107679 0.002178665024363813 0.6944313966158344
170 0.9994263471432137 0.0011593892435087794 0.0009290255504090794 0.6943291901871433
175 0.9994459184506785 0.0011621488543884784 0.000764137804499021 0.694267500873404
180 0.9994834920699122 0.0010429482981059168 0.0007959770966803337 0.6942912860791273
185 0.9994760976160837 0.0011289252405324302 0.003371440361996214 0.6942741638073773
190 0.9995221298267782 0.0009676581373556647 0.00040884048154787855 0.6941779185840573
195 0.9994802047610972 0.0011914581722898276 0.00018979859261292198 0.6941738052750202
200 0.9995492488790831 0.0009325124622123759 0.0022342673857873585 0.6942231381975472
205 0.9995625288374881 0.0008880080239146437 0.0004326130578595766 0.6941201155896458
210 0.9995100368094438 0.0011057233075987272 0.0011407201832822622 0.6940561086860848
215 0.999598837130461 0.0008052870745524077 0.0006030416521580761 0.6939492868887197
220 0.9994453251095398 0.0014835817048295397 0.001571745326930496 0.6940040251650261
225 0.9995011335241368 0.0012797909895998494 0.003911972508227501 0.6939817434364218
230 0.999629767160237 0.0007677795650884445 0.00015184572176130118 0.694066860642053
235 0.9996489183406099 0.0007039782231466063 0.00013376114237872994 0.6939876710228476
240 0.9996590745050751 0.0006834308255720956 1.853814262209319e-05 0.6938244265214
245 0.9996426102847878 0.0007549489690000799 0.002071025586336539 0.6939183037272606
250 0.9996731567387189 0.000659837101183891 0.00034113430852555915 0.6939329531075328
255 0.999653427371801 0.0007753077098107131 0.0008807867161357841 0.6939303198041532
260 0.9995874715196882 0.0010639348731813492 0.0029410399072993254 0.6938502727802539
265 0.9996858561900466 0.000673947932205099 8.864874973291137e-05 0.6938743563418802
270 0.9996570902611109 0.0008098525355256792 0.0032992676891757666 0.693846497732658
275 0.9997140345257411 0.0005768999411053244 0.0010006298779661194 0.6938314816654908
280 0.999707833362787 0.0006282861816373497 0.0006076064198545783 0.6938154421845717
285 0.9996779194574755 0.0007665140573630547 0.0020022758739906 0.693824469255605
290 0.9997048724458224 0.0006443875061092896 0.0016384957344390827 0.6937974886750014
295 0.9997345431904479 0.0005564347524549262 0.0011325449340914284 0.6938235208983288
300 0.9997130920281232 0.0006588005272063491 0.0005332302688862978 0.6937650391599203
305 0.9997535268380169 0.000499333860167317 0.0003711081281629891 0.693757400742665
310 0.9997328038369642 0.0005998058731697675 0.002113714530258881 0.6937371680960878
315 0.9996116871638301 0.0010579737145489654 0.0025682537528397553 0.693586039946882
320 0.9997643130213576 0.0004800601652508174 0.0004498157301700001 0.6937249818359639
325 0.9997176543703078 0.0006925179537387027 0.001096807820737511 0.6937109644870938
330 0.9997568888803252 0.0005238781482669319 0.0004096797294681487 0.6937289980310328
335 0.9997746813162864 0.0004751558344024964 0.00130308247300559 0.6937134566439925
340 0.9997587071786687 0.0005327945114603772 9.782741615649293e-05 0.6936775194552368
345 0.9997757076338797 0.0004888434070554615 7.794204282962625e-05 0.693757051263773
350 0.9997408898708757 0.0006402947822792271 0.00375851254421411 0.6936792101746169
355 0.9997588503462492 0.0005744944615997394 0.0009623626570085531 0.6937176536201646
360 0.9997994124874072 0.00041337777336114545 0.0010795269712169375 0.6936315975889904
365 0.9997990481459489 0.0004145366257009009 0.0008314297377416402 0.6936578575408688
370 0.9997724526613456 0.0005403930822505121 0.0005652713251368402 0.6936336895622509
375 0.9998099885815914 0.00039119175191348887 0.00010603510245132952 0.6937016451717598
380 0.9998034543213925 0.00042598454094178173 0.00016168552275663828 0.6935513584666595
385 0.9998197095541933 0.0003618919136281207 4.0165191472318895e-05 0.6936378212453523
390 0.9998061512314402 0.00041637463464838653 0.001410925809971486 0.6936042158649159
395 0.9996941948633673 0.0008889726712904 0.002106679732265526 0.6935716553605128
400 0.9998083524482093 0.00043057936226031934 0.00045063988834936897 0.6936319781413416
405 0.9998242101401961 0.00037034421708737053 0.0017081214939609346 0.693664929010483
410 0.9998338299821947 0.000333844071616074 2.0008076077715486e-05 0.693661519896829
415 0.9998201174696246 0.0003986217548404003 0.0011510137464935122 0.6936530211048902
420 0.9998039801415939 0.00047006075444300244 0.0026499928571172005 0.6936148888857752
425 0.9998229890379107 0.00038645592169550547 0.0016254747816482062 0.6936212849046172
430 0.9998370794056267 0.0003434551507563999 0.001650094954620318 0.6935786251778358
435 0.9998235863963915 0.0003928861179898213 7.758099782217975e-05 0.6935674501846583
440 0.9997654847758111 0.0006450900747324573 0.0029938950446186663 0.6935304436688674
445 0.9998413734725341 0.00033296010017735966 0.0006369762006506186 0.6936088761597504
450 0.9998006030247455 0.0005112402691014317 0.00019943170733838222 0.6935621330842807
455 0.9996884444803148 0.0009684450433302683 0.002280201881947219 0.6935820078681525
460 0.9998338399016022 0.0003733478344010166 0.0009294183641861409 0.6935984087287652
465 0.9998535545962529 0.000306431046721789 2.4561762040020696e-05 0.6935975894267594
470 0.9998362145767257 0.0003715034942514128 0.001482406898448807 0.6935731162961113
475 0.9998311952638337 0.00040644517756993626 0.00019367562647576442 0.6935017374168645
480 0.9998615718646269 0.0002814147581151616 0.00036999615838184674 0.6935946504578344
485 0.9998552303151396 0.0003084103683069772 0.000538831647801219 0.6935684172701124
490 0.9998040959786552 0.0005270962013564917 0.0006581590395804415 0.6935651817559205
495 0.9998500335904452 0.0003436268901453321 0.0017391386491035776 0.6935702516428202
500 0.9998559780095703 0.00031490037766013224 0.0003535648477533959 0.6935032969967254
505 0.9998245937981882 0.00045378277542929 0.0010102523222668136 0.6935313869163708
510 0.9998153769730689 0.0004942395913101194 0.004202158770336695 0.693564304829965
515 0.9998110046468496 0.0005149351356198428 0.0015924735627811382 0.6935174354237627
520 0.9998558451490025 0.0003357961881659266 0.0007234622152156867 0.6935439946253962
525 0.9998631729508601 0.0003087705434828836 0.0009987701566012142 0.6935398194226241
530 0.9998766598354988 0.00025579736429459654 0.0001278988093151856 0.693508462770742
535 0.9998745029377805 0.00026787013243123603 0.00012685721677441197 0.6935218088360791
540 0.99986815778462 0.00029693181146184244 0.0018739960514697618 0.693465642993283
545 0.9998114762252442 0.0005297083349982135 0.00030279715192182977 0.6934877082643149
550 0.9998450414803766 0.00039645106940366936 0.0001988437056903436 0.6935421754005379
555 0.9996926947322198 0.0010130617107151352 0.0031864459278261315 0.6933764603384759
560 0.9997638804822647 0.000729091178295338 0.0020470984330620556 0.693471208661617
565 0.9998748359875739 0.00028269511336653785 0.0003840180016646544 0.6935588503085676
570 0.9998878002668194 0.0002314385633882532 0.0004696137984402382 0.6935362501647683
575 0.9998907902176818 0.0002211041813988679 0.00033251856459204365 0.693595256649691
580 0.9998521546490242 0.0003716063353872423 0.0036526523337027106 0.6934712737177954
585 0.9998929854645366 0.00021686345027616127 0.000601134631215583 0.6935092139689409
590 0.9998472922947821 0.00040624013566770145 0.00419157455530994 0.6934994562960024
595 0.9998782910653881 0.0002825386680906927 0.00017041749761015357 0.6935144264642378
600 0.9997878058005772 0.0006337980497648221 0.009395314830969448 0.6933714432134812
605 0.9998949112499662 0.00021575121186301338 0.00017501807462205754 0.6935137474870915
610 0.9998474250352154 0.000414023119611473 0.0010296987973583693 0.6935000551647803
615 0.9996723606810838 0.001120467440670847 0.005104560908991251 0.6934290610574273
620 0.9998594777910337 0.0003691893998536422 0.00539406743604709 0.6935441345462735
625 0.9998249947493212 0.0005103557130790026 0.0006909463089634915 0.6935238254012781
630 0.9998667602064144 0.00033453102538927304 0.0001335958240431534 0.693465479875414
635 0.9998656709696361 0.0003497525961817516 0.0015894070113613434 0.6935074340866407
640 0.9998616139770284 0.00036797996458615145 0.0016974898014969764 0.6935291982391817
645 0.9999033652801985 0.00019942595643418493 0.00045295712388115916 0.6933143291985402
650 0.9998998902232841 0.00021579664388959863 0.0001227585396069708 0.6933993788931105
655 0.9999054418876727 0.00019443323419088276 0.00023395582507501622 0.6934863758694214
660 0.999872098462814 0.0003324359017444767 0.00015076261368185406 0.693526393076225
665 0.9999046864599139 0.0002012621668902037 0.0005940275840251585 0.6934999316295771
670 0.9998987144508646 0.00022301690030046561 3.8395586415829186e-05 0.6934199367477493
675 0.9998891421215454 0.00026823289366095793 0.0009859914394734215 0.693503858961147
680 0.9997748941888116 0.0007304421205895917 0.00011024058010378202 0.6934479163162942
685 0.9998878982771854 0.00027643730048332316 0.0007548947869976397 0.6934816939072002
690 0.9999125885376416 0.00017607924365492522 8.325044037027496e-06 0.6935386908476966
695 0.9998781321020441 0.00031111937818695257 0.002144829756582811 0.6934703895546316
700 0.9999066097568909 0.00020470923389592777 0.0001967414499417508 0.693477463267144
705 0.9998512264124163 0.00043051232750968005 0.0015729585960464476 0.6934252910939875
710 0.9998268321863046 0.0005301570748849072 0.0001753832025782609 0.6934610029816639
715 0.9997328294897803 0.0008918679928656692 0.0015528899627281767 0.6932960492876897
720 0.9998189172965767 0.0005647119778783294 0.0007325527134804943 0.693477577793524
725 0.9998952536663742 0.0002521397792802915 0.0029139086250609125 0.69349256698047
730 0.9998977268488978 0.0002494040755420812 0.00044109573598560825 0.6935899894677873
735 0.9998346975131469 0.0005051104534988804 0.0017596944800125636 0.6934157995961648
740 0.9999140873044345 0.0001853163259382118 0.0007243733695907473 0.6934773492849167
745 0.9999123118698956 0.00019050414009669225 0.00012127251518723181 0.693374724942328
750 0.9999125103457607 0.00019439769513507343 0.000645736707067468 0.6934901038406585
755 0.9999211209282419 0.00015921981091304716 3.687879450153808e-05 0.6934102300023559
760 0.9999219450769057 0.00015747611838290432 4.1718768601373135e-05 0.6934878178321311
765 0.9997315687945708 0.000926708806426646 0.00787536460469318 0.6934188936833989
770 0.9998970592610223 0.0002560728217336772 0.0006575815266782747 0.693453207471134
775 0.999923702711907 0.00015384475473312342 9.636547832925224e-06 0.6934656617314237
780 0.9998593856253263 0.0004163817326195973 0.000267808240115297 0.6934409529435854
785 0.9999070121612634 0.00022517049197201544 0.0010615601417909293 0.6934072557196349
790 0.9999188505745024 0.00017512795663665592 0.001202143789466037 0.6935339743470963
795 0.9999088952317456 0.00021973577735479033 0.0006502529967857829 0.6935366608599248
800 0.9999264416182138 0.00014851395573822757 1.53839211924911e-05 0.6934028877841772
805 0.9998886550556987 0.00030375269516125236 0.0009124865505246715 0.6934339313398087
810 0.9999248842555288 0.00015762674686348177 0.00040914795879909427 0.6934795592736586
815 0.9999187361932285 0.00018395725884157166 0.0003190577005943718 0.6934267138686419
820 0.9998974252350832 0.00027139385774122005 0.00019249980680424716 0.693480670034863
825 0.9999290121044545 0.00014322801990795941 1.861007259407188e-08 0.6934258942291823
830 0.9999001548264993 0.00026233771931916117 0.0026303676557497546 0.6934611529112102
835 0.9998799519775716 0.00034480877913611874 0.0018275353811592066 0.6934681654436724
840 0.9999210297950617 0.00017637233661405016 0.00020021061989727862 0.6935253930482298
845 0.999917511076232 0.00019491738383337065 0.0010139834372416834 0.6934568971335499
850 0.9998656796910921 0.00040507365967856757 0.0007354818233067384 0.6934495897756991
855 0.999930936922004 0.0001407385408164208 0.00037725363552332247 0.6934001661926902
860 0.999932302255655 0.00013671256697689316 2.2001808619886987e-05 0.6935062937814255
865 0.9998031794432316 0.0006589279959502425 0.005972550499657947 0.6933836946144376
870 0.9999326152193575 0.00013757676629599924 0.0002470533246129447 0.6934450762049287
875 0.9999153318905898 0.00020919834847155094 0.0006684973143786799 0.69344287172293
880 0.9999330845387019 0.00013652496807936565 0.0003884589799239002 0.6934203262381231
885 0.9999332585583969 0.00013771188012356994 5.973331824726813e-06 0.6933616365961042
890 0.999923119964458 0.00018016760628802864 0.000652300829454111 0.6933902481533499
895 0.9998913021750191 0.0003030080425303616 0.0024032055526326257 0.693451426691183
900 0.9998946796868926 0.00029677457862775647 0.0020125540964879285 0.6934028133229404
905 0.9999168041838536 0.0002039508942377477 0.0011326315813897647 0.6934692151427498
910 0.9999315795184134 0.00014897031632199464 0.0006816816051573582 0.6933972798187972
915 0.9998630668179972 0.0004263622447504556 0.0027623659089146546 0.6934322637489493
920 0.9999270403321532 0.00016602680583965856 0.0005589321370860212 0.693353356951111
925 0.9999332789568878 0.0001424207448930126 1.547270587454186e-05 0.693408523742926
930 0.9999364893665866 0.00013193310547188197 0.0002991738566754387 0.6934158263163444
935 0.9999343475528897 0.00014158823724119696 0.000222467282889105 0.6934656463517725
940 0.9999353498692101 0.00013650051837865718 0.0003786360043315229 0.6933453236589986
945 0.9999388184943079 0.0001239820840681638 0.0003202301587834633 0.6934553339816709
950 0.9999162074273611 0.00021300020890768767 0.00044336023999813623 0.6933303459595649
955 0.9999310024555937 0.00015823102025902536 0.0007352972793395196 0.6934613841915985
960 0.9998658992909224 0.0004135613319025122 0.0026893535080048103 0.6933826923760159
965 0.99988345287722 0.00035154097129375117 0.003663179732988353 0.6934589391028227
970 0.999682535186805 0.0011586486537795704 0.0026133010760392983 0.693328647153144
975 0.9999334707939318 0.0001509961848420449 0.00013005115327135996 0.6932558071919759
980 0.9999206790527561 0.00020352954347369057 0.00220137967920242 0.6932818198890263
985 0.9999412938454326 0.00011948468396960621 0.00018066283981910125 0.6933932822203155
990 0.999930800484928 0.00016088051138973825 0.001247938458576292 0.6933800284557328
995 0.999878539241621 0.00037521637447335277 0.002943474815685909 0.6934267782210357
1000 0.9999426377608533 0.00011656405642379575 9.163232102948893e-05 0.6934305829090992
