0 0.7025225534426621 0.7062869058384778 0.4994147493122344 0
5 0.8441151305287344 0.36831843605121195 0.314246940831605 1.0791595567913068
10 0.9013237822828868 0.24959929859706165 0.19677218933234775 0.948545968084542
15 0.9300047078857747 0.17752640661410657 0.0993423500004732 0.8749382007228498
20 0.9521661697201635 0.11616346121821242 0.07581039378115562 0.8131145210880245
25 0.969200473959396 0.06982939685959244 0.03813858622273392 0.7656227479085739
30 0.9803822097649664 0.042170738165572264 0.004900816086977455 0.7367458409223605
35 0.9869551232235996 0.027388203781241516 0.05927656179341456 0.7212565170045209
40 0.9907740809620657 0.01957951250885337 0.008918842508172986 0.7126531731044526
45 0.9930285533878729 0.014398978224297032 0.013630219374121677 0.7077329028868635
50 0.994506258881029 0.01117334733468267 0.0011822391560559753 0.7045063385929987
55 0.995528917975641 0.009018132419566838 0.0007009148863328374 0.7023018957683343
60 0.9962833796232302 0.007482017735808699 0.001093463761574709 0.7007330403199228
65 0.9968549900455619 0.006342505803403786 0.031591410708390555 0.6995723938111478
70 0.9972843858475475 0.005574199979488714 0.006222698643859825 0.6987288128115762
75 0.9976171115285766 0.004781069637225688 0.0001324177690775752 0.697976132498484
80 0.997899291188501 0.004253616623710599 0.0014575245111529966 0.6974984932400078
85 0.9981153556399702 0.003779622591250198 0.0005536870204448929 0.6970097818117192
90 0.9982654245631095 0.003485491151194564 0.009350237043202037 0.6966062591551878
95 0.9984432617675554 0.003118276051428337 8.292038600343776e-05 0.696346339450923
100 0.9985658654912148 0.0029966928197024956 0.004277585886549584 0.6960735489003723
105 0.9986847852690692 0.0026393143512463135 1.1828339615327366e-05 0.6957156498975076
110 0.9988037669638837 0.0024131246316172472 0.0007145640387000718 0.6956563556368087
115 0.9988894139549964 0.0022410740409355423 0.0013010770113848213 0.6954408970816235
120 0.9989633135733762 0.0021004526334567064 0.0005476560583649315 0.695343778765341
125 0.9990045513631096 0.002093896655666727 0.00020001724983598201 0.6951027907448727
130 0.999091526642086 0.001829835836074989 0.00015325155160228476 0.6950302316992472
135 0.9991386559789528 0.0017602314500890781 0.0017409231899581101 0.694895923631499
140 0.9991923015667544 0.0016300605787100686 0.00026036370595150515 0.6949000625359235
145 0.9991880436512689 0.0017654302370979646 0.00019343393059856329 0.6947515841073568
150 0.9991601264629464 0.001969606392650869 0.0021395614232798676 0.6946659890281472
155 0.9992912492421396 0.0014872538165631166 0.0004659186672872906 0.6946518799914695
160 0.9993060197926771 0.0014995532331048 0.0022961300179389355 0.6945349909958015
165 0.9993718893992011 0.0012748583676995828 0.0008587341386643299 0.6945169248882844
170 0.9993620690159857 0.0013881716392825094 0.0031452403343101842 0.6944236727665587
175 0.9994241052137256 0.0011546689310930613 2.6181339389808045e-06 0.6944077976208903
180 0.9994498313475971 0.001113882108660591 0.0008555210672931413 0.6942817069895812
185 0.9993702162322657 0.0015059223428746105 0.002367063783121015 0.6942453957701673
190 0.9994743865246086 0.0010754771981471567 0.00014525858931391245 0.6942115776735117
195 0.9995042918829271 0.0010006690820747455 0.0017993719368749606 0.6941809208300991
200 0.9995034912755356 0.0010687324692149058 0.0022640595820849763 0.6941579229890128
205 0.999534325962968 0.0009473465756804078 0.0012494374508875694 0.6941616577904025
210 0.9995627321718992 0.0008804390730512424 0.0002448700025002859 0.6940466625072348
215 0.9995561640222747 0.0009173764358347825 0.00048189726611869155 0.6941039077377059
220 0.9995817771007167 0.0008681140723951764 0.0003795353356903508 0.694061694424105
225 0.999572984457013 0.0009010004862829435 0.0020686461451959737 0.6940232284371645
230 0.9995602123931153 0.001014925462623717 0.00211961020060647 0.6940380909662427
235 0.9996252393958609 0.0007630398065031629 0.00044239109980548363 0.6939468765637791
240 0.9996390746821104 0.0007258494334194676 5.9611848104434983e-05 0.6939494026873507
245 0.9996486043125576 0.0007098366433336833 0.0006788940193365178 0.6939527303874986
250 0.9996404556561942 0.0007471170681333517 0.00015321824442549037 0.6939372374078101
255 0.9996613567540571 0.0006871111610227132 1.6943558017512572e-05 0.6938837080158585
260 0.9996744374010058 0.0006551393693912111 0.0003868208879582724 0.6939113765231678
265 0.9996843671444369 0.0006335698591000138 0.00027331129592167436 0.69391012609622
270 0.9996939693008529 0.0006134535752853054 1.2065561927343538e-07 0.6938651138691299
275 0.9996934831316404 0.0006380026174268583 0.0015085170524562486 0.6938919833781945
280 0.9996791343137981 0.0006904595433057104 0.0023834869148856574 0.6938393019200881
285 0.9997073480116294 0.000610978826321662 4.870262083755961e-05 0.6938482401603219
290 0.999721557658702 0.0005637074746982496 0.0006680990466296777 0.6938536334980422
295 0.9997267702298358 0.0005499532317805311 0.0002909952584134734 0.6937841625703609
300 0.9997317187233522 0.0005417587296445703 0.0005597401559980231 0.69374229367101
305 0.9997407965930394 0.0005225709634457676 0.00014098262154882413 0.6937806272157908
310 0.9997414613755502 0.0005341592659454664 0.0009217446033572552 0.6937881600172237
315 0.9997322314103805 0.000585416926193183 0.0018543075361280303 0.6937899005288442
320 0.9997564630602491 0.0004929646078057903 0.0006766398366059301 0.693772564250812
325 0.9997544643922078 0.0005139423460152059 0.0006005122175785083 0.6938005464008118
330 0.9997026492699607 0.0007383092031255645 0.0035328369151291783 0.6936537003840388
335 0.9997569683960412 0.000524190778596223 0.0013828909791887556 0.6936919055399352
340 0.9997696780052081 0.0004802149176865722 0.00054962522319979 0.6937534876893016
345 0.9997253227499352 0.0006481197272584227 0.00019998647157648541 0.6936345746810723
350 0.9997805420343924 0.00044586550123626445 0.000582475145571415 0.693752242660441
355 0.999770448034798 0.0004904498744707775 0.0008170697173638386 0.693712853479805
360 0.9997926031975213 0.0004177319092392162 0.00010630137196177003 0.6936605194513649
365 0.999526743889252 0.001506967956597105 0.0007739372593974503 0.6935739276621099
370 0.999627301049838 0.001108705354524675 3.719387267953067e-05 0.6935234557976512
375 0.9997725362155312 0.0005264243702696181 0.0012002850330564696 0.6936592096100889
380 0.999786202240817 0.0004638454808310044 0.00030646852951976555 0.6936284464878163
385 0.999790868140223 0.0004647407634785772 0.0011660671660123079 0.6937000358319833
390 0.9998009333667375 0.0004296867339925736 0.002701736841589586 0.6936429606664403
395 0.9998132192068309 0.0003793254278315894 0.0005843902635638276 0.6936492943029589
400 0.9997440488709943 0.0006747969456972758 0.0003232080175969987 0.693610156202105
405 0.9998203295790851 0.00036324935601528274 7.024680311706888e-05 0.6936223971659359
410 0.9998003789375257 0.0004567299579039119 0.0022868225806524922 0.6935855327843394
415 0.9998185128229269 0.0003793988110752933 0.0004368278376409851 0.6935879539954806
420 0.9998201326979587 0.00038631554802937007 0.0027667690339596707 0.6936011598686628
425 0.999830670761897 0.0003473737363097751 0.0005309473567791656 0.6935796289886095
430 0.9998188009356219 0.0004026060942103893 0.0009205468524718929 0.6936131139497355
435 0.9998223126942551 0.0003931857926705584 0.00016872064056216995 0.6936270876285902
440 0.999766311524878 0.0006262773820132628 0.0033286013348921006 0.693552234251721
445 0.9998336118581859 0.00034900973919560485 2.993573576182129e-05 0.6934927727151812
450 0.9997702670005786 0.000619263087968891 0.0013243508426528106 0.6936303165821353
455 0.9998272136040055 0.00038166889406543447 0.0006385460417013267 0.6935516711295948
460 0.9996863735513604 0.0009663292875752294 0.0028814752119761255 0.6935153114001753
465 0.9998468502329525 0.0003192604426587309 0.0009811326344228988 0.693636206140982
470 0.9998094507329063 0.00047705904411099453 0.002535402315817614 0.6935211493788951
475 0.9997691943705125 0.0006440621777987765 0.0034068339475316067 0.6935911311531473
480 0.9998308422043827 0.0003867686620062649 0.0023786378073977765 0.6934889181095157
485 0.9998591013484404 0.00028306178263903803 1.330884247252584e-08 0.6934784538793466
490 0.9998601021144696 0.00028400071091372325 0.00028058307943612526 0.693600538305261
495 0.999858437797875 0.00029527768011561317 0.0007704069383980272 0.6934653770084008
500 0.9998381314166316 0.0003826451867767755 0.002921780535900753 0.693575281755139
505 0.9998003319897713 0.0005395034270061494 0.0006651109066561078 0.6934839149469011
510 0.9998262761446963 0.00043766081529095224 0.0024629747786296674 0.6934390989763364
515 0.9998476710495938 0.00035379823119408016 0.0010113949570685898 0.6935770075112283
520 0.9998424891607465 0.00037814854979190127 0.0005055268290385939 0.6935661023637556
525 0.9998724209007239 0.00025715788120117544 7.056249946457704e-05 0.6935416406375685
530 0.9998575142025719 0.0003230087335304166 0.0008013258207273388 0.6935818537663083
535 0.9998634480784858 0.00030167558573124253 0.0008908698869427578 0.6935344188064418
540 0.9998726145651904 0.0002666836654137139 0.00037045606461960645 0.693545651436157
545 0.9998782692473148 0.00024473250550094416 1.624023122825946e-05 0.6935600236198424
550 0.9998687906986936 0.0002825432205676437 0.00021149750432569725 0.6934370808854162
555 0.9998052565590796 0.0005491305745881636 0.00018667625740509397 0.6934197183309274
560 0.9998811518825232 0.00024251244823236817 0.00037045139805957916 0.6935252878713511
565 0.9998825391958834 0.00023949557033975388 0.0005037116570372202 0.6935118053477529
570 0.9998779257253139 0.00026171355369419835 0.0006135960662700946 0.6935340079867405
575 0.9998836137697162 0.00024057687333844946 0.00029407972006334493 0.6935545128681211
580 0.9998688944081033 0.0003038994630515379 0.0005895795216663835 0.6935148989275146
585 0.9998351946653148 0.00044305486503981584 0.0006230173453944943 0.6934920925258024
590 0.9998635308823656 0.0003305357982241741 0.00018757003978675524 0.6934516753770508
595 0.9998810211018473 0.0002614197922847783 0.0009869831750759506 0.6934825456728124
600 0.9998840769826984 0.00025116529960866885 0.00037619126618593235 0.6935374051670045
605 0.9998869330512772 0.00024166919853296775 0.0007273374443618197 0.6935550501396197
610 0.9998941188903048 0.0002130119042316192 2.802366882215246e-06 0.6933272951831049
615 0.9998888272502044 0.00023832417356917102 0.0015056623705766992 0.6935112262024906
620 0.9998736950447586 0.00030240073940346335 9.707613959397676e-05 0.6934812943318507
625 0.9998972026562205 0.00020720473418633922 2.332866615650797e-05 0.6934260431291306
630 0.9998347926990014 0.0004638984902283205 0.0015755088684060725 0.6935130137161108
635 0.9998959403812536 0.0002146170867728392 0.0005603618862202175 0.69351213025426
640 0.9998671032108759 0.0003371247779432318 0.000475018092809254 0.693508975102729
645 0.9997236967692744 0.000896917722996271 0.0007958837171645472 0.693423858367929
650 0.9998581608396755 0.00037704448000241975 0.0013514482680143658 0.6934698907382979
655 0.9998986042587691 0.00021123905836128998 0.00087301582620114 0.6934601070174407
660 0.9998927209600573 0.00024034336039657767 0.0008416252669751767 0.6934721522636396
665 0.9998991059808816 0.00021256120700063885 0.0006363085837504112 0.693468889820157
670 0.9998873118916353 0.0002659663571882298 0.00017221166592107373 0.6934467041057399
675 0.9998803319831622 0.0002960241749341286 0.00040870813315874166 0.693463251031049
680 0.9999069844109942 0.00018816552449929524 0.00029973562193641445 0.6933533053645945
685 0.9999045071520676 0.00020060390864651279 0.0009426036027684326 0.6934951677555746
690 0.9998099398080238 0.000571405640108047 0.004240253302180141 0.693406103170785
695 0.9998669551417219 0.00035663804526431253 0.000199411188743559 0.6934347805959118
700 0.9998781660559493 0.000305303660877998 0.000500910322195236 0.6934097406587114
705 0.9998755250556909 0.00032506233690088315 0.0008885876217656907 0.6934495361660951
710 0.9997382345061416 0.0008790746411396766 0.006068825784587895 0.6934428246060904
715 0.9997815813863024 0.0007063590104919859 0.003157535979200876 0.6933684227480416
720 0.9999133599484656 0.00017456340006027915 3.1067316740962525e-05 0.6935464133522404
725 0.9998625236607981 0.0003833845848635331 0.0022704465910042826 0.6934566854871125
730 0.9998029292793752 0.000624694997093056 0.006204967349114243 0.693360168954367
735 0.9998941484803976 0.00025828707291142283 0.0026026668225849203 0.6934667636042882
740 0.999897610126075 0.0002456067062902578 0.00042414805413404366 0.6935069412232313
745 0.9999055098220444 0.00021480820106234422 4.9162579496941916e-05 0.693346804177256
750 0.9999130664603196 0.0001826177819281849 0.0004233229130404803 0.693459579181531
755 0.9998547066380152 0.00041320503546482534 0.002842115331533779 0.6934648980956404
760 0.9999163916162286 0.00017226711045359444 0.0004757937492967379 0.6934136530690224
765 0.9998830249544965 0.0003039712324397481 0.0005259094368296191 0.6934239150975989
770 0.9999107309900487 0.00020005583769755475 0.0012201569475497331 0.6935125629518784
775 0.9999192743258185 0.00016604230561301225 0.0003725651317993961 0.6934924856530316
780 0.9999115684303098 0.0001991175202085138 0.0008747004098647038 0.6934668950207952
785 0.9998903435020254 0.0002799095882775049 0.002038428103318224 0.6934746133050703
790 0.9999138220630621 0.00019231231478300526 0.00021045028904520535 0.6934534123330975
795 0.9998683031138217 0.0003776441667943109 0.001926932796749048 0.6934970398129652
800 0.9998912364546553 0.00027979437924186 0.0013719149774471529 0.6933797336133405
805 0.9998952785173054 0.00026496882636417585 0.0012873708966918418 0.6934397432819036
810 0.9999205026264771 0.0001695428074373062 0.00010340186990309697 0.6934274580989087
815 0.9999177786946373 0.00017884850106764105 0.0003165526875161806 0.6933547981184262
820 0.9999075742350729 0.0002244832056137458 0.0025550747846729838 0.6934480370891457
825 0.9998995946320082 0.0002578586036761088 0.00100803169972985 0.6934867139250934
830 0.9999259091140755 0.00015055980986011797 8.294706929146134e-05 0.6934389815890535
835 0.9999226876397886 0.0001637670159413407 0.0010275515655100431 0.693462346171464
840 0.9999267148388615 0.00015037443531873418 5.121713319677923e-06 0.6934222384251459
845 0.999824295726373 0.0005650715432238274 0.0015909182153697188 0.6933833474257736
850 0.9999229589601295 0.00016550929420611205 0.000873159434906845 0.6934749922834632
855 0.9999051259481759 0.00023632480497259856 0.000986613095623201 0.6935228593629778
860 0.9999239331965523 0.00016353792485990226 0.0015097263097112457 0.6934755346850673
865 0.9999251232788078 0.00016212989069996908 0.0005115955452734688 0.6934809080370511
870 0.9998411025937115 0.000502165386310871 0.004696990349403407 0.6934682022272709
875 0.9999046499814067 0.00024714271897097184 0.0024878933529475233 0.6933867736215622
880 0.9999313674837241 0.00013892984502894556 8.444406558449913e-07 0.6934522608483842
885 0.999912341833306 0.00021782284437343868 8.252349479431764e-05 0.6934744034167507
890 0.9999020497423976 0.00025477387055339307 0.0014030439616031787 0.6934222793316311
895 0.9999181919258705 0.00019587806857823686 0.0007303693719180604 0.6934647513972174
900 0.9998121479044056 0.0006236552663592132 0.0011217712336217822 0.6934254049718754
905 0.9998418314293807 0.000505237537297587 0.00017269038163392203 0.6934393175382755
910 0.9998811139260495 0.0003409346863932905 0.001415331928529051 0.6933496980703207
915 0.9998947824283058 0.00028769355664004514 0.0018957909512296034 0.6932995586579033
920 0.9999209047821832 0.00018910881748024355 0.0005943537494420559 0.6934018072026618
925 0.9999177307345881 0.00020278052776290245 0.0005606127801900396 0.6934062155484674
930 0.9999342118399139 0.0001351893725993758 0.00012792229905822516 0.69345653505282
935 0.9999354495829011 0.00013123094710065786 0.00011130884018029086 0.6934355081665848
940 0.9999361239365574 0.0001294040260513274 2.6430615064132468e-05 0.693420906444824
945 0.9999139162261039 0.00021683500161517877 0.0008776173539353227 0.6934700952109185
950 0.9999124566675692 0.00022797946687480586 0.00018417801414571944 0.6934535680398041
955 0.999785792274134 0.0007264292749640244 0.004039482947784112 0.693352480024252
960 0.9998217448332698 0.0005943321327690487 0.0007574780330742437 0.6933786623354459
965 0.9998513519770144 0.000467543357008271 0.001378095019398451 0.6933657847183232
970 0.9999191198182041 0.0002039779239881856 0.0011982960868559545 0.6934761202449949
975 0.9996546936967667 0.0012665222279720778 0.0007689775536168231 0.6933186931821043
980 0.9998913475032284 0.0003173909192126789 0.0021884875026338957 0.693334996203225
985 0.9999316641605511 0.0001527102580145545 0.0018167767298272741 0.69336210327941
990 0.9999079744973036 0.0002467285433063182 0.0007499189633501935 0.6933781057081227
995 0.9999357218675188 0.00014010724945479058 0.00014904938089421726 0.693346949045731
1000 0.9999273810043616 0.00017473113800037243 0.0013321445658243114 0.6933449296987654
