0 0.384242658251697 2.191716563490804 0.3634055261936864 0
5 0.8914327539623449 0.4872351083165922 0.031294230478621676 4.779408634431896
10 0.9142988011058635 0.3852463974425442 0.00797643897415412 4.775949663899536
15 0.9113272436793202 0.40047184408984826 0.012869300628318703 4.770969106972816
20 0.9138354187668173 0.3985935342135276 0.013598494132489147 4.764991975117971
25 0.921599461211329 0.37455579129784233 0.0015331388864030515 4.743497540493111
30 0.9149846417838039 0.39832180688969654 0.016910035022681402 4.72226235519313
35 0.9368047533178754 0.3287903166984112 0.008211229221601668 4.714072549359286
40 0.9313568921681603 0.36591392929692645 0.006178229649126399 4.707860571694104
45 0.937468154069069 0.3191827889115375 0.0006044923361874233 4.706648940596381
50 0.9363834789060119 0.3276207544179899 0.012051369920851096 4.704514574028009
55 0.9373950112363438 0.33883588983582147 0.002788158032064336 4.704042668572944
60 0.9375162748134698 0.32998290958377385 0.005159296115428091 4.701730521669675
65 0.9389600808725143 0.3254778013200763 0.0019555070257002427 4.700568223588222
70 0.9404605736086235 0.3077565570471501 0.0007575137390762876 4.699437747945172
75 0.942040480415507 0.3072292733772688 0.0018321120462374552 4.698797694400945
80 0.9425280161036877 0.3009967459811227 0.002988915160941019 4.698915025088461
85 0.935086216412595 0.3470765117640582 0.004350227082600355 4.699334993085247
90 0.9422518789012551 0.30383231432668545 0.0002794069930800447 4.696441847945039
95 0.9425616781757116 0.2982588084332809 0.00858669563011949 4.697283450273368
100 0.9970748803379323 0.008785417887064995 0.006076022788941149 4.723480946064332
105 0.9972545007966307 0.008998300653057179 0.003818690107753042 4.695327743096166
110 0.998179934028905 0.005010276759645826 0.0026993550953529066 4.693388631153514
115 0.998171735322178 0.005848522483930196 0.0009409908510285003 4.693751263551536
120 0.9976758206775718 0.007725307625624289 0.0021958857588613157 4.693607197205481
125 0.9970703083665171 0.00877119825765238 0.0016777213565306592 4.6929008375871
130 0.9974737294753926 0.008321763582151753 0.001730636474512437 4.691827505542674
135 0.993677932603441 0.02477803748104801 0.004985566616954262 4.69096117838377
140 0.9975528487867464 0.008443864932639933 0.004635648435891593 4.69144044068062
145 0.997709594048249 0.007228835738750661 0.0021865503957791965 4.691676522519315
150 0.9974040408052346 0.008914754842810346 0.004915452136845522 4.69123393123414
155 0.9938050493312602 0.02275464184507925 0.004107377194070949 4.6901877624317825
160 0.9970376355035196 0.011047109709789282 0.0014140189438154316 4.690771200636607
165 0.9931563782669223 0.025645890693831497 0.004860521299305365 4.690274067480548
170 0.9981253791986096 0.006748499682156073 0.0009012518181257256 4.690826151519764
175 0.9964127989880852 0.014495626318914212 0.002610037755908623 4.690674196683543
180 0.9985283091188163 0.004662909537552551 0.006952320105315213 4.690151684078321
185 0.9982067656955556 0.0065482433584893585 0.0003487454380064481 4.68893495564465
190 0.9965997753477002 0.013000612687250168 0.0005272610833391145 4.690046685633905
195 0.9990199657265834 0.00319267670353085 0.0015622402029726867 4.688704278314049
200 0.9986871104020985 0.004822491587723299 0.0016670174835715645 4.6892613313325056
205 0.9983292184190738 0.005978550738171329 0.003182379087426135 4.688668873688556
210 0.9974055949438358 0.010347472423824833 0.005017908887648526 4.69007562903223
215 0.9987264816528624 0.004440692088312659 0.0012438633940186072 4.689316299842936
220 0.9985042933659818 0.005598545262295751 0.003862727387270226 4.688263708450036
225 0.9983951902298346 0.006205124506779569 0.009915413424157027 4.688904643636672
230 0.998011275422631 0.00750617894673411 0.0015866562421393837 4.689961083886511
235 0.9985940650186198 0.005263218655406021 0.004758958125760104 4.688926317919955
240 0.998401920707378 0.005969727432567851 0.002025654301016866 4.688574667076607
245 0.999122438584948 0.003088567368658701 0.004334705896114732 4.688617186406984
250 0.9982983774313875 0.006201826896268692 0.0024451657294985996 4.688212993144359
255 0.9975484631167073 0.009625285141123818 0.0011673748087694946 4.6885990497636945
260 0.9981493352898153 0.007079097108413812 0.0009300475178155576 4.687964730213625
265 0.997945189964334 0.007097616110593563 0.00413040506932294 4.6885677320485355
270 0.9988450280141071 0.004173272051295918 0.002624188065073696 4.68740510862407
275 0.9988830067508226 0.0035868965594056945 0.0023777249447354265 4.687660043673838
280 0.9985165961604704 0.00549137952503731 0.0006841851459991055 4.687889602508715
285 0.9987962495784397 0.004405400517773828 0.00012372806642013678 4.687875219823309
290 0.9987445414523977 0.004578299461938329 0.003130985498992045 4.687386473489796
295 0.9985775462494555 0.00503379004488913 0.0009926369664370327 4.688168869710341
300 0.9987514789078363 0.004515871748993483 0.000355775084635912 4.687669063407856
305 0.9987140260412255 0.004952985676122346 0.00011878797385245221 4.68798427414665
310 0.9988677577400655 0.003859629823319999 0.002910443258764772 4.687052673594875
315 0.9969477123631386 0.011898760375658846 0.0070291564971192155 4.68777024056241
320 0.9990998377053687 0.003269788446315758 0.0015611027601294403 4.688150877397695
325 0.9986002037016661 0.005178371174722862 0.0004061846508318645 4.686922139972827
330 0.9983185491689258 0.006277100192040308 0.0021382107360286007 4.687421909707231
335 0.9986987642186398 0.004619306575857074 0.0005244253043337199 4.687223378152034
340 0.9989261812111888 0.003888173267964312 0.0015411305235748518 4.68751925403512
345 0.9988082133211771 0.004264732143838934 0.0026888119649794984 4.687457049489675
350 0.9985448202557157 0.004720990823718019 0.0007812024089992597 4.687552245910312
355 0.9986086238858249 0.005201488841557023 0.005593607632738529 4.686607766699446
360 0.9977794365946154 0.008134168014423793 0.006700347671733997 4.687421185704728
365 0.9990153219822542 0.003658152772788803 0.011050855579965102 4.686700420857177
370 0.9984081512060035 0.005989677718913455 0.003349217363931345 4.686506074547654
375 0.9988545426202682 0.004235633470662137 0.004516971911820544 4.6873559459648995
380 0.9984960068187223 0.005576489769006265 0.002131783755781269 4.6873830166273995
385 0.9972216139652882 0.010895239479830288 0.012262897710060283 4.6863439796714275
390 0.9988393082977824 0.004323756254493993 0.002352642813343575 4.6873250444611605
395 0.9987797995891883 0.004373131433104582 0.002334537612242338 4.687408082458407
400 0.9988549465479587 0.0042342347738753006 6.665220347512602e-05 4.686829688867067
405 0.9977343398379321 0.008685044959106492 0.006685452026058414 4.6868381226777425
410 0.9989154000844502 0.0037321379620314232 0.004816308864176833 4.686915044551404
415 0.9989994451869766 0.003512255065793113 0.009482690527911064 4.686846695365065
420 0.9973212453133806 0.010148173955925266 0.00231740442833539 4.686027000251665
425 0.9984144669521712 0.0057561711129681115 0.0068139886320228715 4.686080911447839
430 0.9984194613842364 0.005890656705244801 0.00189480233282735 4.686165945804231
435 0.9976480745570018 0.009283941991564681 0.0012785570035993565 4.6864525012815665
440 0.9988601677413224 0.004300325486406464 0.0002135530886633319 4.686795981731664
445 0.9961988609138014 0.015118755919803384 0.005704240919361725 4.685284078522285
450 0.998631377484116 0.005128519219092631 0.0009734994855041812 4.686004266230167
455 0.9980903678043862 0.007536843043178365 0.006217336785473204 4.686562962885067
460 0.9987449013486882 0.004675987546563398 0.006493090625085518 4.686491322306325
465 0.9987622131566974 0.004562800856803939 0.003251505602365201 4.686636049226633
470 0.9979940661882394 0.007708018060545108 0.0015243494921484135 4.685888551112986
475 0.9988611506940245 0.004224874521355559 0.0004042741333905031 4.686107131481156
480 0.998270215136977 0.006494029582872152 0.015735741341992293 4.685272194478156
485 0.9986523032036608 0.005174149114441029 0.0018684335381125017 4.686028214545704
490 0.9985261270688148 0.005532566703783992 0.0020580440659261345 4.685807035558406
495 0.9982388123662931 0.006678196816959137 0.0003307146405935324 4.685839386293341
500 0.9982908978138875 0.006551916490392884 0.00020090942701456171 4.685728022883029
505 0.9985128690453101 0.00570374868497403 0.006458133291395107 4.686202524584133
510 0.9987179060871364 0.004823954501381067 0.005654226362606707 4.685818523684744
515 0.9989584244178067 0.0037391783112799004 0.010839711522141915 4.686254762242368
520 0.9987216785810846 0.004576911017948326 0.006550921859328485 4.685084532879531
525 0.9987452323792269 0.004728411829801438 0.001056859849119407 4.68558068400181
530 0.9989324877488154 0.00395836268496641 0.0020200783715826898 4.685808247796939
535 0.9978034480754776 0.008183937812382247 0.002589074158545923 4.6850786809011
540 0.9963411675029386 0.015663387733313883 0.02227744746479776 4.684875789191434
545 0.9973378147317964 0.01038245030875995 0.0030347471035003792 4.6849643122683595
550 0.9980854967590422 0.007309969163030949 0.009935120540720765 4.68486425786615
555 0.9980455698983891 0.007285534217788658 0.0049721618618536745 4.685424377708048
560 0.9986749271758337 0.005022840822944907 0.0024373661021446225 4.684699874772876
565 0.9981520348041751 0.007185256697350262 0.0064880822757973355 4.684859151770012
570 0.9980050852998199 0.00787832832921076 0.0030639599102291193 4.684728591388656
575 0.9985046616550146 0.005582585104545679 0.0019669036226013237 4.685243518665775
580 0.9958237523203541 0.015873397571738224 0.004864217408870886 4.685137207490365
585 0.9984392746852573 0.005916475456542614 0.006113802657647716 4.685037573751871
590 0.9985206799848299 0.005567600323851174 0.0012403565641683212 4.685692234640359
595 0.9980991666993524 0.007441059044717591 0.0017770788552191608 4.68425698343423
600 0.9975765992340601 0.009543237829804596 0.000443457360723265 4.685412638866477
605 0.9986708166019433 0.005138034057554641 0.0006799783786903824 4.685628105231359
610 0.9983130230940714 0.00660874597443506 0.007845786400348942 4.6845200893075045
615 0.9986189143977029 0.005272273796042448 0.0005005697724194125 4.684767150532639
620 0.9969759577788511 0.01185471086055756 0.0021750356448393404 4.684959221060192
625 0.9983499533739532 0.006344942560057021 0.0032669553659248063 4.6853200727593505
630 0.9975761804188891 0.009506073355089129 0.012069349904750393 4.684250834422998
635 0.9979022860436828 0.008170172872936199 0.006022678482024757 4.6844238384756345
640 0.9985430973932853 0.005561441342920581 0.009842476313557169 4.684632382577028
645 0.9980265867201803 0.007780689685227493 0.005329769040519183 4.684228279713294
650 0.9982792437286752 0.00658874267620746 0.004577811494094197 4.684713737525619
655 0.9980504462927497 0.007497972856586266 0.007240687058708062 4.684980210662828
660 0.9981577867746381 0.006944888170135499 0.005533183843070111 4.684795514625485
665 0.9982869923715503 0.006661902359194727 0.00322535241002897 4.684499961949189
670 0.9987787224274208 0.0045440783088244174 0.005488327828828687 4.683575332799765
675 0.9979985247247332 0.0077289431909965955 0.008468201697780398 4.684024006594047
680 0.9970868877721408 0.010811378285155548 0.004752150252906873 4.683812264382203
685 0.9978378230861673 0.00866400021418734 0.0007734604204250317 4.684045213511939
690 0.9983122517958138 0.006031649713042597 0.006476309573545169 4.683782077465886
695 0.9984031135123613 0.005982315215844913 0.016426924723589753 4.683813614845412
700 0.9984933067482183 0.005694963949182785 0.0030226260836714314 4.6839941321309375
705 0.998341732521563 0.006480830615076094 0.000883082426515136 4.683488167206489
710 0.9982042394752202 0.006940663389841006 0.008364126075243394 4.684042398468892
715 0.9979253244035445 0.007883404994516674 0.0028958871041377954 4.684099073300989
720 0.9982215495892903 0.006759862469939648 0.007588051464022971 4.683662571136386
725 0.9973897865926993 0.010264797903822398 0.012605676276209454 4.684952795072621
730 0.9981652055067971 0.007112014757088225 0.0008648400473501017 4.684649000833946
735 0.9980174370934278 0.00761362482060246 0.002930931026756678 4.6841246921355335
740 0.9980905722239668 0.007401058719419318 0.002285945932886335 4.684226289703937
745 0.9985128036640321 0.0056367009942244195 0.005327837390783463 4.684011694527681
750 0.998270103462549 0.006694801260098693 0.0015793414286846552 4.684558139727546
755 0.9982022460536473 0.006985681449613423 0.0055333789721232485 4.684075496828416
760 0.9977894063418464 0.008638658762208706 0.011781074754220855 4.683961089631428
765 0.9978312657372985 0.00818119962338315 0.0013377746032372517 4.683377944780671
770 0.9982748230496438 0.0065681118101190705 0.00023695553830571647 4.684190126285976
775 0.9976999232502457 0.008947353609308095 0.002973000506531598 4.68322284005113
780 0.9980963210739102 0.0071929889208171005 0.0013898625196229197 4.683984041153081
785 0.9983780038386447 0.00631375038545734 0.007582399107913584 4.683293432383705
790 0.9977272840103607 0.008853768163625375 0.00559186422424518 4.6836599990816925
795 0.9981211138784261 0.007277384186738622 0.006547167860093683 4.683635139523703
800 0.9970181394386427 0.01140593394290601 0.00732843785874282 4.683900492973552
805 0.9979062768853968 0.008271146119376738 0.009019270076092933 4.6833743230244655
810 0.9985055603283259 0.005666255353524718 0.006455294563838088 4.683958417349176
815 0.9984361839302238 0.0061388155652695175 0.012463534835251311 4.684108020286329
820 0.9982531388851802 0.0066727435672238045 0.0032071779284543744 4.683738620731361
825 0.9979370100588119 0.007958009683663114 0.007100961473262668 4.683776239721657
830 0.9975061818187814 0.009852992226454305 0.0006468814503635123 4.683710927651893
835 0.9970509053194314 0.011867950213855671 0.010509049403089277 4.6837672049664505
840 0.9983223875118805 0.0065887725141280384 0.008516840596387798 4.683720788460431
845 0.9982697474552202 0.0068220415873430085 0.0032172674716726135 4.683452711856208
850 0.9976099649374912 0.009697307962285073 0.0021581669737671394 4.683177970387551
855 0.9979240022592515 0.00804980949607259 0.0008699414732848965 4.683577752007795
860 0.9977015437562051 0.009163552454734436 0.00021554437229021062 4.683366503969516
865 0.9981430982371053 0.007169474600443593 0.01345470632162482 4.683641084984541
870 0.997030445804052 0.011547355338528575 0.007590480337097638 4.683550616043521
875 0.9977762690409866 0.008559717161383595 0.0006240015510265984 4.683962325927182
880 0.997801959115599 0.008631228158795246 0.010798799150832705 4.683137707695523
885 0.9983215468514403 0.00672752678167754 0.005298834008334641 4.683396298743659
890 0.998175364754266 0.007116180091978563 0.00030565681077132645 4.683900489687325
895 0.9981238779893866 0.007441306998440922 0.006721099454117141 4.683346324725191
900 0.9982338052602403 0.0070052920175482924 5.944761704856916e-05 4.682931546603346
905 0.9976747545831832 0.008956934859142507 0.005598325887298472 4.6835704178654
910 0.9982554089164721 0.006779715897772931 0.007192233769001355 4.682919303631605
915 0.9977801249437313 0.008622505838365768 0.008355946113914658 4.6830465631208975
920 0.9982844562559527 0.006618736485486387 0.003092003996049364 4.683482631514743
925 0.9976278675696587 0.009739990712685831 0.010362698446091612 4.683357642831045
930 0.9969442268225783 0.01173010555648446 0.002064473091644814 4.683107142726261
935 0.9984414279694593 0.005931383599236284 0.002172325525784391 4.683336943563108
940 0.997709499919764 0.009147912957034876 0.004759688540814988 4.682912255953796
945 0.9980094077595294 0.007734046121933957 0.013401630155498001 4.6829335788905215
950 0.9982081262078069 0.0070928017013720535 0.00799779856536964 4.683524539544177
955 0.9981643265225046 0.006851926382200446 0.0023244209638946245 4.683340529719185
960 0.998279693621367 0.006573002596266697 0.001813882335141681 4.683551608008052
965 0.9971711319581802 0.011385813797013533 0.008679622795696451 4.683043990430598
970 0.9981195857732608 0.007442846720028484 0.003999994244898719 4.68349354619218
975 0.9961036262080366 0.015440531964231674 0.001185462602749876 4.6828980232268576
980 0.9974775969632144 0.010313791121626004 7.070365343841978e-05 4.683481875799681
985 0.9973764806164566 0.010369976517810464 0.0010581735055033015 4.682761354000605
990 0.9974201055281039 0.010291538523696353 0.008684177899399126 4.68287239981228
995 0.9980554470884354 0.007431336701049673 0.006379408031963463 4.683493824519584
1000 0.9977281038806989 0.008992854849946497 0.00511325218679759 4.68319540719128
