0 0 0 0.3299617036694793 0
5 0 0 0.0022953410557422504 27.031047745261425
10 0 0 0.0036995916669400053 26.865257221724892
15 0 0 0.004758700734160293 26.78777464313474
20 0 0 0.0026275337200758475 26.723161300837
25 0 0 0.0006113257052127175 26.671579509930893
30 0 0 0.008940556388003174 26.62129436638293
35 0 0 0.007129110100845493 26.569793796633277
40 0 0 0.016320422366353782 26.528343422286028
45 0 0 0.010755432928184483 26.483169608959948
50 0 0 0.015068009372445124 26.76613143585901
55 0 0 0.01301670599071314 26.7165680559916
60 0 0 0.01684590481446846 26.674723155609986
65 0 0 0.016179804765710903 26.632426426031234
70 0 0 0.014490692840255948 26.615487507580056
75 0 0 0.010245533167041021 26.572782916423566
80 0 0 0.01668841995392767 26.551811536005257
85 0 0 0.014404766948836967 26.53334322788383
90 0 0 0.013559433206841831 26.525844131128032
95 0 0 0.01666492117714835 26.50888345828189
100 0 0 0.015688557625075372 26.49366457934342
105 0 0 0.014171621321383832 26.486077938543403
110 0 0 0.016406164030719594 26.469983111396377
115 0 0 0.017281534536537135 26.459030910621532
120 0 0 0.016120257764942858 26.466219403858567
125 0 0 0.016401848835567945 26.453192238332644
130 0 0 0.01588908322781135 26.451251853880432
135 0 0 0.016950316188141912 26.444521350026484
140 0 0 0.015274248268847712 26.44355081699991
145 0 0 0.01560650119738094 26.42956140684217
150 0 0 0.011851053247224463 26.439264738615883
155 0 0 0.016197169203119754 26.43113721528114
160 0 0 0.017336044597932476 26.438158314408724
165 0 0 0.015409410733117523 26.422935596626594
170 0 0 0.0173434272242603 26.426165820668224
175 0 0 0.01585488216786879 26.421253488372166
180 0 0 0.014218381035711714 26.42366152914973
185 0 0 0.01611353833106266 26.41577322369957
190 0 0 0.01524424105702038 26.41903508120897
195 0 0 0.014799073527036244 26.419967107119664
200 0 0 0.016733580569659345 26.41033221839422
205 0 0 0.016179580131573168 26.40935107095009
210 0 0 0.01667417795799353 26.410713708651674
215 0 0 0.014650991997555707 26.407901667148725
220 0 0 0.014650051220316929 26.406950886653267
225 0 0 0.015789573914671173 26.41281532465265
230 0 0 0.01634680843631786 26.406641449190598
235 0 0 0.016018420338491435 26.408004043617925
240 0 0 0.014678458076398115 26.4044645791659
245 0 0 0.01934868495268449 26.394814791696316
250 0 0 0.016191184272021042 26.400432777615425
255 0 0 0.017101889091492906 26.404418360942582
260 0 0 0.018187447131765566 26.396237619817192
265 0 0 0.014177973382619058 26.39703948839151
270 0 0 0.016241824709379626 26.39747078289068
275 0 0 0.01481333288454545 26.38892755604195
280 0 0 0.017365778655330733 26.396620030930276
285 0 0 0.016840912042925815 26.39489731845963
290 0 0 0.017563795149904138 26.381368731329843
295 0 0 0.01476451603914919 26.388113589394912
300 0 0 0.014540988176650949 26.381993248277077
305 0 0 0.016209087180007575 26.383083405034704
310 0 0 0.01744515509228317 26.38112816815631
315 0 0 0.015842150664206134 26.382945092328978
320 0 0 0.02054869764592837 26.36760130926978
325 0 0 0.01602686367610806 26.372839419154264
330 0 0 0.0144673628721943 26.372470624086365
335 0 0 0.015189715565046669 26.357782654888215
340 0 0 0.016013015850815604 26.36202068330195
345 0 0 0.015917329472320274 26.354150369710265
350 0 0 0.01286622925954184 26.34434600607361
355 0 0 0.017171892705419634 26.33288213969874
360 0 0 0.014349672947220116 26.31738420821351
365 0 0 0.0174540735331028 26.317545320474114
370 0 0 0.019126280104541094 26.315501694356517
375 0 0 0.016524760415546735 26.307065257353017
380 0 0 0.018405903958186975 26.292722012150648
385 0 0 0.015596904187374028 26.292136690057163
390 0 0 0.016819610850988154 26.302085226244635
395 0 0 0.01767193040395809 26.275517225569487
400 0 0 0.017221263349730842 26.273518497283543
405 0 0 0.016391230189922945 26.276365976712718
410 0 0 0.019397582241931666 26.257039644804994
415 0 0 0.017097806188109077 26.25723480839518
420 0 0 0.020039628751022498 26.244563847918908
425 0 0 0.017161106043499297 26.244870283296088
430 0 0 0.016292564987816283 26.24456803415751
435 0 0 0.01699801452052463 26.245194342841856
440 0 0 0.017126245701322595 26.22781989766275
445 0 0 0.016928314958134072 26.231303755814857
450 0 0 0.01612129691079356 26.22330496935801
455 0 0 0.01744549475374968 26.21885451014323
460 0 0 0.017899637501119336 26.22479239206122
465 0 0 0.01771919977224168 26.204662799201028
470 0 0 0.019850904764897148 26.206037610866087
475 0 0 0.018962648401166904 26.203896073310716
480 0 0 0.01995013293683945 26.20584524351955
485 0 0 0.01937763926130187 26.20186891955159
490 0 0 0.016975551460607585 26.188906292618572
495 0 0 0.019721312734129803 26.197855051007306
500 0 0 0.016460776792343923 26.178841651147323
505 0 0 0.019896365835823326 26.182758346836366
510 0 0 0.018732661540329598 26.178812336505143
515 0 0 0.018409528639237616 26.17472692563448
520 0 0 0.017699833756052774 26.16660249775495
525 0 0 0.013083797658254737 26.171547248858566
530 0 0 0.017531144965725387 26.16697416185861
535 0 0 0.020430995850703182 26.161958530131756
540 0 0 0.018430383674775452 26.158550708342247
545 0 0 0.01967723927682341 26.160048701365508
550 0 0 0.01961798115663882 26.160001000907055
555 0 0 0.02081498089981859 26.162754733524054
560 0 0 0.018023142192736596 26.14653242302395
565 0 0 0.02051149465905233 26.176572901650975
570 0 0 0.020337527981205472 26.148566862948947
575 0 0 0.019148999661002364 26.153158967664922
580 0 0 0.01969695287819717 26.151219713226904
585 0 0 0.020152491472199996 26.146348598219923
590 0 0 0.018240183119244247 26.157149827343456
595 0 0 0.01424947388775033 26.155283861889657
600 0 0 0.017611555267659895 26.149722781125547
605 0 0 0.021372629863947612 26.1412686053547
610 0 0 0.019959765229714765 26.136026474617225
615 0 0 0.021637059417212168 26.13722987680037
620 0 0 0.015774456067532583 26.148255895953596
625 0 0 0.019656337897687948 26.142786944084687
630 0 0 0.01962118404667912 26.131445439947747
635 0 0 0.02021887665528821 26.146201282755364
640 0 0 0.02075720695536898 26.130225792659857
645 0 0 0.01965785710776391 26.127269879228326
650 0 0 0.020687389166408332 26.136290382209285
655 0 0 0.02094128005218243 26.13066746441755
660 0 0 0.01958733950252589 26.13137941491505
665 0 0 0.02112763640161952 26.12539632552678
670 0 0 0.016100171752791104 26.12590290488664
675 0 0 0.019923586865733922 26.127471317972287
680 0 0 0.016050262588883424 26.13009598543282
685 0 0 0.017615152027105063 26.123917857382203
690 0 0 0.02041962109896156 26.15204612431445
695 0 0 0.017907471609448278 26.12052140139821
700 0 0 0.020563394156450254 26.127622701754063
705 0 0 0.018955863522999383 26.123005331274413
710 0 0 0.02147533703954685 26.122840201229966
715 0 0 0.018848903752852086 26.120709576754283
720 0 0 0.019815558036023972 26.125076730229853
725 0 0 0.018038014745433095 26.122800858199568
730 0 0 0.01928293721325436 26.136315775243798
735 0 0 0.01976829200329533 26.13753311174945
740 0 0 0.021303212160060703 26.1166269942126
745 0 0 0.02152000358919315 26.120442833445757
750 0 0 0.020494839734637615 26.11789509160164
755 0 0 0.02050511814352718 26.115191088625842
760 0 0 0.020818174113967025 26.116671069958787
765 0 0 0.01892546627460523 26.11282554651775
770 0 0 0.020485168781909424 26.11339728784957
775 0 0 0.02087377621524733 26.11480494854435
780 0 0 0.020454405267059217 26.118387140996855
785 0 0 0.019066000660537208 26.111348245752268
790 0 0 0.02034606373605352 26.11879208659962
795 0 0 0.020577846340846584 26.110615849959583
800 0 0 0.019483940793887822 26.11034953622121
805 0 0 0.020683210083758174 26.111547498261412
810 0 0 0.01900615763253155 26.11356742461858
815 0 0 0.02048353390499935 26.10641322370298
820 0 0 0.020012766366398482 26.107886046234057
825 0 0 0.019258805829059256 26.105027191610464
830 0 0 0.019093167386730947 26.11105609352443
835 0 0 0.020696311937907108 26.108010676808693
840 0 0 0.01882884678190977 26.10876388317965
845 0 0 0.018812081679397297 26.113217717704245
850 0 0 0.020429283493100803 26.107478515275698
855 0 0 0.02171027138257897 26.11039701117833
860 0 0 0.019795862923809526 26.10599166398285
865 0 0 0.021037260515301304 26.107847583380465
870 0 0 0.02048930121374193 26.106128965517595
875 0 0 0.019198806975739613 26.106630564391722
880 0 0 0.019996227855409776 26.10457686962708
885 0 0 0.02019652441933739 26.106977217542656
890 0 0 0.01834469991034804 26.103630911118234
895 0 0 0.020286215913814187 26.105604606032017
900 0 0 0.018963198604864173 26.107013476419056
905 0 0 0.019400372636040775 26.11313740542122
910 0 0 0.021066135999279867 26.11629835549989
915 0 0 0.021330531398790598 26.10257308263426
920 0 0 0.02011817562540852 26.101022720315935
925 0 0 0.01427643872976514 26.102729185659555
930 0 0 0.019274268684992046 26.105640248288893
935 0 0 0.019396057666579924 26.10452359844684
940 0 0 0.020271002093163126 26.10385885537276
945 0 0 0.020393394772713958 26.103600717760827
950 0 0 0.018418737439103383 26.107358166081784
955 0 0 0.018638058461060147 26.10642525126874
960 0 0 0.02067971764695864 26.10221842757632
965 0 0 0.019653004441241073 26.102434303772704
970 0 0 0.0200363644017445 26.10132065720414
975 0 0 0.017435615018349893 26.10270219054332
980 0 0 0.01953938794018817 26.101833547307635
985 0 0 0.01802418835551811 26.105060234845112
990 0 0 0.020249037399518555 26.10120448844105
995 0 0 0.018811986974814232 26.099551104253045
1000 0 0 0.020602771000709286 26.09874017662287
