0 0 0 0.2537041150064745 0
5 0 0 0.0170581498965503 16.13176854426383
10 0 0 0.01282223830980822 15.964193207908902
15 0 0 0.022819713925640972 15.86755594258582
20 0 0 0.01080149841209388 15.814092671980374
25 0 0 0.021294282089094452 15.783593996589419
30 0 0 0.017938430297058883 15.723854258001959
35 0 0 0.022561281939683653 15.693243028415623
40 0 0 0.017979320417996103 15.660239060206143
45 0 0 0.020675906931046706 15.652348562906388
50 0 0 0.020614139531289988 15.624304212756961
55 0 0 0.02076210161559211 15.616168175119045
60 0 0 0.025738191436560642 15.598142447183372
65 0 0 0.020723196640540564 15.588636397619531
70 0 0 0.021969929999103188 15.59799409862542
75 0 0 0.020518481760066543 15.585882069372895
80 0 0 0.021852263304799058 15.578277477382887
85 0 0 0.02399162065215421 15.58442695193156
90 0 0 0.019803779028353397 15.572622511449872
95 0 0 0.022797083623815828 15.57304918744237
100 0 0 0.02434379388298913 15.573501942085102
105 0 0 0.019864331872042396 15.567185138245453
110 0 0 0.01850391867826051 15.563451423158797
115 0 0 0.018107555059690084 15.566036430937197
120 0 0 0.018034306488800667 15.570942241405572
125 0 0 0.020764734087073355 15.559170736742056
130 0 0 0.020971531787199016 15.56411943844316
135 0 0 0.021248109045293617 15.558873711308872
140 0 0 0.02158912686919945 15.55974255755326
145 0 0 0.01991436183029105 15.556585771481284
150 0 0 0.020254305868130817 15.55519687325849
155 0 0 0.01817437826074242 15.557151849941084
160 0 0 0.020659808679441838 15.553982392436792
165 0 0 0.019724998771073254 15.551517501136543
170 0 0 0.017509258451541942 15.549126234570135
175 0 0 0.022491213576301794 15.552288335436943
180 0 0 0.0182508732626534 15.553833410616768
185 0 0 0.025742563323985612 15.547148340930368
190 0 0 0.01994625861214483 15.549155993379948
195 0 0 0.023981963298822073 15.547301785636565
200 0 0 0.02385271134522382 15.548120944548455
205 0 0 0.023746090161864464 15.548126540939375
210 0 0 0.023437541310419974 15.546696996014493
215 0 0 0.022503042194319978 15.543469279788575
220 0 0 0.019856099420827666 15.548455357855955
225 0 0 0.019137904788640414 15.539563998421345
230 0 0 0.015528292489660034 15.54239430722238
235 0 0 0.021548712214577215 15.53935712281663
240 0 0 0.019008522122736515 15.54031211988053
245 0 0 0.019808667724547036 15.538071161982227
