0 0 0 0.28099019499430145 0
5 0 0 0.003979852789511185 8.08507017148845
10 0 0 0.0007142675039606416 8.070540463116629
15 0 0 0.0012335466422830343 8.065516389103902
20 0 0 0.002763553150634923 7.9741909470482835
25 0 0 0.0006619330281276703 7.927443486689473
30 0 0 0.008421864795853162 7.903159618290702
35 0 0 0.012248994934047408 7.8889324719911
40 0 0 0.009796187720557903 7.88011630205413
45 0 0 0.014399545972447747 7.877138399815982
50 0 0 0.01220882558087344 7.878492543445345
55 0 0 0.014089075750356894 7.872209024819017
60 0 0 0.010438305237984169 7.8723187015443
65 0 0 0.012457822277035735 7.871793069019929
70 0 0 0.013703696589760783 7.871981327445257
75 0 0 0.016693581090133636 7.870423717850176
80 0 0 0.015033867194377715 7.866521863736978
85 0 0 0.009984195123225348 7.868212909743894
90 0 0 0.012641902114801873 7.86431722204976
95 0 0 0.011196749405790296 7.867613493541024
100 0 0 0.015146576709075932 7.863035100276978
105 0 0 0.011454934202987044 7.861712163093337
110 0 0 0.011819407400419646 7.861805768997725
115 0 0 0.015720606868393494 7.85917775763195
120 0 0 0.010415786324719623 7.862340494945947
125 0 0 0.012554040528309773 7.85814545164231
130 0 0 0.009846218812949559 7.858456935158738
135 0 0 0.010890473624950214 7.859709358183727
140 0 0 0.009538091171250151 7.859160779436823
145 0 0 0.010767951897578065 7.857265318622484
150 0 0 0.011617427506994682 7.856254227834596
155 0 0 0.014999681517827712 7.857491282072232
160 0 0 0.00817428006830312 7.8580043733484874
165 0 0 0.013363823922594165 7.855966048680991
170 0 0 0.013336335494458229 7.85658394693246
175 0 0 0.014750206811715794 7.855538549933687
180 0 0 0.011670448264030409 7.854693897085217
185 0 0 0.011102474094526249 7.8555123015280754
190 0 0 0.012692505603765891 7.857598910200084
195 0 0 0.010606700635326982 7.8543181329142415
200 0 0 0.00952872708224728 7.857187862590705
205 0 0 0.0006141436903017716 7.8545544793713615
210 0 0 0.016005465233439153 7.855796861684615
215 0 0 0.012308477498052861 7.854506141025756
220 0 0 0.011216874586334358 7.853918926471084
225 0 0 0.016511847638065236 7.8553065613408855
230 0 0 0.011251836885879829 7.854516605620428
235 0 0 0.010412676176780655 7.854653413843391
240 0 0 0.011274196112920798 7.853594451596593
245 0 0 0.015405219530276737 7.852988611398961
250 0 0 0.008672872830334688 7.853762002870577
255 0 0 0.016479163844532962 7.854747072661457
260 0 0 0.013153374358370717 7.85429926192887
265 0 0 0.009214728104188774 7.854998593688967
270 0 0 0.008375481729428369 7.853309739267825
275 0 0 0.011207544602998887 7.853714710253123
280 0 0 0.011881430533758008 7.85311152364345
285 0 0 0.009332302473743725 7.85387056942367
290 0 0 0.007218717122575047 7.853680001845294
295 0 0 0.010806464139494931 7.854290497523643
300 0 0 0.009891287675812155 7.855016993856566
305 0 0 0.009146300357450121 7.853897129828438
310 0 0 0.013374479557936025 7.855574373448612
315 0 0 0.012243267472838326 7.852531423670712
320 0 0 0.010218037357182297 7.8525478218986215
325 0 0 0.012976008680957607 7.85237158011769
330 0 0 0.009843561672143286 7.852335918118662
335 0 0 0.014246406616937657 7.852052424007426
340 0 0 0.013778823260600426 7.852030847068184
345 0 0 0.010496436144454613 7.851519522223572
350 0 0 0.008426938329030964 7.852370256862384
355 0 0 0.015073468403711043 7.85045379559323
360 0 0 0.014198601296679048 7.8513619160015615
365 0 0 0.011131897699611315 7.851156402372822
370 0 0 0.012055874311009518 7.8509186566615305
375 0 0 0.012019256378376975 7.851029063079424
380 0 0 0.009367340092036214 7.850290112138984
385 0 0 0.01778240155770594 7.849992690093279
390 0 0 0.013240239535049714 7.850281091936077
395 0 0 0.00204713561805292 7.850753388476001
400 0 0 0.0063845656994043765 7.84934231151815
405 0 0 0.010002079708966383 7.849292340812034
410 0 0 0.006668314089732119 7.8490344512473165
415 0 0 0.014111987953609795 7.849938260808982
420 0 0 0.016536662343227926 7.84990900857401
425 0 0 0.01654079564660682 7.848527924171934
430 0 0 0.010839167438839059 7.848469827832508
435 0 0 0.014507934730102034 7.848459991331696
440 0 0 0.006462530390191956 7.848333311223995
445 0 0 0.009167491906407976 7.848653657774797
450 0 0 0.017683225932544122 7.8478923368874
455 0 0 0.01607925682268907 7.847251339170161
460 0 0 0.013719274839120832 7.847616500198103
465 0 0 0.015399618062553522 7.847126993261472
470 0 0 0.01992864557795926 7.848098230759798
475 0 0 0.012917950720128912 7.847026802059409
480 0 0 0.007632703101954075 7.846681522749201
485 0 0 0.01155971875828632 7.846588048108912
490 0 0 0.013673368299845334 7.84738526682934
495 0 0 0.010888199660438413 7.8462064337543564
500 0 0 0.009701100547483188 7.846311911126386
505 0 0 0.010370267250591647 7.8459521715381015
510 0 0 0.013274724873783006 7.844535820632949
515 0 0 0.01748545494782827 7.843826281052945
520 0 0 0.009427790324936236 7.84429011110464
525 0 0 0.00719210634368439 7.843219427732179
530 0 0 0.0159634788404861 7.844582709154394
535 0 0 0.008062558457876845 7.843378965409678
540 0 0 0.01092849321644418 7.843123268121834
545 0 0 0.005436843064806851 7.843144061632213
550 0 0 0.0034686613073517947 7.842773447818965
555 0 0 0.014112662514764285 7.8417009705099305
560 0 0 0.013388722605767622 7.840511823377292
565 0 0 0.0021678747867117654 7.842086704396239
570 0 0 0.004680108273051209 7.838891003503901
575 0 0 0.009103979499791581 7.839330116439182
580 0 0 0.0036988763196463825 7.839991373531874
585 0 0 0.005463780032671561 7.838901812420485
590 0 0 0.008558005739445429 7.8378277560162735
595 0 0 0.004027053936039637 7.836930190666184
600 0 0 0.021890710016402082 7.83738158723154
605 0 0 0.0021677551551169127 7.837141016863562
610 0 0 0.009797399270994767 7.835779687419554
615 0 0 0.006556334599219671 7.836129799793619
620 0 0 0.0038731005161007914 7.833304993149263
625 0 0 0.016731358857362322 7.834232878069927
630 0 0 0.011880531120325166 7.832836667762442
635 0 0 0.00013014018416801498 7.831747185424589
640 0 0 3.005901597386007e-05 7.831972629344152
645 0 0 0.0009248382624165163 7.829398516748048
650 0 0 0.012819055393625822 7.829257529462746
655 0 0 0.008750195295913255 7.828583254066533
660 0 0 0.0015989152872122325 7.827638650988529
665 0 0 0.0032257743178809584 7.826072110708943
670 0 0 0.012091071893322258 7.825795320491713
675 0 0 0.005758775293742691 7.824564050197848
680 0 0 0.009269495590776167 7.822544292283408
685 0 0 0.010908663669499497 7.8232138943605944
690 0 0 0.002829333262424294 7.820930409126856
695 0 0 0.011536809577179286 7.81975461585671
700 0 0 0.008903978951346092 7.821811508756058
705 0 0 0.046896483147555346 7.819677368808359
710 0 0 0.032459931785777885 7.817904681284311
715 0 0 0.0025270644393107222 7.817717272218345
720 0 0 0.001373719800034534 7.815514712127579
725 0 0 0.0025395673539789776 7.814386199244002
730 0 0 0.013685868390949096 7.81405327113319
735 0 0 0.005656064995346544 7.813148619731606
740 0 0 0.01240070800132309 7.8129175926316465
745 0 0 0.015036206647358386 7.81092018321149
750 0 0 0.0023253101668756493 7.810481587939295
755 0 0 0.017128664298369234 7.809451712095747
760 0 0 0.009992135271512215 7.808236725350031
765 0 0 0.006200573414075983 7.8073727581196
770 0 0 0.0011337495799497166 7.806257184733684
775 0 0 0.013641709793824619 7.806155013509164
780 0 0 0.03571639970259333 7.803870781467535
785 0 0 0.027932039947746956 7.803526092383532
790 0 0 0.02899130821117879 7.802495349029522
795 0 0 0.04375441833236593 7.801004911601002
800 0 0 0.0043415618179012405 7.799887577960499
805 0 0 0.02002561428329619 7.798846694307737
810 0 0 0.006055426875197778 7.797799555223533
815 0 0 0.04629810153778324 7.797551800269906
820 0 0 0.03635556071822044 7.7961040368598375
825 0 0 0.009428676721393803 7.796131991653428
830 0 0 0.03750670826396596 7.793731619405958
835 0 0 0.032077604082438205 7.79311748468757
840 0 0 0.007330133519693582 7.792102313726822
845 0 0 0.007586101495918207 7.791820481643168
850 0 0 0.03372395364912317 7.790367691098981
855 0 0 0.03332602133125073 7.7894091874795945
860 0 0 0.018419304647396828 7.789013914740501
865 0 0 0.008307832049514241 7.788055491582806
870 0 0 0.056226382446787015 7.786954845063517
875 0 0 0.0030453824829064224 7.786207912840834
880 0 0 0.044698502454963984 7.78523520345966
885 0 0 0.006125099675787116 7.784713618418866
890 0 0 0.012309260725888782 7.784244601708316
895 0 0 0.02746972932528191 7.783569808556634
900 0 0 0.022936617774856227 7.781294216438706
905 0 0 0.038787917326418286 7.780657832273253
910 0 0 0.0203807624440564 7.780101536923131
915 0 0 0.018658515106726004 7.779561618603029
920 0 0 0.007478837067001143 7.778303866905344
925 0 0 0.0007835629735415406 7.7778313205830925
930 0 0 0.04628227416487363 7.777025804572573
935 0 0 0.012853348475744708 7.775998251653143
940 0 0 0.022210514236864487 7.774485061222285
945 0 0 0.014662405278061286 7.773324668955918
950 0 0 0.022772149189260515 7.774632281576169
955 0 0 0.039404025435209045 7.773343251160281
960 0 0 0.02450465577627048 7.773152234320633
965 0 0 0.0475563712444349 7.77179778951711
970 0 0 0.02726258599793474 7.770474097365679
975 0 0 0.03604323989400715 7.771259291568565
980 0 0 0.00010588689665702589 7.769675123855103
985 0 0 0.03841399831534864 7.769653090735922
990 0 0 0.009809179523957878 7.768363375643238
995 0 0 0.015270964962956768 7.767527665177044
1000 0 0 0.040411847581731664 7.767105578849452
