0 0 0 0.29414977675702914 0
5 0 0 0.011012307604127303 27.309594318448745
10 0 0 0.010132102723697356 27.1447791705614
15 0 0 0.011494376169397302 27.069244332548806
20 0 0 0.011287285834121086 27.0106651824352
25 0 0 0.01284720572148812 26.950565660160102
30 0 0 0.016237919830484726 26.90204938408469
35 0 0 0.01599231175404303 26.854932982872057
40 0 0 0.012630080340200855 26.800660810759826
45 0 0 0.016160720441136922 26.73931883604296
50 0 0 0.016892697633154263 26.68991133619235
55 0 0 0.013638402229665836 26.64969808726944
60 0 0 0.012758327274521752 26.61194412967739
65 0 0 0.017040534208599745 26.568262813275574
70 0 0 0.01522006589496172 26.543573794641517
75 0 0 0.01471922715086671 26.53292634218305
80 0 0 0.015688702156422485 26.513027314356492
85 0 0 0.01341966598034361 26.503573647535454
90 0 0 0.01548993180931646 26.482212262702475
95 0 0 0.013513959826055189 26.49167011178565
100 0 0 0.012135343012264155 26.47200644656147
105 0 0 0.01286590324898107 26.46779259790671
110 0 0 0.013976738244187326 26.452666248150468
115 0 0 0.01705290039862506 26.454254734257965
120 0 0 0.013668990803014758 26.45105289029951
125 0 0 0.01879414104080701 26.451026092467572
130 0 0 0.015963358509488712 26.436128373511952
135 0 0 0.011892072091583383 26.429060784745666
140 0 0 0.014759020602302497 26.431162807276998
145 0 0 0.01738132555291627 26.42502038744324
150 0 0 0.015037324243405426 26.433053014367548
155 0 0 0.015075938954058454 26.426655918014863
160 0 0 0.016720184758795664 26.423068586036337
165 0 0 0.017332987648965625 26.421792612395084
170 0 0 0.015552230114316723 26.42296380407829
175 0 0 0.019925111297628195 26.41688015295706
180 0 0 0.015285200585299918 26.410079934800013
185 0 0 0.017886324530050013 26.41918859396467
190 0 0 0.013971821377258165 26.41844241442729
195 0 0 0.018853994482994407 26.41884081157445
200 0 0 0.01601075405836694 26.419143157543594
205 0 0 0.017167630200254136 26.408509495071225
210 0 0 0.01575022886876032 26.404973979267798
215 0 0 0.015598742519409736 26.409401356868067
220 0 0 0.01384490528846527 26.403243851773937
225 0 0 0.012928522715638158 26.401407606187803
230 0 0 0.015944512901627572 26.39391168363587
235 0 0 0.017781626126412098 26.393922658081152
240 0 0 0.015875797808458936 26.39032197002634
245 0 0 0.018611495267637057 26.38933555993208
250 0 0 0.014392213006365173 26.394778318549257
255 0 0 0.016034788898369623 26.388431649482044
260 0 0 0.01718225085777969 26.388064229080786
265 0 0 0.013989806304645969 26.38103396565468
270 0 0 0.015240236768498061 26.372781593089417
275 0 0 0.015190542554765818 26.36986324043354
280 0 0 0.013806497592115496 26.374566571535254
285 0 0 0.016761424344636122 26.36912027380741
290 0 0 0.013789779122181045 26.36239240430395
295 0 0 0.01663664384801833 26.366497200909475
300 0 0 0.015477158741299846 26.338443651797515
305 0 0 0.01547361859672991 26.338702014642678
310 0 0 0.016586274086102915 26.331284540656167
315 0 0 0.02118910911419447 26.33271759754101
320 0 0 0.02022107542513396 26.311480814230126
325 0 0 0.01429791495661381 26.31205588479816
330 0 0 0.018025705461194086 26.289646338841926
335 0 0 0.01618944420300017 26.29547090137425
340 0 0 0.018435140077685208 26.29662104915756
345 0 0 0.015551905069881578 26.276597462784483
350 0 0 0.015937548885161856 26.277516025793897
355 0 0 0.017633338489884576 26.260042195267985
360 0 0 0.01866496413687213 26.273409391557202
365 0 0 0.017990833932304495 26.278261952844822
370 0 0 0.014872887024059978 26.24214418144379
375 0 0 0.016191669881430393 26.240578124193163
380 0 0 0.018301328385642357 26.2457321372406
385 0 0 0.01535428239679204 26.237157610573586
390 0 0 0.01675153895023307 26.247702798177848
395 0 0 0.01749302502147443 26.24214813431552
400 0 0 0.019188336240515413 26.218683093338342
405 0 0 0.012419984039102161 26.21771797966158
410 0 0 0.01719070723386884 26.234479317054397
415 0 0 0.019625936023231372 26.21676207267779
420 0 0 0.016153246286586542 26.215906171877595
425 0 0 0.0175854932619095 26.192963105114245
430 0 0 0.01740308472139218 26.212292351693087
435 0 0 0.020288026033352446 26.197118933858295
440 0 0 0.01946633693857569 26.196534941397296
445 0 0 0.018190079815529225 26.191837667279078
450 0 0 0.018387716585301472 26.188221113801593
455 0 0 0.017481607312095804 26.189829440202132
460 0 0 0.020424978638839297 26.172943008584152
465 0 0 0.01800683405977921 26.177596031491966
470 0 0 0.020229666799908452 26.177212011004425
475 0 0 0.017613076768433933 26.168640105131395
480 0 0 0.019364415307422833 26.16947069326562
485 0 0 0.019947012151782184 26.173600111332895
490 0 0 0.019677006988836343 26.175454982330347
495 0 0 0.019505704142437352 26.162066068521522
500 0 0 0.019242203393215807 26.170481550105546
505 0 0 0.01846723337248224 26.161508498801336
510 0 0 0.020545868720691196 26.15691351057014
515 0 0 0.019459322887436015 26.167169010640627
520 0 0 0.01845479004322481 26.15358355510159
525 0 0 0.020265511026556826 26.160935379971637
530 0 0 0.01905502411785709 26.154440354875977
535 0 0 0.01950162075335382 26.150098523960192
540 0 0 0.018582056854530515 26.150352733210806
545 0 0 0.01934863033275458 26.139089257211047
550 0 0 0.018000551515285013 26.143303519216456
555 0 0 0.020255882243676027 26.153295417798795
560 0 0 0.019950826053831028 26.1428738296789
565 0 0 0.02036985190185092 26.140640264779773
570 0 0 0.017743178603008225 26.160121098113642
575 0 0 0.020924225627217297 26.141104497850332
580 0 0 0.01790100666895711 26.134333706262215
585 0 0 0.018955040844042648 26.131284362979514
590 0 0 0.0198648746624579 26.137571830768533
595 0 0 0.020821652974268634 26.137701904391765
600 0 0 0.017952411362527787 26.131533481516303
605 0 0 0.020110511481165716 26.132247700048218
610 0 0 0.01834777769721696 26.124754409016518
615 0 0 0.02008503496645253 26.120249853426348
620 0 0 0.0183065094114796 26.130914192142043
625 0 0 0.01705513944072412 26.126996128801448
630 0 0 0.01908715201489941 26.12285340500411
635 0 0 0.02001662587413522 26.131563258900893
640 0 0 0.017776163432915215 26.1336888104123
645 0 0 0.019837276515069835 26.127455009333794
650 0 0 0.019661463089551523 26.161744356933486
655 0 0 0.018581206179787424 26.1223747635324
660 0 0 0.020414399366566638 26.121405109970336
665 0 0 0.019561349973007847 26.116432041046927
670 0 0 0.021111111161265628 26.11712492450783
675 0 0 0.020468741990285144 26.11860164087251
680 0 0 0.020044294786402572 26.11879234451058
685 0 0 0.02016503015035287 26.115294323451764
690 0 0 0.021702788190869127 26.120111497347917
695 0 0 0.01846974550895286 26.11447368651862
700 0 0 0.020742205747839915 26.109071479421615
705 0 0 0.02087650075855474 26.108280187997433
710 0 0 0.01954684813559604 26.109877517665723
715 0 0 0.019627377641737054 26.11071931395538
720 0 0 0.01910602024618102 26.1094474032032
725 0 0 0.020808269208246744 26.112519629959852
730 0 0 0.020977068752543016 26.11150996230176
735 0 0 0.020783366100222578 26.120922135674522
740 0 0 0.020098830396140244 26.119267745447885
745 0 0 0.020534910040227894 26.116266052650285
750 0 0 0.020532474342069618 26.119955058102338
755 0 0 0.020647526392969295 26.105266893539202
760 0 0 0.02092034979529367 26.10433986503598
765 0 0 0.019273297636599462 26.1080788516955
770 0 0 0.021526250462853724 26.11161839509275
775 0 0 0.019925204593713275 26.11034230888297
780 0 0 0.020047257536497165 26.11335996514328
785 0 0 0.020882687731021088 26.106569990813103
790 0 0 0.019599889483733035 26.107371384652584
795 0 0 0.020615610361303105 26.104175356559775
800 0 0 0.020019495913754293 26.109732105018075
805 0 0 0.020469900792740248 26.10442691199518
810 0 0 0.019266162800462006 26.114799631073524
815 0 0 0.020321272550253955 26.114436966666776
820 0 0 0.01988919393015376 26.102022894997585
825 0 0 0.020592661938238832 26.10768642443247
830 0 0 0.02041254828846828 26.1253316528838
835 0 0 0.020933057193440296 26.110809619863577
840 0 0 0.021283776820216316 26.104405580572312
845 0 0 0.020056520851245763 26.140009312414836
850 0 0 0.020378989188508667 26.107600675427935
855 0 0 0.01974428492766056 26.110279631017587
860 0 0 0.020304092449531463 26.10349413419958
865 0 0 0.020871710828574086 26.100925521858848
870 0 0 0.019436494401330773 26.10403786809634
875 0 0 0.020250845502662873 26.113660336182797
880 0 0 0.020221912091649585 26.10919854513847
885 0 0 0.01937907130769112 26.10286421399278
890 0 0 0.020459056440945256 26.105646208226457
895 0 0 0.020373253343720643 26.104041869722323
900 0 0 0.018631945684201234 26.102875875286163
905 0 0 0.020005202431662594 26.097886566992123
910 0 0 0.019921591512854997 26.10285992058503
915 0 0 0.020447375090275388 26.097702051417617
920 0 0 0.020232569154182256 26.099219155959275
925 0 0 0.02115397464458968 26.101851706191937
930 0 0 0.020442439258991696 26.097817347722213
935 0 0 0.01991970066740234 26.10156428592929
940 0 0 0.0200233145972859 26.10335156024032
945 0 0 0.018704150374916795 26.10071412402726
950 0 0 0.020048740549325483 26.119380959960402
955 0 0 0.018601264156343333 26.104958596646007
960 0 0 0.02131487484911254 26.09855174058059
965 0 0 0.020313353418864866 26.097462520308913
970 0 0 0.02091457400707264 26.098946938661033
975 0 0 0.020485324489726287 26.101536855053837
980 0 0 0.020570652646817233 26.09997230404645
985 0 0 0.020329669151912366 26.101495495421606
990 0 0 0.019538050786541916 26.09816992285357
995 0 0 0.020984367860718223 26.110727930625963
1000 0 0 0.02018929054229801 26.09692901088957
