0 0 0 0.2657445556139154 0
5 0 0 0.013985063103574724 27.35304740181984
10 0 0 0.007254378421902574 27.193608216443046
15 0 0 0.011543575942282613 27.10607209909913
20 0 0 0.011151980957269547 27.045888978000303
25 0 0 0.015986314913476907 26.98624070620583
30 0 0 0.016207022286599093 26.91879794113356
35 0 0 0.015518882519083732 26.866980909219425
40 0 0 0.014485280436213221 26.820618224414265
45 0 0 0.011040584766428108 26.771399064331664
50 0 0 0.014351775545943024 26.723313076558114
55 0 0 0.016585743076259485 26.685954433623387
60 0 0 0.012482263049855336 26.647836633123497
65 0 0 0.011964131145446366 26.616162100597435
70 0 0 0.01578137314485839 26.582152026262335
75 0 0 0.013811457117343329 26.57488654438128
80 0 0 0.01610115166188364 26.557231139414238
85 0 0 0.012507042603981056 26.530828298858033
90 0 0 0.0143697933359348 26.51987604923069
95 0 0 0.017448815143439544 26.512391079869975
100 0 0 0.01654890005305587 26.497583003927392
105 0 0 0.014759824698553192 26.491851499355707
110 0 0 0.015065065912246434 26.469981269637078
115 0 0 0.01164499293276644 26.465889732152615
120 0 0 0.014524620432801782 26.4711314224044
125 0 0 0.017799033472595704 26.458275041096716
130 0 0 0.015273714285361617 26.466071024775747
135 0 0 0.01576142369973721 26.4559783685677
140 0 0 0.016929173702813438 26.452986724644838
145 0 0 0.014628170512401173 26.438524023046394
150 0 0 0.016085245565701678 26.443345524098774
155 0 0 0.01635871433522973 26.43693082716566
160 0 0 0.014373881427648838 26.434439219758175
165 0 0 0.013905573108351055 26.425203439039674
170 0 0 0.014043372441110868 26.432009261230622
175 0 0 0.0152025954838384 26.43008332331523
180 0 0 0.016769528771631403 26.43075413786361
185 0 0 0.0167938440696771 26.427479543109897
190 0 0 0.017217767987135923 26.418142556403936
195 0 0 0.01593878801899873 26.421339397350774
200 0 0 0.015857007017842317 26.424750883411413
205 0 0 0.015936792473959738 26.415726979211914
210 0 0 0.015489009037384927 26.41893704081927
215 0 0 0.014729528837474248 26.41517262977033
220 0 0 0.012770286615546134 26.410838956765744
225 0 0 0.016250928003374465 26.411965566750816
230 0 0 0.015537343089428335 26.420714210964917
235 0 0 0.015243235930333832 26.412368834528497
240 0 0 0.014204447634670325 26.408703163871024
245 0 0 0.014436340155669525 26.410215287334402
250 0 0 0.014290906325909347 26.402686512483978
255 0 0 0.01777534579549056 26.404269581347076
260 0 0 0.01583349641784615 26.401992961661172
265 0 0 0.018858258935743333 26.410906262606886
270 0 0 0.012742853453465264 26.403741659510885
275 0 0 0.014711826243368753 26.39920915656629
280 0 0 0.01741680844235316 26.40312303848534
285 0 0 0.01470184715838907 26.400333792519067
290 0 0 0.017809946547909572 26.39812489888033
295 0 0 0.013194160978239777 26.400644438964346
300 0 0 0.014681684839054743 26.389658511314774
305 0 0 0.014783380601347984 26.39208991186617
310 0 0 0.020415466204772414 26.387728663756505
315 0 0 0.01580042262102843 26.384307055509
320 0 0 0.018540933428916606 26.38806715735975
325 0 0 0.018881378955531547 26.380015722756276
330 0 0 0.017251944193122704 26.37876759269834
335 0 0 0.014055635795827248 26.37839878422399
340 0 0 0.013372660595386776 26.376858016049773
345 0 0 0.017574555202118702 26.370152037479908
350 0 0 0.015073507923757612 26.375705370397885
355 0 0 0.015527455036104199 26.37027595308603
360 0 0 0.016962079269834174 26.359584572983575
365 0 0 0.01613057152676456 26.362071133592202
370 0 0 0.0162632083282237 26.35772788695282
375 0 0 0.016908123202805436 26.345856292250787
380 0 0 0.0139214428373442 26.343122494126916
385 0 0 0.01552760666450026 26.343530336479954
390 0 0 0.013784301620170858 26.329605571943134
395 0 0 0.016199052171988138 26.322253686298858
400 0 0 0.012098337737462384 26.31318127956605
405 0 0 0.01615409575873672 26.311023571158135
410 0 0 0.019049733987221984 26.31482499634529
415 0 0 0.016947399374985128 26.28352487016031
420 0 0 0.018546259531787346 26.296689244026684
425 0 0 0.01350978898790256 26.265123617746834
430 0 0 0.017778104618256352 26.26816315831672
435 0 0 0.01707909338208302 26.257009248755818
440 0 0 0.017737781118771334 26.269400807364562
445 0 0 0.015584111082602714 26.248925938923417
450 0 0 0.01631853655700155 26.250721566395296
455 0 0 0.014467638604567679 26.238259773234976
460 0 0 0.016566426106784826 26.226725419974482
465 0 0 0.01547400190432846 26.221731146361392
470 0 0 0.018329851017386822 26.22583304203762
475 0 0 0.020535276672190683 26.211913468525083
480 0 0 0.02078274338125108 26.204820396034776
485 0 0 0.020809727028431313 26.212283061546124
490 0 0 0.01848113271868268 26.19055526558114
495 0 0 0.01874223234642658 26.197514757076384
500 0 0 0.018382279208718266 26.19871235240571
505 0 0 0.018275448625582502 26.187731364265822
510 0 0 0.015218312713576099 26.373561651982303
515 0 0 0.015319938586959347 26.343913073922685
520 0 0 0.016096106304737123 26.259369292759853
525 0 0 0.020357161356688414 26.193087860615513
530 0 0 0.01799917944574636 26.174385058523203
535 0 0 0.01891911862031259 26.174996531500124
540 0 0 0.01996468162305276 26.17559506465575
545 0 0 0.018564812105933415 26.170037882016274
550 0 0 0.01917423879365865 26.163024319260867
555 0 0 0.017899197278853585 26.158287539052495
560 0 0 0.0190101861041283 26.156233560724576
565 0 0 0.020995077697402165 26.159675421084067
570 0 0 0.017402318369072578 26.1599095157789
575 0 0 0.016551018199043588 26.149067400968242
580 0 0 0.019890657703064862 26.154642384460804
585 0 0 0.017070284849265205 26.14556592721463
590 0 0 0.019074869394914762 26.151938305546427
595 0 0 0.01938290224605188 26.146577397883316
600 0 0 0.01993318708372893 26.14226586098761
605 0 0 0.019345335896675753 26.14317000896309
610 0 0 0.020866520572787817 26.153877856993496
615 0 0 0.02098437370232009 26.143751996654977
620 0 0 0.017791992448729976 26.147090044626182
625 0 0 0.0209579687157615 26.128215947079276
630 0 0 0.019581957806201977 26.142729592706797
635 0 0 0.020586672273664952 26.13207478923136
640 0 0 0.018744444954855277 26.1358484626147
645 0 0 0.01941963517846257 26.129955558771698
650 0 0 0.019093475505584268 26.135056249481792
655 0 0 0.020638969612959857 26.12631463669408
660 0 0 0.01927436668008853 26.127862926638965
665 0 0 0.020457389458798048 26.130607588403382
670 0 0 0.02011539440982313 26.13073256474144
675 0 0 0.019746436667169798 26.12961908624485
680 0 0 0.019761721585355607 26.122871575958133
685 0 0 0.020407187128307802 26.12272150724769
690 0 0 0.018956846007396777 26.12820459534651
695 0 0 0.02037142823099658 26.120252269900263
700 0 0 0.02043535088702364 26.13217774417514
705 0 0 0.020594035000783828 26.12041793288253
710 0 0 0.020847917613201705 26.12172740493988
715 0 0 0.020180274802853226 26.12502689056835
720 0 0 0.02038336452811018 26.11501741096882
725 0 0 0.020741848524377104 26.12210569518962
730 0 0 0.018791398499145018 26.11968013343122
735 0 0 0.018281832289542166 26.11652148853135
740 0 0 0.020187094672603045 26.121732994462494
745 0 0 0.01903955056290041 26.12475480983081
750 0 0 0.019863662293777784 26.11390138620037
755 0 0 0.018833816240565016 26.11429195748599
760 0 0 0.020597904750251805 26.118288616228142
765 0 0 0.020059681137529317 26.121350423353334
770 0 0 0.01892008949310231 26.11800966674074
775 0 0 0.020088530910173708 26.11262295723225
780 0 0 0.021175716775277298 26.11306915772606
785 0 0 0.016969825718182285 26.13305294942737
790 0 0 0.02164251928726424 26.112896093076323
795 0 0 0.02058950139953364 26.110654465404433
800 0 0 0.021090070001620553 26.117485801982784
805 0 0 0.019875082574639658 26.110960937943336
810 0 0 0.0192440973065795 26.112390617967502
815 0 0 0.019841755392387084 26.111560231092138
820 0 0 0.017684223685791478 26.110614276494026
825 0 0 0.019606111594214548 26.110579181258018
830 0 0 0.020207929072691533 26.112131478203775
835 0 0 0.01972994982204379 26.1113040550483
840 0 0 0.019398795087127052 26.10897702167712
845 0 0 0.019199906328669414 26.104843117273845
850 0 0 0.019668165979135566 26.117696837339302
855 0 0 0.019306063543956142 26.109772720076045
860 0 0 0.019355011302767844 26.106416419426495
865 0 0 0.021088957381057538 26.108256656491644
870 0 0 0.019194301752269993 26.107827070495762
875 0 0 0.021177245396795996 26.105536756213013
880 0 0 0.01869419082603052 26.103206371817706
885 0 0 0.01936454813522337 26.106292228151897
890 0 0 0.020298396021217524 26.105463525305055
895 0 0 0.020302739893108823 26.106971478953383
900 0 0 0.019621114086275426 26.103294938295075
905 0 0 0.01940850113668713 26.103090562286006
910 0 0 0.02082530727133647 26.107526662950537
915 0 0 0.019659520787194573 26.103398603766536
920 0 0 0.020886690322186707 26.11567505358896
925 0 0 0.020288886379751236 26.102837106935812
930 0 0 0.02147018145098234 26.104419296242263
935 0 0 0.020463328171764106 26.119736508253194
940 0 0 0.019809136935235117 26.10545179254334
945 0 0 0.018143058298651704 26.107938779283167
950 0 0 0.01966341633452995 26.106847861410248
955 0 0 0.020548562545173565 26.10681482978525
960 0 0 0.019996411297660055 26.10203341254524
965 0 0 0.020782077185718117 26.099876240305885
970 0 0 0.02005981640334742 26.10654028932662
975 0 0 0.017341976846229512 26.10417537686536
980 0 0 0.021430132607720864 26.101623976556358
985 0 0 0.020453615420625848 26.104881639271053
990 0 0 0.020318750362824156 26.10574242436613
995 0 0 0.019812378642241724 26.10753263878504
1000 0 0 0.019801456802823303 26.104211326107134
