0 0.4267511684670029 1.9185703947798611 0.3399184888448563 0
5 0.7449508367785822 0.6460655183442334 0.05665319802459723 4.373330342393638
10 0.9329025047657884 0.1565109841252994 0.014600928115326317 3.813614136682217
15 0.9364108976321313 0.1485154921800409 0.01953284820465684 3.8046176987598597
20 0.9370577528648389 0.14715975627462763 0.012367015216824262 3.7988783681332405
25 0.9390012099518483 0.14065682964298798 0.01566076965783081 3.795971539612725
30 0.9403491780874595 0.13710819509054772 0.014611568699313349 3.79382749273245
35 0.9409549487675306 0.13610178346428237 0.02911329682090269 3.7925705480831353
40 0.9412696432733987 0.1345777024354664 0.027883374250231574 3.7918156843763886
45 0.9418481309984194 0.13390133368280743 0.01753586698246079 3.790682459129861
50 0.9396898781780842 0.20638657200256727 0.008876856892665153 3.7973748444750224
55 0.9385675886079098 0.24785124326978103 0.007036151895073228 3.7301468274117844
60 0.9340295582852347 0.2643617824660729 0.015316402560305642 3.7277880504429803
65 0.9373974433433294 0.2545899006688126 0.01110721888876065 3.7275036916827973
70 0.9380119294013016 0.2533436840063472 0.013020522004473234 3.725335623076632
75 0.9385518315596392 0.2509813857203449 0.003967369440060153 3.7256443870792286
80 0.9344346209909453 0.2633994445905481 0.011980709093781794 3.7249660959826514
85 0.9386690927949586 0.2504746204764663 0.006527820716011545 3.724104580911251
90 0.9376372578924724 0.2535859051371774 0.006189020383849053 3.7237595281275073
95 0.9386285192050318 0.24909448247914057 0.013936167880958195 3.723288622982541
100 0.9387359602195664 0.24979060485495452 0.014778632733696062 3.723938135621009
105 0.9381218256164949 0.25448923553574376 0.005092607530511106 3.723060133397096
110 0.9387913662275748 0.2492741791552633 0.009822428999682664 3.7236217130985296
115 0.9385625701778477 0.24940542060306248 0.018435313058759117 3.722327044235159
120 0.9387514366788174 0.24949043455411868 0.0027011514235988354 3.72045270763365
125 0.9377543657297212 0.2535753066304256 0.006061632601351397 3.7224943326307955
130 0.937941305981448 0.25346209243322715 0.0016391889607967336 3.7217990597521915
135 0.9257097234456901 0.3007386497872653 0.02166518640555215 3.720814740977115
140 0.9380342558865252 0.2528896233824707 0.01118046241519055 3.7195457973254182
145 0.9385545450360673 0.2515764401289582 0.008914991505840408 3.7212832170351207
150 0.938760206674558 0.25026720231555144 0.011341614996350113 3.7203414597619497
155 0.9383216879062231 0.2517783448945785 0.009031082835623927 3.720646285079669
160 0.9329280844309025 0.2688467988485126 0.01572154244263113 3.719917215521001
165 0.9387362444629977 0.24880825500653891 0.015602434821993416 3.720010292253084
170 0.9387011114330239 0.25103669794481975 0.009721274751170794 3.719257365243281
175 0.9388171598656259 0.25020647756061365 0.012340599208287228 3.7197795223457617
180 0.9383136858961366 0.25146381878014523 0.009494043057398649 3.7186199339312562
185 0.9289722532253621 0.28515869335628885 0.018063113832440303 3.719914909636588
190 0.939138990534079 0.2472046222960338 0.004029249876209784 3.718949922110414
195 0.936724513244443 0.2556142062846529 0.012428330226782469 3.718335328081523
200 0.9313797858671585 0.27620930285785716 0.011651053497791164 3.719061841843803
205 0.9381598485445914 0.2538248578571527 0.008029426203759238 3.7175044667567714
210 0.9359456113219173 0.2608502597279414 0.016833954960577602 3.7190082996787908
215 0.9388300839494548 0.25000846625775 0.0071682340610847994 3.7186393332499805
220 0.9385006078644409 0.25158459735104577 0.00410407405389801 3.7170417457214957
225 0.9390374847858793 0.24866899911828 0.01303944144016711 3.7180041000056976
230 0.9358611343917493 0.2611321025893272 0.01418886097437122 3.7175843439527934
235 0.9390836839823083 0.2497588725745965 0.010464787404518505 3.7169701318079365
240 0.9392763696178161 0.2457073216531187 0.0054390738296135055 3.7173028141666964
245 0.9387556928119477 0.2516108296010833 0.013114230080530698 3.717067977201777
250 0.9391450074983096 0.246432031386568 0.009436837671759513 3.7178802865724827
255 0.9361189025643799 0.25810147418544505 0.0022589464365452283 3.716492824142346
260 0.9367231659302515 0.25532919386840813 0.008365503294072374 3.717654377998763
265 0.9384789242927213 0.2495250857924578 0.012743201880809352 3.716684567362055
270 0.9358837934942574 0.2646316377558269 0.008225297541008869 3.7155477411381734
275 0.9391627696618159 0.24842272989284186 0.013652532567741682 3.716356033782942
280 0.9381380736567089 0.25061493711862504 0.010809578862523539 3.716309435236708
285 0.9394107218942155 0.24709492814800038 0.012302858955521412 3.7144529602352367
290 0.9390557715938844 0.24807279346010702 0.01080422066907416 3.715306510085601
295 0.9390538122972107 0.24759039706401875 0.015768087860404734 3.7154921688763447
300 0.9388345485585837 0.24876982135955839 0.011408396995707282 3.715989481250075
305 0.9368155028650359 0.255582457007304 0.011279886672656891 3.7156703066324157
310 0.9376411066716416 0.25234722400758036 0.008654630755924542 3.7146333005039596
315 0.9386741848675643 0.2499139874714671 0.014319521294878346 3.7147828901291966
320 0.9391651570723543 0.2503436699628132 0.006006028596970081 3.7150768499535656
325 0.9391969234301263 0.24707500750318578 0.013605702484910775 3.715652485851212
330 0.938393028733321 0.25189700495708367 0.012849273903048797 3.7137027813460675
335 0.9388626342858188 0.25169815059512324 0.013987395311524375 3.7145155534261365
340 0.9395041928425821 0.2451750705384219 0.009607983591889635 3.715539476662494
345 0.9391440727920635 0.24818377770121547 0.0008262378232501977 3.7147400470940273
350 0.9395144692204866 0.2493998907911088 0.01508922481769237 3.7133647982306983
355 0.9397975066537736 0.24201121506496914 0.01419394752845271 3.713356933810259
360 0.9392909191029886 0.24707240211843473 0.003667635072876596 3.713480387741955
365 0.9344723954472521 0.2666379484042589 0.010902700854322545 3.713232747837799
370 0.9400592362282281 0.2445125605872427 0.001958768953715939 3.7146809822224527
375 0.9400058673050906 0.2472233392913683 0.00865103081340357 3.712154800722524
380 0.9341594991387459 0.26788798315578344 0.007691212840744921 3.7116516286072305
385 0.9392222312545546 0.2517137352075469 0.006324344977249652 3.710643410860182
390 0.9405189169573356 0.2432122776307124 0.004941715263390822 3.711675304226607
395 0.9390893069706916 0.24810797171073284 0.015699427253693887 3.7117770723889616
400 0.9408225798203185 0.24126986257315108 0.01627166468813024 3.7114531563416757
405 0.9411829116325032 0.24120144626871198 0.010684287071782261 3.709469845424023
410 0.9393366071689585 0.24585226301528396 0.009645361662576457 3.710358659243803
415 0.941321652265584 0.24084906072791634 0.01374304474474064 3.709245294940628
420 0.940431800465303 0.242307938443576 0.002561267732792194 3.7088571648368625
425 0.9423454132305595 0.2353360510651643 0.011439219875465145 3.7078016196819927
430 0.9407208097747262 0.24395899199728532 0.00916422601903899 3.70691130542626
435 0.9421723195802951 0.23808517457068268 0.013989203239665793 3.7072819599546927
440 0.9432530860357875 0.23321624185309542 0.007313040066385446 3.7071406109883007
445 0.9432452081411686 0.2346547682613247 0.01624457175842564 3.706141002031003
450 0.9433669102665048 0.23442724991660535 0.011360207305761705 3.704573152085723
455 0.9444758316354664 0.2272771638732407 0.01012318917210342 3.704873225257615
460 0.9439171572837122 0.23478952347952653 0.007685699657245193 3.703322124959473
465 0.9450019907831757 0.22802345039128458 0.01384850406819016 3.702942155682729
470 0.9453440774287871 0.22628675741602367 0.010679452143702806 3.701023537333741
475 0.9453921221812677 0.2255406549823964 0.006379252565792415 3.7004835406353607
480 0.942004306874252 0.23908680851485098 0.01113971797955915 3.699545766777103
485 0.9478529502881574 0.21784729928055935 0.013195955855781927 3.700054536920902
490 0.9480935354121635 0.21944871228413776 0.007561220202962016 3.697562748014766
495 0.9434881620579924 0.2397321516988642 0.019193777347363605 3.6967909196699753
500 0.9491775989230697 0.21461902554511214 0.012179411568921994 3.69524157222467
505 0.9503566176634898 0.21211994903164877 0.014738446046956177 3.6932760878621025
510 0.951109205654838 0.20949695993785156 0.007356471792312247 3.6927903258292685
515 0.9522299814883037 0.2064490142801767 0.008050368491536508 3.69093024520985
520 0.9528852803254322 0.20379383868826606 0.005532465069323589 3.6893676818659404
525 0.953331404799221 0.20501079254061372 0.00818984050350613 3.6879854517460244
530 0.9527980585596123 0.20676164269808606 0.006780303893425543 3.6864570768474114
535 0.9556334927145289 0.1974402002447242 0.011504777254766951 3.6847951697545795
540 0.9558889522078688 0.19951609875415555 0.004914382629876535 3.682601258137909
545 0.9557710353476336 0.1995681417457602 0.005337657440730004 3.6815347912708893
550 0.9543434432979707 0.20903341763489935 0.015907134547544555 3.6800701763232184
555 0.9533258284610493 0.21158694233554565 0.007884104812905024 3.678302369902777
560 0.959029719327591 0.1878434454019393 0.008500561781356053 3.6774396402916323
565 0.9583403977974745 0.19115796842440824 0.0023697513007989723 3.6764595448393154
570 0.9602488104332907 0.18249785231222315 0.003436483429876347 3.674928492037345
575 0.9608868691480681 0.18101623441897896 0.003051559804690962 3.6737458702828802
580 0.9536881848090943 0.21268687532015207 0.0113044237313904 3.671678434768058
585 0.9615707218706493 0.1803020310203154 0.004201083500091851 3.672398856189098
590 0.962144979882529 0.1776068924177041 0.005336832875420416 3.6720710308085973
595 0.9598714240804833 0.1905640934704742 0.006316599075701035 3.6706559514193664
600 0.9592669544876538 0.19376402668328074 0.004463974469212317 3.6703079971469794
605 0.9616750501408486 0.18263930685366558 0.009553929506850967 3.668584835497959
610 0.9629149385827078 0.1774296686892587 0.0055216600752465705 3.667508997024932
615 0.9587632334828852 0.1941999211741079 0.0025397817947139245 3.6673981129789786
620 0.9635523720502195 0.17437033863617968 0.0017481784354174135 3.6677979648173356
625 0.9626186528766476 0.180332089409315 0.001389547489766274 3.66675133530957
630 0.9633293582122778 0.17706370510391967 0.0023774675949397306 3.666064702883404
635 0.9577781953409481 0.1992569751028439 0.004156715602653183 3.664947033610503
640 0.9632800882752809 0.17695848660561175 0.006275655059896135 3.6650897743316437
645 0.9641476972657413 0.1728477591668658 0.0038151836000679396 3.6637190830009043
650 0.9626151756724022 0.18349309482127074 0.007003424773891043 3.6645087617858905
655 0.9613970610646967 0.1831151358873191 0.003777451618302452 3.663922488561022
660 0.9634408977113804 0.1789325778767985 0.0019335051212323595 3.663151649773551
665 0.9641594145416212 0.17558094084641152 0.004578969050418991 3.6642243063011004
670 0.9637881319886488 0.17554205482394813 0.0034348337444012333 3.662805940053264
675 0.9642164205587436 0.1750948949051958 0.003985646069077253 3.6627003077349065
680 0.964916903993138 0.17163488850211905 0.0024822323730464557 3.661875661073554
685 0.9642013161136571 0.17390229005373348 0.00041943156585566577 3.6624292006758092
690 0.9652733846859141 0.16916706358450595 0.0003520753915422503 3.6617608131814365
695 0.9646200203357379 0.1724196627959853 0.0002041290102157145 3.6622356996085053
700 0.963949666215895 0.17814464329319435 0.0019300006125733127 3.661444480234156
705 0.9651960547148362 0.1713650684929573 0.002172598969742978 3.6608529225214888
710 0.9657888530581229 0.1655524226328442 0.0032958259736797224 3.6619843232955147
715 0.9653372363482758 0.1694437405952547 0.0065535412096695556 3.661353106682556
720 0.963691851368276 0.17602468071691213 0.0048641068387300646 3.661506998385217
725 0.9629834953625784 0.18110745142044404 0.005062369181936699 3.6611052029222093
730 0.9634039410012802 0.180723381246366 0.0021065094279291152 3.660494195430439
735 0.9635277881465706 0.17564043507165872 0.0021606915533214366 3.661095467947417
740 0.9658016337481594 0.16777009304760027 0.0030231024496087944 3.6607420193913867
745 0.9635379575669332 0.17799861309366882 0.0008272099398067834 3.659888613683654
750 0.9661018284203063 0.16593111931637772 0.0012692054169687328 3.6610400262914315
755 0.9648277333502515 0.17359918697016186 0.0019291228816031847 3.6593499605493354
760 0.9654539072913295 0.17045045209617005 0.0009763297342164634 3.660612902163162
765 0.9647800067026753 0.17330617696535144 0.0008601355675605937 3.6617112994631396
770 0.9632592792614503 0.18013677747421886 0.009055608014099104 3.6600620218105466
775 0.9662039561407443 0.1665947146604254 0.002111682007748472 3.6595486785347067
780 0.9660583420076857 0.1665768666110483 0.006312012082829277 3.660244936742142
785 0.9651204616546434 0.1716330706272342 0.004327196230653474 3.6601221686617937
790 0.9629595564122968 0.1843566900464486 0.0006168746721479934 3.659926805830238
795 0.9647024956117983 0.17528238504901328 0.001066675627167557 3.66043271191761
800 0.9659548100949454 0.1673471259628081 0.0006942158730602888 3.6593035313629296
805 0.9656559131738085 0.16890856413972521 0.0005998801905076068 3.660748351608532
810 0.9649848230855 0.1709644383342228 0.009426033488281638 3.659295164982966
815 0.9659183932608946 0.16854138993726586 0.0042409743877489525 3.658591579734453
820 0.9665921771271149 0.16401505560535012 0.007837894048319693 3.65946714772768
825 0.965022156499411 0.17447603444359716 0.0009668952475911929 3.6591777389263287
830 0.9660841290707218 0.16722709235447875 0.0021292193823903016 3.6587363300010565
835 0.9657718146253909 0.16882830519363257 0.0064613066497523075 3.659582006885832
840 0.9664200478354533 0.16553893395929764 0.0017413776191217423 3.65920023618518
845 0.9608071871217532 0.18956176701875016 0.006033242802533367 3.659462530176175
850 0.965966085878377 0.1683393000314144 0.006901515836515992 3.658337333366368
855 0.9655006782748832 0.1715008391675017 0.004627980440648827 3.6589344521009126
860 0.9660907496076508 0.1672466193563107 0.00351854387025452 3.6587349806590628
865 0.9660686816768065 0.16800709015360216 0.0021840475059742293 3.659318252014454
870 0.965573130162056 0.17057890706973922 0.009790858219635323 3.658487426788585
875 0.9655932093056763 0.16951772591579717 0.0014483979954922344 3.6587522387914664
880 0.9664053175107219 0.16553221757317615 0.002413722161765941 3.659184014496037
885 0.9634072960815199 0.17871228577033804 0.01001639139292343 3.6594277601475214
890 0.9657767940824398 0.1680519489041732 0.006410986927549045 3.6589073686668856
895 0.9663255778280988 0.16713716109209642 0.00047819593636067026 3.6586688380190835
900 0.9645736920758285 0.1744989573575606 0.0051013771708334765 3.658318067130665
905 0.9653659862455556 0.16986171702102615 0.006956263242442473 3.658066646856713
910 0.9646060744763593 0.17435596710266132 0.0014154939751147566 3.6588467865756353
915 0.9639074756319128 0.17933807494184384 0.0024025151540230105 3.6590030516020224
920 0.9655815635514668 0.17003812129410356 0.0038679438706772373 3.658217556412242
925 0.9653798528864735 0.17261019507906683 0.0010680580798201333 3.658136741761073
930 0.9627089036257723 0.18530778170474038 0.002669587730823597 3.658620257396638
935 0.965487327104752 0.17209816634523278 0.002337388967663001 3.6582697797094204
940 0.9621522058183076 0.18635808025047584 0.005361571475883231 3.658482794417944
945 0.9669783108083129 0.16259368762853565 0.001213975830895997 3.658320461728221
950 0.965260660839941 0.17227711956785852 0.0007698087237462126 3.658046198517302
955 0.9651582000501963 0.17259187127271547 0.0035061482953966383 3.6582419673056332
960 0.9638109299855592 0.17660264015969673 0.010850314848954046 3.6578965287415626
965 0.9641944294634354 0.17659762242119603 0.011642395151663543 3.6587309598651685
970 0.9652472140403301 0.17417958094538566 0.001780511884194036 3.6581765270402213
975 0.9660671435614108 0.16841955671140196 0.00495175721678387 3.6579425390172617
980 0.9665235385856574 0.16600171956838627 0.002156429559484474 3.6578188751422807
985 0.9616512000039467 0.18792725494603646 0.002756516800939357 3.6575131550241453
990 0.9662932659265977 0.16684975157271165 0.0032556231588425355 3.6584676589274356
995 0.9664026337910522 0.16621527072163822 0.0037592097208254405 3.6573437773626556
1000 0.965575278144357 0.17235036430244843 0.0009791205776545908 3.658248136848121
