0 0.4457522671417718 1.8021244992782561 0.2700152540225844 0
5 0.7041493041992233 0.7781837684582458 0.06271552083543197 4.484147645910571
10 0.9271619391449722 0.17296742531871523 0.028510753568332436 3.825229930743471
15 0.9344372334319391 0.15483258543528367 0.029228604181477325 3.808858683272738
20 0.9380040912992319 0.1443537322012487 0.022203258638449075 3.8013683941577625
25 0.9352839101128577 0.1526842720096031 0.02182962202251404 3.7968683831187153
30 0.9404003381388634 0.1373250000122641 0.029015937086187105 3.7938752566064533
35 0.9395247004995182 0.14045731691272012 0.018679498440964837 3.792626154737345
40 0.9416388140241154 0.13444832592895795 0.015746020370448255 3.791370083149653
45 0.94115202842127 0.13507972819146774 0.030028994511239082 3.790379440654824
50 0.9417812219742324 0.20260739743781286 0.0028835137069114225 3.7968179290826494
55 0.9381475477856978 0.2505122467292873 0.0066437592295292 3.7294649874065846
60 0.9378969767066452 0.2512231057022136 0.009986016699571332 3.727305642151885
65 0.9375894545766346 0.2531420413285064 0.013612999136913828 3.7265556327159386
70 0.9387020000003345 0.24861022397639942 0.011388704837754338 3.724802654427877
75 0.938827175107061 0.25005016564186544 0.011873989159675524 3.7248949425889033
80 0.9324611957777076 0.27031830543720714 0.0032806816292536567 3.7229936574204436
85 0.9391684468429042 0.2477328465801758 0.004758568017042997 3.7230627188178818
90 0.9391499995870856 0.24596959627373716 0.011284431375632176 3.722721033599038
95 0.9269059916011128 0.29675471095240313 0.023014638939770737 3.7217436572638225
100 0.9385974179846894 0.25109808027028757 0.005509617896992225 3.722316121455531
105 0.9392953547457787 0.24672485769549413 0.004906154382879224 3.7203828779620927
110 0.9384105495156596 0.24979737853612338 0.01197027753332236 3.722177123180962
115 0.9387933094618119 0.24927957452242921 0.00027261011574819527 3.721036012563255
120 0.9391271750053476 0.24846239843146734 0.0060906727269778305 3.721583141886173
125 0.9374121245169609 0.2542282863827876 0.00112830256975327 3.720863472454995
130 0.938697224499969 0.24762678027315932 0.010160952740125406 3.72151387651769
135 0.9386688198378507 0.25046192221560304 0.006263944375760611 3.720154968066012
140 0.9385187656857845 0.2518940579311528 0.008779245502684718 3.7198053828826207
145 0.9390812560120645 0.24944245724377812 0.01175763398979246 3.7193919464380873
150 0.9394431945954466 0.24683892790969342 0.012579719041276194 3.718877836631657
155 0.9348109331974414 0.2662687057800146 0.014552373779484595 3.718562674058638
160 0.939385731239438 0.2476198514349477 0.011395784298783518 3.718310235876368
165 0.9388544702620096 0.24999740235275336 0.008566978947479598 3.717749173887053
170 0.9395788361896724 0.24662293552220893 0.007951773742105761 3.7185203384491143
175 0.9375095063166626 0.25451923429143 0.012656626712839403 3.717486432384415
180 0.9354456942504692 0.26151341369211734 0.01794510755765044 3.7177446186793244
185 0.9381523429252219 0.2524449916784266 0.006826753896620241 3.7163770925971202
190 0.939302344558707 0.24766735512757387 0.006623373684828238 3.717915835745962
195 0.9387259413873326 0.24951034641626801 0.007051664004754876 3.7182508500605156
200 0.9384010434025534 0.25372351955754535 0.015801962713877904 3.717695137886599
205 0.9395683004770431 0.24740079849310836 0.00907218143463151 3.7166639661032668
210 0.9391794160629707 0.24815431098079888 0.009973811855852333 3.7161177601126094
215 0.9398069435168902 0.2465186486550519 0.006969691084052876 3.714984097495952
220 0.9399476479399129 0.2455357367934088 0.009283736161253886 3.7165776745858015
225 0.9383193899171764 0.24963844740035235 0.0047917801794543635 3.715232159349969
230 0.9373360701585893 0.2546022762715432 0.016687422319406453 3.715541377325061
235 0.9399785669495306 0.24659492055285526 0.007775675282961858 3.715602865319554
240 0.9391079610770643 0.2480598913395946 0.011571135198486626 3.714835829917576
245 0.9397913174781061 0.24515918007442217 0.008483547386634926 3.7147974305174642
250 0.9400560351544951 0.24683862278827817 0.011698927909569612 3.7139421702777096
255 0.9400620556162707 0.2472843194912948 0.01055927576445126 3.7135038999116996
260 0.9402209954927148 0.24477740815223736 0.007212699536062628 3.713887611533246
265 0.940133616347122 0.2466934967348413 0.01236703751311019 3.713641695214207
270 0.9399956860617257 0.24398041514992697 0.006310931464687197 3.713991144127519
275 0.9367931409638883 0.25784713721323094 0.009141899012744092 3.7141472990234092
280 0.9394541082822974 0.2512736882170783 0.01301701528656607 3.71261847816548
285 0.9407273273658299 0.24122270528211143 0.01299568369402948 3.7129732823029657
290 0.9394946150570723 0.24994962134502252 0.008540792428431532 3.7124509023729875
295 0.9409858231131851 0.2396781333246496 0.01040074687534509 3.7122065489263365
300 0.9410549705327809 0.2414121027975913 0.014231227616690934 3.7113079146736645
305 0.9383020196962897 0.24928151826742084 0.009530223956628614 3.7107022342827594
310 0.9391427890341494 0.24662697362172148 0.010927187439465413 3.7112199477653234
315 0.9396225497488371 0.2448907005336558 0.011091412882646923 3.7100356308454177
320 0.9406506195728477 0.24462647641803237 0.007720403874957205 3.7094737232421
325 0.9424502518650892 0.23599051896867262 0.012661737375199156 3.708546980050518
330 0.942904143885251 0.23253722852139846 0.013241895052005015 3.7090862283481965
335 0.9424344257132183 0.23538904155945373 0.007672769877006047 3.708123369559843
340 0.9430857052298409 0.23181231168075378 0.0054759389255747415 3.7080307352896638
345 0.9436604333309855 0.22867034511167272 0.013612401452313572 3.7064271051552162
350 0.9435412047239515 0.23642640766674283 0.012274821104957256 3.7059169630136046
355 0.9443693549275665 0.2292706245110958 0.012777160142463329 3.7045239321052565
360 0.943775935135871 0.23436022828687708 0.00791424288236886 3.7042283806873235
365 0.9408048045067736 0.24105440878843654 0.014429236607367057 3.7038329224953372
370 0.9452664410344684 0.2282674202121151 0.020683364810431648 3.7019653377954826
375 0.9462566388973777 0.22242289448062813 0.0057471247105744805 3.700904365064615
380 0.9466976010103931 0.2224579222254386 0.008326329577224678 3.7000756847981875
385 0.9465396297092685 0.22665267250144172 0.010791010259660894 3.6997006571561464
390 0.9483970202298075 0.21494117051770356 0.0067736263525908225 3.6993803460155203
395 0.944301009561203 0.22831813165346926 0.011805187427722075 3.697273817679472
400 0.949782473013681 0.21341242599274501 0.007413477062343965 3.6957704601682058
405 0.9505919077644345 0.21105942665534494 0.009651861311634535 3.694742623660311
410 0.949327603828593 0.21733267486907426 0.005492355863945919 3.6924271677069367
415 0.9522343303413031 0.20470975347815745 0.005226341974400084 3.6910926975677723
420 0.9502936846248043 0.21159611503004516 0.013296310495895414 3.6905856577168383
425 0.9502319192209288 0.21314853729067051 0.00634485048608191 3.6889111251886164
430 0.9549804707543943 0.1959189683090412 0.0013216462048826205 3.6851538802670687
435 0.9558464293147482 0.19858412482079668 0.007930893768140157 3.684646948831938
440 0.9567288940271381 0.19584522594368803 0.004543828225753943 3.6826799401768806
445 0.956440013583194 0.19575209704274998 0.010037004079781253 3.681043014506031
450 0.9584754519241083 0.18652290252383263 0.005877879208880943 3.6785317809317992
455 0.957675641652763 0.1958990740769404 0.00012046326185255474 3.678390082474798
460 0.9574063985736339 0.19315953332837754 0.021472006270495392 3.677240617514334
465 0.9593607516658972 0.19082976808166618 0.005809736642959473 3.675313793515317
470 0.9607095367705234 0.18227773156014804 0.008735206107095106 3.673441241104135
475 0.9533456155228963 0.21067838946593787 0.007415127656998033 3.6741786067147335
480 0.96004773966116 0.18796194143384604 0.006515333166689841 3.672901082113609
485 0.9609437981272675 0.18468336025384158 0.003995486030270223 3.6719749956266514
490 0.9529594904921157 0.21717016730541028 0.016410680450540394 3.6707035685230847
495 0.9620804869768576 0.17964485315711798 0.005420895415105376 3.670038706936038
500 0.9627579209667961 0.17797260375320167 0.0009201585828573222 3.6692315291376025
505 0.9623891822749704 0.18067938959669405 0.0017641138619857166 3.6688890411031183
510 0.9611676090427868 0.18753479441044663 0.002304679127227871 3.66884474601145
515 0.9561902661080659 0.20781018819968367 0.010772696467361786 3.6684117740259365
520 0.9614170266186475 0.1853632793370079 0.001507118038168942 3.667095797904969
525 0.9626680848200362 0.18205564446407507 0.009340568640860525 3.665917731775256
530 0.9630482235279356 0.17720630285211447 0.0011650162154499544 3.666311792001924
535 0.9595086039322211 0.19145607771215234 0.009338381077141023 3.6667496973683256
540 0.9631971724256313 0.1796980706210758 0.002622025296640018 3.666138818452634
545 0.9605832205257989 0.18895675686688573 0.0028360935360971506 3.666098057803893
550 0.9629074692796888 0.17961673126436084 0.0064242913177186 3.665039068754214
555 0.962767072007815 0.18133310525573032 0.001385628537806216 3.664402286174312
560 0.9621036872325777 0.18253648411873558 0.0070507778576403 3.6647964772735198
565 0.959541216151444 0.19286706226198413 0.0036957879103474145 3.66355756794961
570 0.9645452318292561 0.17129129239000207 0.00016225028189853496 3.6640865285859845
575 0.9649648250542302 0.1708957626529326 0.0021409869619848365 3.663224492555053
580 0.964835007990267 0.17031470573881347 0.004845819921891925 3.663214194086421
585 0.9645322181012855 0.1722034000705137 0.0023417520524018354 3.6637449989930757
590 0.9649893346909212 0.17001675784926595 0.005842773218080133 3.6627536865006642
595 0.9638683839222302 0.17618216571513168 0.001176293345027224 3.664208116860688
600 0.9649359830196452 0.1719423058838867 0.003861848552810132 3.6630198683174484
605 0.964900000108373 0.1732327099940698 0.0013610116974425157 3.6617918763418156
610 0.9647916833450778 0.17048610164989908 0.0008970518631108426 3.6619426418714784
615 0.9653325105493047 0.16995316622783374 0.0018678019136968427 3.663489094162514
620 0.9648697472264105 0.1727645549004997 0.0032183764073592247 3.6612350499729107
625 0.9653033463112015 0.16960579124897457 0.0003312853000219107 3.6613119441960746
630 0.9620591398072182 0.18479313604554903 0.006854023186740221 3.6626568184353316
635 0.9643036532148617 0.1752553867014801 0.0005709284242199075 3.6603109287011972
640 0.9649911682270389 0.17143382721312284 0.0020120227040481 3.661468266984372
645 0.9641786673769286 0.17720092068614068 0.0010237359412483826 3.660833639970598
650 0.9655587160970824 0.16955827150855063 0.00243803990176672 3.661043579125102
655 0.964198551764784 0.17369771540598755 0.007631923968995258 3.6613287887038313
660 0.9653517747609714 0.1706153779479429 0.005029444616128309 3.6621185516971257
665 0.9648667502607438 0.17231504670459508 0.0023605340417618415 3.660531491405694
670 0.9648714783200254 0.17389514742004497 0.00463460273436489 3.660662873125928
675 0.963441023071328 0.1799779302621367 0.003007561857051533 3.6602174960367586
680 0.96545709495452 0.1692951226321875 0.008174636026545112 3.6605230943756193
685 0.9636775099444272 0.17814516112911605 0.002955506818107523 3.6600708733592238
690 0.96488442224707 0.1740030818786562 0.0019887589888567536 3.6610656533603616
695 0.965428019116596 0.16951729925779402 0.0001233317182529614 3.6601245111528
700 0.9647811449944911 0.17320247513365006 0.009680387668607793 3.659743738569857
705 0.9616109364141826 0.18652316971043525 0.005903880048041987 3.6595897233011487
710 0.9656869834497483 0.16879901570247124 0.0015835426059276347 3.6605528841564223
715 0.9656499209797689 0.1683465107071589 0.0029722109552590137 3.6597716210359352
720 0.9645635587931796 0.17508594748016515 0.0008398604234101104 3.6601733901565576
725 0.9649009803506994 0.17434588609753776 0.004573829610424074 3.659586328354438
730 0.9659638177767387 0.16813605802816411 0.003650289014679231 3.6602385239918114
735 0.9648784695449575 0.17263317865609906 0.003017064771282163 3.6594019459577787
740 0.96602520715 0.1680647002101585 0.0012384480320679625 3.6602234721416544
745 0.9643057296583979 0.17712805838054013 0.00391119418043151 3.6599343439447325
750 0.9634033771030395 0.18214610997310965 0.0008603854557001078 3.6598367852195945
755 0.9649996297226362 0.17162110852429224 0.002858901333427477 3.6595530821074704
760 0.9660085726389711 0.16742818422589867 0.00023539906036118552 3.659133719481428
765 0.965976137796164 0.16898117112041033 0.001100114408281394 3.6589722981851476
770 0.9656296719489402 0.1692828378072937 0.0013663599800419757 3.658641308110748
775 0.9647972507643879 0.173557029213407 0.0056666061924757205 3.6601296337523155
780 0.9646739256373891 0.17585530378269087 0.0020918365586262144 3.6595619562108412
785 0.9655695048279014 0.17169893458185737 0.0023734278928346786 3.659055041955513
790 0.965468751886069 0.17192943845734288 0.0024121318700061067 3.659300592760549
795 0.9637495435955212 0.18077487600411946 0.0019809037948219643 3.6583198393456
800 0.9647723735399866 0.17251958933626055 0.0050858881473774264 3.6589304077503066
805 0.9655300553352404 0.1709485747229098 0.004000390572370671 3.659321820620283
810 0.9654819917195435 0.17070484589281198 0.00014987666359567164 3.6588425490917404
815 0.9655557711623153 0.17128215841668037 0.0009320066149300921 3.6586683582390496
820 0.965299397214568 0.17293537003709814 0.0022145012044845203 3.6593710626999063
825 0.9661627421435046 0.16799851866371807 0.003077138585060313 3.6597557093434956
830 0.9653650938229295 0.17058346591045037 0.00551819599575154 3.6593945501359637
835 0.9652132657994952 0.17310376768262437 0.0016385683382176275 3.658651932109741
840 0.9656463167842533 0.17070619620411742 0.005503630142752236 3.6588912581218263
845 0.9665707073308638 0.16586369829273417 4.38133739024682e-05 3.6595868759591696
850 0.9659082408273835 0.17010438242723236 0.0025992814011839283 3.6581300873494302
855 0.9653301341957186 0.17153605436982833 0.0007779472875337756 3.658574422244593
860 0.9645492211376628 0.17464143737852744 0.0022868798301527438 3.6587270130689227
865 0.9663185617321772 0.16652332960779903 0.004185599372082072 3.6587742946421833
870 0.966278029953126 0.16813463857267585 0.0016622199363289791 3.6585024271691857
875 0.9633378734861799 0.17903746646531404 0.0007306389429331261 3.658949089269538
880 0.9660560438131596 0.16898345118548663 0.0041761354493676794 3.658656711813253
885 0.9645072360562975 0.1752462339461376 0.0026406228318378577 3.6586177398928124
890 0.9647178846827706 0.17376245975659277 0.004301954034407807 3.658217741539608
895 0.9661016023640021 0.16903937884404963 0.0029792766162588524 3.6580100116754846
900 0.9661421853419174 0.16883241917790137 0.0016092590770033777 3.6589037027224123
905 0.9659751522053713 0.16969917450365735 0.00497169125493202 3.6584820786720202
910 0.9654592668964026 0.1708983841400027 0.0028265148465849155 3.657426957787555
915 0.9653796660759149 0.17189734965916426 0.007738981362811703 3.658296118255647
920 0.9663813892376736 0.16596116867631938 0.0038446517847956496 3.6587460826790075
925 0.9648130607331662 0.17646586071540016 0.004818672761902176 3.658220053594336
930 0.9647566342871411 0.17199079252465 0.007810429444279343 3.658185477451622
935 0.9663815235419552 0.16710685413819837 0.0020694762591573213 3.6582861048146698
940 0.9656964646694615 0.1708712641323995 0.0029133472487317125 3.6584191996486313
945 0.9660024138895308 0.16955415569704124 0.0006791094660603125 3.6584700275577893
950 0.9622253585751498 0.1866707851797682 0.007169869483244495 3.6581139263493783
955 0.9643453245144056 0.1762635944792299 0.0010119207480665526 3.65825993586521
960 0.9648521481436994 0.17557442983865812 0.0011014462540850367 3.6573533365169966
965 0.9653691663920956 0.1735428033240045 0.0043394158774789915 3.6576238755459176
970 0.9627567338041665 0.18186892506609942 0.0033958147352217694 3.658613901365793
975 0.9652928830013542 0.17225459400408516 0.006405517930464288 3.6580263946648754
980 0.9661699962110399 0.16775531920125175 0.0033912754806768586 3.658720397864891
985 0.9653988679815337 0.17249503189435833 0.0032085917989141954 3.6576211100058877
990 0.9666535938943848 0.1649669334881798 0.00236297202075475 3.6571120355347495
995 0.9668029266914547 0.16475064841797238 0.002986646827583206 3.657239687519523
1000 0.9653058373987129 0.1721652417670314 0.0043999663948848244 3.657922812380667
