0 0.3911627149644765 2.1309114232516713 0.2620037546040116 0
5 0.9381422761925058 0.1444446232259855 0.028024497544881788 4.844747683831787
10 0.9750302864776327 0.056748824136247045 0.019862696293179605 4.753229527531685
15 0.9908194214954797 0.02744559447103967 0.009654433376828031 4.723798018025443
20 0.9934744940840818 0.0181338055866318 0.0042224351274653404 4.710570607454857
25 0.9948355061795423 0.015453515680105667 0.0071276172639822555 4.706805370807631
30 0.9968141181484664 0.009227270946540855 0.003439262847481528 4.704193912454414
35 0.9964610842731472 0.010532907785349543 0.002953519726596854 4.701452010356422
40 0.9974624784456035 0.008646232417922839 0.0005870982216478193 4.69891137333223
45 0.9974856283010829 0.006742700467836649 0.0005332545119520749 4.697615728833967
50 0.9985985913137823 0.0040512526198357435 0.0014126889947125854 4.697561896373504
55 0.9974142226610231 0.006534989540248226 0.0028878068226103615 4.696886950048468
60 0.9956927879468216 0.015148658928880288 0.004558850404370984 4.695148378610622
65 0.9970697947654789 0.009574567558499503 0.003634915872836375 4.695750558211202
70 0.9970896365893702 0.00995992964262804 0.0015380515395497785 4.694747847443377
75 0.9988287016535932 0.004114839160319406 0.00212561720527793 4.6942263568961815
80 0.9985359831703206 0.004850376223694219 0.0017379736433011939 4.693886546030392
85 0.9975446243707703 0.008790422808625742 0.0014008286020312788 4.6929546209971855
90 0.998588644664309 0.0051274966808190214 0.0005810026797723467 4.693464349437041
95 0.9975758217060253 0.009049213081241625 0.002443545493455046 4.693560081415089
100 0.9954015207700393 0.018401138375772952 0.0013340734044957614 4.691740299906545
105 0.99828300972941 0.0060865598643653485 0.0024672402918075598 4.6915543512864115
110 0.9991271195869031 0.002921042231200488 0.00048684999898296333 4.691780223453966
115 0.9990294486332845 0.002758413021066275 0.0038029142239062175 4.692045488677354
120 0.9958683591123548 0.016017727970576878 0.005194061792421545 4.691926344476382
125 0.9987072553644916 0.00398018180707993 0.000641374241875603 4.691187516640897
130 0.9984689401440228 0.005089564382969591 0.002597551756892802 4.691269505785552
135 0.9973995882198747 0.0077236392686028665 0.00035003227783247937 4.691473617960704
140 0.9971818588052273 0.010140050783633114 0.0004431810947185255 4.691369669984107
145 0.9986962463707081 0.0046516219335961395 0.0009826158176964306 4.690421271695066
150 0.9985012266207876 0.005378439187249562 0.0029555354221180163 4.690672155739398
155 0.9985457480969613 0.005223025693915417 0.004769957963917104 4.690452842798574
160 0.9991056995841935 0.0030489762471610504 0.004895953235576345 4.690201872500816
165 0.9974194587434773 0.009269123902456933 0.0009692580866942357 4.690147422288437
170 0.998259183805285 0.0065280237896025994 0.0005658328583064698 4.690506901288977
175 0.9990791448744846 0.00341433264937141 0.0013509360875134657 4.689654664280256
180 0.9987242299215782 0.004208898245903647 0.00029151407348781966 4.689049760645164
185 0.9987357323730754 0.004658969057929063 0.003755697874947117 4.689399070733129
190 0.9977930990529261 0.007358829305558423 0.0022695446314240364 4.688974630502561
195 0.9984490228939393 0.0056294158916001535 0.0017124172854015018 4.68955422932462
200 0.9980187564735501 0.007540886494088461 0.0044787069123710666 4.687639547437323
205 0.9985675725844751 0.005125636682222989 0.0023164510670603544 4.688241284041285
210 0.9993403974511181 0.0021052811753703438 0.002496064005714116 4.688878045063828
215 0.9979940101981184 0.007403697670023135 0.000589501490434019 4.689569647626389
220 0.9980291034159241 0.007118549116215789 0.00015551734907903736 4.687713285889606
225 0.9984239163567283 0.005779666478162859 0.004184702122262518 4.688150467702878
230 0.9985458821224208 0.005612439342898234 0.0024485701068601706 4.688323994765834
235 0.9974829339103426 0.00962385679826916 0.002434128110936351 4.687403712319242
240 0.9990721464307624 0.003429491118632555 0.00023211377377418962 4.688777726039478
245 0.9955219555231318 0.017527266236718297 0.002394568935694341 4.687784504115842
250 0.9992269290032567 0.002530435390306174 0.0009602983448813163 4.68867419102036
255 0.9990718220182521 0.003547414293726625 0.006766400934868244 4.688975555598443
260 0.9989437220744635 0.0035751478188084107 0.001858886652751801 4.687931120594798
265 0.9948604523315281 0.019948045477559795 0.0058301194665335565 4.688109240177406
270 0.9985837108744873 0.005090968365760062 0.004249927493646277 4.688062250049703
275 0.9993347246710548 0.0023837081210649202 0.0013599265793473592 4.688190126579809
280 0.9989845472962907 0.0034071120231100593 0.00016160977129153764 4.688455134493549
285 0.9990273027695096 0.003498686934715778 0.0019017129487797213 4.687561969651085
290 0.9987419872016651 0.004288977012826933 0.000578262793920592 4.688168012176031
295 0.9986480368089626 0.004909164826824686 0.0011638523789763155 4.6873477947559365
300 0.9986872818298851 0.0046046135880466466 0.0034675930284275847 4.688069510299474
305 0.9988358594588183 0.004255763889452702 0.0034428079507602405 4.688070052720064
310 0.9984356147883757 0.005663055594250288 0.0011176704310926766 4.686981262688479
315 0.9986112566678417 0.004917567418989854 0.004288075777926448 4.687314655160584
320 0.9990491046174936 0.003440826301114086 0.0012468982476163681 4.687869582411941
325 0.9972013174297443 0.010873974887568139 0.002048607380261469 4.6866793822192605
330 0.9988964953627457 0.00419732588451005 0.002418450291612473 4.687618964876929
335 0.9981786575352434 0.007055151004618843 0.005719981348223158 4.6872633989818375
340 0.9985992252056244 0.005222237678689012 0.005380127466634743 4.686375296250392
345 0.9989564124199166 0.003766281087272283 0.0020827420563673815 4.686841280080332
350 0.9990034474292342 0.003705960713769052 0.00191010969379235 4.687057137648353
355 0.9983968377581052 0.006012515563026177 0.0012091870887522838 4.686729805140853
360 0.99856193144695 0.0055445585073519155 0.0009178514701539964 4.686628112235007
365 0.9990500729662062 0.0034494966523066495 0.004048264273718072 4.686874201667706
370 0.9987919122313469 0.0040022011032245786 0.005559208236810331 4.686770246559418
375 0.9979646933890881 0.0072016151800076145 0.00819350092641824 4.687246168328636
380 0.9974651174777888 0.01003887422189731 0.0027174678284542786 4.686769032148765
385 0.998146547525618 0.007206776265137549 0.0014684739057475582 4.686327878965093
390 0.9991562723592631 0.002984228225705543 0.0011134379020583118 4.686169442394907
395 0.9987701383416907 0.004433628505959852 0.0035441599255738865 4.686278696160666
400 0.9981269395174707 0.00695398182017648 0.0001414259740148971 4.686001075737887
405 0.9981967815400927 0.0068109423385953605 0.005496715405711949 4.686269220543633
410 0.997312081439503 0.01036049390533833 0.008061078716359527 4.686486820799984
415 0.9984932514085121 0.005535342553106837 0.00040984367675922506 4.686124961570186
420 0.9989626907059438 0.003716187995800979 0.0004210566959641504 4.686463804142117
425 0.9982644507770743 0.006598257252028894 0.002931842745442559 4.68607876981697
430 0.9985176273912848 0.005740451133462443 0.0007549847615673233 4.686130885486423
435 0.9982858196213658 0.006600436913358543 0.003258746019254133 4.686543212751148
440 0.9985974154488184 0.005403593393552342 0.0008319044130113973 4.686008757492436
445 0.9967565017773001 0.013143262424896385 0.0030019146402913144 4.686243074378724
450 0.9990116509980626 0.0037246029901654154 0.005325410864517988 4.685906021749672
455 0.9969393665549675 0.011630643647783323 0.00573417736581483 4.685246124553849
460 0.9988786072604587 0.00413973583212357 0.0032481154792021183 4.6859027254867005
465 0.9985700918583422 0.005464214734582029 0.001149239875010144 4.6858750948474945
470 0.9985612961684447 0.005259619386420056 0.007879896646091122 4.685478365018348
475 0.9980817563123494 0.0073078849625130005 0.002442629071716107 4.685966327813302
480 0.998537619870809 0.005420700979129833 0.002729393970253291 4.684894410363907
485 0.9973247414072673 0.010482577591962361 0.001287944347255543 4.685154390763551
490 0.9986302481413067 0.00515715496508129 0.00029325658660361853 4.685361052941032
495 0.9987209558105503 0.004839244959192968 0.003922454123124641 4.6857546001400046
500 0.9982971963544954 0.006179368529523721 0.008404168527086142 4.684769076173575
505 0.99779088134739 0.008779350045452716 0.003685791535452232 4.686078852589889
510 0.9941161461606768 0.023121972779699185 0.00582834943217958 4.684847505045662
515 0.9983259361546264 0.006097202190716189 0.007164678131424296 4.685089244987005
520 0.998884346200845 0.004070764905674373 0.004217229527720301 4.6849963699954325
525 0.9988576730410909 0.004305792985851653 0.004170900019416113 4.685110104601617
530 0.9967560296681195 0.012800822924894817 0.0031631281510926534 4.685603254481645
535 0.998367304612714 0.006448404626889115 0.011414460729433529 4.685590546419325
540 0.9984468212987085 0.005816903452600997 0.006461679321767999 4.684900994747553
545 0.9986278670369769 0.0052169839634759185 0.010971350650126332 4.684968312735998
550 0.9988172424658925 0.004428139188290103 0.0033923596061946615 4.684735981370435
555 0.9983260493862275 0.006526256140769959 0.006995935473689041 4.684797723656659
560 0.9984907256553999 0.005912129446556058 0.002974019623005919 4.684799823950829
565 0.9968546289690797 0.012452195952893597 0.008871792835483339 4.684219666407333
570 0.9969143523035733 0.012021085029950918 0.008298204255651198 4.685394980497623
575 0.9983673390791261 0.006260364901248927 0.007004036271898162 4.6849704022900625
580 0.9987741756545017 0.004691108405532773 0.008341808587554844 4.684896967364116
585 0.9984131275488425 0.006105723755151615 0.003324833252169368 4.684237972564697
590 0.9970826161938412 0.01145609803723513 0.001522312738290843 4.68437318528677
595 0.9986120091932078 0.005150787762134179 0.002284730960600445 4.684201455816472
600 0.9984159903090714 0.005912906984429256 0.007758291908137149 4.68492472082432
605 0.9986705468120703 0.005126733814382334 0.0010072969489753891 4.684409573215988
610 0.9984350173690678 0.005716150452906632 0.0076848134137732504 4.684193738914741
615 0.9981867812816292 0.0069791608888829515 0.0029168385867013313 4.684630147411564
620 0.9980653658206933 0.007593641419855857 0.003599099542831663 4.684319692171623
625 0.9974819523190278 0.009860420498220002 0.0021669363254130936 4.6843336454839655
630 0.9976698636690595 0.009116303335880538 0.010653238424480183 4.684523361589998
635 0.9979693333701869 0.008078411105641337 0.0013891682592883647 4.684412352069533
640 0.9983300561189938 0.006514699609730279 0.002788387788241753 4.683567267643123
645 0.998328394439141 0.006874217508985758 0.0023666966538213874 4.6842463961424645
650 0.9976499074064498 0.009294665344613762 0.003579960546872485 4.68368596292402
655 0.9977087082790104 0.00888561046166192 0.008795207608542244 4.684002565936465
660 0.9981577221688692 0.007065874551005713 0.0006000711296365591 4.683613288479521
665 0.9980480554775482 0.007308145160330071 0.0019808513017476326 4.684293990791108
670 0.9984162537462584 0.006181703189911403 0.005896599504936262 4.684658653758645
675 0.9975076912476492 0.009824366767421822 0.003554858286371587 4.684301508891321
680 0.9981973866692273 0.0071039073621692594 0.008904230140617475 4.6842671475442526
685 0.997787080563558 0.008821655299225739 0.005851553924583586 4.683743264609013
690 0.9976651101018204 0.008952516868156124 0.005405769304244856 4.684013077289375
695 0.9965383986785502 0.013133551915664121 0.014499219573947952 4.684469517349
700 0.9972922821933501 0.01099250386458639 0.0008792544406888148 4.6833525456903455
705 0.9987283859849034 0.004888821348401073 0.0010575843906261984 4.683644945737121
710 0.9968580007700312 0.012303802310615453 0.004672895266962129 4.683296614643318
715 0.9972876667595871 0.010761643112591202 0.00547472822223094 4.683482388662423
720 0.998528470910405 0.00555976473965103 0.007491914715058279 4.68345882343981
725 0.9986214197868314 0.005188752000095498 0.007351319655057198 4.684301690485262
730 0.9984796184834586 0.006047915154583805 0.00849472362712178 4.683659089066698
735 0.9961908982434025 0.015042275082835843 0.0031292113650462916 4.683720446622451
740 0.9979372528556272 0.008059012812887012 0.014059311775523664 4.683834680065628
745 0.9981833414595092 0.006812991199143248 0.0013862849676278266 4.683990166087721
750 0.9965522423204101 0.013951663406401416 0.003094746749038757 4.6831054071413885
755 0.9970680043490159 0.01146001717776457 0.010380096311560116 4.683579858771229
760 0.9984661424872621 0.005845486634192376 0.005841649406766791 4.6837460612605675
765 0.9983968855275467 0.006238045550552407 0.003543479503759439 4.683925816590983
770 0.9986441552147534 0.005159499041195836 0.00521950645908853 4.683805982319846
775 0.9977582996502916 0.008668600040231844 0.00412092040390144 4.683717460196844
780 0.9978868413336228 0.008325806975816086 0.00762978574451556 4.683464290943716
785 0.9983392647752307 0.006347170014594283 0.003015763713349884 4.684125169828144
790 0.9981293042075166 0.007368235103396792 0.011769228998662618 4.683292858417884
795 0.9983497844384472 0.006311091113716749 0.0012489248996774283 4.68405486802915
800 0.9985526069198574 0.0056432580622960415 0.0007883387717781964 4.684260020886426
805 0.9965315495575116 0.013516926682974884 0.004013006317550305 4.683282690283245
810 0.9983604937655517 0.006229760518968064 0.011003392021559089 4.683316559317189
815 0.9985582271581042 0.005354606855729749 0.004168304724064376 4.683724911994039
820 0.9978477943357644 0.008593616819680072 0.006102014795304589 4.683238988866805
825 0.9975686641957145 0.009576557162518817 0.0002975514743503993 4.683568100079503
830 0.9978763379946034 0.008338502507199586 0.0031222123690244352 4.683417525075452
835 0.9980511539156852 0.007466683809521868 0.0017724794651161613 4.683418188974428
840 0.9980468257162541 0.0076897349997642195 0.014839322586018167 4.683348863486413
845 0.9977930557048773 0.008512198545401084 0.008242264905870655 4.6826403740616085
850 0.9984405469045001 0.0059351693038172115 0.0033194457542433664 4.683394333316282
855 0.9972113646730617 0.01091970157403832 0.006477512997796531 4.6831965480614155
860 0.9964894679618834 0.014092437125182933 0.004217417041096905 4.683023805977838
865 0.9979447040383731 0.008091365571541331 0.002646869201251789 4.683469745265893
870 0.9983437205468917 0.006653248473980078 0.0115293229830431 4.683414371061102
875 0.9980963714030802 0.007020739469302484 0.004224684390418565 4.6833796267672865
880 0.9982269000722392 0.006945377290620058 0.004290831647921767 4.683337909763419
885 0.998451922760665 0.005915852690432821 0.01656122830933926 4.683379920410491
890 0.9943325151703406 0.02203796078861764 0.009355915599898124 4.683392673307165
895 0.9982252697119691 0.0069622987132076375 0.0010499507532306662 4.6830114860062615
900 0.9981780777751311 0.006933702106259432 0.01500541343562034 4.682968511821256
905 0.9982390373951716 0.006682358732338578 0.0043538176160971 4.683664222467199
910 0.9979659702283364 0.007984254824064507 0.004815250567995255 4.682575124717998
915 0.9984204702360892 0.005892379068617615 0.006052546772970846 4.683018339368356
920 0.9969968052958345 0.012173149966312025 0.008340438435765707 4.683297812304648
925 0.9980860551421213 0.007641027389633237 0.00720295382250713 4.683354757217725
930 0.9983922608016548 0.006371398242476012 0.002754997778386281 4.683378837201795
935 0.9984988055510939 0.0057728918397650375 0.006607180877816088 4.682567183970556
940 0.9983203094870061 0.006698663212946876 0.01943378314468891 4.682983562338461
945 0.995914129321021 0.014913615436300987 0.001151214839783865 4.6835717286971885
950 0.9980362353119451 0.007706685193944018 0.0076608558036952434 4.682931774651938
955 0.9972109300593499 0.011119981074140917 0.013314549399635833 4.6838083904315635
960 0.9981165789256061 0.006849866564902385 0.010403814532684796 4.683504155080789
965 0.9973671596538076 0.01058147544544763 0.0035904613162136556 4.682993842130803
970 0.9965496059368046 0.01346113671505389 0.00048209724902781304 4.68294065564651
975 0.9983662707367006 0.00624415198396111 0.0022091465580538205 4.6834745784705705
980 0.9981491305061865 0.007512400320284662 0.014105878885537493 4.68274461957305
985 0.9983432508012439 0.0065464180804459815 0.0040274789562628754 4.683229805985152
990 0.998360728403864 0.006345814153010387 0.003770438109755192 4.683077829823904
995 0.9978161508454968 0.008563981660937081 0.014553531562668143 4.683366652997204
1000 0.9979001432455281 0.008336643367395702 0.001679040693548961 4.683363687739548
