0 0.384242658251697 2.191716563490804 0.35283969138648796 0
5 0.9151545939972358 0.20728613292475906 0.0309463013047091 4.8470987305680895
10 0.9803529945267804 0.054427556602896665 0.007057145952837907 4.755207557580879
15 0.9826929524126282 0.04551793242326685 0.003080362028989647 4.728980827091289
20 0.9944832403032693 0.014617848124537147 0.00015219861225590492 4.71364605008662
25 0.9917937363345946 0.028907029535013784 0.001125670234875864 4.707250615830916
30 0.9732574548389303 0.09795842104503194 0.0065100475806754154 4.702345835324531
35 0.9969403188143322 0.010813777170805672 0.00729660349330552 4.702958170077001
40 0.98833868194024 0.047292475145697566 0.009009879830431 4.7003477275144405
45 0.988323207912997 0.03824888955064232 0.002646897554560157 4.701948871089332
50 0.9879521117567343 0.04469266435963082 0.010322425677498304 4.699366576034891
55 0.996952534773736 0.010799370757163196 0.0026306092646535273 4.700744555867608
60 0.9973159629673185 0.00902743211062429 0.0009894626150015462 4.699648581447649
65 0.9976662739694308 0.008461969054929241 0.0015247381404521754 4.698440391509821
70 0.9965538048357312 0.011301263470547163 0.0002480086242653279 4.69748304772162
75 0.9987766742425215 0.0031932398967677855 0.0057365094452437315 4.696425326109968
80 0.9951542407035545 0.017261546601125666 0.0006236296108341755 4.69656081425951
85 0.9946689427798565 0.021031367559409375 0.00016662864059702187 4.699220480203349
90 0.998062729170045 0.0059566541887559055 0.0007126306736102705 4.6951311725115845
95 0.9985713556683924 0.004395062930420579 0.003229909169221834 4.695309821061864
100 0.9982406935057864 0.005874077289607982 0.002555432636766497 4.696358945194823
105 0.9963282232316073 0.014084623416518838 0.0016529784802288283 4.695661514977181
110 0.9989495222776024 0.003127757518248231 0.005342573473204881 4.694491933649531
115 0.9986164856282554 0.004709457540490014 0.00020076159387083514 4.694983776140991
120 0.9979399965988194 0.007410054581100667 0.001733321498381013 4.694388085198458
125 0.9945585370630466 0.015905916639423978 0.0007727784958551087 4.69431122177997
130 0.9956429938856748 0.01666611485054137 0.0019698075562533113 4.692539165807292
135 0.9882097573039792 0.0490316863812863 0.006707665567273091 4.69216026230639
140 0.9982898440109412 0.005516567007503248 0.003083108641443344 4.692452622185143
145 0.9980136291514305 0.006019575354806683 0.0012222193913127288 4.6921710497362685
150 0.9984487867269564 0.005334485652794818 0.004087587193134956 4.6926827990660875
155 0.9933469724285444 0.02445109386315636 0.007596198093877682 4.691180622255709
160 0.9970860040581391 0.010909137463706031 0.00036562439246035083 4.691772734534109
165 0.9909528812907151 0.03416347148915655 0.0037993323841161164 4.6915065456676786
170 0.998695781221217 0.004138566294938251 0.001608881589571176 4.691635930183329
175 0.9956600683548276 0.018369794291333896 0.00329741870389455 4.691487519443076
180 0.9990933220260061 0.0031391127138418184 0.004932607622884166 4.690626389709991
185 0.9972271020836014 0.01065091312679467 0.0010741211154245978 4.689778616458253
190 0.9958915376440316 0.015334552506033106 0.00020885901026557185 4.690488597385042
195 0.9992748439233052 0.0023439071705686487 0.002146403569670552 4.689134269655577
200 0.9980827284912094 0.0069599210786952526 5.058048820760774e-05 4.690384437122924
205 0.9989554995402821 0.003779885460865273 0.002986462668600698 4.689592685869979
210 0.9976487921218133 0.009509896907632154 0.005838028094934611 4.6911603460089335
215 0.9978414611832283 0.008388746769956157 0.0003129329913584833 4.690542485442447
220 0.9985971497965548 0.005390762668681326 0.002618504996009019 4.689045850463403
225 0.9992525995382455 0.002750407089376239 0.0021821730576501164 4.689487371770188
230 0.9977326841476721 0.008419010691295803 2.3547837696868967e-05 4.690630109053302
235 0.9987207540056438 0.004936761077677154 0.0031983117137965866 4.689652064789674
240 0.9987577428919581 0.004587451516657737 0.002763152673612712 4.689113628168791
245 0.9992871945418804 0.0025497636213156483 0.003930274794831323 4.689406571724897
250 0.9987665266928873 0.0044604609213640956 0.002817692122965454 4.688725790494417
255 0.99871730110058 0.004789653789543102 0.002104753930485259 4.688813576069985
260 0.9980391256200728 0.007203057667914514 0.0002908273745005907 4.68856379199689
265 0.9978476701494418 0.006451603887499324 0.0019189868011904032 4.688923687220358
270 0.9991965406569532 0.0029246825796667153 0.003779547034041597 4.688476837838895
275 0.9989847742475655 0.003233701867826788 0.0055940814213253365 4.688063685334342
280 0.9987762468204082 0.004498256719360327 0.0009230724592215189 4.688922955743025
285 0.9990297874501632 0.0036044234522716323 0.0013456564823028927 4.688711684009615
290 0.9968220282721287 0.01307033132733082 0.005847151472453849 4.687826686816419
295 0.9990989075278787 0.003267293279212602 0.0018180497084174796 4.688576701866927
300 0.998783255126029 0.004450059232395276 0.00018065163876923584 4.688480169720067
305 0.9989376904503082 0.004173602567719037 0.0004724451908564298 4.6884700543243625
310 0.9991433553282054 0.0029212237820708253 0.00034704335550861387 4.688135105390899
315 0.9968434989140645 0.012323510560882767 0.007300095672771789 4.688164237635664
320 0.9992669586226495 0.002571760477692031 6.248278566012289e-05 4.688104146299647
325 0.9985598773201405 0.005299803916222423 0.00460485238370234 4.687447929650752
330 0.9983836945924576 0.006319531601755912 0.006898630976971631 4.687846858291949
335 0.9992588683974666 0.002787969901255849 0.0002261768034177436 4.68792991205647
340 0.9992486513261748 0.0026961720295766156 4.2250565490453695e-05 4.687938894700918
345 0.9991198867564683 0.0032350260289808475 0.0019490310914880293 4.688444005064717
350 0.9989408244097906 0.004024534880470831 0.0006272203478978611 4.688313833044429
355 0.9988809725004086 0.004230927646187155 0.006227857839665507 4.6873547888082205
360 0.997646255051253 0.008302792308114704 0.005989433345990225 4.687393114433114
365 0.9993043187786559 0.0025715105541124217 0.004822174225849407 4.687274045946038
370 0.9982968229065372 0.006663332545953082 0.005120777113733377 4.687348374962022
375 0.9991509648393876 0.0032489158712367683 0.0035052218309876704 4.687814088881095
380 0.9984250466966582 0.006239915154346853 8.453514950690355e-05 4.687756642001002
385 0.9986736324591359 0.005280770139469482 0.008391791868047171 4.6871065727364565
390 0.9992026991229623 0.002932044283923574 0.0001229936872304549 4.687847135223646
395 0.9991046929915464 0.003334554581483573 0.00435134654733349 4.687724556614564
400 0.9989238047113946 0.0039753247631626465 0.0025437913815360425 4.6872997750366885
405 0.9985110531443226 0.005636317719556416 0.003699349134917096 4.687152862696319
410 0.9992668917947748 0.0025934729116734445 0.0034285186657014854 4.687294498226935
415 0.9990572675629864 0.0032605495940947193 0.0028822590820358762 4.687374395674197
420 0.9965553247210488 0.01358671281105206 0.0033632471441784606 4.686312828392814
425 0.9984205842544034 0.0054075459829139305 0.002124289499037868 4.68675995359055
430 0.9988377191029627 0.00433481972836347 0.00023665759511137807 4.686696005357831
435 0.9976704086106079 0.009245426429736803 0.0019394340274916377 4.686909630844873
440 0.9987944649163065 0.004627818534014061 0.0007968165270675343 4.686880716989371
445 0.9960681806015959 0.015670407298409295 0.00634011098171916 4.68581497988946
450 0.9988871477154511 0.004231434776483134 0.0014369024531275532 4.686457477526329
455 0.9987349378569774 0.005022997770061544 0.0035968238347707793 4.6867371544099
460 0.998907806852877 0.004235778653051803 0.0030504885681821303 4.686873428811869
465 0.9990166175973192 0.0037914303378459024 0.004606025552445825 4.686932251048488
470 0.9977690692379458 0.008694688475431533 0.00018081861556185075 4.686369374050509
475 0.9989421620791027 0.004111169772358814 0.0035471453067887904 4.686487336522036
480 0.9987191792959952 0.004680644690112423 0.006472348154416441 4.68582890593892
485 0.9992149631728549 0.0030490393604827304 0.000778440688143478 4.686066612132694
490 0.9985672304006341 0.005566898017479005 0.004479878124704406 4.68616991037324
495 0.9986452246789128 0.005212650466914326 0.0008804934819628407 4.686112978811917
500 0.9981008598123379 0.00743865719256398 0.0011255521819730774 4.6862867580613905
505 0.9988945723347689 0.004262475490462769 0.003690942117885232 4.685916329594192
510 0.9988934294793279 0.00412541034852687 0.0036850668427814703 4.68617675081559
515 0.9990641924756485 0.0035895214646197715 0.011618312585429447 4.686229367159302
520 0.9988384490202157 0.004192126640557348 0.008880533992907003 4.685215287370147
525 0.9989302425018751 0.0041724884444969135 0.005637716375395119 4.685329965379885
530 0.9990224827945006 0.0038633582621221407 0.004158509184744474 4.686147683881747
535 0.997111618939217 0.009831789016499393 0.006921283117108157 4.685650883274744
540 0.9967054358115932 0.012968783599977662 0.015171662645168338 4.68497909103991
545 0.9975352646909819 0.00959668909900202 0.0017130786502792539 4.684762305132983
550 0.9979450534829519 0.006979885022238008 0.009404322423064437 4.6852736499858105
555 0.9985966125479664 0.005613026451976033 0.0014232805134244408 4.6853792330011
560 0.9987358897663456 0.00467562102027852 0.004594328855612728 4.68496555166574
565 0.9984344437772031 0.006221141038511568 0.00571834933481985 4.685233025288425
570 0.9984317123194068 0.006163034850712457 0.0014217526599211716 4.685124948888375
575 0.9986590913808062 0.005219335978897455 0.0009684980256192688 4.685354396943884
580 0.9955067148383872 0.017398098407400475 0.0011440139248310999 4.685308065454853
585 0.998872660946845 0.004335081741250413 0.005558730556156188 4.685000942157638
590 0.998554308110849 0.00562004194375465 0.002290819582559056 4.68581391840405
595 0.9984146227217987 0.006117729575719544 0.004111080794370725 4.684471137187587
600 0.9969231741630333 0.01208873428378432 0.0006102993477381524 4.685073518094497
605 0.998966865106592 0.004030206444510576 0.0005650433898027885 4.6855605473839965
610 0.9985252850524443 0.005816530529760833 0.00687095602324872 4.684263981287398
615 0.9987576264091144 0.004836845949086843 0.0032214215753221254 4.6849209272956225
620 0.9965198685645208 0.014087511210684411 0.0005991223055257233 4.684924202560821
625 0.9977315161257116 0.009351164032115555 0.010021528473010743 4.685269016558685
630 0.9976433403024035 0.009405516669808378 0.010024044315677383 4.684512056084414
635 0.9980047212658543 0.007924198573397767 0.003216359085938203 4.684500725691465
640 0.9988253234303753 0.004653529875058737 0.005712052891901909 4.684873608869786
645 0.9980260525701873 0.00790994468552686 0.005073932998540309 4.684754920774204
650 0.9981729552457876 0.007226261146329627 0.0001029110994230642 4.684946020193246
655 0.9982017788720583 0.006990626951187906 0.01289714188640545 4.685422343281519
660 0.9977406682958467 0.009187217870829656 0.002733720451221444 4.6845768740385685
665 0.998564409700865 0.005786577098354506 0.0008130316235965829 4.6843332108796885
670 0.9988909245255638 0.00440735534482517 0.004168082108227056 4.683862693858744
675 0.9983363701512374 0.006394927135211503 0.006662080341851784 4.684231784578748
680 0.9966877502995681 0.012674973563303382 0.004104413386038619 4.683872890123056
685 0.9979439022643181 0.00840098777450038 0.00027919781930507703 4.684181340202628
690 0.9988593240099904 0.004459412554633779 0.006638490872562741 4.68390624883597
695 0.9986097337972005 0.005315369973105888 0.01789725113299312 4.6841404721056925
700 0.9986010670658012 0.0053876875749754305 0.00319115673429482 4.68407658625049
705 0.9982981146209977 0.006645506182544558 1.4665171910177577e-06 4.683919377019822
710 0.998112731135284 0.007456843149627801 0.007645313805106024 4.684457039884292
715 0.9978079876253058 0.008515522810087717 0.003736697953585777 4.684320870967286
720 0.9985020864923472 0.005864440190800124 0.006676201054447439 4.683658698778146
725 0.9974715008008197 0.010095133858963656 0.009455681978401298 4.684527758666605
730 0.9985965022891139 0.005518882212005138 0.0009892582049459975 4.684609272006066
735 0.9978399840470544 0.008410848995559661 0.0014201972333820478 4.684231876505634
740 0.9983564112836759 0.006365005824676473 0.0021247493863043587 4.684421299123417
745 0.9987227504071361 0.0050926264009554245 0.0004906364443675315 4.684113799939857
750 0.998572768518097 0.005465150839806476 0.0017538467161137827 4.684732639421557
755 0.998459333731083 0.006133476397758741 0.002764795698675382 4.684059272111533
760 0.9967930071128133 0.013113061409968374 0.010957191477685368 4.6839388953511625
765 0.997998366472345 0.007642189209830619 0.005083074683167377 4.683703046758419
770 0.9979536573548999 0.0076842328191322196 0.0007817697077725505 4.683982364554994
775 0.9977824214379494 0.008693836558057555 0.001072488326587795 4.683565753310425
780 0.9981698348990196 0.007205290355829064 0.001630721076899766 4.683874224882113
785 0.998533532442389 0.005751597907769579 0.007938222767005954 4.6837823017515205
790 0.9983531577682495 0.0066290284863095295 0.004437801438958777 4.6839220503617875
795 0.998264881382577 0.00684559628566106 0.0014384749693463483 4.683896316726512
800 0.9969118000163728 0.011802180226570869 0.01099707875878475 4.683914088741394
805 0.9979043402370675 0.008511766220460792 0.006443584221710097 4.683471095656893
810 0.9986603040976337 0.0051263699660735185 0.009568516253246395 4.683879948212123
815 0.9986586088010725 0.0054037208103769885 0.010539563003367558 4.684281982713498
820 0.9982376800147639 0.0068718787944463955 0.0016942338240146793 4.683846133668555
825 0.9975852462253199 0.009791446301664841 0.0037042361878354413 4.683741650228584
830 0.997520503968134 0.009950051440923424 0.0030987349029660827 4.683683154463693
835 0.9966612906834548 0.01368732219451374 0.0003219354202008695 4.683826460863597
840 0.9984670645269479 0.00613986123219501 0.0039897089555860354 4.683918720150835
845 0.9984849265657232 0.005899544755819441 0.008187289689965294 4.683371937531091
850 0.9969661773256902 0.01239997125597192 0.006008117910929922 4.6830671852956725
855 0.9980777691786487 0.007936647413012032 0.004286662439172639 4.683740022404702
860 0.9980495239247938 0.007878160440158766 0.02102196000151424 4.683378653074815
865 0.9982623647784854 0.006862214488231544 0.00777225908465673 4.6838249063960085
870 0.9971161919749372 0.011239775051961942 0.005683481450335481 4.683479034324735
875 0.9982311290358408 0.006848248122809153 0.0008549452496755539 4.68397896454631
880 0.996882375850334 0.013106556462763486 0.002431936341336316 4.682893384338532
885 0.9984890720828821 0.005965930608551773 0.002556559873872155 4.683503125448486
890 0.9981696658605854 0.007039593400220312 0.0037546790003228914 4.684063256117716
895 0.998035612311625 0.007941562666176516 0.0024654847920377865 4.6834392178795445
900 0.9985450766254158 0.005850638680714226 0.0014035550590880685 4.683130013152498
905 0.9978703188883126 0.008235292100435387 0.005994090279467734 4.683950600579194
910 0.9982817662329142 0.006980062157882827 0.005367996441928424 4.682830387593174
915 0.9977749840568029 0.008765453639957954 0.010841613383500759 4.6832243605433295
920 0.9982583518814839 0.006946334624815087 0.0039728059531549675 4.683597582915085
925 0.9975264192150057 0.010248647366613461 0.0009683380129792418 4.683226149286861
930 0.9971293278812864 0.011373402903517515 0.0006284260009681297 4.683067344240094
935 0.9985314361487792 0.005810140631357541 0.000595515927247714 4.683191175454477
940 0.9979824553256171 0.00832772508993429 0.00012910199878435336 4.6830817533221305
945 0.9978020959606233 0.008949735002757642 0.010732392091401532 4.683047574429122
950 0.9983265425407386 0.006733594764567918 0.007362071738018283 4.683441952498832
955 0.9984666261726547 0.005978026283655957 0.005325341738177336 4.6836408672790535
960 0.9983355555141333 0.0064985591553403665 0.0012636610943752569 4.6839885918544
965 0.997076885449147 0.011868416818090921 0.00639124616861797 4.682956431667823
970 0.998255265664356 0.0071097200663690074 0.0009262125822038225 4.6837463883833275
975 0.9958527424070835 0.016429346952365087 0.008778146993522418 4.683320656515567
980 0.9976943916826428 0.009269638040870554 0.004978745075455038 4.683499583106261
985 0.9966782582967488 0.01320148492284634 0.005088053638198531 4.682900509463474
990 0.9975309972970741 0.01005946992063933 0.010302097018670908 4.682862315806435
995 0.9978453504143721 0.008244675799232937 0.006481501396425893 4.683365617335057
1000 0.9973336621198726 0.01070063652072406 0.004000793159330884 4.68326609303451
