0 0 0 0.22058631413918806 0
5 0 0 0.0010620002122476713 8.080611162913172
10 0 0 0.0002718814570650263 8.054572891383776
15 0 0 0.004433407613469997 7.972409429029109
20 0 0 0.008214716190563243 7.931130476894494
25 0 0 0.007561940243287157 7.907806322153802
30 0 0 0.005320264092992355 7.888144998883658
35 0 0 0.010562610328267663 7.882932003063925
40 0 0 0.017190748796660493 7.881260395044441
45 0 0 0.010964901081683243 7.874769740979808
50 0 0 0.008449422521324523 7.87618290828511
55 0 0 0.008284171204677282 7.8726329936848956
60 0 0 0.01289406086112077 7.874142249139927
65 0 0 0.011288094754281719 7.8723752163550476
70 0 0 0.012337346154157158 7.867954408645724
75 0 0 0.01203180246639568 7.866550612637773
80 0 0 0.013236685282390637 7.86622505983403
85 0 0 0.01154639600899876 7.8653825958842365
90 0 0 0.011874888467008127 7.868190216096427
95 0 0 0.014569150924759855 7.863045004118971
100 0 0 0.012696260220110389 8.028413885503774
105 0 0 0.012944090344600978 7.890388067951371
110 0 0 0.014729516541507559 7.8799744963126095
115 0 0 0.013071521095759708 7.879930933245555
120 0 0 0.016443587714557673 7.879778262396218
125 0 0 0.012559663394810627 7.877850089289723
130 0 0 0.011119712613805621 7.878744100197613
135 0 0 0.020135470634156105 7.874937599691068
140 0 0 0.012413345237530793 7.873145324168073
145 0 0 0.013696049079685801 7.86990338734384
150 0 0 0.015637146515187217 7.869972251158827
155 0 0 0.015713307634089624 7.870437859382434
160 0 0 0.016943468872929746 7.870853204357724
165 0 0 0.014522088947102718 7.8714006652376565
170 0 0 0.013028944905347561 7.869297646511293
175 0 0 0.015465224791538335 7.8683034522262325
180 0 0 0.017669878986754872 7.868691507307698
185 0 0 0.014521887931969735 7.8682105766721175
190 0 0 0.016626948473501546 7.868045972198749
195 0 0 0.0051526254318174924 7.8644927395371225
200 0 0 0.014229584176499 7.866407256945512
205 0 0 0.014681794611865584 7.864902379477892
210 0 0 0.009857582108792506 7.8665344002361905
215 0 0 0.00991521248657512 7.86578672531145
220 0 0 0.014647710203179454 7.865254133486677
225 0 0 0.009962094641912111 7.8659051650975425
230 0 0 0.006808807137899997 7.864633799976418
235 0 0 0.01635513419217105 7.867535574278016
240 0 0 0.01422289259845999 7.863331738968078
245 0 0 0.018276974936595414 7.8628080166009156
250 0 0 0.013347207052382126 7.864979976371808
255 0 0 0.013575415926463164 7.862709145433476
260 0 0 0.012604663739635535 7.8617636643179365
265 0 0 0.013303163374370097 7.864489994907619
270 0 0 0.018287277388978174 7.861595430310632
275 0 0 0.0199920144830934 7.864511022110691
280 0 0 0.013792874719658066 7.862389572908401
285 0 0 0.021232842098841243 7.863316613647601
290 0 0 0.0076580580978127255 7.860421546303965
295 0 0 0.015314840011756203 7.861990854989078
300 0 0 0.013497877125902003 7.860468925781243
305 0 0 0.011475000663963453 7.861652845719208
310 0 0 0.012329166717945705 7.861807067372123
315 0 0 0.009533276846368066 7.860656900479899
320 0 0 0.01256912438852087 7.859581255369421
325 0 0 0.016754730726645573 7.859114063392644
330 0 0 0.014494690565275414 7.859241348792962
335 0 0 0.01724875474233012 7.858412697196631
340 0 0 0.008113595722148537 7.860160870376876
345 0 0 0.007131596441132926 7.858876973303382
350 0 0 0.00855980981948301 7.8583617334755935
355 0 0 0.016017056157722864 7.85955564781381
360 0 0 0.010703149388366029 7.856275753937144
365 0 0 0.017735150612647077 7.858871067376494
370 0 0 0.009569809889073744 7.858053653060377
375 0 0 0.015558474633640351 7.857270734131495
380 0 0 0.022265368158333132 7.8556538136135705
385 0 0 0.013500985303345425 7.856921388703016
390 0 0 0.013252027772867159 7.855951235460472
395 0 0 0.016262463184822273 7.858972794181153
400 0 0 0.01076357251446547 7.855601326134344
405 0 0 0.011575516780861772 7.856049295534857
410 0 0 0.010864132392042203 7.85616485269911
415 0 0 0.014162623324899926 7.8562541866369715
420 0 0 0.017700749896013335 7.855071494010137
425 0 0 0.017884620070020896 7.855659981330006
430 0 0 0.011859286298480987 7.854651555952187
435 0 0 0.013522339651791171 7.855370979542308
440 0 0 0.017394977968990366 7.854919113151988
445 0 0 0.01872747126722163 7.855723433976396
450 0 0 0.011934099300338064 7.855571931985301
455 0 0 0.01881799043889476 7.854593083519725
460 0 0 0.013689234375978243 7.853996774817084
465 0 0 0.01867440970807488 7.851801542799003
470 0 0 0.011417575197690155 7.852939631895398
475 0 0 0.007857391769852784 7.851533432022843
480 0 0 0.0107129506374537 7.852381602849786
485 0 0 0.01404559765103186 7.852234455935376
490 0 0 0.013838582542527789 7.8513204019202325
495 0 0 0.01559661324583117 7.851465070351552
500 0 0 0.017533270232354292 7.8521365148753945
505 0 0 0.015095090905972386 7.851351633598972
510 0 0 0.009225120956003696 7.849571907132453
515 0 0 0.018011584660441393 7.8510166067460885
520 0 0 0.015939917252799196 7.8504120140484055
525 0 0 0.01466382139302147 7.848973743085236
530 0 0 0.00903291228302816 7.850098022379605
535 0 0 0.016680284709609916 7.84875855845003
540 0 0 0.018841756704123247 7.848788835483116
545 0 0 0.008360956931107832 7.8471577000069
550 0 0 0.010873524915940846 7.84901557177277
555 0 0 0.00644483890990899 7.847722041588412
560 0 0 0.019918592106054067 7.848111967682786
565 0 0 0.011765131504236415 7.846564559689108
570 0 0 0.017692814007424396 7.848642067547362
575 0 0 0.011545998750219333 7.846342192631479
580 0 0 0.008410180946079482 7.847006086742948
585 0 0 0.011288613260900915 7.8469891278862
590 0 0 0.005735655154540886 7.846370242710363
595 0 0 0.01970383602139747 7.848104645585287
600 0 0 0.006661827720030544 7.845975798291271
605 0 0 0.015033947759498067 7.8446661362281525
610 0 0 0.02075676028232687 7.8464067847790435
615 0 0 0.00859755013819874 7.84540101456588
620 0 0 0.019038180933597992 7.84515479084458
625 0 0 0.005615553267510176 7.8445791666141504
630 0 0 0.016642967573976097 7.843905635546873
635 0 0 0.016950096913067814 7.844803035514877
640 0 0 0.007296285333430852 7.84288228933903
645 0 0 0.007371636894263789 7.8428961740887955
650 0 0 0.018506149094637214 7.84374454848605
655 0 0 0.005351452490069075 7.843324396569155
660 0 0 0.014547480456988282 7.841754928213543
665 0 0 0.008271497284804363 7.8421498752475225
670 0 0 0.018801873232425992 7.8416032500926836
675 0 0 0.010467548656648784 7.839758907084131
680 0 0 0.012166262591589483 7.8407368482938935
685 0 0 0.022674471673540086 7.839501540672945
690 0 0 0.011821861221784857 7.841811410745658
695 0 0 0.021821363788498305 7.839184775975514
700 0 0 0.003560626597589156 7.839548715840333
705 0 0 0.014270351684212867 7.838625423579703
710 0 0 0.018982625943396947 7.83725996869351
715 0 0 0.0066969970487031905 7.836875245912296
720 0 0 0.016805654447165308 7.838523576772704
725 0 0 0.01319503466153571 7.8356608522454545
730 0 0 0.017457700225176342 7.836328292241626
735 0 0 0.004429419253476619 7.834672771050781
740 0 0 0.023358652684186243 7.834868351130621
745 0 0 0.023396432441382675 7.835524248610264
750 0 0 0.010364972457606259 7.8323789652345805
755 0 0 0.010993991717311635 7.833705184456419
760 0 0 0.009802170685990985 7.831477751629607
765 0 0 0.028060548140465658 7.832860041692879
770 0 0 0.003646320614932863 7.831278927993605
775 0 0 0.01144620532180296 7.830643419460971
780 0 0 0.005032152527152833 7.8310015251702625
785 0 0 0.013992166988422428 7.829560510078419
790 0 0 0.003993641516366608 7.830300108659087
795 0 0 0.010059855038944354 7.829495667997352
800 0 0 0.0042606782142606825 7.828144217320536
805 0 0 0.014724610553306983 7.8263776109562375
810 0 0 0.013299976722942475 7.8248438790111265
815 0 0 0.007119779014449712 7.8259676777781495
820 0 0 0.005459207931585164 7.8240211033094536
825 0 0 0.00728224425936741 7.822665073345682
830 0 0 0.012926897386184244 7.823978211765027
835 0 0 0.011838357551474443 7.823936086941059
840 0 0 0.026924018391046634 7.821752096286233
845 0 0 0.017823702839154798 7.821739535539275
850 0 0 0.009840577249237814 7.821393678478493
855 0 0 0.009509647750706618 7.820973937059615
860 0 0 0.003684349739103032 7.819074609336469
865 0 0 0.0025670804249930956 7.817858360343198
870 0 0 0.017447327862885276 7.817926889194106
875 0 0 0.006695880996732129 7.817037795133696
880 0 0 0.007498614441447504 7.817135522882796
885 0 0 0.0077046437347918495 7.816065699762972
890 0 0 0.0027879844797906728 7.815123593918781
895 0 0 0.00638181827777351 7.813051861026135
900 0 0 0.004790216743919329 7.815003063280975
905 0 0 0.0010544144134816413 7.815620017769088
910 0 0 0.015484530330893254 7.81296675043391
915 0 0 0.006425987944582712 7.8096335888263795
920 0 0 0.001567719442688631 7.809318446072812
925 0 0 0.008527406016204164 7.810159652891913
930 0 0 0.018914770900522626 7.808628255484987
935 0 0 0.011672375139192503 7.8091063954381355
940 0 0 0.03153836178362868 7.807815988539227
945 0 0 0.011099860070976408 7.807622789404971
950 0 0 0.0032115492528241862 7.805047144553793
955 0 0 0.0073731687306299865 7.805506340335481
960 0 0 0.0020197888590642865 7.80556415168657
965 0 0 0.003767735579408571 7.804261037276607
970 0 0 0.007346823799410318 7.801575736256872
975 0 0 0.005499776765027775 7.803305945974855
980 0 0 0.0017955150944617415 7.801108187437589
985 0 0 0.0017981860465627886 7.801571403074684
990 0 0 0.009671250450924429 7.799367853484901
995 0 0 0.010294698026187321 7.798916568485005
1000 0 0 0.01585036054396638 7.798880527661797
