0 0 0 0.33370755042612343 0
5 0 0 0.000496863303393047 8.089841806020914
10 0 0 0.005235638100609785 8.070860101946488
15 0 0 0.009611769737641218 7.983258475352354
20 0 0 0.002508869888589782 7.940348107879682
25 0 0 0.009972001470086367 7.90977477039298
30 0 0 0.009198712527796804 7.892271627399802
35 0 0 0.008058947185872078 7.884765297682045
40 0 0 0.013055033520965376 7.877949186758781
45 0 0 0.012827252772479536 7.876254771095319
50 0 0 0.012252022413736352 7.876725574074329
55 0 0 0.011911834955599554 7.875497934060209
60 0 0 0.00419304310295332 7.869922556507439
65 0 0 0.012385925719244684 7.867291696434339
70 0 0 0.011806728041336756 7.867810345160067
75 0 0 0.010029431088761864 7.864844293052252
80 0 0 0.014993134010028886 7.868537796482249
85 0 0 0.005688225200064068 7.866858796690722
90 0 0 0.013848162663651964 7.864685801877483
95 0 0 0.016994821254171955 7.86472025563412
100 0 0 0.01760113201274427 8.023020618632888
105 0 0 0.0142518580182327 7.890463019343391
110 0 0 0.008114299829157234 7.8908442175292715
115 0 0 0.012911688688941991 7.8853251815064915
120 0 0 0.004470702883445865 7.882769989572669
125 0 0 0.013521695368297282 7.8793652209660054
130 0 0 0.0140497017412895 7.8796494576764085
135 0 0 0.014822083100639816 7.877250379792434
140 0 0 0.01047606191109196 7.876172299614359
145 0 0 0.016951244671620014 7.877242858600968
150 0 0 0.019614160241479217 7.87478194535719
155 0 0 0.014730351044135226 7.874539194480916
160 0 0 0.01931785922097884 7.871392919476028
165 0 0 0.013540121792956494 7.871237944976134
170 0 0 0.018161737433438407 7.866749183027028
175 0 0 0.017021894013806937 7.870263231178917
180 0 0 0.015055733781592862 7.869739076891121
185 0 0 0.013235505805952119 7.867079760777228
190 0 0 0.017486284715870104 7.869127738674012
195 0 0 0.012954165657028671 7.8659719109688915
200 0 0 0.011949600519319592 7.865078712785878
205 0 0 0.004237053174629413 7.865815364814182
210 0 0 0.013632770825539264 7.864076488589689
215 0 0 0.005129417575287176 7.863591792136507
220 0 0 0.018825604391556894 7.865322237597999
225 0 0 0.015584115857427916 7.863788958613998
230 0 0 0.014439378767600042 7.86600748990835
235 0 0 0.006579648194021681 7.865823334422174
240 0 0 0.01673993851397859 7.864014082244767
245 0 0 0.010895736533762745 7.863428304206474
250 0 0 0.009785057435509614 7.862795006925767
255 0 0 0.02321919123615146 7.863312041086834
260 0 0 0.019645293565730526 7.863531740856112
265 0 0 0.014430206410983581 7.8619245726466
270 0 0 0.01968870953733992 7.860950714342284
275 0 0 0.012086394443811654 7.8615890571097635
280 0 0 0.018677569561044827 7.862249357687725
285 0 0 0.007950258452358305 7.862119267141839
290 0 0 0.015107514046442505 7.859743618641197
295 0 0 0.016517328742557513 7.862109407055225
300 0 0 0.01823151459478578 7.861961093594422
305 0 0 0.008970268662664704 7.85879473361814
310 0 0 0.013522527620426938 7.861301242410679
315 0 0 0.013284416261627241 7.860875824966367
320 0 0 0.010600333916638505 7.858780758098176
325 0 0 0.011340049794516194 7.858924274759832
330 0 0 0.010480322512677276 7.859495009991146
335 0 0 0.014050163504502944 7.858615921655319
340 0 0 0.007979787725735044 7.859901501073278
345 0 0 0.015742187402742136 7.85972649613059
350 0 0 0.01653615111272111 7.860079455082174
355 0 0 0.01286604891090426 7.857848669383669
360 0 0 0.018050713821530007 7.858505826769971
365 0 0 0.007068070003379612 7.8589347925706186
370 0 0 0.021316193156720287 7.8578386561276625
375 0 0 0.011333214464608998 7.858808742640664
380 0 0 0.009375579265456624 7.857189168751756
385 0 0 0.008464137894883983 7.858656957402132
390 0 0 0.012990054932112027 7.858781073041353
395 0 0 0.015944474730058777 7.857582469038027
400 0 0 0.01731897456486098 7.858538490272049
405 0 0 0.009953613469074973 7.860799994986281
410 0 0 0.012076189302732354 7.855558624361147
415 0 0 0.0150475234830032 7.857651859012944
420 0 0 0.011530474887655462 7.857753317385821
425 0 0 0.011150147866283877 7.854916036722503
430 0 0 0.013161846305185021 7.855674711258056
435 0 0 0.0195531042947934 7.857430960984349
440 0 0 0.013039993976879938 7.855592356492099
445 0 0 0.017190794505547835 7.855980125871314
450 0 0 0.009112733422460995 7.854421923945297
455 0 0 0.01460566955644893 7.855893115722861
460 0 0 0.009285492302418819 7.855957617855546
465 0 0 0.010756299677523451 7.855687975532115
470 0 0 0.015587010777131871 7.854087264959262
475 0 0 0.02288949645626781 7.853829351743343
480 0 0 0.013028663245523875 7.8560491039417295
485 0 0 0.01734969586370938 7.855812139823229
490 0 0 0.015383580791220153 7.852881309661335
495 0 0 0.010898774473462547 7.8530217009159635
500 0 0 0.017034974070801345 7.85454001093834
505 0 0 0.009747199092953629 7.852935594096676
510 0 0 0.015199052154911463 7.853258365219907
515 0 0 0.006798636010757475 7.8522921339240455
520 0 0 0.00778922978226948 7.853483043956966
525 0 0 0.01619614428227978 7.85192222236265
530 0 0 0.012905379106505022 7.851262836302158
535 0 0 0.011073293830623498 7.851105037705711
540 0 0 0.013155773550220129 7.85154532836376
545 0 0 0.015146059669495893 7.851132511350744
550 0 0 0.012950902684785826 7.849952133622443
555 0 0 0.0133497713090458 7.849909333151397
560 0 0 0.022752066243763247 7.850696439834556
565 0 0 0.01234129361059555 7.850251653223583
570 0 0 0.011181917289651455 7.8477886173014
575 0 0 0.011230583607967803 7.848653641146781
580 0 0 0.013231871559421071 7.850963963658893
585 0 0 0.010923955643041383 7.848603127713804
590 0 0 0.014038927631768283 7.84804909412344
595 0 0 0.009361883112287028 7.847542580838184
600 0 0 0.014494434117684252 7.846503657601735
605 0 0 0.009656592886096327 7.846946444502404
610 0 0 0.008760126071160279 7.845003085036219
615 0 0 0.01096201569385613 7.8447458683861315
620 0 0 0.016072005632619568 7.846519804650396
625 0 0 0.016636549006026735 7.845927480040518
630 0 0 0.013394712134244147 7.845159311631192
635 0 0 0.009172025447503174 7.845403237500969
640 0 0 0.006424639366653162 7.844545473291804
645 0 0 0.01346867288338438 7.84363420537699
650 0 0 0.010775015647223274 7.842924706671707
655 0 0 0.01726411231530789 7.841859926236664
660 0 0 0.00905100389185276 7.8419057174084275
665 0 0 0.015014766937677892 7.840888652976352
670 0 0 0.009610190322910217 7.841934314282952
675 0 0 0.006987832282285389 7.840852250488216
680 0 0 0.0123072933147097 7.840044860465021
685 0 0 0.008485098939923441 7.839986950845073
690 0 0 0.015442017483500381 7.839025407114527
695 0 0 0.0055771894552290036 7.836011559837267
700 0 0 0.01392234254384861 7.837431372520758
705 0 0 0.00543600637585584 7.8360788788715805
710 0 0 0.014565548575949716 7.837140323757352
715 0 0 0.006497609587915232 7.83465615916126
720 0 0 0.008289462241696688 7.835383947403232
725 0 0 0.002869730895289857 7.834205817376968
730 0 0 0.008107159501992811 7.833646205175411
735 0 0 0.005837902680625673 7.833255196937418
740 0 0 0.029857829759979637 7.832443139840596
745 0 0 0.010435960191126803 7.831631037409591
750 0 0 0.006532203585381424 7.831195208881301
755 0 0 0.01632446872192661 7.8303850101729475
760 0 0 0.01437348508816183 7.828398214046633
765 0 0 0.01144853649497457 7.827806807705425
770 0 0 0.02079741283740466 7.826834411424728
775 0 0 0.00033583487616151153 7.826734519816824
780 0 0 0.005929387174079537 7.8268995402538
785 0 0 0.01096074620382903 7.82576546254029
790 0 0 0.008678076351999131 7.825190170167495
795 0 0 0.000981543541606067 7.824402215693254
800 0 0 0.008124479479077351 7.823092352328178
805 0 0 0.01692212693635331 7.82163414999544
810 0 0 0.0037177455106665036 7.820682026633501
815 0 0 0.004117159409370519 7.819955753839163
820 0 0 0.008284628815454775 7.820631759950342
825 0 0 0.0010141347781713606 7.818166768370568
830 0 0 0.01613004942694629 7.817594254353444
835 0 0 0.012586305028301048 7.817651361960916
840 0 0 0.008285316724952807 7.8163161782885675
845 0 0 0.003168094171364988 7.814245217261867
850 0 0 0.014451345593172293 7.814304631335221
855 0 0 0.015252572138969134 7.814018854723896
860 0 0 0.0029878880616411863 7.812582825483472
865 0 0 0.014626282108365807 7.81201163272395
870 0 0 0.013273759358008785 7.809994901202573
875 0 0 0.012170817797686029 7.810539756214971
880 0 0 0.007333836829240159 7.808460382680902
885 0 0 0.01666919954427626 7.806489524111843
890 0 0 0.005942097268904156 7.806037480663195
895 0 0 0.020092711432371235 7.80625391001008
900 0 0 0.023939786310628985 7.805058673899465
905 0 0 0.01042417484865199 7.804408442844059
910 0 0 0.0023183209981578745 7.802992580222122
915 0 0 0.007915621320879529 7.801457994571982
920 0 0 0.002744175154426376 7.7993744848635105
925 0 0 0.01018551442931881 7.8000971525256855
930 0 0 0.002437330502658819 7.798785427702215
935 0 0 0.00037008725809140053 7.798131648133985
940 0 0 0.0194616325571344 7.79676838568925
945 0 0 0.006822538143470336 7.79487127735022
950 0 0 0.011336259783250036 7.7951532771619485
955 0 0 0.019098998132169198 7.794059208521857
960 0 0 0.011556854971719321 7.793599831367768
965 0 0 0.01194827669076104 7.792157002832792
970 0 0 0.0017966293003666145 7.7922949090409395
975 0 0 0.013339703051665541 7.789608687185314
980 0 0 0.021093609636484212 7.789742827448505
985 0 0 0.015600731807912549 7.787261010407506
990 0 0 0.0029243423032865312 7.786979470570343
995 0 0 0.013220910058020952 7.787554147457785
1000 0 0 0.009183588711549895 7.784547162511274
