0 0.5058841619666004 1.4955062738517326 0.3493343100437919 0
5 0.9479347869887376 0.17411748213784461 0.01326683815854457 2.7009425450190845
10 0.9624935589494328 0.1404467486234564 0.009991826265462578 2.6954075625537546
15 0.976657763593477 0.09306666965496779 0.0029826653920637103 2.668122250279266
20 0.9814927512950352 0.07894384569129675 0.011275511798277682 2.6541284041195263
25 0.9758181832811288 0.11051009710947479 0.003697220920917621 2.652013111864123
30 0.9833854117406461 0.07559100168698585 0.0007921283577356775 2.649572415703152
35 0.9826186598218667 0.08056854816808823 0.008272846689226343 2.647562205045755
40 0.9839935128128033 0.07354689276207882 0.0014353772776314333 2.645900871202639
45 0.9842605164084651 0.0717572140290712 0.0035565206637173663 2.6465168647816024
50 0.9847250785698614 0.06939913233809314 0.0009038616279755107 2.6457465813281447
55 0.9789237108402964 0.09646207050442968 0.008344844614363689 2.644257917167855
60 0.9806214362914074 0.0888987658454341 0.0002730313147392138 2.6452461256994777
65 0.983804173673667 0.0750874801858834 0.007643765464415475 2.6454249344350362
70 0.9845331140430607 0.07086746033536784 0.0035397063100948145 2.644511148991761
75 0.9857783829032307 0.06590751714232557 0.0007989856203358681 2.6440590953027936
80 0.9832721121329479 0.07870819044581356 0.001017722097613305 2.6434759217304817
85 0.9810240174621863 0.08929399423637285 0.003111607856922438 2.6439907242960654
90 0.9788087611609915 0.09737205761108081 0.011392608684341665 2.6431319385955083
95 0.984277575331105 0.0743038670495042 0.0031698828384487676 2.6435783379303333
100 0.9826395894187934 0.081960805272288 0.0043417605230471334 2.642388399519806
105 0.9834395230218431 0.07640112175035574 0.004727051117277226 2.64293417477735
110 0.9798758824738332 0.09196918826075162 0.0016528790768324253 2.642959617703149
115 0.9851079973729407 0.06867534473719816 0.002626228439991829 2.642938088683731
120 0.9839999326612555 0.07468299461224204 0.0014281864714809078 2.641519505140993
125 0.9847046942766248 0.07056296928135408 0.002412143984290127 2.6426535502426134
130 0.9806437876055928 0.09379431283921935 0.0022373676497491335 2.6421536929626597
135 0.9789110209182574 0.10012190874210569 0.0015983177935623427 2.642358297577997
140 0.9829741128031976 0.079619752368572 0.006277490645760109 2.642165572356185
145 0.982518465973423 0.08374040699010044 0.00509855774467205 2.641633507316864
150 0.9869768079010244 0.060397024824879963 0.003247101665701413 2.6414839443116347
155 0.9821891466286713 0.08207783251316947 0.014640493096693241 2.642328014904296
160 0.9842124745467922 0.07417920995009863 0.003859654243877575 2.642312361100329
165 0.9844785359201497 0.07291190689293581 0.0005094613477802934 2.641168255214149
170 0.9814904915710456 0.08867488332749618 0.006073060661539786 2.64142825029977
175 0.9848666588614026 0.07148264542023419 0.00040797591130470323 2.640578719865444
180 0.9834483345561432 0.07832300080579868 0.0003745733926754369 2.6413094529373233
185 0.9861108198864739 0.06496616041653525 0.0052870306429675384 2.6414875229829153
190 0.9834139281250625 0.07768215026639647 0.0004906264910393698 2.6412372365616594
195 0.9858168462159488 0.0660399691052378 3.665086387583116e-05 2.6408500964290953
200 0.984890436084153 0.07058469834925152 0.00359975730276596 2.6413603320450934
205 0.980817529836805 0.0911975949259265 0.004173871999981316 2.6406331827498803
210 0.9843714846613709 0.07295929041496452 0.005576366128700494 2.640817449398824
215 0.9851058483433652 0.06842753834451187 0.002752289272443864 2.640628581651534
220 0.9840965536702672 0.07374642482965088 0.0031437300673600177 2.6409137443368293
225 0.9838419283862744 0.0756876600562788 0.002569614416164434 2.640644098998527
230 0.9821643039011311 0.08405706254631085 0.00040646345988726296 2.64107354334083
235 0.9832955556177487 0.08021987461538682 0.0002958441815672508 2.6404175373703787
240 0.9849085112041044 0.07011773084107809 0.0015975202744433759 2.6404590118849907
245 0.9839600175465142 0.07546995497049958 0.0014358475531510706 2.640341631491478
250 0.9984080946118299 0.005190204369799112 0.005085756070968506 2.6488617875284945
255 0.9986820604303799 0.0043064540139381435 0.00019589925161023203 2.640220609429141
260 0.9992717704162303 0.0020260818533626157 0.0006602600326890418 2.639951828719022
265 0.9987597462687255 0.0040350842635863415 0.0048039086245614815 2.6395768656332943
270 0.9993371657693839 0.0020418863412716703 0.0027305192251951826 2.639404563772238
275 0.9987479304355578 0.00455355130908508 0.005256923446714579 2.639657019518445
280 0.9994596971512408 0.0015956903511300524 0.008873223354014526 2.639448452652646
285 0.9983402095120186 0.0060362067292469845 0.0016779515904605802 2.6396873148893594
290 0.9989786662318751 0.0037109389558986905 0.0027666657071601097 2.63947215794709
295 0.9988836749173289 0.004116021613852272 0.0020720722790412704 2.6392857062232555
300 0.9985148539786151 0.005626470573957487 0.0014005595529307246 2.6388853151186527
305 0.9995316029884236 0.0012854896312775033 0.0017609299286116542 2.63906460881603
310 0.9956043443508665 0.017500335319475813 0.00011829147689401687 2.6386060815427506
315 0.999533100297801 0.0015037188279234392 0.004059377946783682 2.6388946816187007
320 0.9994928199419917 0.0014630470793814965 7.755445488744073e-05 2.6392032510856542
325 0.998923442123491 0.003918601352364437 0.0036654276691128196 2.6384043357947093
330 0.9991810547713963 0.002782014041450953 0.0023143647880359275 2.639164599733089
335 0.9979148457256584 0.007854743506650497 0.0066126335092226984 2.638833968344917
340 0.9995210314994543 0.0014796370923511049 0.0034150720381436184 2.6386439243432718
345 0.9995968335154488 0.0012584972582270204 0.0044816710764608025 2.638866202280039
350 0.9995859235717213 0.0013370587058445516 0.003636722878949117 2.638214837772428
355 0.9995871179335184 0.001285114842103141 0.0014220843552421591 2.6383239893880073
360 0.9994628257029792 0.0018985739061645468 0.0009324368835015306 2.638725756557613
365 0.9997305462633674 0.0007749032979487147 0.0014552990187326476 2.638727878379384
370 0.9995575622901859 0.0015253608716783162 0.0062346485725315315 2.638863510062155
375 0.9996318983838979 0.0013579753089771884 0.0003235102015184399 2.63875908069876
380 0.9996831745064083 0.001119410883053007 0.0006846605565460351 2.63859265591038
385 0.9995366713899547 0.0015817860083933155 0.001964057468143432 2.6386096187018273
390 0.9996137904974267 0.0012439695170565201 0.0010300626528438883 2.638373030405286
395 0.9994792449742163 0.0017294147136110993 9.047673076012508e-05 2.6385002081233075
400 0.9988573271372293 0.004358936267732982 0.0011050448953719982 2.6385126099718197
405 0.9994846102286534 0.0018163197464899916 0.000435820065004755 2.6386110526839293
410 0.9996930075915292 0.0010205792006110492 0.0008074519867444785 2.6386033132896576
415 0.9997236062836499 0.0008897781352001921 0.0029114225829276474 2.6383057183531364
420 0.9997143103850467 0.0010134669239492133 0.0009497061163454834 2.6384222047985793
425 0.9994486517959349 0.0020091710978289434 0.0003011867725162265 2.6384839944409286
430 0.9996013887704557 0.0013092412381543461 0.0012971032710236141 2.638411030443257
435 0.9996031720987006 0.0013296370479958242 0.0028033819202537558 2.6380630790582633
440 0.9990574550062294 0.0035106542994585155 0.0013416361569089652 2.6385423537156587
445 0.999574808056408 0.0014952147591884568 0.00296177055496738 2.6381230454859974
450 0.9994972387340442 0.001771668714433794 0.000411970165513198 2.638725111469307
455 0.9995059992084254 0.001690175781117187 0.003157697689353922 2.6381158329355974
460 0.9990613159565432 0.0033771754212743588 0.004226407203395732 2.6384207296070583
465 0.9995765402047934 0.0015872873202584792 0.0008929241865274218 2.63831919114063
470 0.999218050406887 0.002957970766211293 0.0021507380501644136 2.638554065947336
475 0.9994997472813428 0.0018373676289127339 0.005314834305947036 2.6380217126092735
480 0.9994234790649976 0.0021193553069815962 0.0021560526986108552 2.6380543775944405
485 0.9998341873733341 0.000560008786470334 3.307796790497086e-05 2.6387095484584218
490 0.9993989050034084 0.0020919189797403703 0.0029703566416856564 2.638521750940057
495 0.9994287166197208 0.0021280032768018486 0.0023669117972247022 2.638320176668024
500 0.999576784142794 0.0015774958926346727 0.0013671975587274954 2.638358363853984
505 0.99939011359147 0.0021944385922436638 0.0007851566084509098 2.6383585076354454
510 0.9996689725983575 0.0011811378269150907 0.0035236750788467663 2.6381946173845465
515 0.9991475560346172 0.0031973359348955732 0.001083758374418764 2.638529710764201
520 0.9990086970085587 0.0038838298766683543 0.001362473758050653 2.6383522296509256
525 0.9994735969623463 0.0019763175548122014 0.0015948085606574125 2.6383054767151783
530 0.9994487617039884 0.0020819660128132966 0.001667989072177134 2.6382790913274636
535 0.9996396864105846 0.0012597166214263211 0.0008669031879016131 2.638290124590471
540 0.9996059263264758 0.0014436338026033724 0.0029769328344388946 2.6379465415575862
545 0.9996649804452308 0.0012023922544708299 0.0028709715830650406 2.6382850124927444
550 0.9991696421892656 0.0031701533253167824 0.002616198381173662 2.6379649925540183
555 0.9993895861294274 0.0021959339411830037 0.0006234914821885429 2.6384672277266463
560 0.9992355887126585 0.002880119075950649 0.00040503147021664354 2.638185273732197
565 0.9995549359954238 0.0017018970070492578 0.0028110603355060437 2.638154360816628
570 0.9987310015961512 0.004749836708296318 0.0013567846528854677 2.638870750983981
575 0.9994683788828405 0.002020914675660457 0.0006969591885765958 2.6382010247185024
580 0.9995693832179917 0.0015472288426767733 0.0016287343415941624 2.6380090929107034
585 0.9997590030987324 0.0008706704274241694 0.001515416990726326 2.6378143909475313
590 0.9996167415466725 0.00138634001161142 0.0020205027680926246 2.638016176412273
595 0.9997765101896052 0.0007892690590263207 0.0014510466622839058 2.6383698563501947
600 0.9996315407753631 0.001370521745477138 0.0016618791479816597 2.637984245725261
605 0.9994540234467564 0.0020196441375959218 0.0013807046153784253 2.6378720537552214
610 0.9995276428010385 0.0018217712755044246 0.002935906352063311 2.6375492665866704
615 0.9998369270677396 0.000536479033673043 2.777369905704319e-05 2.638147570740665
620 0.9979057418565733 0.008272787923331304 0.003258371384847303 2.638383906839796
625 0.9996210017013587 0.0014179583971096754 0.005391611947972885 2.6382172216028064
630 0.9997314332984184 0.0009460376744678811 0.0013384604237527409 2.6381992266395793
635 0.9996861995897678 0.0011052499865598087 0.003226458890043693 2.6381583206382904
640 0.9994469860443769 0.00209814870959546 7.628285161431769e-05 2.637929731240428
645 0.9996566470253394 0.0012765943467596408 0.0019106277339222544 2.6380611608585527
650 0.9995127288457024 0.00185076899572012 0.005252897208068541 2.6382676049194176
655 0.9993637928837527 0.0024757609018366544 0.0015036167072381978 2.638158022531547
660 0.9996089322046997 0.0014592539899838108 0.0027956142347538293 2.6382895414600434
665 0.999580046132635 0.0015579663239111419 0.0015860125545257286 2.637892456324741
670 0.9992398470422712 0.0028496953075678455 0.007036249297547759 2.638198245348994
675 0.9989840454946268 0.003977383219821995 0.004796283744304075 2.637951336833027
680 0.9996774434664835 0.0011679121660175262 0.0005142000546176639 2.638264325209212
685 0.9995076557094014 0.0018938365739358254 0.003464332559571126 2.6380287026673717
690 0.9996629039924281 0.0012103767967541756 0.0001733605092086865 2.638114856746435
695 0.9996521151106654 0.0013280871358896107 0.00696258394963567 2.6377320476141892
700 0.9996609681139899 0.0012116790925622567 0.004922610273735861 2.638277967566204
705 0.9996649038877878 0.0012480700360391062 0.0008000219824875199 2.6385074440406813
710 0.9995158164878468 0.0018603159809109648 0.0005331433308981559 2.6383044847013366
715 0.9993280249451266 0.0023667530162754247 0.001036742371346433 2.637869888970506
720 0.9996613385574585 0.0012063212467365858 0.0025987714539434936 2.6379990829540048
725 0.9992766271883948 0.0027409261810245056 0.001028843236486665 2.637830008095573
730 0.9995499198769465 0.0014848037100541056 0.004172506387714048 2.638376894812063
735 0.9996636283211888 0.0012263912093279927 0.005873494005702584 2.638455711857445
740 0.9993251401586893 0.0025912974877408956 0.0024032617560008074 2.6380318266175187
745 0.9997613905325736 0.0008500507375810429 0.003464638900656958 2.6379042148353324
750 0.9997229100055938 0.0009905053940237885 0.0012134560060523825 2.638033798086008
755 0.999662093759808 0.0012352654220237902 0.0009704762749604967 2.6376228035464417
760 0.9997455315713233 0.0009152781056265269 0.002611382736393386 2.6383048109269094
765 0.9994332355328306 0.002143026809109383 0.0013398863967808428 2.6374445317536708
770 0.9996882118230912 0.0010753637686113926 0.005143777972641317 2.6378636186788538
775 0.999746186413566 0.0009076007077477577 0.002440352368545451 2.6382561660176718
780 0.9994616881619128 0.0020393689779290014 0.006483090088205801 2.6378527666786415
785 0.999594926742865 0.0015275373332515052 0.003581953553067674 2.63784874425143
790 0.9987813740062479 0.004753011681734254 0.0010649861493079449 2.637770762054057
795 0.9997088530315679 0.001055056300938606 0.0017240636905226925 2.638030950205598
800 0.9997318736009784 0.000977825138429811 0.0025622221953962576 2.638067478752434
805 0.9986092240389953 0.005345749986732429 0.004200489310038469 2.637779466800365
810 0.9995732775434809 0.001506431418780263 0.004632467502378335 2.6376699099000187
815 0.9992781324836331 0.002768888260673563 0.004728112364646542 2.6378425137285886
820 0.9992864836010387 0.0027502674343184985 0.0015649244304032361 2.6380408021939354
825 0.9995042699789072 0.0019097992193373159 0.0007027807838839717 2.6381851231781424
830 0.9995788317405127 0.0015263289217668508 0.0009787144759672017 2.6379184937050257
835 0.999526363078666 0.0018516456194141995 0.0025063653920194273 2.638188102614135
840 0.9992918113530234 0.002780171574347179 0.002856878606004143 2.6379480278192076
845 0.999723486299652 0.0010257528933799165 0.001333483580581829 2.6380692571123365
850 0.999850205947269 0.0004952911242472879 0.003705218734014748 2.6383517341480864
855 0.99944250597335 0.0020383872944798043 0.0016544649148757529 2.6377992339839507
860 0.9990433549526365 0.0036614501851506276 0.0004331141943796357 2.6377893204891167
865 0.999742545137145 0.0009090192879690484 0.00037822211980720333 2.6381877214374168
870 0.9983152605134586 0.006683777402139324 0.0033002860221964525 2.638061883564143
875 0.9997413270275992 0.0009448393709319269 8.47539105472972e-05 2.6379509189165855
880 0.9997634427166119 0.0008361243946346519 0.0014648948822524321 2.6381131330543615
885 0.9993144342987759 0.002569807663404422 0.0015420494467053292 2.6381586605839686
890 0.9998033988467329 0.0006810000805028693 0.0006139882777083105 2.638138254752871
895 0.9996143290979241 0.001444871819108684 0.00498675351021749 2.6377837111880313
900 0.9997813997437988 0.0007744527142281576 0.0004905382120032886 2.6380874707686597
905 0.9996703061522335 0.0012344434831490503 0.0002156418943644045 2.637760083365836
910 0.9993987980978434 0.002064171767988565 0.0032891550647675682 2.638331281817817
915 0.9996861667861823 0.0011305552494929039 0.005708851706242912 2.6382206005458686
920 0.99973695029052 0.0009441701151575721 0.0016936052702132276 2.6378679900198985
925 0.9994591816842199 0.001984325169726908 0.0036367796257537055 2.6379199016126442
930 0.9997217165109255 0.001032677694520423 0.0026485781248664075 2.638179538353504
935 0.9988892162720404 0.0039153194055141505 0.0009240588245376102 2.6378596361972706
940 0.999335468713706 0.0025195524672385616 0.0032346717815381343 2.637963481144386
945 0.9989059117664155 0.0042074125258415584 0.008275818312433625 2.637723700701084
950 0.999332406346502 0.002617998127021348 0.000455332458115576 2.637856254598936
955 0.9996727758342849 0.001241953294343734 0.0019043369552409484 2.63816950930102
960 0.9991876315030115 0.003142501676984377 0.00035068304086549595 2.638067387187665
965 0.9996587404687953 0.0012522577816533875 0.0022145965485196317 2.637649600687069
970 0.9996858159692927 0.0011395082063248019 0.001740824500604532 2.637799142920771
975 0.9993697328888307 0.0023909911627524316 0.00199259611154301 2.63751922046265
980 0.9995416807551886 0.0017352561092773833 0.00037333937966965713 2.6382313580463927
985 0.999032597757197 0.003700562518349493 0.004425983385888621 2.6378300876223615
990 0.9996239226711973 0.0014120995306834416 0.0021840587273025402 2.6381331923044735
995 0.9994890076798851 0.0018951894017664728 0.0021511548360739763 2.6378902789381327
1000 0.999816076775569 0.0006700867024571622 1.8541031707064448e-05 2.6381612333461617
