0 0 0 0.3823822767417715 0
5 0 0 0.012129257323783005 15.783084880539095
10 0 0 0.020451377959554318 15.631633762409773
15 0 0 0.01889573539191769 15.567384679553314
20 0 0 0.020628615441533604 15.525271668879702
25 0 0 0.019005876705712188 15.484178525162752
30 0 0 0.023340175198550472 15.469651864746004
35 0 0 0.022733539948134318 15.447315241322622
40 0 0 0.027528163057675137 15.431094703876592
45 0 0 0.021134392047568618 15.414478427313158
50 0 0 0.018945265043310622 15.69424517979306
55 0 0 0.023883018288150648 15.659874630282708
60 0 0 0.019085011768918747 15.633548430824078
65 0 0 0.016185767384547134 15.624959255633783
70 0 0 0.019427970426186603 15.605907474480055
75 0 0 0.02179702874894862 15.607824825914545
80 0 0 0.02339102608640764 15.59844487006253
85 0 0 0.020708488026094152 15.581945781232744
90 0 0 0.017189485555428874 15.583566953537625
95 0 0 0.01765494808459489 15.58667576630296
100 0 0 0.021878055231312477 15.569020932631553
105 0 0 0.019126638111453875 15.58197980789388
110 0 0 0.016184515894871465 15.575480896402953
115 0 0 0.018884157290714132 15.57413563012193
120 0 0 0.022468621207007988 15.570742665466227
125 0 0 0.01661792552382524 15.564768783118977
130 0 0 0.02260887823301716 15.572277188539521
135 0 0 0.023161178326288168 15.565678022082777
140 0 0 0.02239341504801229 15.567739077706431
145 0 0 0.019653905712391673 15.564592496599776
150 0 0 0.018858180385456613 15.567236656906784
155 0 0 0.018804292929499145 15.559264523922046
160 0 0 0.023822199688887435 15.563445954595593
165 0 0 0.023899041070499782 15.560213245056115
170 0 0 0.023201386084995113 15.553374927333003
175 0 0 0.022904289982774495 15.557605605247876
180 0 0 0.022770544610333676 15.557258716509718
185 0 0 0.02482038203590986 15.552488157689716
190 0 0 0.020268571432461968 15.555437735303407
195 0 0 0.026321774403601284 15.55469536752515
200 0 0 0.02286689515318141 15.548458000696616
205 0 0 0.021602158944635796 15.55159409147848
210 0 0 0.023525046163369145 15.552330733278692
215 0 0 0.024114797435028867 15.550918050151424
220 0 0 0.024675114416833566 15.54853944258706
225 0 0 0.01671352471547971 15.551888337515583
230 0 0 0.022163151966346994 15.548918071008968
235 0 0 0.017602399740196617 15.54895615172676
240 0 0 0.02692660130458635 15.546229110179205
245 0 0 0.023322307209757698 15.547952430754048
250 0 0 0.01758690135543972 15.54677161553435
255 0 0 0.02282399505416377 15.545856142464872
260 0 0 0.02440516305550955 15.541688172556821
265 0 0 0.01814223243563262 15.542469841494448
270 0 0 0.022552182917995323 15.542956170403613
275 0 0 0.020083091086205984 15.541705320661888
280 0 0 0.019009852740619282 15.540796610813334
285 0 0 0.022330589121257738 15.537895869105656
290 0 0 0.021265015547833555 15.540965232657342
295 0 0 0.02262994605237778 15.538339804064869
300 0 0 0.02183393924773802 15.540188232579098
305 0 0 0.020147667201434905 15.539801027631961
310 0 0 0.022735577892227576 15.536009629575062
315 0 0 0.021342215721841695 15.5368836548211
320 0 0 0.023062962008527643 15.534907767254106
325 0 0 0.02139785971269048 15.53436498909557
330 0 0 0.02470714336272284 15.53762701749579
335 0 0 0.018250100538320435 15.535332155640063
340 0 0 0.017119045829679935 15.532893658356763
345 0 0 0.022234242209979493 15.533542515212005
350 0 0 0.022697506335878304 15.53163333198023
355 0 0 0.014800406892326645 15.531480363393918
360 0 0 0.022984776693340425 15.526627283231937
365 0 0 0.022693751040137933 15.52578307511073
370 0 0 0.01848376464214585 15.527395670761976
375 0 0 0.020678382715328736 15.523496700347145
380 0 0 0.022511206006037954 15.515553931658737
385 0 0 0.022253216656942465 15.51781654490824
390 0 0 0.0251104438634 15.511278389427435
395 0 0 0.022071498526606836 15.505970548946264
400 0 0 0.02400386909891905 15.507476007158198
405 0 0 0.02249334083054455 15.48415134624083
410 0 0 0.02162462050652625 15.479342630046803
415 0 0 0.02426946306172839 15.480010933247621
420 0 0 0.02707501859105843 15.46225417291957
425 0 0 0.02139709208143481 15.467278149493788
430 0 0 0.027466602729303125 15.448617827964886
435 0 0 0.017787303050585512 15.443303978931615
440 0 0 0.017215278804605827 15.44031524540449
445 0 0 0.019216889792873948 15.436604830370177
450 0 0 0.025659132317658484 15.42650945610007
455 0 0 0.01973606321423338 15.409262000118083
460 0 0 0.025211454168699854 15.417249227877448
465 0 0 0.026129038313136954 15.408619088518599
470 0 0 0.026495161681034274 15.398896370617075
475 0 0 0.024803212594807222 15.390498308288068
480 0 0 0.024646155266566216 15.380531213590734
485 0 0 0.020898717758833785 15.380894349898744
490 0 0 0.027086179955866818 15.372413173704455
495 0 0 0.025368975584040943 15.36548507346429
500 0 0 0.024308157230326755 15.35420303011302
505 0 0 0.026228767427662003 15.355197854831163
510 0 0 0.02635902616698882 15.35378672799077
515 0 0 0.027475598377085575 15.345626726487696
520 0 0 0.025476195026164827 15.335038499276655
525 0 0 0.02756060236725011 15.335017323671288
530 0 0 0.02626302019028892 15.33520737865414
535 0 0 0.02574378070387162 15.327317651044845
540 0 0 0.027013313078871226 15.32866212831208
545 0 0 0.03022633430954813 15.32432342746359
550 0 0 0.0251982337321055 15.3265757988336
555 0 0 0.029893463768455142 15.318240129921373
560 0 0 0.025227700481006865 15.318304158924732
565 0 0 0.02885453492488721 15.322497449726775
570 0 0 0.029024519358999745 15.317097136024527
575 0 0 0.02738801333088814 15.317059912868915
580 0 0 0.027052401798131953 15.317428126578358
585 0 0 0.0273443724502882 15.315928253080733
590 0 0 0.02907891737994528 15.312192590713169
595 0 0 0.026770198772134046 15.313406383071426
600 0 0 0.02242531070876974 15.310362248848644
605 0 0 0.021600072501492873 15.309149861855124
610 0 0 0.029585338527058358 15.313032693411726
615 0 0 0.024702431311496964 15.310848848494224
620 0 0 0.028770727968215226 15.309833317082996
625 0 0 0.02958285299536323 15.306398977381216
630 0 0 0.02843431867276891 15.307897466840926
635 0 0 0.027278672054929398 15.309848819333656
640 0 0 0.028482535042136714 15.307563795792777
645 0 0 0.02796698174637724 15.3087956870395
650 0 0 0.029921130332831503 15.304770597650236
655 0 0 0.027937804968939384 15.305846690804643
660 0 0 0.02663257988350698 15.304582680214775
665 0 0 0.029477831367635154 15.307121260999438
670 0 0 0.02889529274195546 15.3049988625941
675 0 0 0.02756482146208361 15.302671567578336
680 0 0 0.027529309698443694 15.302814009874101
685 0 0 0.028939631446579073 15.305440359466964
690 0 0 0.029951788114848332 15.30014041042731
695 0 0 0.027555364919274794 15.30291322067177
700 0 0 0.028562350452085328 15.303717433512443
705 0 0 0.027816640669766635 15.301575464281596
710 0 0 0.029474319679217542 15.297395887188058
715 0 0 0.027752207754238256 15.3027500084457
720 0 0 0.029759343432042673 15.302364938275453
725 0 0 0.028982198611638532 15.299802893837013
730 0 0 0.029118482062763906 15.298457185414561
735 0 0 0.02744613291852316 15.29987756514588
740 0 0 0.02882021753831765 15.303177835757895
745 0 0 0.027639138638511085 15.299896038390608
750 0 0 0.028510903383322406 15.299463947150645
755 0 0 0.026800156654411822 15.30030954951296
760 0 0 0.02747743530946134 15.299810287296923
765 0 0 0.02811683434387091 15.298987273701448
770 0 0 0.02899691960226969 15.297777285454815
775 0 0 0.027879054279431603 15.298850590459988
780 0 0 0.030089029883859197 15.298804867316953
785 0 0 0.029979227357501914 15.297557631060954
790 0 0 0.027179506357975614 15.299901507580703
795 0 0 0.028611709924869055 15.297656311044548
800 0 0 0.029664325505279532 15.297865383850526
805 0 0 0.0289477641222482 15.297772833697099
810 0 0 0.028914057401857596 15.297461506820637
815 0 0 0.028873928059904408 15.296913079404398
820 0 0 0.02900481294550228 15.296488031936178
825 0 0 0.029995487861767645 15.29713186503425
830 0 0 0.02873632223512579 15.296682772697613
835 0 0 0.029081568194388785 15.296689197178278
840 0 0 0.029291867252667858 15.29865647953528
845 0 0 0.028958561744763633 15.296614244860416
850 0 0 0.028381821967785603 15.295839970117006
855 0 0 0.030177706368536672 15.296834794164237
860 0 0 0.028505654967187155 15.297285577240451
865 0 0 0.028198246300202845 15.29572875651291
870 0 0 0.028061050613685135 15.294646637652304
875 0 0 0.02938488308442566 15.296257215283724
880 0 0 0.029034577449902788 15.29505804623219
885 0 0 0.029693963679032542 15.295456996656995
890 0 0 0.02865656084577095 15.295768115174264
895 0 0 0.02996861238710058 15.295309126567963
900 0 0 0.02651646204396152 15.295919362934965
905 0 0 0.027217537803186698 15.295065337439247
910 0 0 0.02876851101500666 15.298116228199511
915 0 0 0.029303716127991652 15.29485715179789
920 0 0 0.0281234848874512 15.294565789852406
925 0 0 0.028605976900711205 15.294450218288153
930 0 0 0.030387753434379494 15.293583247826056
935 0 0 0.028379715497835578 15.295489323289727
940 0 0 0.030005450142803536 15.296346191025691
945 0 0 0.030799888286972665 15.295713566899048
950 0 0 0.026913258783663796 15.294837377792465
955 0 0 0.02659623096968522 15.296793667836111
960 0 0 0.02759631156831155 15.29405004781329
965 0 0 0.027292804291870087 15.295038010881107
970 0 0 0.02919324100723797 15.294126582530549
975 0 0 0.028536305239684978 15.29413989380007
980 0 0 0.02882259630801376 15.294943084884892
985 0 0 0.03062104682211353 15.296043656373392
990 0 0 0.02891370024996487 15.291758150289633
995 0 0 0.02752861244620841 15.296506036972216
1000 0 0 0.029286665361499375 15.293624657655966
