0 0 0 0.34714254581206927 0
5 0 0 0.01314945319526073 15.815377733595799
10 0 0 0.023013995501296236 15.662609854236326
15 0 0 0.019754434025275103 15.585702451298289
20 0 0 0.028894564148824076 15.539718897693255
25 0 0 0.015293318309059112 15.497421740870628
30 0 0 0.02252763315077666 15.460115069848973
35 0 0 0.0236061526650726 15.453278722410719
40 0 0 0.025716981079439094 15.443363813433164
45 0 0 0.02584137851350099 15.421001286360266
50 0 0 0.020281095406187388 15.705575474010566
55 0 0 0.01600993021665542 15.662406733917814
60 0 0 0.021603837605182363 15.64085733947367
65 0 0 0.016870371871688494 15.625150775159169
70 0 0 0.01638554684210547 15.60815740746756
75 0 0 0.021256186914940356 15.591870112143948
80 0 0 0.021011966662220605 15.589050653810096
85 0 0 0.025207841842128653 15.587082134333057
90 0 0 0.019171594019261606 15.573382826832033
95 0 0 0.021885573399654357 15.574504818240616
100 0 0 0.01790166301539653 15.564139204331662
105 0 0 0.021899083266007313 15.575086360436755
110 0 0 0.02232408389834717 15.561159030673352
115 0 0 0.019440878416044916 15.564986903977553
120 0 0 0.021586747066822065 15.55652317023961
125 0 0 0.019604519723861458 15.553753287645502
130 0 0 0.02244248007592997 15.557151937922477
135 0 0 0.01862876168419847 15.554938521004988
140 0 0 0.02015729621993212 15.551677053440404
145 0 0 0.022127599888952076 15.55876571117487
150 0 0 0.018588409040404708 15.550442677643574
155 0 0 0.019737078487591653 15.548916272636152
160 0 0 0.021536191029097873 15.548687351344851
165 0 0 0.022523233509947893 15.548435787441404
170 0 0 0.021724626573143446 15.548066755434697
175 0 0 0.019365560502226042 15.548029508727675
180 0 0 0.02477506284264397 15.544853324090322
185 0 0 0.02368631243233632 15.541149733095768
190 0 0 0.02076609282750841 15.540800964767362
195 0 0 0.019416552610677984 15.541272268336925
200 0 0 0.02183965301845503 15.539486222466994
205 0 0 0.020890805440503257 15.536211159246891
210 0 0 0.018796425322465504 15.54047052991667
215 0 0 0.023424072979715493 15.537798813647496
220 0 0 0.021684660248946663 15.533222838350888
225 0 0 0.02275607997038609 15.538098208147005
230 0 0 0.019910742200394127 15.536618525071301
235 0 0 0.023075153316965302 15.532684362225645
240 0 0 0.020149767347442227 15.527240357179549
245 0 0 0.021834988698758995 15.52766364660194
250 0 0 0.0211440439378785 15.527291942663748
255 0 0 0.020516725872245845 15.525500020170528
260 0 0 0.022889386896324915 15.52387083886469
265 0 0 0.018577117939495125 15.522659494340028
270 0 0 0.019008125809208076 15.525251755343044
275 0 0 0.025003191044999262 15.519527272761236
280 0 0 0.018673803073501638 15.513234883263186
285 0 0 0.019081504925621218 15.512407940031142
290 0 0 0.019456362572793928 15.513931498213646
295 0 0 0.025964558166193363 15.50900736704498
300 0 0 0.023208459760261535 15.512375081294941
305 0 0 0.019015581054738995 15.505256063702719
310 0 0 0.01907515974882923 15.50068856011562
315 0 0 0.021777336851783735 15.496922690660858
320 0 0 0.01999976285670324 15.491782972683025
325 0 0 0.015823076748763487 15.480588262402984
330 0 0 0.023978379095544344 15.481049822318742
335 0 0 0.02087371318994702 15.466665181578808
340 0 0 0.02400149480856939 15.460375542396019
345 0 0 0.024646678222409735 15.450641033081912
350 0 0 0.01689291551584593 15.450234417189504
355 0 0 0.026871734219487964 15.443883778496568
360 0 0 0.02064465532186799 15.438567504406773
365 0 0 0.025845577710046586 15.437819201880933
370 0 0 0.022111975021254837 15.428004983379182
375 0 0 0.021877106136472868 15.426241205213802
380 0 0 0.02245802884021386 15.422663334368304
385 0 0 0.020927343737392246 15.417151794860525
390 0 0 0.024862158362761955 15.412413317947374
395 0 0 0.027876418973749262 15.41053388087888
400 0 0 0.025026511540493068 15.41124241029804
405 0 0 0.024612908755921703 15.39636736157989
410 0 0 0.025397154225423657 15.38887560233902
415 0 0 0.025216594576124907 15.384733616002777
420 0 0 0.024382405136916585 15.380931984278408
425 0 0 0.023140302415374014 15.372038075270796
430 0 0 0.018842720862339624 15.368191978326973
435 0 0 0.026574547383177105 15.364865130341178
440 0 0 0.026501179071487746 15.365533954613582
445 0 0 0.025212471147291415 15.360631483779468
450 0 0 0.027654914248461004 15.353267813135522
455 0 0 0.021683263318624357 15.353938702917395
460 0 0 0.026860538311817228 15.351760861903628
465 0 0 0.02583065828497788 15.351070870706256
470 0 0 0.025166799993894262 15.349188515279023
475 0 0 0.022648249661135322 15.338604938977449
480 0 0 0.029174234816524036 15.347281154217763
485 0 0 0.02518695201469101 15.336497146378278
490 0 0 0.0272661221452275 15.341218821556147
495 0 0 0.023663352266949822 15.337235924314596
500 0 0 0.027041873684979345 15.333974623307169
505 0 0 0.029821589650953273 15.341929659220062
510 0 0 0.023539606440093452 15.33058832033577
515 0 0 0.028993485579940304 15.330600739736134
520 0 0 0.027435294000669908 15.333995669161496
525 0 0 0.02673678033202176 15.331928519041561
530 0 0 0.03093885911384575 15.324957764308936
535 0 0 0.026093685416412438 15.32618221750332
540 0 0 0.028073905938951427 15.327039527571344
545 0 0 0.02903118231169799 15.322025622689182
550 0 0 0.027758966651203032 15.328645538645494
555 0 0 0.028127726559404875 15.325669790705629
560 0 0 0.024236744782317077 15.320984640485344
565 0 0 0.02811424602476076 15.317886828406808
570 0 0 0.02550774080641438 15.316417254241427
575 0 0 0.027264532260713237 15.313427980249955
580 0 0 0.028656283439506325 15.31681552897445
585 0 0 0.026684095810945774 15.31625230266009
590 0 0 0.025593242943689587 15.317690765553134
595 0 0 0.029513532000262188 15.31423024134575
600 0 0 0.0315103026256871 15.31072652754294
605 0 0 0.029401294034809178 15.315031906383823
610 0 0 0.027777388921939927 15.311680717809507
615 0 0 0.025428047428985856 15.312210150888761
620 0 0 0.028987017170286622 15.317541692176887
625 0 0 0.029664928754072895 15.309073557481032
630 0 0 0.028432821201334724 15.307879967486192
635 0 0 0.02882419320518026 15.314213923284369
640 0 0 0.024915435960223498 15.309457665056797
645 0 0 0.027005627014990763 15.306740323248205
650 0 0 0.02886649018273446 15.3039136496757
655 0 0 0.028846632917464365 15.307518765201428
660 0 0 0.029289517905087603 15.304306461408522
665 0 0 0.026029736097516798 15.306570394354289
670 0 0 0.028510402975545857 15.308717514553411
675 0 0 0.025645239394759933 15.303717354030853
680 0 0 0.02758606750963999 15.30476915587853
685 0 0 0.027337140997542253 15.303454184215166
690 0 0 0.029007411038308062 15.303248413809099
695 0 0 0.02841592885240174 15.305325267222715
700 0 0 0.02813738579369507 15.304351597242363
705 0 0 0.028357423648553315 15.303091680729299
710 0 0 0.028664119096846408 15.302517690405173
715 0 0 0.029916123379300164 15.304207434719913
720 0 0 0.028343910697149255 15.30080691535199
725 0 0 0.02924029385097393 15.30242935685759
730 0 0 0.02733120326931182 15.2999852620247
735 0 0 0.0295728241802371 15.303850155848577
740 0 0 0.028979238383475048 15.298632961340129
745 0 0 0.02717430386070241 15.30227553172418
750 0 0 0.02861920017295816 15.300342540356066
755 0 0 0.02916581468230728 15.299744507417278
760 0 0 0.028616237588350746 15.301048322220963
765 0 0 0.027430085817537808 15.301913953257488
770 0 0 0.028705945317952786 15.29997169966783
775 0 0 0.027993003619884993 15.298394854107423
780 0 0 0.027713760483134786 15.298436698346238
785 0 0 0.02907007584588195 15.297009654932081
790 0 0 0.02797168364854219 15.298498068847309
795 0 0 0.02717474117560048 15.297591143163375
800 0 0 0.029290139192710507 15.300077786232134
805 0 0 0.028680715019204106 15.29891100308949
810 0 0 0.02614964288675492 15.297122046595172
815 0 0 0.026876445627527 15.296393514966036
820 0 0 0.02684491168236125 15.298549191573047
825 0 0 0.02824548878358102 15.299257685722571
830 0 0 0.030232315187100012 15.29550891306744
835 0 0 0.028065034493417906 15.29439572806602
840 0 0 0.02648410235671661 15.295916728396806
845 0 0 0.024067827299873334 15.296815070058537
850 0 0 0.02893184640186397 15.296864396380279
855 0 0 0.030328104973196712 15.294331504604955
860 0 0 0.02823991284179206 15.296132910868858
865 0 0 0.02748551152530543 15.294771742939034
870 0 0 0.029054777328252568 15.296747415972458
875 0 0 0.02721404486268919 15.297007549062275
880 0 0 0.029480090838233552 15.29553809226908
885 0 0 0.029111043123223546 15.294991721327243
890 0 0 0.02871088045461967 15.293767657329468
895 0 0 0.027604644698868253 15.296260621202064
900 0 0 0.0291944951715859 15.29614620736897
905 0 0 0.027968543479007346 15.299950994933232
910 0 0 0.02779439097109382 15.294019677571736
915 0 0 0.02721610527205809 15.295225792754502
920 0 0 0.027573886773461176 15.295096797117637
925 0 0 0.021075525128008366 15.294275901500994
930 0 0 0.028431569101784904 15.293293526363097
935 0 0 0.029232588743543397 15.29556676115634
940 0 0 0.0273532323312351 15.293651872380115
945 0 0 0.026512187602006687 15.294219856312525
950 0 0 0.028815155630590228 15.294288784572531
955 0 0 0.028356776837643816 15.294058302837868
960 0 0 0.030050025634930755 15.294677596510006
965 0 0 0.028218494317245657 15.29534484019313
970 0 0 0.02757785730369089 15.293126151984177
975 0 0 0.02837947702565402 15.292578556442606
980 0 0 0.028757149524393233 15.293205746908933
985 0 0 0.0289464639377659 15.294054910665979
990 0 0 0.028807040890574953 15.2943931361478
995 0 0 0.029246427152448407 15.296144736461452
1000 0 0 0.02906221297521694 15.292395772848442
