0 0.49490347796548334 1.5464721031598079 0.36494003872111236 0
5 0.7487837700532805 0.6408409975320883 0.13925524696419656 3.3164502827418585
10 0.9391058034300144 0.13678960485822733 0.01289867756147145 2.781509268277585
15 0.9476673898138805 0.12231977005012462 0.026903022350624584 2.760962068356326
20 0.9495548647556047 0.11930030426174687 0.05089551154069949 2.75700293258597
25 0.9508033793021129 0.11571797268564721 0.03837745676678184 2.754197582201422
30 0.9511775036877008 0.1151164325757672 0.01670787135933849 2.751638965975875
35 0.9519501441851859 0.11260692266644678 0.04166851219242873 2.750000897051741
40 0.9507502369363354 0.11591965321269981 0.05421512003228712 2.7483656614323295
45 0.9531806911401615 0.10928705134016337 0.01300300917851005 2.747792735288624
50 0.9532191237658019 0.10888306692673488 0.03297906463635347 2.7468484675134586
55 0.9531583180105047 0.10920627461865218 0.03627988396341997 2.7460165952810467
60 0.9538772759396358 0.10746849559370153 0.015004526418632258 2.745287984736771
65 0.9539214886843983 0.10746239065108343 0.025697874014642297 2.7448191599605822
70 0.9545124678750365 0.10630622672321577 0.02534903367454011 2.7444861400108556
75 0.9547451562087704 0.10556001484992317 0.028294371082719483 2.743899628383285
80 0.9546610036928328 0.10598141604614542 0.002387768554513947 2.7434701319162347
85 0.9550932044205763 0.1045591377454067 0.03560481765512069 2.743156095543365
90 0.9548079069450044 0.10495682079796298 0.015430289027829058 2.7423508170157094
95 0.9551263569173243 0.10427336085942507 0.03119215927368546 2.742112506948299
100 0.9491519698152732 0.11010265889617044 0.0037357989837625283 2.6505171531945626
105 0.9385880401374771 0.12794667907188373 0.005592764140382345 2.6387319457223675
110 0.9370369413763961 0.13116635018396172 0.008557551581016787 2.6387794138375202
115 0.932557880973166 0.1411124981940639 0.007593579549239449 2.6382227373335643
120 0.9346498076076035 0.13602452346696525 0.0025989129690342505 2.638450032078889
125 0.936253608611222 0.1323847979524948 0.00046069630762168856 2.637965937755086
130 0.9361626164444791 0.13250200667467338 0.004666500816891572 2.638207763161818
135 0.9358306381143722 0.13317841794303353 0.0025782436410535237 2.63790015678805
140 0.9356479216556437 0.13454592333642923 0.0032824611070747522 2.638135463986396
145 0.935645083510203 0.13356088270102573 0.0020809858083465915 2.638226590246143
150 0.9362336864820759 0.13240717735872565 0.0023451309454769476 2.6378979799880087
155 0.9356226866578623 0.13437804773090534 0.002790206120487637 2.6373846774118306
160 0.9345776088702078 0.1359604718987506 0.0028333430658298298 2.6379308598365894
165 0.93547830206542 0.13445072307381123 0.0020142621647156744 2.6380863812702176
170 0.9357976252910779 0.13324248734049116 0.0037991818086151596 2.638029030446727
175 0.9354655814694706 0.1338868297182274 0.00042789570415213696 2.6376684052394417
180 0.9357774013590785 0.1333240519581076 0.0036297230450446083 2.6380758359190737
185 0.9356462525483173 0.13361195815833726 0.0006542672921658887 2.6377160642288042
190 0.9351704418885474 0.13449732133652859 0.002855272686944632 2.6376283580647275
195 0.9336622594605133 0.13810990757991215 0.004084606058978313 2.6375913402185516
200 0.9356568415576962 0.13364073446298264 0.0006248132335056056 2.637917641371663
205 0.934438140951239 0.13613946162216806 0.00027346631296643054 2.637790627139598
210 0.9354657901711406 0.1342828045072486 0.0007328760727483008 2.6376729933377443
215 0.9352150544258342 0.1344159146398618 0.0041893454564034815 2.637934303794807
220 0.9351257915790276 0.1346093463357665 0.001621252410747509 2.63771777634588
225 0.9344653182828491 0.1360281957702112 0.004651357517910126 2.6377594471848074
230 0.9348993862179098 0.13507640531244647 0.0011313673720436679 2.6378918896706574
235 0.9355186441936412 0.13430399981716112 0.0013747811413764577 2.6374074718219926
240 0.9340289212537927 0.1384460229264679 0.003238603455401279 2.637727605276099
245 0.9350998137415374 0.13466380951016665 9.911377203919436e-05 2.637783401000389
250 0.9331075399839465 0.13929713920950704 0.0028756328860013447 2.637572778254384
255 0.9347045395553226 0.1355069088283387 0.0037113464725790912 2.6377760773814547
260 0.9351444488970464 0.13455248050632385 0.001181338411542221 2.637854195630207
265 0.9332340642995927 0.1390475227123904 0.0035442339059725825 2.6375394116486133
270 0.9348698196497278 0.13513825806480284 0.001507974149117075 2.637784487762366
275 0.9348658123289271 0.13591536239822943 0.003920493190964214 2.637735126476174
280 0.9330448649380276 0.13945919180465838 0.005678643442440512 2.6377795456318025
285 0.934749624754651 0.13578941683778156 0.0002927238000152155 2.6380208890551096
290 0.935313881398369 0.13424531811309448 0.0014715065701926822 2.637521190294137
295 0.9347539699854706 0.13534367506668854 3.011436873423534e-05 2.6375360837172126
300 0.9350036652561824 0.13501077310887188 0.0019401152520035492 2.637704389782993
305 0.9349842781526007 0.1348650406126235 0.0001506624429739034 2.6376061761578278
310 0.9333860996072263 0.13854815379397634 0.0024018880425034084 2.6376302577628894
315 0.9347702664115729 0.13532206947022196 0.0009143524520713875 2.63761383145085
320 0.9336673193520357 0.1378127686890136 0.00011373694375094168 2.6375692530190684
325 0.9342277104352463 0.13651415753515383 0.00019063649444217567 2.6376766684080373
330 0.9331975967429265 0.13892066345625897 0.002532933629326939 2.637638311289905
335 0.9342363335146129 0.13642542743956376 0.001334684155755994 2.637621172801218
340 0.9339241956217097 0.1372697749873839 0.0018230127081697578 2.6375337093493947
345 0.9347796043716221 0.1355590703551779 0.00037369139880150115 2.63739578094286
350 0.9342536830729794 0.13651436274517348 0.0005382366691586427 2.637673008551516
355 0.9346589654333293 0.13586352459987738 0.0032298892128537204 2.6378089735729002
360 0.934691273637801 0.13559007786909438 0.005190290563617639 2.637709223769319
365 0.9342740405435123 0.13693270580961636 0.0015101068629690406 2.63729875328909
370 0.9333879918685348 0.13843382292732764 0.001338305626569447 2.6371860447459894
375 0.9342919631089968 0.13673941531064582 0.000878023062270028 2.6374921282600847
380 0.9339445168495146 0.13711277101511277 0.0009834531549171022 2.637672394216318
385 0.9347118139916502 0.13544195194986264 6.739073387485028e-05 2.6378529130586883
390 0.932002569891378 0.1418621424073523 0.0026106914735561926 2.6374897070459964
395 0.934392460711766 0.13614323982027043 0.00299562388730501 2.637665528209324
400 0.9343735625860019 0.13618871240031627 0.00030578790059032634 2.6375823968805254
405 0.9337530642147742 0.13764473571701075 0.0009067678157312908 2.6370329707197175
410 0.9347572240176958 0.13537100885855713 0.00438651229775977 2.6372190309762917
415 0.9323897756920205 0.14105883823083243 0.0017751502348961612 2.637309791371
420 0.9343758868177723 0.136228614890455 0.001873679647691695 2.6374419749864364
425 0.9343069165552838 0.1362864323556674 0.0020155203534708566 2.637491295739993
430 0.9343098212714009 0.1363108033230005 0.00023402767840896566 2.637591514074718
435 0.9335714212936109 0.1379908901666549 0.0005020512737841099 2.637263361624452
440 0.9348126254541049 0.13534857506997344 0.0022355997147254225 2.6375235387058016
445 0.9344504816820365 0.1360936021600021 0.0007070883587019239 2.6374830598914376
450 0.934502706037261 0.13590653871481306 0.00018281969116640262 2.6374237680590795
455 0.9346642144007105 0.13561126095536125 0.0031502004555730156 2.637238581114479
460 0.9340857572013435 0.13679037208916478 0.0005097853940778663 2.6374041922040043
465 0.934408917960448 0.13610259490360166 0.0013981424501816608 2.6377694502386992
470 0.9337597923181888 0.13751917992451812 0.0008028974148337475 2.6374905683271135
475 0.9337151756395369 0.1376237640935587 0.0003806881529584416 2.637358169337818
480 0.933101548787401 0.13908915686199386 0.0028909762389857097 2.6375731939939335
485 0.9338596054649575 0.13732061603191692 0.0026431681485632463 2.6373946654135763
490 0.932498484959376 0.14064711606133162 0.002671812717365718 2.637071772994612
495 0.9333955070934041 0.13836676211412913 0.0022843032272594765 2.6372886433901788
500 0.9341127007488292 0.1368273748600406 0.0003194564035622349 2.6373953285837697
505 0.9340553931973201 0.13683565225207994 0.0018498641472277644 2.6373535810078175
510 0.9341014860067443 0.1367435926901477 0.0008281313112115107 2.63752536190976
515 0.9342090304738665 0.1367837058185133 0.00016247428389259966 2.637363883298296
520 0.9338957489303636 0.13722011698837377 0.0008986700466209196 2.637366984010794
525 0.9333545979349313 0.13845953714337567 0.0013941050176871084 2.6374661423168955
530 0.9339943168266571 0.13696904672433474 0.0009050209080376792 2.63753534143763
535 0.9338251005883391 0.13738817041231144 0.0006831058955925062 2.637513055879032
540 0.933523163796548 0.13803905762365964 0.0009032556532595493 2.6372835887957677
545 0.9344195961518009 0.13645686005302382 0.0014037906439146042 2.6372831126979532
550 0.9337719982922494 0.13749899848335145 0.0019233659714423812 2.637190574315755
555 0.9341766914362601 0.13659388763812563 0.002486852647299864 2.6373417447087593
560 0.932686365429239 0.14009884306142517 0.003999466652969019 2.637072993206524
565 0.9341854972229231 0.13687147657109788 0.0034817696807329934 2.637334010070481
570 0.934095918970065 0.1370141679646144 0.000541371540662805 2.637397086086194
575 0.9339923118894984 0.1369779825273456 0.00299437980235151 2.637184748145426
580 0.9340255984734068 0.13690487201962132 0.0035758877868095063 2.6372920766805716
585 0.9338176603086794 0.1378216117862352 0.0015933818133524458 2.6373549867156374
590 0.9338835092133084 0.13720027852384487 0.002177580676243407 2.637265066285626
595 0.9340329034617998 0.13690563442923276 0.0014138148526288141 2.6374035525541446
600 0.9326864861117947 0.14126415869640407 0.0008084355677544508 2.637143610367828
605 0.9341097922808486 0.13685741538667617 0.005781560895618432 2.637172044353172
610 0.9325848966412877 0.14053375458748185 0.003833968553204281 2.637333213597358
615 0.9341955099416166 0.1366316542429673 0.002683779703432032 2.6372394889767197
620 0.9340450878244027 0.13706898633360165 0.0006607781935841217 2.6373736618423687
625 0.9342153005662409 0.1367450698426329 0.0018798049569461739 2.6374123113533368
630 0.9337586194845702 0.13764581506851448 0.0018073881586659901 2.6373146763523123
635 0.9335792799454535 0.13787998654039058 0.0012749511013752102 2.637268621329955
640 0.9337258288774053 0.13826045853717517 0.0016087176952053195 2.6373021811481574
645 0.9338415036050047 0.13731432278850564 0.0015166231093350913 2.637195864056201
650 0.9324906877513672 0.1407251357070427 0.008907270595272854 2.6372229936598184
655 0.9340357466228737 0.13687633560238543 0.0009927797951092554 2.6373156047377346
660 0.9343144621653358 0.13636455312071094 0.003037689598940574 2.6373298792456876
665 0.9342811735053064 0.1365346952031481 0.0014683061080102977 2.6372623163047386
670 0.9331448144064098 0.13942435229406458 0.006121650649571597 2.637204845504055
675 0.9328837909928509 0.13955476130319244 0.0014444878984949394 2.6371431098661726
680 0.9326966881612682 0.14020047868906804 0.0022325372054534665 2.637067806345113
685 0.9341468093306122 0.13682053387600224 0.0005380005753081729 2.6374631300222307
690 0.9340124676183829 0.13713673986770614 0.0013370928433180662 2.6373264471718985
695 0.9340771794429878 0.13680210420505778 0.0013415655351587397 2.6373305369996687
700 0.9340686366925017 0.13682009833985287 0.00041391725105932586 2.637439046113906
705 0.9343933845561407 0.13623168253011997 0.0024772575597900026 2.6373255378722984
710 0.9341401032237744 0.13666653628421388 0.0002029253697652944 2.637374248219861
715 0.9335136419811789 0.13811038337739445 0.002369482679574153 2.6372114198570737
720 0.933569929422321 0.13801239408220978 0.00189916037976956 2.6372363814734596
725 0.9324423511699896 0.14067153883320538 0.0019655173497417078 2.637441710495914
730 0.9335014415142058 0.13806832384381273 0.0019131445667666114 2.6373068209491994
735 0.9339142390445623 0.13770980763848417 0.0010338034224108839 2.6373739603647475
740 0.9318978803801587 0.14202319253740558 0.0017528355642559834 2.637160193089891
745 0.9336952821893922 0.1376942041685667 0.002345968385447428 2.637248424201616
750 0.9331752027907034 0.1388184496788223 0.002214222378112529 2.6371485041364
755 0.9335533815851773 0.13798312462947893 0.0019085212868512613 2.6374379235641796
760 0.9341198659791563 0.13672076222592722 0.0017528100108894495 2.6375095005015186
765 0.9336383967378825 0.1384761293503658 0.0033250412930247997 2.637408872444035
770 0.9335383364955783 0.13796596628169677 0.00028403609551563846 2.637070564090529
775 0.9331492191549462 0.13906179628154236 0.0009043852651831052 2.6373390722766974
780 0.9339965504213517 0.1370643352573353 0.000684450698016148 2.637365789510045
785 0.9341120358568307 0.13701597931165832 0.0005521399649470737 2.6372518864688277
790 0.9341661415063278 0.13674762316505085 0.002521392409850165 2.637407131778512
795 0.9320639211277448 0.14161925100044526 0.0015079495436742807 2.6373337851595444
800 0.9339413246233594 0.1372235024074051 0.0038762811585388857 2.6370368226694847
805 0.933828180011788 0.1373261543822637 0.003369292080795283 2.637399124087338
810 0.9337400122871642 0.13752159795611574 0.005229942221173234 2.637213289112901
815 0.9331064216674586 0.13979368492582056 0.001778035981206072 2.6371757634406863
820 0.9333740684479257 0.13841377802104127 0.0004322462273427252 2.6372243167555784
825 0.9328032913371846 0.1397559747435273 0.0019833783603928623 2.637313569292565
830 0.9340873337665855 0.13686441740491517 0.00030105456797535624 2.6372327263809088
835 0.9338128385014426 0.13747123289023877 1.884223334691626e-06 2.6372889314750387
840 0.9333073022321308 0.13862351744283696 0.001942841050935007 2.6372556415444137
845 0.933073265696281 0.13914022900842804 0.000223507238700682 2.637416156107721
850 0.9330834670466072 0.13919903354775265 0.0007845616881800854 2.6372447972580857
855 0.9338568383314934 0.13743465930883447 0.0011727324012098528 2.6375199628664685
860 0.9337275476555074 0.13758899590576634 0.002736973363600237 2.6374974302840424
865 0.9340724193130839 0.1368621318990959 6.742922893931969e-05 2.6370851762539615
870 0.9337706158388823 0.1375856918055156 0.0009921100046585973 2.6372249910067995
875 0.9337062701287991 0.13768029237848323 0.002781448008748466 2.6374840981600256
880 0.9332307554011632 0.13878417540220855 0.0016900355451043847 2.6369950731636713
885 0.9338735919973147 0.1372281849952608 0.0011786258112616022 2.637196901705573
890 0.9324703751029411 0.1414388288848314 0.00048407932356808736 2.637239831127222
895 0.9335801156999313 0.1379626453344298 0.0009329997649472066 2.6371987256481453
900 0.9321979639619451 0.14240387358493756 0.0010933302371316511 2.6372403632673187
905 0.9333221916481058 0.13850165930595137 0.0030418840511017287 2.637432193606833
910 0.9331607265433884 0.13900888776917153 0.0004228929032825679 2.637189123544808
915 0.931713172068537 0.14249651086511506 0.00030296656723405313 2.637163957198669
920 0.9336046144400152 0.13786013628998584 0.0002659955956660909 2.6372808561800754
925 0.9322013286055782 0.1414620623684355 0.0062447281201813976 2.6371218748442598
930 0.9338491754942927 0.13727956169188538 0.0018057141374827612 2.6369238560245685
935 0.9339699033685811 0.1370373062412784 0.001861060825282257 2.636959497290438
940 0.933993173068541 0.13712726218197835 0.0014133725446641154 2.637081488900124
945 0.9332863713227824 0.13869697127054703 0.0015903211750030177 2.637144496557012
950 0.9341147024958051 0.13699119568248408 0.0015648803683923074 2.6370452975450833
955 0.933831334052222 0.13734065451733324 0.003006883246395864 2.6371510440790296
960 0.9337171924661996 0.13760304693765768 0.0026230772404722824 2.6372011290571855
965 0.9340450083324073 0.1372326523537919 0.0036969310911918463 2.637194451711255
970 0.9329098797514889 0.13960182919070308 0.0009816574147174517 2.63682298882149
975 0.9306577565572383 0.14550300129846683 0.00018275770464537544 2.6369184721503185
980 0.9340562439555287 0.13689820900699123 0.0013505002530340704 2.6372752243738846
985 0.9339667558487126 0.13718426677511442 0.001400437209176264 2.6371253327901885
990 0.9316966366587913 0.14271334912053213 0.0002392759312719317 2.6370236615967286
995 0.933509188736253 0.13859166411396817 0.0034955275985939505 2.637138613733344
1000 0.9333704375067366 0.138921421123388 0.0011156828978866606 2.6374672343698347
