0 0.5058841619666004 1.4955062738517326 0.3608001145821701 0
5 0.7480403435034979 0.634966759411463 0.11634749658331156 3.3133972137154313
10 0.9390808125050173 0.1386739476837815 0.05939320358322031 2.780750667057747
15 0.9471059265449334 0.12406999959881704 0.03748079330700116 2.763005148058939
20 0.9493299260945816 0.11910514540685169 0.014464217998090279 2.7576332353181283
25 0.9507690852234337 0.11551153146892501 0.035571498973643756 2.754226897698006
30 0.9517548803033683 0.11276616450481791 0.02090570768633726 2.751356927274249
35 0.9521143000412919 0.11199886608719511 0.03225558146445606 2.7490239139243773
40 0.9526683326329648 0.11049399711736063 0.019408936200720595 2.747731197877453
45 0.9535861397215452 0.10801929635146656 0.028977102130654186 2.7463651622141922
50 0.9541019154260558 0.10703819812564364 0.024292270300210417 2.7454066823796257
55 0.954011705183372 0.10714252643327216 0.001327386740390235 2.744172878555866
60 0.9539637567854757 0.10702875717892057 0.02042038317738859 2.7438723922446746
65 0.9545297153296101 0.10723688335804527 0.04562722533226027 2.743126678385847
70 0.9551458665218566 0.10463740696773405 0.02186313135281126 2.742255996871251
75 0.9556529441395218 0.10271762439292154 0.03699740810491625 2.7416469469784657
80 0.9560014974596449 0.10237673372498124 0.027110663510521826 2.740506348948994
85 0.9558791501998415 0.10361181737202552 0.006927209660277489 2.7396015255209245
90 0.9553573998411431 0.10385563337700887 0.026074282924650083 2.7388736495286836
95 0.9570132481480003 0.09941398074815266 0.029863270412766374 2.7378996290734996
100 0.950765090685423 0.10597514916497053 0.00019389568299099658 2.650039809859266
105 0.9400186811665796 0.12628534156670712 0.0016248200623893982 2.6390009152038867
110 0.9361198997750507 0.13596664887981502 6.854122897315129e-05 2.6385558758958347
115 0.9389361231333271 0.1266377985450342 0.0013445706439474403 2.6387137122037716
120 0.9382778974893665 0.12863906319873442 0.0016644067040629817 2.6381022463299275
125 0.9386755374746316 0.1272467938408095 0.003717850614828988 2.6385080866727435
130 0.9388806092692634 0.1269547915862601 0.0004918916528149353 2.638091199799555
135 0.9359179255513825 0.1351939210437303 0.003145409072672578 2.6379101082974166
140 0.938040384622037 0.12856185026260247 7.010690663245e-05 2.638366030709509
145 0.9380990768494414 0.1283945893003544 0.000984539006924523 2.6378472981737944
150 0.9379898474709818 0.1285163723095768 0.0030776315274632093 2.6378112937804463
155 0.9344464325977142 0.137190639469984 0.008189982031882925 2.6381489753366787
160 0.9376212276299414 0.12925716869461068 0.001178494961278309 2.638040385198841
165 0.9380322867069393 0.12840914637732537 0.00010167363503721383 2.6376684710675717
170 0.9375429923625223 0.12938823359682283 0.00031246681280117095 2.637773521986712
175 0.9371754552200202 0.13015862044012128 0.0005808534068050264 2.6377062913118836
180 0.9358997360414183 0.13334384532367105 0.0014256410030977218 2.6375891914791163
185 0.93728042018587 0.1299220887109387 0.0028397595497287043 2.6378655598092418
190 0.9374990417338663 0.12961368662015316 0.00021440686180951296 2.6378599042102953
195 0.9363002745276128 0.13206976778025803 0.00018797204748222107 2.6375504986374327
200 0.9363756726750728 0.1319639322930497 0.004097508044764497 2.637842141928601
205 0.9348229508561108 0.1360408962216617 0.0006307406781806968 2.6375873663518443
210 0.9366036158636614 0.1314114535450166 0.00019054232756166023 2.637488863047858
215 0.9364770440478034 0.13212852444355416 4.161338271657655e-05 2.637567846022626
220 0.9369173112531682 0.1310731186554177 0.000947836398475177 2.6376416011920427
225 0.9367756923860302 0.13098821905179037 0.0020009443940642857 2.6376475923924243
230 0.9333187698808758 0.1397368787885327 0.0006743328247293956 2.637686613955233
235 0.9372888861350417 0.12999898562596002 0.002558990440468145 2.6376045924851055
240 0.9365264936706795 0.13175386699201797 0.0011324321513022095 2.637394358771151
245 0.9351803335161859 0.13473616121875454 0.0019351520048846993 2.637411078290165
250 0.9367367984465973 0.1310975980189637 0.0030813835454830407 2.6376803377865694
255 0.9363541995578276 0.1319334703908428 0.001436953166243926 2.6377179450574526
260 0.9368974719235414 0.13083507812654682 0.001024712221411539 2.6377367677766044
265 0.936110190379525 0.1328666649000847 0.003414975936991471 2.6375530079986693
270 0.9365636119211262 0.13160474972284586 0.00011569893613772031 2.637264512574818
275 0.9349397338831624 0.13537522887033449 0.0032435550519551715 2.6376618368349214
280 0.9362275651701607 0.13216968628346315 0.00013978146141879755 2.637412099170019
285 0.935022002157255 0.13523459195438337 0.001618012356924492 2.637726591397047
290 0.9366071692945737 0.13138443644976228 0.00013381374466825413 2.637531427898978
295 0.9360627861886336 0.1331077062573427 0.0012157506082768332 2.6373655496695454
300 0.9357020654305606 0.13403642184426312 0.002216934246932256 2.6370950014421664
305 0.9365778214499664 0.13150276175246445 0.0010405948881422322 2.6374359354526336
310 0.9340476295760396 0.13870215734207214 0.0027731706052103178 2.6370128425110146
315 0.9359976498221639 0.13264639329230876 0.0010144615745384389 2.637331869936136
320 0.9361090991610499 0.1324508362843897 0.002026279241658324 2.6375596147999074
325 0.9364868561053596 0.13229687824931924 0.0010498339150124547 2.637230108430735
330 0.9350122173528974 0.13489171615062823 0.001952966452374083 2.6374809262362136
335 0.9323107354109708 0.14186907205553556 0.006359595743759439 2.6373188109974235
340 0.9360645489237229 0.13253555555642027 0.0008705725863078495 2.6372757849725894
345 0.9359872962975351 0.13270205902286847 0.000408605391936101 2.637372663220294
350 0.9361933991818112 0.13250824163524344 0.0005949072205599926 2.637045046827703
355 0.936019094007786 0.1327037621060434 0.001971132514585472 2.6372272538479327
360 0.9354864261532367 0.1338217701713531 0.001059393955061827 2.6373110720298087
365 0.9361041240791101 0.13246000094280763 0.0010909129800091844 2.6374588920947617
370 0.9359814281023338 0.13270072461215854 0.00014544462162358052 2.637445767456973
375 0.9358851113527527 0.13292113403753447 0.0032705581342755696 2.637387945193834
380 0.9358163634064353 0.13303888342786285 0.0020469512644039067 2.63724629216177
385 0.9356334850762127 0.13346245662641953 0.004857393996419157 2.6372259850211646
390 0.9359305307408656 0.1329975954460183 6.529231599539109e-05 2.6371824352629596
395 0.935137989141912 0.13469561821607723 0.001070420115369508 2.6374151475218333
400 0.9353244925261324 0.13420417563198894 0.0005217911781072448 2.637194369257551
405 0.9354254310705081 0.13392646195871816 0.002136546146688012 2.637386169068991
410 0.9360317759293462 0.1326963841083022 0.0001172767498200944 2.6372604808087967
415 0.9357406471474524 0.13323661775198792 0.0007701800170678563 2.6372702145974616
420 0.9358499543439609 0.13305855458327542 0.0007689025667503291 2.637176031123468
425 0.9345781868039992 0.13600436621863343 0.0005263445168874892 2.637403745220718
430 0.9357709163552226 0.1333095171573957 0.0013490841115526564 2.6374132860045165
435 0.9348737782488656 0.1351444081841109 0.0013605247489334449 2.637305024348665
440 0.9348221022095081 0.1353214963675673 0.0025796832555478044 2.6372160830497973
445 0.9354296796813666 0.13387483996489324 0.00019356407749526738 2.637171870155466
450 0.9358528354971625 0.13298333781685434 0.0010595388526577487 2.637135219132744
455 0.9356691546716436 0.13351145705887602 0.0002471087585436127 2.6374811534258935
460 0.9342051825077463 0.13764983288677213 0.0016881518808151696 2.637165761055771
465 0.9347064230368912 0.13571672442568472 0.003616835420449105 2.6371942939642268
470 0.935618447865949 0.1337239678196509 0.0003051633339108406 2.6373519215892425
475 0.9355676058333078 0.13360905667441703 0.005932692780950433 2.637195599858728
480 0.9354721756968771 0.1338318936031393 0.0048459926516060126 2.636813042431673
485 0.935847143830377 0.13303945870264045 0.002668354260176864 2.6372257855097363
490 0.9353901201008173 0.13414689521406942 0.0031707259587856473 2.637245571736689
495 0.935605652418164 0.13355847082476968 0.00035158852046524025 2.637213930548518
500 0.9353734652625534 0.13398350779272006 0.0015067412069207364 2.6372793963796965
505 0.9341073114256144 0.1371221296875338 0.003174190838460378 2.6373600301789817
510 0.935378968225123 0.13422512037333645 0.0010866857587916723 2.6369984814855116
515 0.9344825891455808 0.13687902372582217 0.0005294959467236904 2.637353877172205
520 0.934876032716464 0.13510219809565305 0.0016672539410214071 2.6376391246223507
525 0.934033874546296 0.1373821852308552 0.0008268762680219144 2.63720174585863
530 0.934439914765195 0.13632319061316123 0.002482386527832503 2.637405609948493
535 0.9348847393173703 0.1352650424739319 0.00014487644190497306 2.637376566574074
540 0.9355936016058992 0.13361530738782257 0.0007500823121304734 2.637142348200706
545 0.935415933478829 0.13415500991778773 0.001584734378673014 2.637205329537012
550 0.9346315424953731 0.13626722681251824 0.0010564214822259554 2.63702633480234
555 0.9348063331730322 0.1357390347758427 0.0012898219527401888 2.6372775475149064
560 0.9356089523836089 0.13370184037725474 0.002360151970385971 2.637174292900753
565 0.9355750738526002 0.13387128878338617 0.0008665897053263816 2.6372360009009572
570 0.9335775740332923 0.13832562297904571 0.0032836030935883276 2.637314651775168
575 0.9343673270301027 0.13640280575953545 0.0007880754105824561 2.637160094611133
580 0.9351491905914957 0.13471821255329397 0.0005685302158555672 2.637098086383542
585 0.9354791879441464 0.13383954973073608 0.00044796477517095035 2.6372824533427734
590 0.9355238649584579 0.13370341896775795 0.004622455351607657 2.6372311787478946
595 0.9351793245743814 0.1344417921536749 0.0028981425194589683 2.6372662385927974
600 0.9355400692704341 0.13365585403096913 0.0005673303191973122 2.6369061308595447
605 0.9342761375311409 0.13661055699358116 0.00021140042418044125 2.636833669156904
610 0.935069997695922 0.13466972789083087 0.0025994180998829552 2.6366218034455695
615 0.9356292691510056 0.1334806334986296 0.00021414919048456937 2.637180155944335
620 0.9346548922518365 0.13608157922934705 0.0015701593601948893 2.6373545543674424
625 0.9350387585351383 0.13470997145558572 0.0024684872640499123 2.6370851551784376
630 0.9355695089124949 0.13359399049416565 0.002254443797220951 2.6371326661358343
635 0.9355592967121087 0.13361485900444414 0.004468570324712262 2.637224095146579
640 0.9347290490679068 0.13549036280121252 0.0007847931728770519 2.6369219592093436
645 0.9354020435986103 0.13394568870206047 0.00019296801762003213 2.6371766829770054
650 0.9352671110768038 0.1342387714322224 0.0017118102237592137 2.6372110515301674
655 0.9344181430099288 0.13632611759701918 0.0006163689832603403 2.6372544008963206
660 0.9354646910990068 0.13390185095998675 0.001828882288421374 2.6371184669587335
665 0.9348525327603405 0.1351425399278816 0.002198432290583474 2.637054848041765
670 0.9353577726801734 0.13416669979932916 0.0016706494189902 2.6373490083827624
675 0.9337442670394822 0.1380029987974596 0.0025574475213259174 2.637349455580474
680 0.9351425340489721 0.13459473572237934 0.0006918109150573226 2.6372173330452244
685 0.9351005017993416 0.13484091224604233 0.0016685254533859162 2.637031344236752
690 0.935314637120878 0.13418998707896668 0.0033133207632343176 2.6370479376338327
695 0.9355960375453167 0.1335586479245885 0.003345105152439354 2.636937213081044
700 0.9353387424899886 0.13409868124271895 0.0015317862956572004 2.6371824714602052
705 0.9346462832097718 0.13572201320877664 0.0012204529426464994 2.637278844279745
710 0.9345563705792961 0.1365935408902268 0.000741120291899211 2.6371891721251575
715 0.9351164879054562 0.13463429084167222 0.0028456834623542537 2.6370294021756138
720 0.9352271322986204 0.13431914533963019 0.0004909608878145288 2.6371159194420066
725 0.9345953839802186 0.1358708908684747 0.0008879388005651467 2.6369343345610297
730 0.9352427753189185 0.13429816009508633 0.0011200521209169256 2.6373140204388634
735 0.9353697830207968 0.1340260847521737 0.003236781018891799 2.637194097142696
740 0.9337160459277323 0.13815447374547363 0.0014967459478243406 2.637030788885355
745 0.9355879677852292 0.13356570193763107 0.004100083953482825 2.636947013548211
750 0.9354165770140406 0.13395742377902264 0.0006425729971841765 2.637033378110737
755 0.9353654952057497 0.13403714083788154 0.0010243657748205681 2.636949419329349
760 0.9355060011050988 0.13380091293947727 0.002218015533539619 2.6372971122088544
765 0.9354083905753258 0.13425712308238902 2.738575858907133e-05 2.6369168458295156
770 0.9352430797431895 0.13427108063911541 0.001192529461757852 2.637047122647989
775 0.9346297559221273 0.13577787488182658 0.00013262551916937149 2.6371111128150666
780 0.9351816295610609 0.1345306898829972 0.0006726861612484925 2.6371424800116974
785 0.9352353212967395 0.13468825962493236 0.00040069383156748906 2.637165931290349
790 0.9353325737521873 0.13436766806181089 0.0015909307605628253 2.637026121962082
795 0.9350152525170472 0.134921754551808 0.0030453817082858325 2.63711291670565
800 0.9354316050814035 0.13401663833499722 0.001403325558195112 2.637009687248547
805 0.9330342228600285 0.14008597704634562 0.0020979875663640346 2.636984845207995
810 0.93541064713433 0.13397736300506802 0.002045251096259193 2.6369258213650966
815 0.9341193017560641 0.13708921412022468 0.0041906838258805035 2.636938248722133
820 0.9350680675921154 0.1353378169749666 0.004441325794708684 2.637014388460682
825 0.9349714825581842 0.13512602917632188 0.0046324758281262035 2.6372645203481615
830 0.9346089243135112 0.13580024259203016 0.0008424309203007851 2.6370645916635995
835 0.9355464808927412 0.13367610790732076 0.001358908032096151 2.6373036236144345
840 0.9336941374234369 0.13823916806058945 0.001806684073847764 2.637072640549848
845 0.9353203057582584 0.13440352058002203 0.001011969866079987 2.6371950888836664
850 0.9357480520076108 0.1332434446104349 0.0046563570924054165 2.637087620135316
855 0.9350279833413291 0.13476048509875183 0.0018579078822129613 2.6367805800595785
860 0.9341151797397385 0.137128106999155 0.0011638556296336144 2.6370386560199974
865 0.9353407560660179 0.13408215153242464 0.00017794179661101417 2.637049159539156
870 0.9347302040026544 0.13614118321476987 0.0014096092089843637 2.637175070886449
875 0.9351282391903999 0.1345465901356402 0.0061540085511073706 2.6367991489715403
880 0.9356199248758523 0.1335082159152141 0.0028008145417481867 2.637186597566369
885 0.9351081408042536 0.1349932988883018 0.0004828221163293289 2.6372626635154095
890 0.9352962449667488 0.1344011360384294 0.00029935622668397777 2.63714136912252
895 0.9352277502239768 0.13445990682572617 0.002765072016558623 2.6368376886030727
900 0.9354859101585571 0.1337986457996556 0.0018719142258036836 2.63698671102439
905 0.9352888669428203 0.13444233093181612 0.0001820995465331432 2.6370670940266088
910 0.9349761297344192 0.13521700454044439 0.00047074652810996653 2.637132130308185
915 0.935143985287795 0.13456944522217595 0.0006664124512558711 2.6371693003579106
920 0.935521930788461 0.13371611208794976 0.002402589338756478 2.6369486473448256
925 0.9351462946316118 0.13456197273142845 0.0013600379193006162 2.637004222159651
930 0.9350722356156476 0.1347229869753721 0.0010845669994681284 2.6370156876607957
935 0.9347164717699019 0.1355874597673603 0.001585853431814277 2.637030115073373
940 0.934992857982901 0.13514868563029037 0.002597956840504123 2.6369974328732666
945 0.9344863526291565 0.1370530535483354 0.0026705128428634595 2.63690359062955
950 0.9342544264803431 0.1369133011783421 0.000808577044988601 2.637095049954482
955 0.9356037504250747 0.13357944573537983 0.0010618550218202127 2.637309880704854
960 0.9348351681646896 0.13529688652771643 0.0009740964085631632 2.6371953867283238
965 0.9340782309535043 0.13720654125189347 0.0036223159155786 2.6369154871744134
970 0.9354339772964908 0.1338942491386228 0.0002098804138845889 2.6369881818553482
975 0.9353984905790558 0.13406356995562918 0.0007505795618854005 2.636936020911347
980 0.9350510800463446 0.13509416724145007 0.0042376171364462145 2.6371993783354726
985 0.9344336087575993 0.13646554926557508 0.006413571401301166 2.636705998984021
990 0.934921236063214 0.13526949113817555 0.00016605583503515042 2.6371313173066073
995 0.934129250446422 0.13711008612509445 0.0014804695243868515 2.636820528137749
1000 0.9355633675545973 0.1336847662719638 0.0008713342124755385 2.6370346772822213
