0 0 0 0.32891688297343014 0
5 0 0 0.018427466139771642 20.957753218728122
10 0 0 0.022294962739001 20.899596890548494
15 0 0 0.023698065287168335 20.89991453387048
20 0 0 0.02353478102160267 20.861010258761862
25 0 0 0.018744598648391175 20.844109064106405
30 0 0 0.022999824260222956 20.845951524413604
35 0 0 0.022954726860748176 20.83344881020758
40 0 0 0.0220284300284459 20.821753672400984
45 0 0 0.023048681424355122 20.8204633866314
50 0 0 0.021871376058628655 20.812379428403602
55 0 0 0.02263266138341291 20.80955170881438
60 0 0 0.022762003800298025 20.807334931879577
65 0 0 0.02390172368863608 20.80139326794407
70 0 0 0.02356935496304957 20.778567799747897
75 0 0 0.025456578739961877 20.773842088059727
80 0 0 0.025284086739526757 20.77186696186613
85 0 0 0.026417141665228572 20.768606117446282
90 0 0 0.023627400952170197 20.757882364817466
95 0 0 0.023522380210930338 20.764739144304386
100 0 0 0.025170786065402018 20.763871427136397
105 0 0 0.022008241249347194 20.757453137000155
110 0 0 0.022696000688471996 20.763745139711915
115 0 0 0.02399930628841873 20.762238502526994
120 0 0 0.02627061699085953 20.753286713783094
125 0 0 0.02522257237376646 20.75097023189464
130 0 0 0.025511228818389187 20.751108006221244
135 0 0 0.023086749287093866 20.75375009944925
140 0 0 0.02574445028835859 20.75046880084893
145 0 0 0.024597288829634634 20.749088997094827
150 0 0 0.025038051969654695 20.752425468303798
155 0 0 0.025261049721804207 20.75032855876085
160 0 0 0.022359667978588682 20.746554194069123
165 0 0 0.02428525284143368 20.74366902027775
170 0 0 0.026730383075289632 20.748560858558093
175 0 0 0.02588534383111396 20.744300803830065
180 0 0 0.023491764180176622 20.743863480165
185 0 0 0.024845644469843275 20.743024087144754
190 0 0 0.024068788141157427 20.7418676350287
195 0 0 0.024719307500528087 20.7454406516176
200 0 0 0.025044535126762524 20.73800478102239
205 0 0 0.022812482579161797 20.741191478049394
210 0 0 0.023128394147979403 20.739962162258042
215 0 0 0.025419918815232867 20.73787538364309
220 0 0 0.02622102440764995 20.739779705086605
225 0 0 0.024842901867788703 20.738779116843975
230 0 0 0.02196143635462411 20.736519728646122
235 0 0 0.025501088899361868 20.740082774649608
240 0 0 0.0245819657057067 20.734775684112787
245 0 0 0.023696168913209137 20.73993885888214
250 0 0 0.02520697755540069 20.741228019641184
255 0 0 0.02546661775455128 20.736678267975826
260 0 0 0.02530025157696425 20.733944223432037
265 0 0 0.028376360055524907 20.734610133865598
270 0 0 0.025129626898626745 20.736836579867873
275 0 0 0.02589579135135489 20.734493405543162
280 0 0 0.023850592611321275 20.73609836786916
285 0 0 0.02598629911827466 20.731188440647188
290 0 0 0.022392624644442582 20.737735512792668
295 0 0 0.02577012820988478 20.732224299152968
300 0 0 0.025363342873442107 20.731846458324345
305 0 0 0.023940343980857426 20.73280926358421
310 0 0 0.0241678594467738 20.73059530951592
315 0 0 0.025103923895089864 20.73583838960953
320 0 0 0.024319172351756402 20.72995710793931
325 0 0 0.02592850962211446 20.728043430494953
330 0 0 0.02546990993341902 20.736943432014105
335 0 0 0.02597701619437931 20.730868822165913
340 0 0 0.02222781194381418 20.729950615449685
345 0 0 0.02364046966321709 20.725647852341076
350 0 0 0.025278380379862186 20.728751065842502
355 0 0 0.024366159150207567 20.728273357019685
360 0 0 0.026457915344250127 20.72536591777381
365 0 0 0.02627209936533692 20.727709532140103
370 0 0 0.026807986370274817 20.728184322303562
375 0 0 0.024161205847745393 20.7242661537921
380 0 0 0.022550428205545536 20.723768438456617
385 0 0 0.02361642064690539 20.725582550291946
390 0 0 0.020448951658205594 20.72401261351852
395 0 0 0.024068642722574696 20.722109218705135
400 0 0 0.02250964381673093 20.722586629441924
405 0 0 0.023701063547047818 20.723455504023413
410 0 0 0.02180639200870349 20.720396371778605
415 0 0 0.021319664721803022 20.722047456343308
420 0 0 0.023761966078193808 20.719438542358954
425 0 0 0.020832500948875232 20.716970389096385
430 0 0 0.023752142497703188 20.716262368430538
435 0 0 0.024076105752721233 20.720787279591626
440 0 0 0.02181408547667818 20.717119543062896
445 0 0 0.022390423707161045 20.718257937771796
450 0 0 0.02324185238015919 20.713335863419935
455 0 0 0.026588087422988682 20.714404129257037
460 0 0 0.019468380188356615 20.710982100976707
465 0 0 0.01811546921120133 20.711062309889936
470 0 0 0.026170479289618243 20.709175158933366
475 0 0 0.021756866462850244 20.70697780628361
480 0 0 0.029594375199519574 20.706941927289076
485 0 0 0.023062668396772068 20.70717171877178
490 0 0 0.023967676669044424 20.704364661405553
495 0 0 0.02346875917003044 20.70278654415389
500 0 0 0.020600999418303623 20.698992836746378
505 0 0 0.026200962459395072 20.699952936118702
510 0 0 0.01426004459575525 20.699030248328494
515 0 0 0.01597175458871325 20.697726610872174
520 0 0 0.016855052942706283 20.695865919193817
525 0 0 0.011723369298161979 20.693320295400508
530 0 0 0.026067333166300388 20.691577996068016
535 0 0 0.02207334382979753 20.687849240467248
540 0 0 0.013856789703132755 20.686127728884017
545 0 0 0.010831785168433639 20.68400484447397
550 0 0 0.014055757645377032 20.679704638625232
555 0 0 0.016042417560480082 20.674922506747652
560 0 0 0.016513826876260573 20.675788596465186
565 0 0 0.02844800993797536 20.670130093336326
570 0 0 0.018602951147184577 20.666739233061776
575 0 0 0.007716417926385999 20.66678562065912
580 0 0 0.02450043726693263 20.662145311422034
585 0 0 0.025660228257591733 20.654441112630042
590 0 0 0.02139198135612097 20.653553061286754
595 0 0 0.013556131170058272 20.64935254368731
600 0 0 0.00010278623795612063 20.641041859904668
605 0 0 0.004832393572973714 20.637901482186393
610 0 0 0.016009798343100456 20.635358815670394
615 0 0 0.005771109853123457 20.628996433161277
620 0 0 0.004176509235029213 20.62605084625135
625 0 0 0.01851580180443868 20.621139331493406
630 0 0 0.020719549555979322 20.61455381405213
635 0 0 0.01066975233248435 20.6056284306674
640 0 0 0.01695472605578785 20.60272184674032
645 0 0 0.018252747353627807 20.598840430910123
650 0 0 0.005122006983112604 20.59364794893238
655 0 0 0.009101287016267001 20.591336037230413
660 0 0 0.010609629819764654 20.583936563476996
665 0 0 0.01037629626700709 20.57841445604997
670 0 0 0.013849280396244001 20.575699845758912
675 0 0 0.010813498085838535 20.571748399544823
680 0 0 0.020095661648824148 20.566713321482098
685 0 0 0.03380474948713541 20.56002123731952
690 0 0 0.024653751049416472 20.55679298501354
695 0 0 0.003924490634956257 20.547963922592103
700 0 0 0.0034698293058865737 20.54339123645535
705 0 0 0.017393040468056675 20.541678986470483
710 0 0 0.0006059990592492959 20.532617836821444
715 0 0 0.031102541101095005 20.52936004533678
720 0 0 0.026889366129147163 20.527812255392107
725 0 0 0.0015357754624165665 20.518863478860336
730 0 0 0.05398989917863961 20.51336178826623
735 0 0 0.042501316446603044 20.502636443343103
740 0 0 0.028239373447948246 20.50393024446489
745 0 0 0.056410281707533816 20.49890758595557
750 0 0 0.023702465290835084 20.488579024444906
755 0 0 0.023665656422167558 20.4882865441711
760 0 0 0.020756874788234292 20.483373991219946
765 0 0 0.02293421245400573 20.48046207159108
770 0 0 0.04447167192397661 20.468556747911816
775 0 0 0.008541005900361665 20.464903535675564
780 0 0 0.016064668387960168 20.455720317018073
785 0 0 0.03511637108249577 20.45615617175652
790 0 0 0.03331443816245905 20.454581454363616
795 0 0 0.05351000471392675 20.44772912156822
800 0 0 0.056015042408399385 20.44480429388701
805 0 0 0.07105327408389073 20.439197184845757
810 0 0 0.05136883073388954 20.43154629173493
815 0 0 0.0658815132847268 20.426684769709
820 0 0 0.022639222625958855 20.41575255963417
825 0 0 0.062494521072498976 20.422339392659033
830 0 0 0.066791750991533 20.417938257354002
835 0 0 0.07492208441180637 20.410440112563915
840 0 0 0.0636077215739832 20.40813747674001
845 0 0 0.08137848849752416 20.398685325601228
850 0 0 0.06995649817214478 20.396585072179917
855 0 0 0.06491399639771878 20.396972185014796
860 0 0 0.07828971419369934 20.39013410101968
865 0 0 0.08042713318602313 20.38421771313241
870 0 0 0.026573259624021794 20.37803700952102
875 0 0 0.10715452204786158 20.377566966689276
880 0 0 0.08828256058079731 20.36998765670969
885 0 0 0.08378783211445318 20.364821980381514
890 0 0 0.10602284843443677 20.363134355380904
895 0 0 0.10190942616869725 20.353355091897175
900 0 0 0.10795113882532803 20.35182014446424
905 0 0 0.08351672642508423 20.3422726574023
910 0 0 0.052557258573253884 20.340552504525164
915 0 0 0.07927214016760797 20.334756440655216
920 0 0 0.06438243393917875 20.329116359975156
925 0 0 0.10539880196861295 20.32811650765108
930 0 0 0.05313303143616688 20.323560579002937
935 0 0 0.09063982500489587 20.32118652008916
940 0 0 0.08923169489955862 20.324641988394802
945 0 0 0.11307042338495799 20.318902237045368
950 0 0 0.08344618690296945 20.31040637766031
955 0 0 0.08420148454631016 20.311886667478547
960 0 0 0.0558589273999206 20.302383713155795
965 0 0 0.07771228175033684 20.298286798678298
970 0 0 0.14846890362684295 20.288763542104963
975 0 0 0.1186191941201713 20.294486122970486
980 0 0 0.13662964082149331 20.292831121577393
985 0 0 0.08627747550380915 20.291686723846162
990 0 0 0.0902107017285303 20.282886651407754
995 0 0 0.16001179643391783 20.271899347623755
1000 0 0 0.07631784862431146 20.26499230273595
