0 0 0 0.15162354157338065 0
5 0 0 0.03237101517460039 11.88879012231155
10 0 0 0.013178089084822542 10.942337600916419
15 0 0 0.01158971508870077 10.501533164259648
20 0 0 0.009517548442184776 10.326454137088454
25 0 0 0.0011066824560888033 10.266150574373851
30 0 0 0.00394164123088081 10.222979008500323
35 0 0 0.0046794388778246265 10.177813442499422
40 0 0 0.009643651013712118 10.161164939410202
45 0 0 0.005805551692841027 10.134106687917358
50 0 0 0.0014263173391357853 10.399574869994424
55 0 0 0.0009206137575366036 10.201252057407258
60 0 0 0.002545579691695332 10.191092028548514
65 0 0 0.0019112140323511717 10.185442212474012
70 0 0 0.006186000630715061 10.183723485309898
75 0 0 0.0017170672448449942 10.180307987895485
80 0 0 0.00026955798941052933 10.17804659903754
85 0 0 0.006306534206641068 10.175678684973287
90 0 0 0.006889005803172088 10.172785633625756
95 0 0 0.0020616753091966533 10.170944480024433
100 0 0 0.0009845748733365856 10.168832273115063
105 0 0 0.004142580306594867 10.166442098606066
110 0 0 0.0006898359568505708 10.163906711576203
115 0 0 0.002307440467354649 10.161795693986555
120 0 0 0.002844313646177321 10.159990152522516
125 0 0 0.0010166101558570784 10.15712986390926
130 0 0 0.00459400430917789 10.15419432131316
135 0 0 0.0058749995289835155 10.152697201768627
140 0 0 0.005078644508885954 10.149519633436753
145 0 0 0.0004958960782730504 10.14566314954364
150 0 0 0.009478004590896427 10.144172567650976
155 0 0 0.005201718661841603 10.14141555416771
160 0 0 0.002507819678661871 10.138096408214153
165 0 0 0.0026774436669942947 10.13578197575009
170 0 0 0.004605373399803048 10.132008339839807
175 0 0 0.004097999374530703 10.131132074390667
180 0 0 0.0005556541906766022 10.128127428356034
185 0 0 0.0059499116523462625 10.125568606905532
190 0 0 0.0019717191455987937 10.122430918273162
195 0 0 0.007350022933922951 10.120633114237334
200 0 0 0.0022299336787841018 10.115759070365982
205 0 0 0.0035872331258086643 10.113312006041843
210 0 0 0.006214940985891149 10.108746259902835
215 0 0 0.0060703292376989015 10.108255068766276
220 0 0 0.012340696226124992 10.099420141880591
225 0 0 0.012808077059074607 10.09358193919242
230 0 0 0.006367931482047062 10.088528066179657
235 0 0 0.010704210737418673 10.080526296753682
240 0 0 0.009632879832260244 10.071263807431066
245 0 0 0.0036805646154309812 10.063284914298857
250 0 0 0.003750523406457873 10.060859427426685
255 0 0 0.006298742282747183 10.049319974907208
260 0 0 0.01258615853704681 10.047661745731295
265 0 0 0.007331677599846875 10.035798665336104
270 0 0 0.014370398251254857 10.032936174458467
275 0 0 0.004377857793632867 10.032238768661376
280 0 0 0.01359743210878639 10.028179179446939
285 0 0 0.00873536428265842 10.022766261797948
290 0 0 0.006037193614440328 10.020621856676184
295 0 0 0.015447462058621575 10.015425849662664
300 0 0 0.00894441645037225 10.012345842483793
305 0 0 0.01393732985094398 10.011029550204615
310 0 0 0.012590811342207964 10.011143935150637
315 0 0 0.010648574316393766 10.008611166889187
320 0 0 0.007698393394795833 10.012243177974817
325 0 0 0.014792364861641039 10.005145309917772
330 0 0 0.013135997540143496 10.001956653340974
335 0 0 0.012034360860822213 10.000723546687674
340 0 0 0.015579125735758037 9.999855071586246
345 0 0 0.013054560308764618 9.995581811240582
350 0 0 0.01445381705797355 9.993272988088309
355 0 0 0.01374969888501476 9.996754827623711
360 0 0 0.01174412056875207 9.997386834901144
365 0 0 0.014742490254661789 9.991043859604988
370 0 0 0.010073415141705677 9.993121173922331
375 0 0 0.009357790990110804 10.027819170819232
380 0 0 0.013941442366813606 9.99181382286431
385 0 0 0.014135653492295175 9.991108976808214
390 0 0 0.011575221844599692 9.987657980851832
395 0 0 0.012757413612329627 9.98975071278337
400 0 0 0.009811637952546803 9.98689499831485
405 0 0 0.014054860932006141 9.987258631793503
410 0 0 0.011460341692883791 9.987166460901353
415 0 0 0.013891884498847817 9.983983932474759
420 0 0 0.016034997189666944 9.981762682667766
425 0 0 0.015120016604518227 9.984203179767606
430 0 0 0.010649263588099922 9.982995843195305
435 0 0 0.011617296305215907 9.982021062572954
440 0 0 0.01059398659444244 9.98109347760863
445 0 0 0.014085038645153869 9.98322604308148
450 0 0 0.013872920998859062 9.980214953442605
455 0 0 0.011712053270883649 9.981032171717045
460 0 0 0.012897816651152194 9.980296870949335
465 0 0 0.015104826472716049 9.980728683304703
470 0 0 0.010548945561175582 9.979353046359678
475 0 0 0.013348467124812524 9.98016430832731
480 0 0 0.012621892614490537 9.981496259303256
485 0 0 0.01385316251164559 9.98032022266935
490 0 0 0.011745314312258781 9.979577684217341
495 0 0 0.01370906186973131 9.97884347982731
500 0 0 0.010388752862178219 9.977539227198589
505 0 0 0.013114361306098665 9.978065291405954
510 0 0 0.012719037798984534 9.977743348001997
515 0 0 0.012652590012372844 9.97920799886751
520 0 0 0.011292904035296925 9.977651106891502
525 0 0 0.01198446976862444 9.976557441676787
530 0 0 0.015042324452964717 9.978412996704897
535 0 0 0.015790372163232647 9.983103217638002
540 0 0 0.014057487519910206 9.978439359138733
545 0 0 0.015940206413877167 9.976218045319735
550 0 0 0.012132386049113153 9.979507652904244
555 0 0 0.011802337500362192 9.977739684241527
560 0 0 0.014702246678068187 9.977721252902267
565 0 0 0.013586075314796942 9.975591580687144
570 0 0 0.005204711745139923 9.980460084842031
575 0 0 0.00989779674081559 9.976999416410026
580 0 0 0.013687207101015453 9.975551133333918
585 0 0 0.014413986990924998 9.975836488723361
590 0 0 0.010799454752193238 9.974705103073221
595 0 0 0.009016435708171233 9.975569374821255
600 0 0 0.011298899515878702 9.973673872646838
605 0 0 0.011015733383422877 9.975665394834126
610 0 0 0.011016208845701536 9.975741667424488
615 0 0 0.012594041463061645 9.974164111620144
620 0 0 0.015522289346469043 9.973358902100136
625 0 0 0.01212473184549756 9.974582544396732
630 0 0 0.014071859542587939 9.974266526616436
635 0 0 0.012534821022551546 9.973867228517847
640 0 0 0.010786033406206874 9.975057751922133
645 0 0 0.014443510199858789 9.973727916717136
650 0 0 0.01272757195817098 9.973815775305576
655 0 0 0.011675717606414615 9.97394720490917
660 0 0 0.01252991874513576 9.974914426575126
665 0 0 0.012334174082612837 9.97396583142763
670 0 0 0.01336699926557472 9.973556429050658
675 0 0 0.014477374891928685 9.975985842143395
680 0 0 0.011757334083016158 9.973745595672241
685 0 0 0.01298614662608566 9.974073924845671
690 0 0 0.005013509978205599 9.97300610212925
695 0 0 0.014876771911897624 9.973470742052315
700 0 0 0.01585297094583682 9.973278379868306
705 0 0 0.015275847981548463 9.97382179949773
710 0 0 0.012363063991255085 9.973232004265673
715 0 0 0.013267394874818983 9.97379668848085
720 0 0 0.013117582326128474 9.973317007265411
725 0 0 0.015550857633606752 9.97367596771054
730 0 0 0.014798045234940993 9.972672879703168
735 0 0 0.013216990231702752 9.9729387091733
740 0 0 0.004410395244611065 9.97273649150252
745 0 0 0.01402385253274252 9.973955249735312
750 0 0 0.013758338164357564 9.972551276705705
755 0 0 0.014869588036204417 9.9749174281466
760 0 0 0.012727386364247195 9.973194976888365
765 0 0 0.01561370309768817 9.971686361008723
770 0 0 0.01295011993077333 9.973254509931628
775 0 0 0.014647289511282136 9.971470374947193
780 0 0 0.014477467890257723 9.973640290010206
785 0 0 0.013472252802761986 9.97212281203681
790 0 0 0.01586591304621554 9.974674660333767
795 0 0 0.014197026545678337 9.971040639919442
800 0 0 0.012897206653737614 9.971563278250107
805 0 0 0.01468084297143335 9.971538525791596
810 0 0 0.01261525330740354 9.971759900981812
815 0 0 0.014085667633934928 9.97076488064348
820 0 0 0.013108758896704042 9.971628272722482
825 0 0 0.01296051053595404 9.971521172845796
830 0 0 0.014718457103299887 9.972703678005583
835 0 0 0.013860056631750384 9.972334012539777
840 0 0 0.012517706972354103 9.971020579379344
845 0 0 0.013776302730649226 9.970764149386492
850 0 0 0.014202504509896352 9.971109766872358
855 0 0 0.014093487335148813 9.97242740248696
860 0 0 0.01398281924512279 9.971277958012326
865 0 0 0.013188136082918467 9.972572270847131
870 0 0 0.014786847689429283 9.971632697575139
875 0 0 0.01398350169341711 9.971462352097088
880 0 0 0.016167667037816802 9.971636223253164
885 0 0 0.011803851867144832 9.971163068753489
890 0 0 0.013048537158325546 9.9707782822165
895 0 0 0.012637907787179437 9.970896117415313
900 0 0 0.015404903273452453 9.970181271142616
905 0 0 0.014496467763999599 9.97052521351474
910 0 0 0.014007163674387701 9.970841637800671
915 0 0 0.015660949512922073 9.971213195521829
920 0 0 0.011605047083125042 9.970915130100657
925 0 0 0.0158614376374695 9.970464706929548
930 0 0 0.012424268017919404 9.970525489305293
935 0 0 0.01347743734834439 9.970948878398383
940 0 0 0.01438429214851622 9.97028477501471
945 0 0 0.013587410303992797 9.970860440309528
950 0 0 0.015097281547824526 9.970135782613456
955 0 0 0.011272746556185043 9.970286281591346
960 0 0 0.00955013776068614 9.97090455269466
965 0 0 0.010228715155864876 9.970273192775625
970 0 0 0.017765041975061013 9.97137262395909
975 0 0 0.012862527013276726 9.970790347136791
980 0 0 0.01379808133869509 9.970697807315444
985 0 0 0.013992003585579615 9.970940507282561
990 0 0 0.010859616088187307 9.969748233037116
995 0 0 0.011908859746765366 9.971247581773758
1000 0 0 0.015456037250877408 9.969575194045
