0 0 0 0.24773454140871132 0
5 0 0 0.06821219622460539 11.940515615101795
10 0 0 0.03606375618287716 11.074941415442758
15 0 0 0.007648722958335519 10.61991539558789
20 0 0 0.004386490324450376 10.323955536585423
25 0 0 0.006784966118364766 10.254930287788977
30 0 0 0.01128772717192783 10.252624412985831
35 0 0 0.004459656786734545 10.178901029638533
40 0 0 0.013380682968060942 10.175660990549684
45 0 0 0.0039739064245682965 10.146094708280152
50 0 0 0.00826610496728919 10.404096382361901
55 0 0 0.0033856268051271066 10.20083009177786
60 0 0 0.002437114358939896 10.192660677026375
65 0 0 0.0004026624682060831 10.188703570515246
70 0 0 0.005777750670789228 10.18648222139229
75 0 0 0.00038837585792639295 10.184132132827648
80 0 0 0.00190379337716573 10.182551393272453
85 0 0 0.004412271336642126 10.180587715323208
90 0 0 0.004827708713274204 10.180014878670413
95 0 0 0.000938028711964467 10.1780014876316
100 0 0 0.007698198615627927 10.176659920140148
105 0 0 0.0011081444691174447 10.17620416106537
110 0 0 0.0024773584299428997 10.175017422915424
115 0 0 0.006139436046849411 10.17362245961635
120 0 0 0.0027794223039090404 10.171545804193293
125 0 0 0.0019346297671110069 10.169837859884757
130 0 0 0.0028827043433483635 10.169805689894282
135 0 0 0.0038679568708004375 10.167342632491115
140 0 0 0.0021446411874728177 10.16641240450247
145 0 0 0.0007644030634466059 10.16429261974002
150 0 0 0.0016378033326756025 10.162522984396123
155 0 0 0.002483898858063105 10.159985708205326
160 0 0 0.006985065311440941 10.158763696743598
165 0 0 0.0033177984799981353 10.156510790717485
170 0 0 0.010514024898451213 10.15450255598865
175 0 0 0.0008925649591120521 10.1527865302826
180 0 0 0.002546647467309704 10.150610874206611
185 0 0 0.0003350393283305664 10.147789030507559
190 0 0 0.007026211441180319 10.145210126794243
195 0 0 0.0007395558900706867 10.143034525621186
200 0 0 0.0016941546511799466 10.139978890840128
205 0 0 0.003911997043069659 10.136818481979756
210 0 0 0.0028508044571085023 10.134874140600626
215 0 0 0.002548794933597609 10.13044349233351
220 0 0 0.01060039316747341 10.127887538592187
225 0 0 0.007586830431694169 10.125581207441988
230 0 0 0.0037646781491875725 10.119708175702735
235 0 0 6.219352832737002e-07 10.115691895948473
240 0 0 0.005326950652703832 10.111788906716377
245 0 0 0.007845838803491878 10.104033135400979
250 0 0 0.004837032649658957 10.09952622002915
255 0 0 0.0016479003651601598 10.090304362218394
260 0 0 0.008292862004028123 10.078636594861724
265 0 0 0.003450094298436124 10.067877572452714
270 0 0 0.013636044261602587 10.05799642731806
275 0 0 0.0014500804362722608 10.053667950064558
280 0 0 0.010242629027107597 10.045002817579677
285 0 0 0.005079221288082136 10.042357202899682
290 0 0 0.009454071632340133 10.03644168078161
295 0 0 0.0123210781370795 10.036334688899974
300 0 0 0.006959979678271999 10.030066497080798
305 0 0 0.012893372240964096 10.02624060683021
310 0 0 0.013429449000908367 10.025761022500106
315 0 0 0.008554174606008935 10.023284089183054
320 0 0 0.009934001324783948 10.01884069034425
325 0 0 0.012612835285543245 10.012965549128289
330 0 0 0.011886284980958006 10.014478819180718
335 0 0 0.012853373786967826 10.00983413174749
340 0 0 0.011853806437573944 10.01123091495153
345 0 0 0.007951839952489603 10.005459211754221
350 0 0 0.008388422113842164 10.001824929291637
355 0 0 0.01233117511820181 10.000597578726584
360 0 0 0.0062490076099246394 10.002110672664186
365 0 0 0.012164200472684517 10.012331307915566
370 0 0 0.010183139177001532 9.996605292712571
375 0 0 0.011171455042970457 9.999124340581744
380 0 0 0.010924793313613401 9.995791314521842
385 0 0 0.014618871475932105 9.9955888783669
390 0 0 0.008165029211929298 9.991613077016098
395 0 0 0.014543055281463158 9.996126661562071
400 0 0 0.013288660416411968 9.996260125777855
405 0 0 0.014111606544906952 9.993471659167314
410 0 0 0.01214139228000577 10.005052432297191
415 0 0 0.014412011897128263 9.998152323655804
420 0 0 0.012194830399663514 9.985689042182761
425 0 0 0.012751761100080472 9.985197324516692
430 0 0 0.01320254510776886 9.985796740512628
435 0 0 0.01611554868084153 9.983770093074487
440 0 0 0.013367224078930207 9.987563143938317
445 0 0 0.010752373266671444 9.982815216532199
450 0 0 0.012926890295272164 9.98207597349723
455 0 0 0.017024875190761568 9.983556978979173
460 0 0 0.013318921239734882 9.981990768756779
465 0 0 0.014426033307028518 9.981653317127709
470 0 0 0.008101344735750526 9.986007547731303
475 0 0 0.015511539888623194 9.980189295760972
480 0 0 0.012124463351649961 9.984877700355636
485 0 0 0.013242267142106634 9.982837603743778
490 0 0 0.005912272759351911 9.98081872294446
495 0 0 0.011890922402409743 9.982431036542081
500 0 0 0.014185678648079847 9.980963979679531
505 0 0 0.013881532270081154 9.980888096977543
510 0 0 0.014331532828788518 9.989960745025876
515 0 0 0.011303844127923401 9.982214871276623
520 0 0 0.011009635979125632 9.978186433638198
525 0 0 0.013854028431945498 9.979006023289207
530 0 0 0.013317857175564551 9.985106679297509
535 0 0 0.014254223997817839 9.982372300080446
540 0 0 0.013759509319416274 9.977521343211532
545 0 0 0.014695389302873618 9.981798602757628
550 0 0 0.012445096340760742 9.977530007241652
555 0 0 0.013720597301917214 9.977778863214766
560 0 0 0.010290146789796228 9.976422457159552
565 0 0 0.013439345536753633 9.975754315738655
570 0 0 0.014910931149039186 9.975785436933638
575 0 0 0.011435987315836726 9.976218634789516
580 0 0 0.012924263273109249 9.97588942299941
585 0 0 0.014846237663109996 9.975062735325526
590 0 0 0.015247551849129293 9.981431567111917
595 0 0 0.01305569037195431 9.975213106369743
600 0 0 0.015343637721711989 9.97485126281537
605 0 0 0.0132494325071979 9.974685505842082
610 0 0 0.013005174275447562 9.974639096123873
615 0 0 0.013091598026400142 9.974139629951255
620 0 0 0.012788406010305176 9.97948709466167
625 0 0 0.015256438840285158 9.975181172144067
630 0 0 0.013297304612657435 9.974341612741602
635 0 0 0.01499302001651115 9.975322385542439
640 0 0 0.015609323728102309 9.974861849358183
645 0 0 0.010914419589372004 9.974829833261056
650 0 0 0.0145811149859576 9.973685385883172
655 0 0 0.014021172921508285 9.974150289667106
660 0 0 0.015786787363588184 9.973411396961883
665 0 0 0.01006227922020031 9.97451998181275
670 0 0 0.013963895826580863 9.972859825770215
675 0 0 0.010881221009854558 9.972685954942639
680 0 0 0.013146837061876582 9.972976322747623
685 0 0 0.015233598729958775 9.972596804864677
690 0 0 0.013302637737148348 9.97308245965374
695 0 0 0.012930551623726139 9.980147286250167
700 0 0 0.011565226668712736 9.972142426519271
705 0 0 0.014166255513110126 9.971083714238397
710 0 0 0.011666343118715172 9.971988772461266
715 0 0 0.014763029771447833 9.973251773883261
720 0 0 0.0137496067492342 9.971898205196602
725 0 0 0.016953590832833987 9.971881599270953
730 0 0 0.016283145111431363 9.973163728715521
735 0 0 0.014482694683274122 9.972621862383763
740 0 0 0.0133764631316029 9.972048816324474
745 0 0 0.015247150894135642 9.973081093104087
750 0 0 0.01171766155565912 9.971372105891193
755 0 0 0.01243352734785419 9.973122846283927
760 0 0 0.01347459927199024 9.971869813899888
765 0 0 0.012266541509817097 9.971443292175397
770 0 0 0.014194691213080812 9.972450704473747
775 0 0 0.01302922387587202 9.970776188209872
780 0 0 0.015022654563924487 9.972352259231814
785 0 0 0.013287916758262242 9.972114866898202
790 0 0 0.014455186490212268 9.970774637676703
795 0 0 0.013149540085151568 9.97219851744867
800 0 0 0.014423178838214534 9.97105214399633
805 0 0 0.012319458083534851 9.970938063332646
810 0 0 0.01434841794043118 9.971447172346137
815 0 0 0.014073292334183751 9.972684749780536
820 0 0 0.013137024571350464 9.971249865204271
825 0 0 0.013111294329916312 9.971355249100574
830 0 0 0.012716381278443434 9.971192690024246
835 0 0 0.014520560943604988 9.971601536768091
840 0 0 0.013323257567692703 9.972020690791355
845 0 0 0.014755879218923518 9.971564161610386
850 0 0 0.013512922777468184 9.972329775320054
855 0 0 0.014473632022427685 9.970548799986458
860 0 0 0.012621246386208984 9.970012543081742
865 0 0 0.016256016315765454 9.970725666426318
870 0 0 0.011709700465071915 9.980869037991672
875 0 0 0.01495440852373564 9.971375524259956
880 0 0 0.01356334911974999 9.97112991048662
885 0 0 0.01223349187697087 9.97139914461417
890 0 0 0.01391861215166168 9.97107671238616
895 0 0 0.011697217436832608 9.971101416370796
900 0 0 0.015445290609193751 9.971625808251492
905 0 0 0.0156069714314504 9.971863639886207
910 0 0 0.012208763450939575 9.971618931207438
915 0 0 0.01352229630107793 9.971488786539659
920 0 0 0.013382778689819075 9.971459770782621
925 0 0 0.014774923884419033 9.97091813311756
930 0 0 0.012707903139282273 9.970963768608948
935 0 0 0.012791759510691225 9.970529622580672
940 0 0 0.015494513735305082 9.971184923772668
945 0 0 0.014939337165581046 9.971377290437593
950 0 0 0.012278555624600562 9.970352858034838
955 0 0 0.014217274007507719 9.970546088659109
960 0 0 0.014540006888573265 9.969906983752594
965 0 0 0.010247921372399382 9.970156234198196
970 0 0 0.013870957688377095 9.96983405458863
975 0 0 0.012754408786233684 9.970414062396658
980 0 0 0.014250755850176322 9.970388876861467
985 0 0 0.011665635244904937 9.9708168881098
990 0 0 0.011569037548809558 9.970694613937866
995 0 0 0.012651236699827262 9.970278336335882
1000 0 0 0.01196009252388519 9.970234940004612
