0 0.5905486373342979 1.1159407144164577 0.39698300622060245 0
5 0.7063367068106404 0.7256026693211384 0.04394086070233216 1.8374051743871507
10 0.7513802260909247 0.6022281807927219 0.09616614776012034 1.7885503970000707
15 0.7862689363465103 0.5000487346218612 0.025323244133738987 1.7459069018412752
20 0.8292103757992196 0.381793882775074 0.004358515210959313 1.6980741418727312
25 0.8754632313253133 0.267633284363084 0.01453670926538475 1.6587499238813215
30 0.90860679677346 0.19203457000993596 0.012475943704905124 1.63864676054527
35 0.9238256311166513 0.15927220252360597 0.0012103772645684074 1.6333395378105786
40 0.9293037554298447 0.1479400257000949 0.0007825535481198465 1.6325166876609523
45 0.9313797344815955 0.1435841358222274 0.001312319468563361 1.63237141144152
50 0.9322187606501452 0.1419529954557779 0.0006382600131700222 1.632165361666794
55 0.932501552301058 0.14135311803812045 0.00010622189147935224 1.632224692128974
60 0.9324269552985233 0.14183888549205603 0.0017459172001486056 1.632121967295706
65 0.9325602977836406 0.1412123099281779 0.0010432513314524439 1.632207983321823
70 0.9322418924503467 0.1419047781655205 0.0006217550250928738 1.6322052146977435
75 0.9325791074125866 0.1412162684788114 0.0008721648442646668 1.632229762650611
80 0.9324992968600488 0.14138648138042065 0.0005259195614000234 1.6322798694456495
85 0.9324857231238595 0.14141463267142873 0.002426785767152939 1.6322017569036553
90 0.9324771516215484 0.14145468275896111 0.0033554565375097933 1.6322031245241018
95 0.9318612316806105 0.1428139058658786 0.0018238999571342784 1.6321744848182056
100 0.932051534652254 0.14235101445907072 0.001018972881394964 1.6321765899291611
105 0.9322071404158301 0.1420030695101766 0.0010292134153744303 1.632155198933413
110 0.9324386115741264 0.14162619230028506 0.0004864719122130712 1.6322155565293883
115 0.9322269547972122 0.1419885804641523 9.610765155843026e-05 1.632123921732426
120 0.9321862823338705 0.1420685928506904 0.0011643125948677113 1.6322459128092857
125 0.9322508276479959 0.14197919105652224 0.0007040752674194461 1.6321590422967804
130 0.9319322340141902 0.14266513680120418 0.0018041189541551095 1.6322275616770718
135 0.9322574677488107 0.141972621249842 0.0006727110707138717 1.632172329779167
140 0.9323593024715229 0.14178750016051644 0.0004498089669229266 1.6321588852796358
145 0.9321894427929789 0.1421024387401928 0.0008252977520362137 1.6321932334756337
150 0.9323624567634728 0.14182493803446983 0.0005002211032583137 1.6322053635380491
155 0.9322203782493701 0.14205115104466137 0.00024393694751312367 1.6321513458136336
160 0.9321709201789208 0.14213717552463478 0.000693743924562229 1.632246464563311
165 0.9320535573630919 0.1424151303423442 0.0009415857936889704 1.6321742786459037
170 0.9322299786436508 0.14207695200875436 0.0007280429448286441 1.632183275779479
175 0.9321910754276856 0.142118347666627 0.0032550332150891315 1.6321748709411004
180 0.9322484683354453 0.14202625591072993 0.0002558796941398711 1.6322187410635518
185 0.9321580677008496 0.14219676124303882 0.00024856384482818683 1.6321384362019815
190 0.9320146737887496 0.14247761653298197 0.0015844733244330111 1.6322688217029366
195 0.9318206491018839 0.14348151889915917 0.0032694414384035753 1.63189728902493
200 0.9321692521227052 0.14220854651575587 0.0026625279775402966 1.6321775036526984
205 0.9321257320214508 0.14227202759699642 0.0023920065380909072 1.6321972906217437
210 0.9316347688378226 0.14331084219150148 0.001440260933405657 1.6322162806843445
215 0.9322276942147467 0.1422408852721353 0.00020597553443102434 1.6321331674704869
220 0.93211697160137 0.14229345857400721 0.00025942697565040085 1.6321984160366767
225 0.9321229763371859 0.14229052404743237 1.9250123561409538e-05 1.6321769758630995
230 0.9320781684700737 0.14243858044156243 0.0002456340030163595 1.6322420337755112
235 0.9321178380926293 0.14229925030964896 0.0020418184655737193 1.6322345959315272
240 0.9321691594602919 0.14249223196983096 0.002154938936864692 1.6319277893848534
245 0.9322292652191613 0.14217938297475574 0.0009067690002457773 1.6321349736953001
250 0.946865230563378 0.1146429745714379 0.05057862850466277 1.7571006961999027
255 0.9628995689952232 0.09039054319784245 0.012423378092038417 1.7204890175763183
260 0.9655973145113963 0.08655775267819843 0.020666437422353967 1.7162142443596318
265 0.9668948197131251 0.08439627024319463 0.03484244747902987 1.7135999244540536
270 0.9675918934594283 0.08264480612998182 0.017950251440253417 1.7120395074162946
275 0.9681833717113082 0.08123849433158603 0.0456165238356423 1.7106130764621739
280 0.9683579920285219 0.08052979839396568 0.018754311972995374 1.7092689690283984
285 0.9688704085733192 0.07914763161962712 0.03887835065058454 1.7081350474956707
290 0.968927136492512 0.07888914412968773 0.056568509992986016 1.7068811335534786
295 0.9697337001736939 0.07645487549137231 0.029591009379160926 1.7060022799873895
300 0.9698743812072195 0.07609704054072775 0.03361559850887064 1.705003431762015
305 0.9703879280323257 0.07441374732877848 0.02906761001807423 1.7040172072806226
310 0.9707715229377628 0.07341606511477927 0.0426132110732671 1.7031718798007256
315 0.9708722193765148 0.07291766471340866 0.015503443970249942 1.702070339786781
320 0.9714040596220098 0.07136338205846471 0.041505456681177444 1.7011423992393861
325 0.9713860773508984 0.07132794871886228 0.021414637920561974 1.700206814489023
330 0.9719138579145461 0.0698866523753745 0.014061437041496427 1.6991349533096887
335 0.9725500127551556 0.06815769321005294 0.05180990728205859 1.6981631923954186
340 0.9728142193098768 0.06733755691925447 0.03896246221909849 1.6970112571086522
345 0.9733753654003474 0.06577026925683871 0.03440742063679236 1.6957480205701352
350 0.9738215593458062 0.0646448312919099 0.0017429905160593062 1.6945887412542253
355 0.9741237061495669 0.06363156681120241 0.04766970255421632 1.6933829104731708
360 0.9747597281233593 0.061840722078071675 0.029472723049817517 1.6918704282281252
365 0.9754684624802539 0.05999664099681912 0.039587577779365724 1.6903844254957958
370 0.9760164713365461 0.058633913099682466 0.009879925671146816 1.6887960020664396
375 0.9766337022400686 0.056941562841897664 0.02280277848309309 1.6870861042511391
380 0.9773517317636453 0.05572669385995366 0.04042383254033233 1.6850050380274473
385 0.9784792300372891 0.05258621988935963 0.01946184370793924 1.682936664029399
390 0.9791360607132478 0.050212914333153114 0.018290820099465144 1.6805005018314612
395 0.980460925062655 0.04690712969535227 0.012651741937684369 1.6779600766922866
400 0.9816111059889642 0.04403122277851512 0.005261603027232775 1.6750632269142272
405 0.982788271321263 0.041077429288581824 0.020520071744219326 1.6723038187692882
410 0.984073869935628 0.03790585736959118 0.010403119016154427 1.669276729456425
415 0.9849967129833768 0.03510438319514897 0.02937078986341879 1.6657849783981766
420 0.9867446736706342 0.031211979604790274 0.016931648277504152 1.6629100390363305
425 0.987847753206855 0.02799513913780438 0.006885332192283489 1.6595636847446718
430 0.9890721820571182 0.02505295483736303 0.01247588242847364 1.656540903792858
435 0.9905034681628082 0.021854414534087097 0.004201856907639856 1.6537585104476755
440 0.9913100630789793 0.019777598906442373 0.004468952959622907 1.6513190475596662
445 0.9921703991258148 0.01889869344479056 0.0030623523491666305 1.64888159339248
450 0.9932452768618886 0.015031765406914088 0.0012940639965328682 1.646918907529886
455 0.9941968466247866 0.012757635698468661 0.02149330248929826 1.6454371334891238
460 0.99493501948055 0.011382852879596506 0.0026249546452048467 1.6438269877241307
465 0.9955244880416405 0.009841305236168552 0.001966757375655437 1.6431796127066314
470 0.9959028949651749 0.009390903782401594 0.013890647555393931 1.6416202180417852
475 0.9958725488566157 0.01024030044949198 0.00421660475783181 1.6410393421389622
480 0.9967082060253749 0.007464219252979465 0.009092048389327978 1.6398711671319248
485 0.9964891177200534 0.008104502144623327 0.0029636600489093556 1.6396899733579662
490 0.9968696079565765 0.00712739467568646 0.0028697388993450534 1.6390275291579
495 0.9972223920902964 0.006268568908071259 0.00022066023393252365 1.638775030788423
500 0.9977168818337435 0.0049960566619857705 0.0030432671963813718 1.6382701738020744
505 0.997844477819035 0.004615218534745447 0.0013649258518679819 1.6376067163643808
510 0.9980423545879814 0.004181654164427506 0.0020324930834279 1.6376387081546602
515 0.9972387439713079 0.007601439217004291 0.004264186558824878 1.6381782415524269
520 0.9961326684647559 0.011096398226687842 0.0055098279421859075 1.6371968004116693
525 0.9978001772881758 0.006004476363222322 0.005240195578453566 1.6368924419668063
530 0.9966109631494533 0.01060551302042434 0.010145622704319068 1.6372628652747108
535 0.9980386103673905 0.0048540381459361015 0.017074183395372255 1.636803369629482
540 0.9985960027414869 0.0031722218240370914 0.00016747095128577527 1.6367106223306505
545 0.9987096901168446 0.002757583383988349 0.0002927296193839801 1.6372146707344546
550 0.9987665131619377 0.0026912029694128314 0.002392846050152553 1.6364190577714461
555 0.998441294280185 0.0038380459694364877 0.003999214554401442 1.6366952379609419
560 0.9988531174309099 0.0025214883495059404 0.0020178244815776125 1.636435141530917
565 0.996955511427007 0.010039379440697882 0.004466363196598433 1.636052133665624
570 0.9984928107833073 0.0038181584350647224 0.002671963039322156 1.6356820274118087
575 0.9989534775949509 0.0023336638892954564 0.0014104365078120296 1.6359546391601874
580 0.9976933329774602 0.007486173153541831 0.0003131413672767813 1.6353544479212838
585 0.9981711810386726 0.005175097517492899 4.3781029757772316e-05 1.6360634245310282
590 0.9987268138458244 0.0032340701432658214 0.0002623275998283603 1.6361847611426297
595 0.9987980055446135 0.003223154319875965 0.00019625550609436715 1.635735782190079
600 0.9987242551540136 0.0035569994055244525 0.013622170579961068 1.6365242995669302
605 0.9991364469298695 0.0019210275332928184 0.0019337685550919748 1.635404649596691
610 0.9990490604727147 0.0023419184522956993 0.0012173950511096265 1.6359814224354778
615 0.999175988193389 0.0018700341483581795 0.011605978909366987 1.6356814505510515
620 0.9992045642132283 0.0017638161952373554 0.006900833682304874 1.6353570054738658
625 0.9991320687120783 0.002135796997471573 5.279106335676076e-05 1.6353089249177017
630 0.9986914981379573 0.003648837473797073 0.0010095816721122919 1.635163929772054
635 0.9991580599002499 0.0020945745747085187 0.010095300588752742 1.6353751842595188
640 0.9992469436898309 0.0017317043150804068 0.0009685082737469486 1.63541809600422
645 0.9992970684902339 0.00154556644473125 0.0003731268190669823 1.6351808566975203
650 0.9983041994509102 0.005602976212297106 0.016945250006884294 1.634927444978695
655 0.9988304101490593 0.0034982053295660176 0.006161720420489569 1.6354155587330832
660 0.9959669392256071 0.014147812180024921 0.0030280212709967724 1.6350004608269573
665 0.9991685400200048 0.0020789781324130896 0.0005080973035676006 1.6350246353872908
670 0.9993160897051003 0.001657397001623595 0.0036378444001945454 1.6354748192442645
675 0.9993117975430374 0.0016381684959259069 0.0014092670892442705 1.6356208724499002
680 0.9989019369758516 0.003255499557818897 0.009666730465366369 1.6351456566428977
685 0.998957287239592 0.0031591324148338984 0.0016615218706430568 1.635373881572684
690 0.9986636249334236 0.004351073383543902 0.0018263242092315668 1.635326088483327
695 0.9994192673720828 0.0012716420049405652 0.0011006448483092957 1.635235481396687
700 0.9984416679555417 0.005216753497627735 0.003828967088900681 1.6351253471425076
705 0.9994010067926649 0.0014303124714476478 0.0009658480051442098 1.6344688830318321
710 0.9986187916648435 0.004583239929365046 0.0019148192312010703 1.6346111356241722
715 0.9994567560326334 0.0012039988448453443 0.002508091622568598 1.6348188511034032
720 0.9994225691318529 0.0013386299707802696 0.0023148617613752975 1.634715350368016
725 0.9985527821950284 0.004882594766643766 0.004386334167862271 1.6344742413105964
730 0.9994531636816524 0.0012209918452372737 0.00065229635181141 1.6351142043583788
735 0.9992865760784919 0.0018904009612028538 0.0006770591059608311 1.6352376301191307
740 0.9994540392255628 0.0013068045659485605 0.0005277357548405526 1.6349328861367747
745 0.9988042666743514 0.0037023312722235246 0.0015431412255622057 1.634542768311134
750 0.9978237524091615 0.007816752153163131 0.022040981269223048 1.6348391339546071
755 0.99894382112974 0.003224173395690366 0.004464988016343208 1.6343006644057183
760 0.9994363115556448 0.0014072732276100286 0.0018360742681782227 1.6349586319244522
765 0.9993886382369801 0.001650452519271095 0.001841622277576116 1.634805538895931
770 0.9994976688693942 0.00118171251584398 0.0011164142630188945 1.6347339473683828
775 0.9992159224245768 0.002224475650312918 0.001467402323910516 1.6346161005186024
780 0.9985623633981151 0.005006901451890755 0.0035053554678219356 1.634744375901782
785 0.9990779853082911 0.0027603729172491764 0.0005013453921987043 1.634656555323193
790 0.9983679198082778 0.00579498387367261 0.006773892300907969 1.634498743596887
795 0.9994537413960439 0.0014211426072199274 0.004109473914514661 1.634749974645409
800 0.9995339103644888 0.0011003845033217274 0.0005538508609963522 1.6342356447209712
805 0.9995377768961652 0.0010937600508607037 0.0008786740709667562 1.634601754770952
810 0.9994386707983401 0.0014603264841617225 0.0034705681376399067 1.6343964718328636
815 0.9994136093534203 0.0015379671452984134 0.0004101100948932235 1.6342170360431019
820 0.9990680402901871 0.002842014754742772 0.0028208825261311077 1.6345791760351356
825 0.998375980751 0.005528825071501098 0.001937206116666479 1.6340626351490346
830 0.9993515685173948 0.0018229830661053992 0.0004152960946230966 1.6346901940166232
835 0.9993672630915345 0.0017325312746359067 0.0017861218421875158 1.6347181138547484
840 0.9990005051318154 0.0033245278732685346 0.00441296013197312 1.634378916797238
845 0.9995274588395385 0.0012191745882954574 0.0004503522124110759 1.6341806656116757
850 0.9994598734457005 0.0014944426795535648 0.001636252649880987 1.6346534371722772
855 0.9987496446937617 0.004315082212153376 0.006366593681108812 1.634471843725366
860 0.9991669285729764 0.0025352042554258603 0.00016628212857838776 1.634315850769543
865 0.9995660303483104 0.0010860209184189173 0.0011096992203740719 1.6344890830983418
870 0.999474862126668 0.0014678738095064148 0.0040762258121607164 1.6339051372672875
875 0.9994735376985613 0.0014711516026362226 0.000281593789779766 1.634129404322057
880 0.9995797613126691 0.0009973404372394246 0.00046328437981824067 1.6344976187279476
885 0.9993403895071973 0.001998285574446479 0.0023316291809734047 1.6340832591051548
890 0.9996397157614691 0.0007947974019775206 8.08491984787274e-05 1.6341937828498667
895 0.9996027730163499 0.0009523213969944155 0.0008864922602926928 1.634068182882478
900 0.9995373262738247 0.0012374917801798446 0.0017669441387124785 1.6339670628460115
905 0.9985352344040701 0.005034688668838161 0.005785782283135754 1.6339990920026517
910 0.999639049399194 0.0008301605457639027 0.0010828795650852374 1.633980274185892
915 0.9995326440022254 0.001198668113206347 0.003425130143140942 1.6340932682315872
920 0.9994841998939565 0.001408996218044356 0.0026017011308463456 1.6342842440055536
925 0.9992837945363781 0.0023098523667832715 0.000528622011244817 1.6339080878072203
930 0.9995401230789965 0.0012690028710284906 0.0009534659686929459 1.634408554434319
935 0.9974014544382548 0.009465625525410859 0.017738648817067215 1.6337998341026696
940 0.9995740510593332 0.0011187133591612497 0.000560895042982068 1.6341026650399422
945 0.9996427290634957 0.000859064761755679 0.0007439999223342042 1.634294850109248
950 0.9994051799558139 0.001746946069468125 0.0028211588371176433 1.6339094386877004
955 0.9992705899879386 0.0022538674729351005 0.0016088323860392606 1.634211690337157
960 0.9995137781083315 0.0013820887206816845 0.0029534690820871567 1.6335618366105424
965 0.9992264738273589 0.0024199638841755355 0.0007653191825882644 1.6338146427053752
970 0.9996028844718732 0.0010389114378601683 0.0008129182657543588 1.6338787481718942
975 0.9995665146096269 0.0011482911319664613 0.001104396860758916 1.6339597381392306
980 0.9992446542568404 0.002374592517049301 0.002008159010320476 1.6339811710684193
985 0.9988229040448934 0.004216053506700179 0.005663318588070343 1.6339319886087988
990 0.9996474801232628 0.0008594598978470813 0.00014344448437397794 1.634158520246617
995 0.9996702586147307 0.0007806695859777779 3.426272109896544e-05 1.6340092930586858
1000 0.9994048801407605 0.0018564948041932539 0.0020736939540375587 1.6340533561490718
