0 0.568512876177933 1.204489604557451 0.29218379585146215 0
5 0.7037535418839334 0.7345332056907798 0.12249798137226242 1.8426592379915419
10 0.7526772054341563 0.6017988960572733 0.13439202176228515 1.7900946630280352
15 0.7877652954756535 0.499497803182122 0.039016694434075294 1.7475676106854414
20 0.8321124817467093 0.37694980912516174 0.01910046558144529 1.698611949704827
25 0.8784782836660843 0.26155854732749106 0.03583825975693933 1.6579372721182417
30 0.9099403547488965 0.1895153454266485 0.00962206309140523 1.6383143939518183
35 0.9251916140992149 0.1566193289963418 0.0004808453998257356 1.6334199245703858
40 0.9302467687539826 0.1459360767006337 0.001859657350788746 1.6325014383178655
45 0.932372447256768 0.14187177679619611 0.0019452142678892947 1.6322521181306313
50 0.9331398593198326 0.1399660184207605 0.0010428042600916232 1.632210693102192
55 0.9334328507869241 0.13934485734186697 0.0010670631201370462 1.632239497982898
60 0.9334829052660463 0.13924577970986984 0.0022836758599247275 1.6322437018087497
65 0.9335974905529274 0.13903462799674093 0.0015808058510222711 1.6321711432980408
70 0.9337422911970117 0.13900048342084004 0.0005235591437939835 1.6321228304643807
75 0.9337634601072076 0.13879956929939574 0.002577496199114071 1.63225772480152
80 0.9337524231930227 0.13876069148447057 0.001054034046938046 1.6322273706941113
85 0.9336469680575044 0.13898220500764125 0.00022466103815710348 1.632216565300731
90 0.933434231477309 0.13940979704114476 0.002553998921378531 1.6322023299430817
95 0.9334630456832896 0.13938501410502124 0.0003967643853934888 1.6320797178947801
100 0.9335701232246699 0.13917101562487888 0.001267102190071645 1.6322070849744406
105 0.9335695045441013 0.13918631633732215 0.0025218675508960064 1.6322760970264867
110 0.9334637891371373 0.1393773493590813 0.0012642741380093359 1.6321714270736942
115 0.9335447877089218 0.13925278571730115 0.0005271630991834364 1.6321915637844606
120 0.9335249656005222 0.13927967335743574 0.0008625241198594313 1.6322528756913912
125 0.9334405534639562 0.13953330913277373 0.0022838497578616668 1.6322170239694918
130 0.9335844846623066 0.1392336040211002 0.00023403406334732146 1.6322008637014025
135 0.9330150885213451 0.140348212427569 0.0008951428900159097 1.6321686551202739
140 0.9334583769503559 0.13944280254998742 0.0005186826936991462 1.6321009953259236
145 0.933341255441893 0.1396508366007725 0.0007339054892685493 1.6319540527249439
150 0.9335805879306489 0.1392704761767325 0.00015633171392503975 1.6322269617817482
155 0.933262506966247 0.1398408567984617 0.0021502573493101806 1.632150351138706
160 0.9335949571375954 0.13929810404522547 0.0008508195894345594 1.6321985514100785
165 0.9334134202612945 0.13955741272429045 0.0004004220141262671 1.6321439896040044
170 0.9330308131059784 0.1403508028565339 0.001660942148073108 1.6321682475756965
175 0.9334746874004098 0.1394512433802897 0.000847267105377858 1.6321245956867074
180 0.9334034939370751 0.1396719333453167 0.0015067042972913836 1.6322085599022151
185 0.9331028025055237 0.14019915025902918 0.0007243005638932765 1.6320832458222905
190 0.93289498019905 0.14062064104871785 0.001880814336764125 1.6320193339220317
195 0.9333284932493668 0.13969765273695356 1.0179175315760958e-05 1.6321794090831252
200 0.9334272294764672 0.1395646911637607 0.00022254076778160936 1.6322251558422574
205 0.9334106909417238 0.13976025394434877 0.0001295788043624846 1.6322130129930108
210 0.9329903798471733 0.1411932844217143 0.004275830438377426 1.6321711417569835
215 0.9333912743454424 0.13963725991986675 0.0014863428920746102 1.6321797196001335
220 0.9333822250270376 0.139632253721218 0.0011052442052754685 1.6321946362285484
225 0.9329245237217041 0.1405613216716215 9.262658152398018e-05 1.6321777744797175
230 0.9331436842720755 0.14009102010427776 0.00015648656414235518 1.6321886558967484
235 0.9333896266525411 0.1396361067346501 0.0031783629325805585 1.6322267269650395
240 0.9334061887924154 0.13962015390554594 0.00019592238898380465 1.6322041372274214
245 0.9332848945525903 0.1398058630229151 0.0011581550814385722 1.6321930237620415
250 0.9479891850734881 0.11251315870373091 0.02997462271072515 1.7549364452542384
255 0.9631096557957735 0.08952897150238792 0.06000273423567615 1.7197726670290134
260 0.9657579853107088 0.08593733427989791 0.04784339164778073 1.7150563478382057
265 0.9671057128947456 0.08348042490674534 0.05823262332486423 1.7129887701092636
270 0.967694009849323 0.08220481314418304 0.023192826553259493 1.7110388901752862
275 0.9683752452997383 0.08013944116312377 0.011641139189838778 1.7096888205312348
280 0.9688127737759963 0.07897570251125874 0.04612720750964172 1.7083182469050098
285 0.9691104932671157 0.0778942718967226 0.035912520480535726 1.7070093920379055
290 0.9697483310753576 0.07616823120744365 0.005382578168326102 1.705747817660565
295 0.9701306090501887 0.075214204097934 0.0364395783202871 1.7045274505349248
300 0.9704173410901327 0.07432576459628071 0.015779766601592637 1.7033934636770125
305 0.9707502087253594 0.07320241756688883 0.04153515562984844 1.7023373018935226
310 0.9714035281175304 0.07139258669533932 0.019567880076089672 1.7011556578374931
315 0.9717933524517027 0.07034515976942357 0.04012597617106528 1.7000878456627109
320 0.9722534204073618 0.06888309433646822 0.0684212961158277 1.6988520103795843
325 0.9727452482097811 0.06757790375536477 0.045856534415480654 1.697636161564661
330 0.9729890279388851 0.06668055639223147 0.0252076810197448 1.6960265513858561
335 0.973743659735641 0.06463012662920997 0.026382733040460238 1.6948178797280944
340 0.9737947288018696 0.06448643263241172 0.028746592298464435 1.693319747516072
345 0.9748756449524634 0.0613761002332982 0.04918308611481015 1.6916603152749872
350 0.9756574655062097 0.0595515808398237 0.02033204774356956 1.6898036688179203
355 0.9762749704089628 0.057619150495749505 0.024231124053694097 1.6879771019579652
360 0.9771621968203125 0.05528444196622684 0.03213458902224797 1.6857857833872782
365 0.9780692432316966 0.0527917449142532 0.01892270978046806 1.6835260494576056
370 0.9791041361892958 0.0503982358935704 0.019022254934201843 1.6810151225002503
375 0.9801120722298557 0.04779121835333 0.018204644262180825 1.6784585156077936
380 0.9812447946129599 0.044344013955973205 0.020963022115940033 1.6754881050531223
385 0.9825577097026837 0.04114468697466411 0.016058078300918543 1.6724069974981368
390 0.9833613674227979 0.039012148431759375 0.02873096897514471 1.6693908066169225
395 0.9851812847972158 0.034739441793142145 0.011002509264643523 1.6658877320098793
400 0.9862565080623977 0.0326194784931606 0.015706616185993783 1.6625667367599517
405 0.9879653436370379 0.027773734504536796 0.002543914660458668 1.6592714330439886
410 0.9893274981868978 0.02413491632053244 0.012728140505504859 1.6564596507898408
415 0.9905995735682909 0.021046981814439647 0.010770214483587282 1.6532557948282234
420 0.9913753661271107 0.01935334941908806 0.018940172485831575 1.6504402732450785
425 0.9917344001483075 0.020225882519657956 5.491066696183822e-05 1.6484102230707256
430 0.9917181882344329 0.021059268557346966 0.021503440984288247 1.6462867814366406
435 0.9937053619658048 0.014288995491979373 0.0014358063758757034 1.6445398031436278
440 0.9951190803140411 0.010603257515430897 0.004347552778184882 1.6432496864565906
445 0.9955870870245298 0.009720903200415076 0.01599373704130369 1.6421987416574853
450 0.9960472792870547 0.008669082513978132 0.0026603819055792677 1.641128428147766
455 0.996538398086843 0.00736594917917599 0.0016256356541439754 1.6405537466456064
460 0.9968111638569075 0.006842288423112297 0.002172227078065747 1.6399264232661883
465 0.9970896176368115 0.006355445508133384 0.0023882284638512274 1.6394266384738498
470 0.9973643746291516 0.005692470614672818 0.0033615264728363847 1.6388122469575834
475 0.9974852684609936 0.005540412078757662 0.0012302201015210734 1.638250923660269
480 0.997699904717603 0.004999839958607755 0.0029516672764682284 1.6381222190350904
485 0.9978866444082577 0.00452435017005981 0.004912782953821804 1.6375718727171307
490 0.9979864880974387 0.004337276950484581 0.009128099267652345 1.637300444642445
495 0.9980266288889901 0.00435971530319379 0.0001250622911932453 1.6376715034671208
500 0.9976636422140832 0.0058222297344283636 0.003863421077053397 1.6366149072636875
505 0.9983531395895069 0.0036108406098311896 0.006447202054968626 1.6368171171312873
510 0.9978702859667861 0.005678501122338364 0.0008938201722150652 1.6369428562381623
515 0.9985307645837005 0.003146224457329927 0.0010054690929750532 1.6361750335096437
520 0.9985111154548089 0.0032969785607315227 0.0005608360547966207 1.6359664338586755
525 0.9985770590810885 0.0031816728664089133 8.123613463295598e-05 1.6362057315999257
530 0.9981722171347351 0.004709217769722329 0.0022125175163325572 1.63603830627706
535 0.9987227035543578 0.0028725965024061217 0.0002689379066123099 1.6356785415017696
540 0.9984445938868319 0.0038780371428690508 0.0025718991606191732 1.6358263375173099
545 0.9988296583415385 0.0025781401936342263 0.00014250609209742748 1.6355003871290454
550 0.9984094916053092 0.004321570320331203 0.007294084314365623 1.63567083393014
555 0.9983892285883781 0.004275493105360351 0.007974162605759005 1.6356435887385674
560 0.9989783769734698 0.0021967365365482827 0.0015030648109171096 1.6359029494553587
565 0.9978632345148729 0.0063809399533605315 0.012066495502532915 1.63507257680424
570 0.9989638787166569 0.002362196351886059 0.000521868974026507 1.63522401870993
575 0.9988065725467938 0.002959473680874014 0.0006364088723178618 1.634948307946136
580 0.9991092806003823 0.0018935689529047117 0.003186103126071149 1.6354100771536741
585 0.9991089476198622 0.0019795306425147707 0.002111851364681394 1.6350214966276342
590 0.9991330927502657 0.00189408948179004 0.005921935693168123 1.6350107390244082
595 0.9989285042070133 0.0028048328385774646 0.0024351377721187895 1.6346623514064171
600 0.999148606407879 0.0019432843911326714 0.0015782214979664921 1.635161400831746
605 0.9992059708812753 0.001742361277516924 0.0009059765624945815 1.6349098593023124
610 0.999248666514065 0.0015956714339924183 0.0021355573208008405 1.6349245149959934
615 0.998725906103451 0.003567039369751779 0.0008956795561854136 1.6346650508911202
620 0.9992680678319181 0.001601389264919817 0.0009436129351418909 1.634878666241538
625 0.9991877500705497 0.0018859649595910355 0.0022080258501000483 1.634920293615453
630 0.9991881710321499 0.0019726078473527586 0.0012758910853802874 1.6345450459908974
635 0.9993088053165768 0.0015145811276935373 0.0007359674758733448 1.6347711937261247
640 0.9992700805470989 0.001706062818183307 0.0673993149803489 1.6344049316860798
645 0.9987990064421447 0.0036113281791849694 0.0010665224049859479 1.635004012512125
650 0.9978864637108174 0.007231334888353702 0.003878681354823943 1.634437180011569
655 0.9993108513381395 0.0015601889685217252 3.162542278145608e-05 1.6353248371666556
660 0.999341292192641 0.00151210665270618 0.00033547010278422995 1.6347167531965576
665 0.9992670743182055 0.0018202315042830097 0.0034853963535279586 1.63452350351518
670 0.9992184162414623 0.0020673835060027734 0.0028353953275583876 1.634337784289999
675 0.9991152253066841 0.0024754160386972757 0.003778863238965924 1.6342293261463143
680 0.999378095135796 0.0014455843043239547 0.0008618277498040339 1.6347553875914773
685 0.9993880474798449 0.0014225872146538254 0.0008178526520750129 1.6343081562507575
690 0.9986560042055188 0.0041525483662203655 0.0013012283643276668 1.6346382541039401
695 0.9994250491077886 0.0012760370469027116 0.00037208943554345453 1.6343652141115155
700 0.9994083488751739 0.0013414271417730994 0.0011639759406383288 1.6343396232963545
705 0.9993827774815355 0.0014467841903185175 7.967823155552445e-05 1.6344721332279477
710 0.9988582070169757 0.0036421411882006094 0.0030444175314408017 1.6343752071980282
715 0.998320725638006 0.00552531213515306 0.0013368856564137666 1.6343523569598377
720 0.9988916366136283 0.0035379742245593704 0.00023850056693985877 1.6337864395821016
725 0.9994758225715865 0.0011599367266059701 0.0020263792402788194 1.6341387885151257
730 0.9983315264125956 0.005756563603662057 0.006544845021016821 1.6341045865314532
735 0.9994782771280518 0.001174741578866545 0.0005606790205738843 1.634414891853646
740 0.9989044534343874 0.0035243776367859248 0.0012298743406231605 1.6340265356035135
745 0.9994828486284473 0.0012078153481405174 0.007470156558351482 1.6344519253783898
750 0.9992512779803056 0.002045446076820001 0.0016753454853184468 1.6344154770967925
755 0.9979244110243743 0.007142493283230467 0.0026834229878156535 1.6340221695249324
760 0.9983595235382514 0.005739132434680494 0.0006421225942894182 1.6343237461938893
765 0.9990902924633411 0.0028303948985450855 0.0028418440979389725 1.6339508555037832
770 0.999499387376817 0.0011685219448811512 0.0004839581089868261 1.6343651376711954
775 0.9992302700832465 0.002178843950780829 0.0019890377631819334 1.6340291791713097
780 0.9995393565792636 0.0010504441791761021 0.0013136012917307482 1.634134632408235
785 0.9989311234482439 0.0035157989274612333 0.004711728296812989 1.6342674919491285
790 0.9994194115894885 0.0014895700129211598 0.0031873610968555788 1.6340454506592874
795 0.9995327430063338 0.0010931133129610249 0.0008930375045426153 1.6342038605416949
800 0.9986409544848002 0.0046720122255212715 0.0049000393674027976 1.6340632802654043
805 0.9991467280348054 0.002548932251907887 0.003870459996083042 1.6339418743771625
810 0.9982905702263116 0.005874160162909536 0.004791231012168717 1.6341077222206584
815 0.9994642993835798 0.0014161346110812545 0.003824627151460591 1.6339680133195917
820 0.9989092551788883 0.0036565527937835185 0.0016330721958843775 1.6339468934712278
825 0.9993027420129129 0.001995548732952601 0.0007240993434936005 1.6339793753968923
830 0.9992355200297879 0.0023490649967030652 0.0013808099039458455 1.634185460169578
835 0.9995348055742117 0.0011573312741623987 0.0005513491917590319 1.6337660868606576
840 0.999562863010846 0.0010188712425129864 0.0007074566636062762 1.634038439367078
845 0.9994721554404902 0.001435431742711435 0.0030516730226528566 1.6340994808099227
850 0.9994294660860675 0.001542341614836129 0.006813848321439053 1.6335678964354683
855 0.9996065541318051 0.0008863162065857466 0.006236414132610779 1.634022049205389
860 0.9995439231507832 0.001149883657952433 0.002133863789230306 1.6342823103370783
865 0.999564974055437 0.0010796164811495146 6.939342425482664e-05 1.6337666713371146
870 0.9984278808465786 0.005425557291616867 0.0038309648703316324 1.6336545894571404
875 0.998129809183048 0.006830475372529676 0.019152163340301565 1.6333687702315893
880 0.9995594990574488 0.0010759276111986793 0.0019961414155300616 1.633989231623481
885 0.9996243797443602 0.0008480978542375617 0.008575105113525439 1.6340221600451617
890 0.9996016548560338 0.0009593375857976927 0.0020099878039512298 1.6335520644700867
895 0.9994508391349968 0.0015897252821461816 0.0039336298358017 1.63363330022242
900 0.9995503024708384 0.0011873232437085157 0.0017270302731644538 1.6337727827558088
905 0.9991497095654465 0.0026708690176988625 0.0018862980793663553 1.6334980335532883
910 0.9990384248279353 0.003106592884248638 0.00044330170388473533 1.6337591240194727
915 0.9995785870679637 0.00103937206566318 0.0006037611555493871 1.6339691267925778
920 0.9993622424343717 0.001963784858115769 0.009458983149587485 1.6339668637698281
925 0.9996256816074223 0.0008704789080076214 0.003334397713181003 1.6333661872901757
930 0.9996360935596591 0.0008591022035036033 0.0008935455054974728 1.6338382662158384
935 0.9995103878141596 0.0013669177442121594 0.003896650648199218 1.633484719129201
940 0.999502572909831 0.0013567588120024787 2.956369952333837e-05 1.6337683707010193
945 0.9996398837370135 0.0008388035624107282 0.0010527263832682543 1.6339619086274306
950 0.9995668145703851 0.0011196541430491536 0.00469235819641467 1.633770591115941
955 0.9994881674448449 0.0014184171354358899 0.0019540081540316834 1.6339479103168726
960 0.9995908059699204 0.0010312760317590097 0.0003030085548441086 1.6336808262519125
965 0.9992806431411039 0.0022234018691811297 0.003574605181717594 1.6335069509287776
970 0.9996710571026106 0.0007422780848542754 0.001119551311107525 1.6335950056698314
975 0.9993950827181002 0.0018786474763077265 0.001477208650015438 1.6335380211942438
980 0.9994356683009991 0.0016499988627955986 0.0029986511267852123 1.6336044123560156
985 0.9996313934909855 0.0009343704935682595 0.013784114888991228 1.6336466040361655
990 0.9995020607189005 0.0014610968564825466 0.0028229911076653735 1.6334240553943333
995 0.9996598886230855 0.0008001605487200081 0.0009925513672135455 1.6337404412668235
1000 0.9996932609399257 0.0006861837053671049 0.0012714534152582502 1.6335934413127742
