0 0 0 0.28099019499430145 0
5 0 0 0.004169530873272764 8.214893018023991
10 0 0 0.0033594337370885796 8.145188507416009
15 0 0 0.00014134116187003443 8.115382555286406
20 0 0 0.011621754154667041 8.09287211156274
25 0 0 0.0003207147311488079 8.082270881081147
30 0 0 0.0005794710201647568 8.074398260913334
35 0 0 0.0038646550022334303 8.075834180291293
40 0 0 0.001489080591257519 8.066452954991034
45 0 0 0.000993881267408181 8.069715742842288
50 0 0 0.00731779213091488 7.87945316534942
55 0 0 0.014397550985571161 7.876164110603975
60 0 0 0.00974653892511368 7.874263539727954
65 0 0 0.006869502142240247 7.875643969680685
70 0 0 0.011658069416096595 7.8761918387148855
75 0 0 0.012011673377071874 7.87369878676617
80 0 0 0.009210051709076517 7.874063465737609
85 0 0 0.009676893376274531 7.8748857733733715
90 0 0 0.008293764486501098 7.872751077108957
95 0 0 0.012595463520391537 7.876510962993075
100 0 0 0.010222527450538532 7.872653562824836
105 0 0 0.010623794485886684 7.870955914863835
110 0 0 0.011307554328656266 7.87175133876217
115 0 0 0.008072631996143054 7.8704330503774065
120 0 0 0.009088680104003988 7.874964832366752
125 0 0 0.00944491253917934 7.870597088300148
130 0 0 0.013497545618610385 7.870892106715311
135 0 0 0.011417079569233657 7.8726530825266146
140 0 0 0.009815213688568969 7.871959287996076
145 0 0 0.013994390792636313 7.8703614616814725
150 0 0 0.014295924257617276 7.869587174496228
155 0 0 0.01262092429648165 7.8694129020108745
160 0 0 0.008088058613622273 7.871351435628745
165 0 0 0.007367806619089867 7.869474461697463
170 0 0 0.011193865528840607 7.870623841957261
175 0 0 0.006542537587450159 7.868642883211967
180 0 0 0.010922776233569076 7.8674961647217
185 0 0 0.017190329077943156 7.869033009647109
190 0 0 0.013952291930066973 7.869451965421377
195 0 0 0.010223438487461323 7.86764621643549
200 0 0 0.011497016225852974 7.869533138286
205 0 0 0.010536966428085881 7.8685485567349955
210 0 0 0.009193714144022591 7.8697576536801535
215 0 0 0.011713214882019152 7.867598912244116
220 0 0 0.01065489976563505 7.868404204330229
225 0 0 0.010649985086821578 7.868540300295011
230 0 0 0.010733577008427142 7.868286949185797
235 0 0 0.009634416487876774 7.868622456375295
240 0 0 0.012603477713930111 7.866902717928807
245 0 0 0.006339721386237729 7.8663465206670535
250 0 0 0.01224079115787191 7.867268935824683
255 0 0 0.008752149174169777 7.86678638525391
260 0 0 0.01177769361865999 7.867866624063919
265 0 0 0.011470612478818643 7.868145961722568
270 0 0 0.011092315545763842 7.866616467152297
275 0 0 0.015513806011385745 7.866314607819297
280 0 0 0.014620160829746487 7.866367629981924
285 0 0 0.010769008892030918 7.867127317978706
290 0 0 0.011293846749457881 7.866840036394695
295 0 0 0.01249826942109733 7.867064876204216
300 0 0 0.009226997657557856 7.866641770579922
305 0 0 0.011117035823759336 7.866996607877188
310 0 0 0.017716114884330558 7.866386313046754
315 0 0 0.013091649061010235 7.865487060668505
320 0 0 0.00929167200772163 7.866164895150007
325 0 0 0.006287433538429088 7.865596138598794
330 0 0 0.010957963559048434 7.8659416457988485
335 0 0 0.01415947825534647 7.8666042354041075
340 0 0 0.014803153732541041 7.8656609996276465
345 0 0 0.012979095636036941 7.865433191014754
350 0 0 0.008976348217788255 7.865692736115953
355 0 0 0.008950960890631299 7.863297116928289
360 0 0 0.009387563589963177 7.865040224777681
365 0 0 0.01227762198797211 7.864718772327174
370 0 0 0.013309731544536074 7.865620385056585
375 0 0 0.013276581352768213 7.864841228792008
380 0 0 0.012621508969478556 7.864389036892369
385 0 0 0.014805851542160076 7.865041341860674
390 0 0 0.01276555520658107 7.865395852542906
395 0 0 0.01172496264564682 7.865580151197188
400 0 0 0.01013328804255953 7.864746741255539
405 0 0 0.013658621097527357 7.864159139193245
410 0 0 0.009408654335557376 7.863572777876459
415 0 0 0.013263343271009864 7.864224575205595
420 0 0 0.012714779465613946 7.865663763657085
425 0 0 0.013468131824297513 7.864460633542367
430 0 0 0.010189372516277384 7.863903038292823
435 0 0 0.012130546439838907 7.864945385786515
440 0 0 0.010424420424905545 7.863315746355191
445 0 0 0.013305195746279086 7.86426040656018
450 0 0 0.015611968188420589 7.863635701800984
455 0 0 0.012689505161668224 7.86283590432935
460 0 0 0.011625179816074027 7.86346899918858
465 0 0 0.008964995042987312 7.86407584751342
470 0 0 0.012183760876520289 7.864251811075098
475 0 0 0.01397984235872718 7.863456116511503
480 0 0 0.010055818148494211 7.864021881288486
485 0 0 0.014849991890826919 7.863573912007402
490 0 0 0.009950568539096816 7.864040156308084
495 0 0 0.012114609160603695 7.863446065054835
500 0 0 0.008276204508883334 7.8640999001634375
505 0 0 0.014864041709817366 7.86286216456518
510 0 0 0.01294519935497318 7.862603641693709
515 0 0 0.01653675376575059 7.8631991020831675
520 0 0 0.011368558878871893 7.86272885758251
525 0 0 0.007453041523454829 7.861993657564459
530 0 0 0.012096637675508726 7.86424701329856
535 0 0 0.011880495141423753 7.863571660949577
540 0 0 0.014620330910570578 7.8625878341997755
545 0 0 0.010136377014183351 7.8634557072020925
550 0 0 0.013124241389154134 7.862052051603368
555 0 0 0.013423978809400827 7.862270750595855
560 0 0 0.006281833023731309 7.861824420597283
565 0 0 0.012403806799156314 7.863099583962378
570 0 0 0.013066052024710118 7.862639664459127
575 0 0 0.01676040761481934 7.862284672286716
580 0 0 0.008671955034097234 7.862256431873163
585 0 0 0.01211800236238414 7.86243146483791
590 0 0 0.012629951783808435 7.861837423995462
595 0 0 0.009763680695075827 7.862310923045287
600 0 0 0.010285324723200429 7.862684774813861
605 0 0 0.009107062790414178 7.8621622206133415
610 0 0 0.015750245175072397 7.8624122752243855
615 0 0 0.008914037782449924 7.862247560994245
620 0 0 0.008726384168834533 7.8615243563819375
625 0 0 0.009839075622391169 7.862372749535324
630 0 0 0.011021667676747171 7.861255092670353
635 0 0 0.01304968795529704 7.862215024491575
640 0 0 0.009499374726279264 7.862170981204747
645 0 0 0.013642381073057486 7.86141450741752
650 0 0 0.014106011710051325 7.861769351165035
655 0 0 0.009622746345739008 7.861531398827445
660 0 0 0.012620461050545817 7.861877393932267
665 0 0 0.00765141311003692 7.861318672989123
670 0 0 0.013279346125286029 7.861734064992181
675 0 0 0.012718008107069023 7.860844554947056
680 0 0 0.013495825116604188 7.861344831711334
685 0 0 0.012396718063903966 7.860804424899262
690 0 0 0.012518081341945209 7.859668102041034
695 0 0 0.008203407730196899 7.8605057851441975
700 0 0 0.01408906863845294 7.861250184466238
705 0 0 0.012031930736419616 7.861119723105013
710 0 0 0.008888608735055037 7.860074718245724
715 0 0 0.010100736792563625 7.861061090566101
720 0 0 0.0121795302815626 7.859736319168771
725 0 0 0.01319333403684797 7.860295478069171
730 0 0 0.009758865396682248 7.859701001273147
735 0 0 0.01113237197904482 7.859551270328015
740 0 0 0.013906051180695433 7.859644112847827
745 0 0 0.009417354014352064 7.860151368013704
750 0 0 0.011180281671011594 7.86016608906769
755 0 0 0.011154988012831879 7.859604603613672
760 0 0 0.009847593852129632 7.859516434168203
765 0 0 0.0086984094520981 7.859253871970801
770 0 0 0.011969377266600079 7.859507943780188
775 0 0 0.012467060178940281 7.858217864351997
780 0 0 0.012826698466105624 7.858083064081557
785 0 0 0.008937959234557091 7.857105651994029
790 0 0 0.008747011012468775 7.858383003540667
795 0 0 0.01298588989467997 7.8578664146598145
800 0 0 0.013262434487925079 7.857577810575714
805 0 0 0.013614658579049976 7.8584929927526055
810 0 0 0.012487453354528277 7.857564356877817
815 0 0 0.010952071664414031 7.857426718392242
820 0 0 0.015017132656758303 7.856922543429537
825 0 0 0.00947654767360473 7.85751598521188
830 0 0 0.00908717572631157 7.857695100296822
835 0 0 0.00922363093902967 7.8573219673188035
840 0 0 0.013876081010589791 7.856467132638153
845 0 0 0.01477197384252471 7.857393583637365
850 0 0 0.010121132539452793 7.856317659222977
855 0 0 0.012166780056103166 7.856541262894103
860 0 0 0.011579007337489289 7.8557229632407015
865 0 0 0.011701985849381646 7.857197873596656
870 0 0 0.011210250528520316 7.855579344675541
875 0 0 0.01230755117516047 7.85609047771559
880 0 0 0.007806903825540168 7.854701842467603
885 0 0 0.01246579152117211 7.854252287689693
890 0 0 0.010557425266340292 7.855802499224074
895 0 0 0.008662038580376397 7.854044653318841
900 0 0 0.012039528564889768 7.855484823360171
905 0 0 0.011236815486685758 7.8542521629531565
910 0 0 0.01153809114344706 7.854476216956849
915 0 0 0.013052401269199043 7.854757061344453
920 0 0 0.01410595225901301 7.8541165843659595
925 0 0 0.01029649309803271 7.854174940520587
930 0 0 0.007538392393629634 7.853881083157664
935 0 0 0.01651037225595231 7.853667581046193
940 0 0 0.0156032165091462 7.853251831221423
945 0 0 0.014164501910205463 7.85295066230822
950 0 0 0.01310304840190879 7.853482237245275
955 0 0 0.014929195964627384 7.853756406655639
960 0 0 0.01353777474180684 7.853457787960416
965 0 0 0.011084472400077594 7.852918519091861
970 0 0 0.011137601678797182 7.852003524939745
975 0 0 0.01677934945997661 7.852718905290911
980 0 0 0.012053675395854224 7.852101268590627
985 0 0 0.015399699697907332 7.851917810915182
990 0 0 0.011572627894564036 7.851880853862313
995 0 0 0.015360891001761745 7.852559385524877
1000 0 0 0.012960911391763696 7.851974626840886
