0 0 0 0.3174611457754606 0
5 0 0 0.004543724469112886 8.196323872464477
10 0 0 0.009118095617725919 8.135666083116858
15 0 0 0.008161828405091054 8.112829172292226
20 0 0 0.0004970879697432373 8.098368832251396
25 0 0 0.0006681886376553869 8.090968776481196
30 0 0 0.000370306422948552 8.085451619438892
35 0 0 0.0037861535065133456 8.083816124041718
40 0 0 0.0060540409435045905 8.07928190231425
45 0 0 0.0005510487980526779 8.06949027688478
50 0 0 0.014753613010726419 7.883074756152723
55 0 0 0.013831526273764494 7.877738722179693
60 0 0 0.005220318298759352 7.87910429338679
65 0 0 0.012673514661879937 7.877459566324758
70 0 0 0.01500649305296986 7.875772071782705
75 0 0 0.009470590534431667 7.8763189129795315
80 0 0 0.015948607368492684 7.874728738063683
85 0 0 0.010317491511643517 7.876420987862064
90 0 0 0.013175778363514468 7.874682685913017
95 0 0 0.014571665461818872 7.873512185788152
100 0 0 0.013839013832277258 7.873980323513982
105 0 0 0.00806382755125501 7.873544044656633
110 0 0 0.01001393346509949 7.87632878660868
115 0 0 0.00911740398303662 7.873557323501565
120 0 0 0.00991255143585823 7.872150632919045
125 0 0 0.011694730642085371 7.870161807457619
130 0 0 0.013241012536394425 7.870321428583189
135 0 0 0.009424331726739732 7.8720461370113375
140 0 0 0.015240075761860927 7.872778600463934
145 0 0 0.013111739900588448 7.8712959596115555
150 0 0 0.01030097954625786 7.871187047727875
155 0 0 0.010939327949815114 7.870216595955538
160 0 0 0.01242965040342292 7.869656472887116
165 0 0 0.0075240533744471705 7.869446451547449
170 0 0 0.008775408847853994 7.87239130707083
175 0 0 0.01410613348180001 7.871513368620025
180 0 0 0.012538504262491479 7.868813333777442
185 0 0 0.013114729693422422 7.867998768340913
190 0 0 0.00944300536430931 7.868687768477933
195 0 0 0.009253036391110525 7.867696477626884
200 0 0 0.015115761293551522 7.867487892481696
205 0 0 0.00841348321606672 7.868729022749518
210 0 0 0.011567040406192719 7.867984539523516
215 0 0 0.012370133880106104 7.867806103482484
220 0 0 0.010989661996897215 7.865954347887512
225 0 0 0.01621197378806505 7.8664007838242425
230 0 0 0.011841304161083643 7.868714595551354
235 0 0 0.011551838533329306 7.867449192530386
240 0 0 0.015201611483390609 7.86855590745935
245 0 0 0.00578178985866451 7.866933045929716
250 0 0 0.012766236978874135 7.868152468605197
255 0 0 0.010648131240301506 7.867475013498603
260 0 0 0.01247617071761642 7.867498520768621
265 0 0 0.014172480168702428 7.866841935419037
270 0 0 0.015298808482172799 7.867394944210792
275 0 0 0.013133038290233268 7.8673065368018005
280 0 0 0.01334766790194819 7.865898150091344
285 0 0 0.011310219703315694 7.866156898907372
290 0 0 0.011356304672079265 7.866675487413895
295 0 0 0.009772878236382398 7.866489830283476
300 0 0 0.009661692144274925 7.8664705790203175
305 0 0 0.010789524025302644 7.866667293184529
310 0 0 0.011953870306772751 7.86655430796046
315 0 0 0.011741086684757818 7.865564540252546
320 0 0 0.01424435126097312 7.865547208598397
325 0 0 0.013448400965687224 7.8666294129565015
330 0 0 0.012126330157993026 7.8657248991955315
335 0 0 0.013245080093894135 7.868109478318825
340 0 0 0.008183540907956477 7.865592907027905
345 0 0 0.008602880448191241 7.864733977425194
350 0 0 0.013529332984993037 7.865357103109472
355 0 0 0.014537382133336108 7.864514345277849
360 0 0 0.014497795431599902 7.866738910081177
365 0 0 0.012893965457484446 7.864961688109995
370 0 0 0.014359363606713638 7.86449091710174
375 0 0 0.010334343689603065 7.864998841065592
380 0 0 0.015244160456524325 7.86459466978613
385 0 0 0.014801059303790831 7.86484740319931
390 0 0 0.013151122262382575 7.864234151785857
395 0 0 0.012511774821932331 7.865139608040622
400 0 0 0.009368690989344675 7.86557519022972
405 0 0 0.01237796737675767 7.8651469907223195
410 0 0 0.010100123275653017 7.865690667635289
415 0 0 0.012218169381683852 7.865294701965614
420 0 0 0.013426604873447934 7.865795539800778
425 0 0 0.011322074231287393 7.864521128056595
430 0 0 0.012207396074538801 7.864039929963569
435 0 0 0.011866075865998305 7.865247466461491
440 0 0 0.013919640733410121 7.8644017408369
445 0 0 0.01064080982033988 7.864436986286046
450 0 0 0.012434923826774469 7.864674707597325
455 0 0 0.013159346446556697 7.864604925022828
460 0 0 0.01032046758348626 7.864114843290944
465 0 0 0.015059649094804062 7.864627413066387
470 0 0 0.006907256581741628 7.864242992797676
475 0 0 0.009469419872575324 7.864605238930867
480 0 0 0.014177766160957672 7.864929314664653
485 0 0 0.008803564578333312 7.864626637653719
490 0 0 0.013694123961291771 7.86495968081157
495 0 0 0.006150010990593202 7.864528270116613
500 0 0 0.009637826832310736 7.863406007259589
505 0 0 0.009129359824234573 7.864214749752758
510 0 0 0.011708429502963691 7.862956759544437
515 0 0 0.012518358031629262 7.864241459631574
520 0 0 0.012571565737269363 7.864979671907902
525 0 0 0.011441250305942008 7.863671279398768
530 0 0 0.011127285886834315 7.865325863309839
535 0 0 0.013473317580457778 7.863206591556277
540 0 0 0.0060673835354005945 7.863721391282748
545 0 0 0.011241034574418274 7.864109981557449
550 0 0 0.011480345161041683 7.86317847395429
555 0 0 0.01298348661510218 7.86308146597554
560 0 0 0.013555250807005148 7.86460382344749
565 0 0 0.012781934856022303 7.8641906107154815
570 0 0 0.01517693008837706 7.863463924542093
575 0 0 0.013713411074952608 7.863201813617101
580 0 0 0.011516585254648826 7.863785333142105
585 0 0 0.01131341160174748 7.8635487823244015
590 0 0 0.014048400285775253 7.863212566421485
595 0 0 0.011668094125329098 7.8636238173729875
600 0 0 0.011328583977866291 7.863333052307491
605 0 0 0.011030027658111452 7.8643371868889504
610 0 0 0.010439877369563755 7.863470787887605
615 0 0 0.006985320787032734 7.863016851154552
620 0 0 0.012524443609053693 7.862481748841329
625 0 0 0.014230509829152638 7.8626849057153905
630 0 0 0.009380570201952931 7.864683044864746
635 0 0 0.01283136369049731 7.862814749937084
640 0 0 0.013650511869639725 7.862106637151152
645 0 0 0.011446725880798647 7.863524939713191
650 0 0 0.014489608760486883 7.862377139398862
655 0 0 0.016717506317869724 7.86212037353715
660 0 0 0.01085874517790364 7.86241749277356
665 0 0 0.008276843158787628 7.862839100093437
670 0 0 0.011479645578886588 7.862780518320028
675 0 0 0.009877275372981442 7.862520368213686
680 0 0 0.011235410683678726 7.862015825347548
685 0 0 0.009857233897873963 7.862804528824026
690 0 0 0.012506966682607423 7.86192657377848
695 0 0 0.009974218720941064 7.862446124849459
700 0 0 0.011272375890227115 7.863972954172579
705 0 0 0.011398899687357078 7.862759490326085
710 0 0 0.013283586817335324 7.862621375464435
715 0 0 0.015261395793832566 7.862249649411403
720 0 0 0.012438225816911341 7.863004546810141
725 0 0 0.008603791971780739 7.861757672431522
730 0 0 0.009612964861177353 7.861920858506795
735 0 0 0.013881434077755994 7.862176800835524
740 0 0 0.011298193059896766 7.863020290945234
745 0 0 0.009007842966506363 7.861473202523708
750 0 0 0.014643490460556796 7.8616128776129255
755 0 0 0.011321935756779311 7.862621929054818
760 0 0 0.00910006548812703 7.861570643580522
765 0 0 0.009770376947471071 7.8611457887572485
770 0 0 0.010525004081328282 7.861268118754221
775 0 0 0.008843908688813462 7.861159681715564
780 0 0 0.011817072191456113 7.861606683378613
785 0 0 0.01061391540534462 7.861475836870471
790 0 0 0.013275094859839465 7.861368611238743
795 0 0 0.011909519137301983 7.861210638118021
800 0 0 0.007730112926710442 7.861247091837979
805 0 0 0.009066181019609543 7.861010094442667
810 0 0 0.011667164863183643 7.861300640165391
815 0 0 0.011523170679340833 7.861178020112854
820 0 0 0.013424613501295868 7.861060072048844
825 0 0 0.013406602884323382 7.86043761685518
830 0 0 0.013933273770964094 7.860416024810486
835 0 0 0.011806294111437854 7.861310128808237
840 0 0 0.012968664671949126 7.86073257629539
845 0 0 0.014628000725803503 7.860623658225504
850 0 0 0.014239928263692692 7.85977460534214
855 0 0 0.01512329940997903 7.860319232742543
860 0 0 0.014648713528464086 7.860304377752234
865 0 0 0.011962259378487383 7.860130641432355
870 0 0 0.010461937760110951 7.860335744883638
875 0 0 0.007279529340731505 7.859927016483494
880 0 0 0.012349115010307221 7.860322874294254
885 0 0 0.011597044139032286 7.861211327697507
890 0 0 0.013210274571722858 7.859349028803206
895 0 0 0.015139741336204882 7.859806757740378
900 0 0 0.011320663793902064 7.86099222248264
905 0 0 0.011953455462301532 7.859525739821626
910 0 0 0.013833870852680619 7.859436051942229
915 0 0 0.013634622008550368 7.859740277999314
920 0 0 0.013157217303762181 7.8584998552903995
925 0 0 0.012135288989235882 7.858855865636968
930 0 0 0.013452268674437162 7.858417037887319
935 0 0 0.010889448413237801 7.858897222177271
940 0 0 0.013155912494812405 7.858890168206464
945 0 0 0.011923652588181843 7.858055959536074
950 0 0 0.010568040458337702 7.859368582652793
955 0 0 0.010791928227193992 7.858295472136108
960 0 0 0.01026759779792541 7.858360715488095
965 0 0 0.012179829061148117 7.85827864207353
970 0 0 0.011591257435574986 7.857537140376065
975 0 0 0.010451731599548042 7.858148470351071
980 0 0 0.012189356867892798 7.858214053365819
985 0 0 0.012416657729243719 7.8577380078867645
990 0 0 0.01181511127611179 7.857564617679589
995 0 0 0.012486022545070696 7.857465778203436
1000 0 0 0.01207741615771929 7.856738202770698
