0 0 0 0.22058631413918806 0
5 0 0 0.006881669645742772 8.220950491509445
10 0 0 0.005987770858783437 8.133124413562957
15 0 0 0.003722028500249941 8.116409419060039
20 0 0 0.008617385850015591 8.098910833015687
25 0 0 0.005977944698658977 8.090127367506874
30 0 0 0.0009653689764879125 8.082350000291214
35 0 0 0.003124973923942065 8.076439008257164
40 0 0 0.0046970178720262545 8.072372755313205
45 0 0 0.0020954356316900125 8.0660151205375
50 0 0 0.008937544937141162 7.880826112654623
55 0 0 0.006538656950153321 7.876767407464406
60 0 0 0.012086735488277434 7.879806987223975
65 0 0 0.011365340725487894 7.876849023731536
70 0 0 0.012359428134166794 7.873555953818408
75 0 0 0.00985554131831079 7.875005686269223
80 0 0 0.01444705288414605 7.874700811601823
85 0 0 0.012674417830477847 7.873823355172528
90 0 0 0.01590341113627547 7.874627072218596
95 0 0 0.013431774612065572 7.872770364968918
100 0 0 0.008915258512776969 7.874279945055752
105 0 0 0.010950090232532572 7.872949611394052
110 0 0 0.016209908028324893 7.87139766768973
115 0 0 0.009587553643028546 7.87099701409954
120 0 0 0.010041948835591619 7.870457211361225
125 0 0 0.014805188580258255 7.870586932970452
130 0 0 0.012386054144702285 7.87134189969875
135 0 0 0.015090026396479717 7.870886998774223
140 0 0 0.011111338768517998 7.870301132519237
145 0 0 0.012296961254326666 7.869542915433865
150 0 0 0.013590262692488642 7.869749669534538
155 0 0 0.01114232571375462 7.868401244379869
160 0 0 0.010189877324888075 7.867978081835549
165 0 0 0.008486715933458067 7.870501305557449
170 0 0 0.006332276069794807 7.869199423120766
175 0 0 0.012554634671684273 7.868152624017224
180 0 0 0.010794733979885063 7.867411597649807
185 0 0 0.014798312248660128 7.868404119434049
190 0 0 0.007981195956590525 7.868691180913106
195 0 0 0.009078524860695047 7.866561178703284
200 0 0 0.011382239289820628 7.868373614516352
205 0 0 0.009198711647868452 7.867429345582974
210 0 0 0.006664657779521299 7.867850272822952
215 0 0 0.013355144079433723 7.867951349852074
220 0 0 0.01311370524183797 7.8667605760708454
225 0 0 0.013179912968382057 7.868470718437802
230 0 0 0.014861763521939242 7.866751166466962
235 0 0 0.013864830616275636 7.868292009166201
240 0 0 0.011358207974083934 7.867171882354634
245 0 0 0.010434420442960057 7.866719796574468
250 0 0 0.014564488609950521 7.867330331485071
255 0 0 0.006545724175736289 7.86584547978643
260 0 0 0.009252535290914299 7.865481451163621
265 0 0 0.009348518431625763 7.866798309215523
270 0 0 0.012249596422154951 7.8668331849782716
275 0 0 0.013152366294402418 7.867003442580458
280 0 0 0.013475192494753596 7.866559738914539
285 0 0 0.014940639526979993 7.867337956100524
290 0 0 0.008967802361490307 7.866682474151136
295 0 0 0.011961966780244193 7.86633108432862
300 0 0 0.01099257448536295 7.866077204457969
305 0 0 0.010145678497433419 7.866652951756204
310 0 0 0.013129583925588273 7.8666910031155375
315 0 0 0.013216965293548322 7.865618219530997
320 0 0 0.015722932409529156 7.866678133359145
325 0 0 0.010742321179395997 7.865145838419499
330 0 0 0.008092446105011364 7.866230528296179
335 0 0 0.01610069881791998 7.865939280986998
340 0 0 0.014460309151472117 7.8665487138686645
345 0 0 0.011843955979795151 7.865722546371952
350 0 0 0.010389224926214968 7.865545560655267
355 0 0 0.011069524387014917 7.865798769726366
360 0 0 0.009083338476978398 7.86544869615711
365 0 0 0.012263910087437546 7.865735512618908
370 0 0 0.015372199521171304 7.864563125069883
375 0 0 0.009598026033549312 7.8654597856339965
380 0 0 0.012365859940643764 7.865767160902863
385 0 0 0.009861693469128241 7.86585907176389
390 0 0 0.011656156624880065 7.865013930159075
395 0 0 0.011175290165141849 7.865943734816991
400 0 0 0.013204063484457018 7.864501608630508
405 0 0 0.006170517617131832 7.86457925209476
410 0 0 0.00886087076692732 7.8647650818033785
415 0 0 0.01702367583068054 7.864456400567309
420 0 0 0.009947415455374475 7.86499601960296
425 0 0 0.011068222109766879 7.866276001403176
430 0 0 0.013024578867276704 7.864528237779674
435 0 0 0.011995730576130015 7.864242403236327
440 0 0 0.012419142432329666 7.86471908047528
445 0 0 0.010714932089805895 7.86474874452685
450 0 0 0.00820229015055629 7.8649347928803754
455 0 0 0.012288644650586988 7.864641020081585
460 0 0 0.013505835451523174 7.864835029563463
465 0 0 0.012214604625675474 7.865016793518304
470 0 0 0.01187611278431877 7.864675262947174
475 0 0 0.012722792670391003 7.863540281524311
480 0 0 0.013620837287709353 7.864239649041123
485 0 0 0.01076798679110813 7.864003747274254
490 0 0 0.008643104571171456 7.863889647721224
495 0 0 0.013099410541266954 7.864201079044749
500 0 0 0.00836488977635197 7.8638063422529205
505 0 0 0.01140640107482116 7.8647518061783845
510 0 0 0.010705451878081806 7.863333152763111
515 0 0 0.008001096033779298 7.8642215807808045
520 0 0 0.013965050818785185 7.863965839047748
525 0 0 0.013480903210376649 7.863379106333396
530 0 0 0.017944803247343266 7.863595532498157
535 0 0 0.01302135155150097 7.863902686153451
540 0 0 0.010242384941819394 7.86364199958419
545 0 0 0.012066611537052685 7.863064824243238
550 0 0 0.011331186732881582 7.863710300994308
555 0 0 0.01052341768391618 7.862558936862115
560 0 0 0.011645655189027826 7.863089286671141
565 0 0 0.010767835423469263 7.863324668718182
570 0 0 0.011295478424200756 7.86402385084078
575 0 0 0.012155605110546475 7.86254609772231
580 0 0 0.010757674006413698 7.864282715202152
585 0 0 0.014161744502322549 7.862699077270946
590 0 0 0.011746546947828396 7.862708244665822
595 0 0 0.013714460754306934 7.863666603288633
600 0 0 0.012658872861938342 7.863336115881
605 0 0 0.012479359792065825 7.862386032854591
610 0 0 0.010032608471877147 7.862860182783509
615 0 0 0.01362010207753328 7.863292744742807
620 0 0 0.01530622175680385 7.8628506574682175
625 0 0 0.012382365059629752 7.863451210522687
630 0 0 0.010846079331337855 7.863136695191275
635 0 0 0.011612825118707093 7.862657947228053
640 0 0 0.010892519702706771 7.861838876140264
645 0 0 0.013067450526090596 7.86287412696882
650 0 0 0.01015199956302637 7.862915268123595
655 0 0 0.012049083575144115 7.862539306264224
660 0 0 0.015380872520780242 7.861254316708608
665 0 0 0.009682280847242763 7.862175584235606
670 0 0 0.011799284702553647 7.8614917316452155
675 0 0 0.014521756511284512 7.861877660082252
680 0 0 0.011476123152701412 7.861799444344956
685 0 0 0.007241159394699048 7.861087157546916
690 0 0 0.010786963518727655 7.861579432305976
695 0 0 0.014650507592142814 7.861968478468371
700 0 0 0.010129315823576901 7.8617574357263535
705 0 0 0.014299116563443182 7.861101554441299
710 0 0 0.01063278121622635 7.861250915268028
715 0 0 0.012754720924178287 7.861063843389967
720 0 0 0.01135651326457543 7.8608532352161475
725 0 0 0.013760791022002561 7.86017821123571
730 0 0 0.010813572176199715 7.861343448782019
735 0 0 0.011363221101139853 7.8604141823822955
740 0 0 0.010190549859570908 7.86124047663346
745 0 0 0.014857612672425802 7.8600075238187825
750 0 0 0.010687419786182817 7.859439474435568
755 0 0 0.009356697728419627 7.860789396554257
760 0 0 0.013083610368587628 7.860140875931823
765 0 0 0.010670971290299258 7.8607935093444485
770 0 0 0.010486135200484359 7.8604384891109556
775 0 0 0.013134936983523193 7.860101800248964
780 0 0 0.013406885889412967 7.8589993937756955
785 0 0 0.012140444578500276 7.858286651183683
790 0 0 0.010533013237747468 7.8604118801361755
795 0 0 0.01065459138461522 7.859589469074632
800 0 0 0.012540546823207821 7.858956011325245
805 0 0 0.013084157797471185 7.858368261575371
810 0 0 0.01325446829347876 7.857639899174399
815 0 0 0.009379862108610748 7.85835689898354
820 0 0 0.014835744824254204 7.856939369675713
825 0 0 0.011265266179743216 7.856836455685437
830 0 0 0.012284960138525314 7.8577702210106
835 0 0 0.01420327247049058 7.857049741574354
840 0 0 0.009297200141357598 7.857427619327625
845 0 0 0.012761891654205382 7.8567415414746025
850 0 0 0.010009326396252405 7.856727488906956
855 0 0 0.009981113904657501 7.856732653937233
860 0 0 0.01140341461855865 7.85588393124146
865 0 0 0.013939464474542529 7.855777477002168
870 0 0 0.011044421308752606 7.8557633708658114
875 0 0 0.015840416338793295 7.854410264600535
880 0 0 0.007698350638484008 7.855699723431732
885 0 0 0.015615915494810784 7.8551447178542775
890 0 0 0.011361093532332722 7.854184672995752
895 0 0 0.010139632295757872 7.854307114373736
900 0 0 0.013030131813935641 7.854615692939612
905 0 0 0.011442045682712898 7.855628718639735
910 0 0 0.010107183967952071 7.854240852346334
915 0 0 0.011683156297547903 7.853461421719801
920 0 0 0.012176082768297736 7.853587717891993
925 0 0 0.013880409462607712 7.853888134979768
930 0 0 0.014751244457566148 7.853475810351231
935 0 0 0.013494794838508462 7.853653859244526
940 0 0 0.010708559248384875 7.8530476673473
945 0 0 0.012742407014525892 7.85345356924816
950 0 0 0.010949317529595604 7.853240102932688
955 0 0 0.010950927836535174 7.85307433328681
960 0 0 0.0142253419639784 7.853141060348568
965 0 0 0.010447044965449459 7.852204681476673
970 0 0 0.013350790014827751 7.851762141799076
975 0 0 0.010475853899394094 7.853276001571248
980 0 0 0.012762374435731028 7.85212227093034
985 0 0 0.014220367247291144 7.852808234931425
990 0 0 0.012841739609976477 7.852749405545365
995 0 0 0.01146144179270392 7.852240869740294
1000 0 0 0.011381228506951224 7.851962518933096
