0 0 0 0.36685168187104067 0
5 0 0 0.00938458205618753 10.049232407230553
10 0 0 0.012710959227964391 10.034692600446315
15 0 0 0.01197776612379986 10.028360302614221
20 0 0 0.003169901159512545 10.016450003989362
25 0 0 0.009444952162808606 10.017006248973935
30 0 0 0.011277148564359463 10.011229182019719
35 0 0 0.007109558555537188 10.007302481962451
40 0 0 0.013538287197457866 9.99909042211818
45 0 0 0.013293930005263244 10.000305150466168
50 0 0 0.013135408115728886 9.999541255814808
55 0 0 0.011561386828680353 9.99301336024185
60 0 0 0.014166325759961573 9.996764149379246
65 0 0 0.010786032695841996 9.994287581119147
70 0 0 0.011121665321639274 9.991320236341139
75 0 0 0.011681229588696551 9.991446208333308
80 0 0 0.012905570421527734 9.988023255659538
85 0 0 0.014141677737574465 9.988309801160646
90 0 0 0.014496484429594503 9.986874151073483
95 0 0 0.011508901589114995 9.985524323469862
100 0 0 0.005700491261311225 10.07960985253398
105 0 0 0.013755741285359502 10.0234081890641
110 0 0 0.011727961115472807 10.006931988671159
115 0 0 0.010044765937557099 9.998947668465274
120 0 0 0.012989538301671821 9.997114196506946
125 0 0 0.01399629126928259 9.995545936777031
130 0 0 0.009604763692812046 9.992795158231035
135 0 0 0.013743708517146347 9.991708943714512
140 0 0 0.01338672271640129 9.989698653556621
145 0 0 0.012831569878311688 9.989139635598528
150 0 0 0.01498603119396269 9.989512491123007
155 0 0 0.011360389795505688 9.992031415279476
160 0 0 0.011685785493993794 9.988538382682474
165 0 0 0.01449427237684775 9.985182826253624
170 0 0 0.011938393127583602 9.985775255183027
175 0 0 0.014317025554935192 9.9853882262721
180 0 0 0.011283480613655694 9.983124708555808
185 0 0 0.014879599203370786 9.982938610492432
190 0 0 0.013667256422535523 9.983846340562101
195 0 0 0.012037342181308253 9.983360837614036
200 0 0 0.014867485863643504 9.985156077823522
205 0 0 0.012270465027716337 9.982893548610932
210 0 0 0.0127533453489308 9.980227312064343
215 0 0 0.012357358712845379 9.981302966975283
220 0 0 0.010768103483635327 9.978726295701065
225 0 0 0.013381026552063746 9.979677538618741
230 0 0 0.01426114592835126 9.977492523831742
235 0 0 0.011496813596027833 9.980324876801397
240 0 0 0.01651556664966991 9.978739638188278
245 0 0 0.013889284211458852 9.977601567450693
250 0 0 0.008797691024226229 9.979193954083385
255 0 0 0.0125480792302759 9.976988970676553
260 0 0 0.01292376653545646 9.97671814318316
265 0 0 0.013555683158971599 9.979229002343907
270 0 0 0.013336801857211977 9.97763218646914
275 0 0 0.01649007653129564 9.97501617253971
280 0 0 0.015267330215490649 9.97809601802257
285 0 0 0.013846790206109016 9.97552769505357
290 0 0 0.013326521896160681 9.976829068709318
295 0 0 0.010080267842946133 9.97478813077921
300 0 0 0.012017321168964035 9.976825797540952
305 0 0 0.012439350908963531 9.976834816585711
310 0 0 0.014331086070734633 9.976033461169783
315 0 0 0.018133866214960603 9.974806540578914
320 0 0 0.013727246194249254 9.975691933487632
325 0 0 0.014820159662695342 9.974847938924203
330 0 0 0.01187470268537738 9.975141110375134
335 0 0 0.01386591684154359 9.97433216559578
340 0 0 0.014865120297513412 9.97503643860063
345 0 0 0.013737197318244965 9.975998545852493
350 0 0 0.01614083832882196 9.974421070400327
355 0 0 0.009021812734439916 9.97580923198325
360 0 0 0.010830108012156003 9.97541793492861
365 0 0 0.015244860581738573 9.973058282293033
370 0 0 0.014711447866121441 9.973734746976556
375 0 0 0.012457626910193698 9.974330296626965
380 0 0 0.010831393699263003 9.974381986687085
385 0 0 0.012937776268832968 9.971842349115615
390 0 0 0.009246418066515272 9.975555603824695
395 0 0 0.012041673759043192 9.973835577268922
400 0 0 0.010832606733833572 9.97445322000282
405 0 0 0.01935221110272667 9.972931114822696
410 0 0 0.01130379022318273 9.972403040201284
415 0 0 0.015748911708442392 9.971140983734747
420 0 0 0.01354200862724153 9.973117812715873
425 0 0 0.00918612225972315 9.97317101078561
430 0 0 0.010412187903499959 9.972116904823494
435 0 0 0.011182878729655288 9.971434235547413
440 0 0 0.011021925678662337 9.9722273018018
445 0 0 0.008799337639807225 9.970747131844702
450 0 0 0.012654642406754846 9.973905247259495
455 0 0 0.013989988609853121 9.972826832027101
460 0 0 0.017175279802224663 9.972063469225567
465 0 0 0.016048963688845008 9.97161696496862
470 0 0 0.01679739031156058 9.971771873488104
475 0 0 0.013009701445008792 9.971288911196813
480 0 0 0.013956243803802337 9.971222207562812
485 0 0 0.011791633892828557 9.969487796785252
490 0 0 0.00833183930837822 9.970988511921297
495 0 0 0.013936040084368218 9.969416495100482
500 0 0 0.01520320948423648 9.971783363607521
505 0 0 0.007225057257272294 9.969638678497724
510 0 0 0.017279498397966497 9.969669859521494
515 0 0 0.013351945146701016 9.970092739760721
520 0 0 0.009935013672503157 9.969804734359677
525 0 0 0.015010135637679722 9.969984387110564
530 0 0 0.009478141865040035 9.96791792828585
535 0 0 0.010354537305170775 9.96954372323486
540 0 0 0.007559949529029053 9.969286133298068
545 0 0 0.01194447534429588 9.969612687477047
550 0 0 0.008198908485436807 9.968641118610924
555 0 0 0.014800838249236614 9.96773604210062
560 0 0 0.0074627208575988035 9.968505053422941
565 0 0 0.012293490550248976 9.966762586191184
570 0 0 0.01603399673224093 9.96746396251972
575 0 0 0.01025226188540218 9.968432432581368
580 0 0 0.008773319727542805 9.96660456262115
585 0 0 0.018452981658315437 9.965297834619298
590 0 0 0.006813251495511041 9.966465015324435
595 0 0 0.007999488662889354 9.966851418965378
600 0 0 0.00273087380220316 9.966175390697533
605 0 0 0.017107178711370352 9.965456926603968
610 0 0 0.01453793600539477 9.963976576354215
615 0 0 0.01548892097035326 9.965362593376838
620 0 0 0.012319353058692695 9.963271236399605
625 0 0 0.008729432919457825 9.964120224517304
630 0 0 0.005226295879813936 9.964351435021182
635 0 0 0.011402396704083051 9.96460884755455
640 0 0 0.006076128174242523 9.96232298659773
645 0 0 0.01064312618350316 9.961798436564273
650 0 0 0.009011718085454756 9.961487242642367
655 0 0 0.00883720620641526 9.960771605129572
660 0 0 0.004486315709817834 9.962009000328129
665 0 0 0.009177530032032255 9.960391393068036
670 0 0 0.007568798593522441 9.959625186970207
675 0 0 0.008929499124400664 9.958595871688955
680 0 0 0.005888924819565933 9.95810467332259
685 0 0 0.015902794641257767 9.957877738332884
690 0 0 0.021006789158897865 9.95727405574255
695 0 0 0.006865216489401416 9.956326695431388
700 0 0 0.008679979011929184 9.956125127241771
705 0 0 0.012502924545258365 9.956189842526204
710 0 0 0.0034732188857067303 9.95288197941643
715 0 0 0.012643191594583714 9.95271064669726
720 0 0 0.0019283002829995066 9.95167087148232
725 0 0 8.297022330361337e-05 9.950452668659347
730 0 0 0.007583539175102683 9.94989797874395
735 0 0 0.0026258722227003872 9.947503716941236
740 0 0 0.012100833429707247 9.94757837973167
745 0 0 0.0138717460679465 9.94605168079529
750 0 0 0.0014217521851660475 9.945984164238613
755 0 0 0.0068582809611883455 9.944082825836622
760 0 0 0.010107891350188636 9.94364129059904
765 0 0 0.01250021978419591 9.94137866612329
770 0 0 0.0008978907243120116 9.939501160593881
775 0 0 0.006037634540560388 9.94079136935293
780 0 0 0.007637287790190683 9.939179977061928
785 0 0 0.0063065297112800955 9.936459710454024
790 0 0 0.017765819163209295 9.93464912420739
795 0 0 0.01464895311691361 9.932486074961293
800 0 0 0.016096102212472374 9.93190548375389
805 0 0 0.017599687249567175 9.931004231433274
810 0 0 0.00342343378088672 9.92935774318619
815 0 0 0.0008034293685585947 9.925652467201509
820 0 0 0.01588855507358211 9.925198798560693
825 0 0 0.012667849474147008 9.922439924478438
830 0 0 0.0032335132486362994 9.92315564142681
835 0 0 0.008654508982330222 9.918861046541501
840 0 0 0.008639492822813954 9.916098929048097
845 0 0 0.011299998620056595 9.915405364270496
850 0 0 0.018758546695223588 9.91339658266266
855 0 0 0.011074504874748925 9.911620613118517
860 0 0 0.015348285629928071 9.91050802855046
865 0 0 0.0114861009511813 9.906525117939067
870 0 0 0.006153811734342707 9.904920192331007
875 0 0 0.007508626151028874 9.901927389871023
880 0 0 0.015442901870042824 9.89882926880176
885 0 0 0.014845268152684277 9.898524434134357
890 0 0 0.0028807043908563035 9.895796942975826
895 0 0 0.033474682505840736 9.892638757765871
900 0 0 0.018625055000339508 9.891383403229892
905 0 0 0.03167160638285571 9.88793951309652
910 0 0 0.044478489191391635 9.886620602918818
915 0 0 0.05053574152336271 9.885697862506584
920 0 0 0.01655921767522739 9.880447239167548
925 0 0 0.01645215297962266 9.879613808120235
930 0 0 0.018471583478596232 9.877832671522222
935 0 0 0.052611250736238624 9.872363929352064
940 0 0 0.06204081947050999 9.870884084435446
945 0 0 0.04234896383395359 9.867493200828584
950 0 0 0.04187002805646656 9.86570797345176
955 0 0 0.07406766148520849 9.86416377506462
960 0 0 0.07517254379630689 9.859692979091342
965 0 0 0.033480291759216074 9.857530646057462
970 0 0 0.016689509759985732 9.854123960559948
975 0 0 0.031171304594532767 9.851599244284763
980 0 0 0.029958539811255402 9.847554735467613
985 0 0 0.03069426276042475 9.845360607681684
990 0 0 0.03404172464251043 9.842043709319974
995 0 0 0.00666442761695607 9.838645852573427
1000 0 0 0.042377174154464736 9.83923989269221
