0 0.4907271918873092 1.5660553457298243 0.405178958805149 0
5 0.7325168625346681 0.6892542963043033 0.12316280048893824 3.359045941869984
10 0.9366009621539076 0.14071411734681094 0.022188183388125893 2.7942304805950813
15 0.9478888469937974 0.12275624915879302 0.014982734137423126 2.7610950122308595
20 0.9493598279725081 0.12052740701631981 0.03464762242423469 2.7558153037473874
25 0.951275349997321 0.11445787665665952 0.029637417380498077 2.7523080451424757
30 0.951959417920685 0.11321500180047162 0.020770533684265846 2.749948180079855
35 0.9531775191366195 0.10956916465773503 0.008747598553596747 2.7478149053521763
40 0.9536159355443139 0.10816798547718065 0.02496428623026059 2.746404714901475
45 0.9527619837153314 0.11058797279419741 0.02387477121927195 2.745075154331966
50 0.9542765239327733 0.10678622359380263 0.028140558708151575 2.744251477811761
55 0.9547455474731881 0.1050972785771016 0.029811724508176818 2.7436976648473803
60 0.9542552995751401 0.10652778090578474 0.039760294923539385 2.7425636938744207
65 0.9554050680683527 0.10363186713315464 0.015121355378721946 2.7419003626885865
70 0.9554343369761551 0.1040826094834526 0.03028514371460944 2.741007505840281
75 0.9561109044019334 0.10167133213199708 0.06138843573327635 2.7400811725147802
80 0.9562978083371227 0.10124101425355425 0.03576469451175712 2.7392323918698027
85 0.9568082798794546 0.10005455579904066 0.01697159090162481 2.7381198643291085
90 0.9574882482491943 0.09861381931208468 0.005818754963889505 2.7374125943469796
95 0.9573921690687162 0.09796866435154161 0.04444149408140596 2.736433177455927
100 0.9581873923412567 0.09636806636499173 0.036601857971234386 2.7348755864015244
105 0.9590904578423213 0.09448387025532812 0.05199234139884723 2.7339728482569385
110 0.9591984909780151 0.09404552815032785 0.025079245818949047 2.7320803420957502
115 0.9604018698430392 0.09098494335414076 0.021867048408670486 2.7298780470746973
120 0.9611560482724657 0.08958104221076546 0.030665847345082264 2.7280884662689227
125 0.9620925470174961 0.08723953579567612 0.022885702412408948 2.7256194233584945
130 0.9631197262201332 0.08448848021166722 0.018545819518211104 2.7223891189909466
135 0.9648269595709396 0.08017614107482363 0.018988105593784388 2.72025491648299
140 0.9665551522127804 0.07661881772668666 0.02754174676730048 2.7153910185035657
145 0.9688312917195513 0.07127715100952159 0.027538271433270367 2.7110347544221827
150 0.9708139649812979 0.06654191736963488 0.005127924417084984 2.705327882760138
155 0.9740410894311364 0.059534224679867354 0.002850970397872077 2.6994716626374053
160 0.9763785476027113 0.054307573998518155 0.00473096645484028 2.693137694453887
165 0.9787825602062179 0.049772236285323235 0.013284852857448959 2.6880607963924494
170 0.9816417427225687 0.04260950207876801 0.019373750516921806 2.681824501648841
175 0.98110013391847 0.04689542284893422 0.012996611430574845 2.677587168203482
180 0.985994304033375 0.03335401131357241 0.012901012589471517 2.6730441092126735
185 0.9871365885176887 0.030696341446711184 0.00045916857347161333 2.669033185260143
190 0.9885414664039752 0.027641194634163035 0.013848502749284064 2.6655673170949137
195 0.9885988126067895 0.029081142929048287 0.016794529790884916 2.6622819884094198
200 0.9912726474460694 0.021474264738693183 0.009058194984351342 2.659298919148264
205 0.9917188815086861 0.019792663921380793 0.001088494811804841 2.657405324470005
210 0.9925116012282778 0.01899244472881856 0.007908035602135266 2.6551516791907717
215 0.9925450308735893 0.019117181112510373 0.003905093504076307 2.6543108049996
220 0.9909554490948466 0.02529835527704538 0.013721801038740766 2.6521028077157918
225 0.9904148520175564 0.027640037654179217 0.01569097174468559 2.651261426175572
230 0.9940537783653025 0.01575320444100159 0.009675532610920579 2.6496763243980577
235 0.9959132721470461 0.009719834310350617 0.007198350650435392 2.6498840072233802
240 0.9936095782182721 0.018290035600269317 0.0023827396607445372 2.647445178280523
245 0.992657858111576 0.023199320772699483 0.0042962404683764 2.6476538025333607
250 0.9966389701067189 0.00814743562243736 0.005945404602337945 2.647197336340826
255 0.9934713849079613 0.019873982763897846 0.0014290727451646834 2.647011891467013
260 0.996257947415114 0.010409749184206785 0.003033701458283744 2.6456457555615605
265 0.9975158316400307 0.005877004899222715 0.001398485402233307 2.645622982380083
270 0.9975614236497493 0.005918951563144592 0.0033919234916683916 2.644645661614185
275 0.9959098370873886 0.012310162896677745 0.003597435663251325 2.644440320942288
280 0.99730654543355 0.006834697334013207 0.0062524048671017685 2.6445553404670625
285 0.9975597998994851 0.006135153383031167 0.002945981884245441 2.643655359255838
290 0.997565282040215 0.006483121814360171 0.001155518962576707 2.6439176071976385
295 0.9975901911235758 0.006309217593171379 0.002160120345756633 2.6435538394461906
300 0.9974004712755487 0.007225943164332005 0.0017288775782833277 2.643136179104928
305 0.9980781521169779 0.0051564050559180785 0.005156917336784028 2.6427177452941297
310 0.997088951495446 0.008754664489234454 0.015994399284267713 2.642667371609234
315 0.9956417304056117 0.014208080013396351 0.004222234494386523 2.642453583142861
320 0.9977866202284935 0.006422405342525028 0.01115396105474109 2.6419402488270594
325 0.9981649728146356 0.004931667078070134 0.008703689355660238 2.6423332890143776
330 0.9976779815840897 0.006862789629591415 0.0017442602114943195 2.641653843124808
335 0.9987686148086966 0.0029198224318380817 0.00047798482513505824 2.6414143082196158
340 0.9970637426467143 0.008945241773234525 0.0015773159207546072 2.642486861092199
345 0.9983490733132224 0.004636833330129875 0.0023775157914691647 2.641444232359425
350 0.9931503116864013 0.02395141762170283 0.013480597616450707 2.6411325426361363
355 0.9986397601110619 0.003585857778972912 0.002570384771449996 2.6419097277167833
360 0.9979980088545749 0.005738377812424922 0.00530691651312698 2.6416434120286825
365 0.9978232335504161 0.006815815700465411 0.004970438867421212 2.641477994555406
370 0.996289563270564 0.01255168242287219 0.003076011041698523 2.641718987949549
375 0.9984240633273312 0.004514593282268109 0.001441797533757061 2.641145338891168
380 0.9987247058680518 0.00335023491566222 0.00025764676139239384 2.640958033262822
385 0.998347445127264 0.0049859644787697555 0.0006119537483848525 2.6412312431626477
390 0.9980672320904386 0.00582435632080891 0.0051282621954695795 2.6411311172700236
395 0.9980989431327782 0.0060964213783427645 0.0023947843172331673 2.640099152869169
400 0.9985678189590632 0.004329660830964865 0.0030917727551809104 2.6412212269006137
405 0.9980381775557305 0.0062170050725387505 0.002031812902055341 2.6408107638022424
410 0.9983718509797328 0.0052039712288500795 0.001521234085751999 2.640928306762683
415 0.9990715194876278 0.0024315723500425435 0.0021573529220575427 2.64009392388302
420 0.9975089594732724 0.008018778762409529 0.006988468646763835 2.641129614035382
425 0.9984677251606842 0.004857612594539873 0.0003522605815147184 2.640419461391089
430 0.998852843980735 0.0033935707171290908 0.001726982513114983 2.6399768627775235
435 0.9976357021749054 0.007640513131723203 0.008980645161901224 2.640562253656678
440 0.998987460343365 0.002842909176959285 0.0021927066963747244 2.640384063819512
445 0.9990514013623559 0.0027126477141004024 0.002080252536263316 2.64016183236053
450 0.9985173344682617 0.004468100619136273 0.0032114534129215055 2.6406103346675773
455 0.9980023388554116 0.006582196102153048 0.0006779139113939348 2.6400743200260472
460 0.9988508365569037 0.003180267198484188 0.0033320406981882655 2.64033878127664
465 0.9992958698725984 0.001731936643083909 0.001622297589308097 2.6400464472147784
470 0.9991080542489099 0.0025731033344853493 0.002424197610972012 2.640222547854829
475 0.9990656741838517 0.002541125474909478 0.0008082254170491687 2.640173793132181
480 0.9991752624593494 0.002124895464278964 3.527805222081071e-05 2.6403431421451287
485 0.9986412934340677 0.004223848631943472 0.00468086962302694 2.6401098312161198
490 0.9990781605376183 0.0025327845297535845 0.00474651440102325 2.639611216024929
495 0.9967254989755588 0.011346658206261573 0.004160426877989121 2.6394933488329912
500 0.9875495749707837 0.05329279503831286 0.010567871447347832 2.6945205730006334
505 0.9859383169856648 0.06346372689058466 0.006049823304787871 2.6435174517722073
510 0.9844050517858811 0.07229281910573304 0.004983890351673903 2.6423464733207913
515 0.9845295340849864 0.0713273069961522 0.001168080542840677 2.6416846277145765
520 0.9842873611258974 0.07218717293353283 3.612154209942098e-05 2.641100318544363
525 0.9838734626557156 0.0741413559506996 0.004381944650982961 2.6407610756685993
530 0.9843531577067195 0.07184013955003854 0.001845055229251935 2.6406466086238747
535 0.984252296695775 0.07335392083126457 0.0005745331640110152 2.6399733624360238
540 0.9848547942161023 0.06990401853065853 0.0027482074014892888 2.6400046018740477
545 0.984226780777483 0.0733525424863064 0.0004455060776118458 2.6396825130574926
550 0.9837406115968699 0.07544873810997244 0.00022151047967899906 2.6392005873628235
555 0.9844309862494638 0.07275157472617622 0.00293971149285821 2.6399655350203437
560 0.9840552395840836 0.07324183773065407 0.004606369563082469 2.639554881911442
565 0.9843600864914535 0.0723957931327246 0.0005316798444123805 2.6401913103049153
570 0.984418695773304 0.0730092214274265 0.0017273889767479567 2.639322269737795
575 0.9839507421016651 0.07478562921105691 0.000463437639644404 2.639713739397535
580 0.984233917901244 0.07423335846111145 0.0015610339031557618 2.639180920538936
585 0.9844619526138358 0.07281554382605426 0.002924127751389838 2.639127113102828
590 0.9837467596916611 0.07689379223860726 0.0002906988365409813 2.639186602418067
595 0.9831669658632656 0.0798427638106638 0.0005034105926118304 2.6389329994505424
600 0.9820896357736032 0.08332061150528114 0.00448565140952506 2.639200150624426
605 0.9847010560132236 0.0711462498652109 0.0008218287305157279 2.6390288691258337
610 0.9836619316660219 0.0766639053712983 0.0026848444983242903 2.6387830770987986
615 0.9840803255853 0.07491669855178085 0.0004437820344302956 2.6392184488164174
620 0.9842008515082554 0.0744087885627005 0.0015637393823071388 2.6397727977636185
625 0.9846151375020242 0.07213992657598567 2.0559182375867735e-05 2.639222355272976
630 0.9847738766817888 0.07096733389363763 0.001753933451238865 2.6391227994373945
635 0.9838358333998525 0.07446729085920012 0.0003415124391279445 2.6388387726341382
640 0.9828214061884332 0.08031466638431217 0.004376471000763216 2.6396265570495996
645 0.9838159264131763 0.07575305640745933 0.00561684228077497 2.6391596121609324
650 0.9841231276681578 0.07487422105786079 0.00032001587930929887 2.638967685375889
655 0.9829353382320068 0.07949523386793134 0.003370427020746858 2.6390919950722185
660 0.983978257837514 0.07567006495577777 0.0023116192243826106 2.6394700393981037
665 0.9847145228855176 0.0716583586852928 0.0005659594400544421 2.6390210109809766
670 0.9847335327172972 0.07147492877598083 0.0002732311533346632 2.638868392417061
675 0.9848757161581372 0.07062894147928622 0.0002038621423572362 2.6389876672405785
680 0.9834674175608066 0.07820750850471425 0.0012626632975336616 2.6387324057041637
685 0.984660554085202 0.07181922270637164 0.002058120468576119 2.6392621162869303
690 0.9845550693204046 0.0725489249006146 0.001141303531554394 2.638615500103046
695 0.9844982898738742 0.07283652984624389 0.00030254483499358997 2.6385900960279436
700 0.984599271059853 0.07206777340443571 0.0013427878607901178 2.638907621594294
705 0.9838422084729284 0.07556146025116828 0.0035499375718719417 2.6393298583221725
710 0.9845159408110189 0.07230707520692858 0.0030253350216187247 2.6390820844989946
715 0.9837222882242161 0.0771985061516629 0.0010062668108095085 2.639042832569398
720 0.9847512359990342 0.07142957635398028 0.0032919974894496384 2.638301464487967
725 0.9841365473009909 0.07450312131668468 0.0001436884320278331 2.63880978439527
730 0.984327511324625 0.07379842228628197 0.0016887750641325638 2.638705775812084
735 0.9808444606166667 0.08831122309634809 0.005588140339239045 2.6383684866435066
740 0.9844760158163678 0.07297729411244802 0.0011006963350290722 2.6388120487492626
745 0.9851586811325523 0.06887916824709217 0.0029775471263595588 2.638649641003379
750 0.9847028478324099 0.0710191163010343 0.003436150720807829 2.639130130894953
755 0.9837086059720126 0.07712666017199377 0.0017871876916708551 2.638921852348687
760 0.9852662867422808 0.06850905722358158 0.0016148647083042977 2.638705182166877
765 0.9842288533087429 0.07416743863324538 0.0015964241586772232 2.6384668007396477
770 0.9843978387454413 0.07286675596259373 0.002336598283166458 2.6386484761843536
775 0.9837310166338791 0.07645790960937227 0.001366599320401951 2.6381588783477667
780 0.9843992559951107 0.07296914022827972 0.0011793538697670858 2.639001863060544
785 0.9851418765820199 0.06933455266566524 9.742683895375137e-05 2.6391108620640864
790 0.9846646214651902 0.07199032984796672 0.00021314618768042415 2.6383855163948664
795 0.9846995723754575 0.07150928104817478 0.0029385136324326933 2.6388160900340467
800 0.9842583335915527 0.07400526872641633 0.003987138926891509 2.6388159015149983
805 0.9842489834108585 0.07367527991150746 0.0015472621444183599 2.638131433574233
810 0.9844972230857698 0.07300344168782402 0.002629926318307385 2.6383778715603405
815 0.9850204818659708 0.07004134740640833 0.0026142402914728358 2.6384665693743705
820 0.9850124164337071 0.06994462331182882 0.002637702641272055 2.638222826053734
825 0.9837320767300914 0.07645037501498564 0.0014417092510228269 2.6383016952030984
830 0.9837275327763726 0.07549778643821359 0.0015528940369449185 2.638804065852379
835 0.9848460386085054 0.07101991318428036 0.003593113438747464 2.639013107149111
840 0.9849744668593237 0.07007865932798207 0.0010790035261007969 2.6383740141653527
845 0.9838058145100252 0.07524579670496134 0.0031107519950273055 2.6386963605881926
850 0.9835070327134552 0.0773668971960908 0.0021223861390649024 2.638069619187849
855 0.9812917558012102 0.0863548411500008 0.011602682449184831 2.638114117492701
860 0.984758355006624 0.07140274599355267 0.0009940987520400402 2.638522989617022
865 0.9836191538773771 0.07782659470590314 0.0005872778291704517 2.6385099790292292
870 0.9834356827164269 0.07716779453231437 0.0033801931927150974 2.63843384612117
875 0.9835022765671879 0.07769903001896372 0.0027347751987503166 2.6387054193545043
880 0.9845771381416288 0.07192694504024999 0.0001688273481244007 2.6389475166795022
885 0.9845505932160583 0.07261701126836018 0.0010266430009162608 2.6387453902249103
890 0.9844502615611963 0.07319963442140454 0.0005762021370852022 2.6386646654089083
895 0.9853153322202363 0.0680959564724386 0.00041462118651591773 2.63846331526584
900 0.9839711604258379 0.0755035536956048 0.0015160184837264001 2.6382152540643435
905 0.9844281531710257 0.07322482922701257 0.00011594710751516857 2.6383511501632624
910 0.9842720608290147 0.07339010378996136 0.005393832405671928 2.6381054264027677
915 0.984973311032771 0.07032568467409295 0.0013795590598910668 2.6381320244042206
920 0.9847968050110267 0.07117147076758235 0.000640954594145704 2.6382865836637386
925 0.9830748827192157 0.07923087171800214 0.003889036879625829 2.6384777467862164
930 0.98491266795919 0.07058461598697674 0.0024374924829138056 2.6387020684920843
935 0.984670981548168 0.07160790225017388 0.002444107089291103 2.6382356211447195
940 0.9843836048243668 0.0731983834743768 0.00042629882363987015 2.638466409105116
945 0.98451386759056 0.07282446360471928 0.001901948640594453 2.638082247730387
950 0.983673831855381 0.07674972695782278 0.003972814833190119 2.6383832271531564
955 0.9845798725435063 0.07256716131991592 0.0013742024785345919 2.638197939808484
960 0.9846419025054145 0.07207300142375228 0.004183002990588713 2.6382986809887528
965 0.9837986909029759 0.07633860321142727 0.000570322678099755 2.6382937056130116
970 0.9834344473993817 0.07692247938233221 0.0016848653524965673 2.638388477352203
975 0.9847810109149137 0.07140909073303714 0.0010983297366238265 2.6381462190051663
980 0.9849353451518283 0.07071717051408344 0.0009815083311950357 2.638721597270557
985 0.9840922464297641 0.07509785614235209 0.0025362605376653136 2.6381871088715716
990 0.9848094584613516 0.07121042480218609 0.0009728202659851082 2.6379832824866436
995 0.9847838586467051 0.07110270832821097 2.989262523200864e-05 2.6380080988106314
1000 0.9834723814064886 0.07707221648316986 0.006357000880191199 2.637984396889638
