0 0 0 0.34714254581206927 0
5 0 0 0.02633637734286154 15.467424358732222
10 0 0 0.02401648824047875 15.414710059064792
15 0 0 0.028332179743369545 15.39521470995162
20 0 0 0.026965371150895256 15.387382080352433
25 0 0 0.024259028909157543 15.375945090362459
30 0 0 0.026387999299978038 15.365239379722237
35 0 0 0.02747749846018621 15.363459905427971
40 0 0 0.024825267730884226 15.365278811087887
45 0 0 0.026532930342249905 15.355598015260844
50 0 0 0.025031766174198777 15.35235301413101
55 0 0 0.025705692870134467 15.355300022729338
60 0 0 0.023368810055204747 15.34667210464428
65 0 0 0.02863333063995621 15.342408252788912
70 0 0 0.026046723592865195 15.330600337707594
75 0 0 0.02597986045036671 15.328076775470224
80 0 0 0.02973300858906769 15.325775198116471
85 0 0 0.02688068707037039 15.328548456888239
90 0 0 0.026247749914318774 15.320949972529815
95 0 0 0.027257113556159895 15.322487620089895
100 0 0 0.025830553264362788 15.319364268904128
105 0 0 0.030453231733622355 15.320249803460474
110 0 0 0.03045079871576961 15.315986964876679
115 0 0 0.025606502607224302 15.320144685589195
120 0 0 0.02698184162488837 15.321632092026121
125 0 0 0.02796312572640547 15.315747417120997
130 0 0 0.028698921860256243 15.31241383820289
135 0 0 0.02778488389388767 15.314228736888529
140 0 0 0.028371164508482094 15.310505652124696
145 0 0 0.028282995255641374 15.31593938622744
150 0 0 0.02942970697822722 15.31081184737726
155 0 0 0.025822810154974007 15.309899817824059
160 0 0 0.02940070103235093 15.313575745695223
165 0 0 0.028993729402674973 15.312100262153049
170 0 0 0.02793753186025394 15.312042761529288
175 0 0 0.02683835909968768 15.31319677763106
180 0 0 0.030174735782857454 15.309892913368929
185 0 0 0.029156975994955925 15.308436758810704
190 0 0 0.0286263437947909 15.309557173701164
195 0 0 0.02888971866258694 15.30869894510567
200 0 0 0.02939766208703687 15.306116940039741
205 0 0 0.03050300072959633 15.3059013734353
210 0 0 0.029480029575519318 15.307844869729355
215 0 0 0.028063569260766474 15.30772674489299
220 0 0 0.029297471645980844 15.306131713026353
225 0 0 0.028274599862016414 15.30645505530063
230 0 0 0.02558840646549254 15.30759064405119
235 0 0 0.02817383829990172 15.30621204417722
240 0 0 0.02772959827174981 15.301767028675483
245 0 0 0.030489377116261762 15.304881900653692
250 0 0 0.022489569411566324 15.38893212007054
255 0 0 0.02332064597703054 15.330381041621047
260 0 0 0.029610576641960318 15.323522728370015
265 0 0 0.020934144407298128 15.321141183533745
270 0 0 0.03028545454299092 15.315320635733695
275 0 0 0.02810117988071914 15.315596536507082
280 0 0 0.02819428201351326 15.313352800825117
285 0 0 0.016014183784810676 15.311705972143939
290 0 0 0.02756243955407256 15.310079251785561
295 0 0 0.029049714485417155 15.311335643862677
300 0 0 0.027871290028593565 15.313000185492564
305 0 0 0.027024450141077683 15.310797184196531
310 0 0 0.029144285540745107 15.308263376430752
315 0 0 0.02702950983591279 15.307106111559106
320 0 0 0.028818183816686993 15.313570939631257
325 0 0 0.02662606819884461 15.30842445049549
330 0 0 0.027733207331111176 15.309617870180304
335 0 0 0.02825879392936992 15.308710044610562
340 0 0 0.03051829509775006 15.304491472213298
345 0 0 0.02656759767156891 15.303803841508152
350 0 0 0.02767494403362747 15.30330646159045
355 0 0 0.02975915591026812 15.301595288383128
360 0 0 0.027465002979893516 15.303471960250524
365 0 0 0.028330683189545347 15.304951246454248
370 0 0 0.026149211089755875 15.304715742834254
375 0 0 0.026694240391710755 15.301409924812893
380 0 0 0.027924520522344398 15.298684194225995
385 0 0 0.02676939071997886 15.299153096035122
390 0 0 0.02380820729862476 15.309450426727395
395 0 0 0.028431901341779975 15.302498043447853
400 0 0 0.028744227803050082 15.299766690577103
405 0 0 0.02622829845026131 15.30159644742748
410 0 0 0.02703383229043177 15.298862551687739
415 0 0 0.028321192099692194 15.29698352356231
420 0 0 0.02840810374023639 15.29932184963171
425 0 0 0.029266198379279018 15.297986461691018
430 0 0 0.027460890406273863 15.29821300886863
435 0 0 0.025454852456374466 15.29951069371982
440 0 0 0.029514064439827514 15.297958598543012
445 0 0 0.027553722451943763 15.300467694198167
450 0 0 0.024904309092062427 15.300214527701234
455 0 0 0.025636280110650667 15.298088323990685
460 0 0 0.030408387873634313 15.297690816336745
465 0 0 0.02553210928027516 15.29701065904493
470 0 0 0.027399317845255622 15.29740636893079
475 0 0 0.029540560583893427 15.295073091651203
480 0 0 0.024673012702691954 15.298953963823383
485 0 0 0.02867669185815158 15.29501543496719
490 0 0 0.027331958488741703 15.29303236688897
495 0 0 0.025702136945265686 15.294547386176312
500 0 0 0.027260505603980745 15.295134628221467
505 0 0 0.027306274459069746 15.295025654030399
510 0 0 0.02574379143003691 15.29432918843397
515 0 0 0.027473132961995494 15.293943685097764
520 0 0 0.026940198782416935 15.294744172836243
525 0 0 0.028982501234765756 15.294172155214671
530 0 0 0.027480934373949717 15.292290310992406
535 0 0 0.02845159208911552 15.291905865234313
540 0 0 0.02938201870811552 15.294030650956158
545 0 0 0.026382719600569926 15.294609899597656
550 0 0 0.024640701238240803 15.29399923298557
555 0 0 0.030731100029801617 15.290584641740784
560 0 0 0.02524059391893685 15.293205703445212
565 0 0 0.02525510042790624 15.292117941769527
570 0 0 0.022742568730939716 15.288900420425389
575 0 0 0.027412865526402097 15.290317352252282
580 0 0 0.02900408733209847 15.289721081778438
585 0 0 0.02623451355805173 15.289991031723398
590 0 0 0.023794737628769713 15.28988140687425
595 0 0 0.030005339710841294 15.288777660322147
600 0 0 0.025484399417839088 15.289071842740327
605 0 0 0.025720194247536687 15.28957551281194
610 0 0 0.023075757557117882 15.289390828867965
615 0 0 0.03073529217690818 15.286571911582552
620 0 0 0.02375774337881298 15.287687366048392
625 0 0 0.030212865509526177 15.285708139209492
630 0 0 0.02504892318143459 15.286833609806967
635 0 0 0.03007461765849362 15.286212403326568
640 0 0 0.02079028133433236 15.284623759432469
645 0 0 0.025927918509738745 15.284087004078927
650 0 0 0.024929473047599515 15.284590425561863
655 0 0 0.027507721844779898 15.283685968492055
660 0 0 0.028884647885044634 15.281008513311956
665 0 0 0.017579459989767843 15.280874182822249
670 0 0 0.02324177798990168 15.281427142669031
675 0 0 0.023040823560112722 15.2797914806722
680 0 0 0.02447779037378961 15.27944240024378
685 0 0 0.020701682131543553 15.278872243758858
690 0 0 0.025431212343410836 15.278302984239717
695 0 0 0.02494520874196171 15.277988357721819
700 0 0 0.0225431322779861 15.274834000198284
705 0 0 0.02705829406716309 15.276077412259077
710 0 0 0.023784064547123895 15.272876716938383
715 0 0 0.018002128239296367 15.27403222823841
720 0 0 0.012878138254967197 15.270839910103785
725 0 0 0.01623435287668884 15.270388108109767
730 0 0 0.022941600102832638 15.269344758454599
735 0 0 0.023089917708673857 15.27052943251003
740 0 0 0.011921045312608403 15.26636602565379
745 0 0 0.02441657193268254 15.266371004744308
750 0 0 0.01861264339125146 15.265023998345468
755 0 0 0.024773100827859995 15.265208501815493
760 0 0 0.02507808124454769 15.261496373164666
765 0 0 0.015557357644043313 15.259662170401455
770 0 0 0.029297255509245446 15.259336060422186
775 0 0 0.015498540830296337 15.258356930636161
780 0 0 0.01405885797347084 15.253297180974505
785 0 0 0.031243532155128317 15.254730786235704
790 0 0 0.006905045980022395 15.251553198180272
795 0 0 0.01482919717103881 15.25182334881917
800 0 0 0.013368663899930855 15.249941460988069
805 0 0 0.001454105874757028 15.24613684085945
810 0 0 0.019561163342202592 15.245499854652916
815 0 0 0.01912407796303839 15.243624265863765
820 0 0 0.01714759161615831 15.238971491364843
825 0 0 0.01669157276803701 15.23918480357285
830 0 0 0.015149953927919846 15.23663351356231
835 0 0 0.011146432476031753 15.232213491851912
840 0 0 0.014333250229350059 15.232567882723394
845 0 0 0.005299149741289311 15.227410840080232
850 0 0 0.009234498261141866 15.22573652892038
855 0 0 0.012561911527879444 15.222476930404117
860 0 0 0.025945544361725803 15.219777163730198
865 0 0 0.00805224026155904 15.218912334702534
870 0 0 0.02184197607530325 15.219281243436434
875 0 0 0.007281922277965647 15.21260933636107
880 0 0 0.02280813431495554 15.209798150738234
885 0 0 0.000186182864976292 15.208953218635655
890 0 0 0.0058004594864724535 15.203135899159733
895 0 0 0.018266880183096523 15.20105779975128
900 0 0 0.003113656554452726 15.196911292356576
905 0 0 0.0008704478349168543 15.197695545791598
910 0 0 0.009790186715826987 15.192778694664241
915 0 0 0.022477080892729484 15.189426048155733
920 0 0 0.007210803968738855 15.186976414726335
925 0 0 0.011233229657882537 15.18225914111001
930 0 0 0.02516882918763086 15.179194930327467
935 0 0 0.017980622867027396 15.178017863385724
940 0 0 0.04237841927245922 15.170540834380848
945 0 0 0.010375397776908768 15.168306238031944
950 0 0 0.04615440968936246 15.161984058176666
955 0 0 0.01576278682456822 15.161583888157251
960 0 0 0.015258597567029186 15.159382973764108
965 0 0 0.03839318962495941 15.155132789854218
970 0 0 0.029822204609299074 15.150423351260681
975 0 0 0.0283841887597176 15.144737492197867
980 0 0 0.025387921974117322 15.144874879383998
985 0 0 0.037265451253177595 15.139254485139155
990 0 0 0.02798174700081746 15.137420670244465
995 0 0 0.011811638779197331 15.132357202043094
1000 0 0 0.03217600223998618 15.129386773579085
