0 0 0 0.3282028286744041 0
5 0 0 0.01972273011259351 15.45099789423248
10 0 0 0.027529651087419227 15.41737873790252
15 0 0 0.025102044088959108 15.382986100353136
20 0 0 0.025161229689841136 15.38053067115442
25 0 0 0.025222703665082058 15.372565760429774
30 0 0 0.025437083427722662 15.366068912967894
35 0 0 0.02338545253258495 15.359906473794542
40 0 0 0.028171843751573 15.35536828468488
45 0 0 0.02962944186009775 15.35365850674401
50 0 0 0.026580016125902217 15.344158732784388
55 0 0 0.028142028808924247 15.325883897609117
60 0 0 0.02739891243007575 15.332949395593076
65 0 0 0.02671315150805409 15.329348037945634
70 0 0 0.027340087388426415 15.333242174156824
75 0 0 0.029602705907209925 15.325078206544717
80 0 0 0.027811901935382632 15.327208191804077
85 0 0 0.027904407712786572 15.322606020074126
90 0 0 0.03062981438140633 15.32140178160141
95 0 0 0.029225704459181934 15.32216968521568
100 0 0 0.028431980500071452 15.317156609640836
105 0 0 0.029832879280045965 15.317321783165378
110 0 0 0.029268571337276228 15.317721628747588
115 0 0 0.025179805281684953 15.31736618395769
120 0 0 0.02279790045158059 15.313883492764743
125 0 0 0.027988819939556597 15.315366456034191
130 0 0 0.028138375749663602 15.315970405009931
135 0 0 0.029275298710941478 15.31413239997043
140 0 0 0.03021539667907769 15.313050240392624
145 0 0 0.02949089441261754 15.308413411520712
150 0 0 0.02817525904738627 15.308975839577158
155 0 0 0.02777272789660823 15.309712681339102
160 0 0 0.02933824375358629 15.309726691436426
165 0 0 0.027719791610089972 15.309007305024107
170 0 0 0.025962799749365217 15.31413234630699
175 0 0 0.02955624732816009 15.305059557518163
180 0 0 0.02784260398357974 15.30922933623286
185 0 0 0.025010707502173712 15.306925040794438
190 0 0 0.029183760613862963 15.30738094070138
195 0 0 0.03058334483865588 15.306839122746348
200 0 0 0.028024018924011518 15.306602138613469
205 0 0 0.029240599999657446 15.30506828127867
210 0 0 0.028753972576695652 15.30421881058907
215 0 0 0.02884467103097288 15.303299439527443
220 0 0 0.02798098528596471 15.304905160435997
225 0 0 0.02874523220210712 15.30215511090014
230 0 0 0.026665545021439474 15.304261096520044
235 0 0 0.028695947062867377 15.305655971445091
240 0 0 0.026876857116329367 15.301840654470373
245 0 0 0.029673768129439004 15.301358202932617
250 0 0 0.028095652627802226 15.383872181868835
255 0 0 0.027818543450201405 15.33113835633253
260 0 0 0.02522272177449736 15.318912615807482
265 0 0 0.02933549789221268 15.315083670999522
270 0 0 0.02882702622254607 15.311910500525478
275 0 0 0.028722423558303456 15.315083879714326
280 0 0 0.0283532572866243 15.311892158479617
285 0 0 0.026795434671751384 15.312646488910836
290 0 0 0.027833412925442502 15.309546941663159
295 0 0 0.029105577127866766 15.311310641231744
300 0 0 0.033161359241622224 15.308432865686921
305 0 0 0.026427842968285153 15.307388395943171
310 0 0 0.026928849491476115 15.307266204072329
315 0 0 0.028827581199786678 15.309622641405268
320 0 0 0.028915733261490217 15.305774015092268
325 0 0 0.028026605474773314 15.30552553813082
330 0 0 0.029330476473140354 15.30382589321079
335 0 0 0.02811537866805125 15.30455512045094
340 0 0 0.027036530527680958 15.301462399895563
345 0 0 0.026214231312577718 15.306145211274455
350 0 0 0.027132949430368036 15.300675850884737
355 0 0 0.029070998282974436 15.303619915158027
360 0 0 0.02845595880205143 15.30202689782521
365 0 0 0.0290610337052839 15.300955148242299
370 0 0 0.027788228027400885 15.30373551168321
375 0 0 0.028814668609337346 15.303232648102378
380 0 0 0.029341490699093864 15.299338641304235
385 0 0 0.022289899929755386 15.302056649412416
390 0 0 0.028332778539074344 15.301046908112143
395 0 0 0.026247798137916556 15.304292541179725
400 0 0 0.024946872912277485 15.30014970482453
405 0 0 0.027582280678372095 15.300044787320248
410 0 0 0.02888268821648854 15.301445334478519
415 0 0 0.02955378185152613 15.299703485502024
420 0 0 0.029726133805578314 15.299653077673817
425 0 0 0.024796351142039486 15.297185023579663
430 0 0 0.026887323019736176 15.299608803037634
435 0 0 0.028043233001481038 15.297719884876026
440 0 0 0.027378984734182765 15.299733130691266
445 0 0 0.02801638288903252 15.297754351128205
450 0 0 0.028266578491910055 15.297840654843705
455 0 0 0.028472647041606347 15.297457924169498
460 0 0 0.03005727440417938 15.298689828085598
465 0 0 0.025805863549766217 15.298518385382904
470 0 0 0.02574677984438334 15.29909253749313
475 0 0 0.028226088629525137 15.296592905022592
480 0 0 0.022950801040193092 15.298265806113374
485 0 0 0.027764296915279374 15.298421011958833
490 0 0 0.032709929297713325 15.295953278878912
495 0 0 0.028064199442353166 15.2947197973108
500 0 0 0.03071532075229877 15.295592621842667
505 0 0 0.024835852471529085 15.295529415697935
510 0 0 0.027291136200538135 15.296492782503718
515 0 0 0.027087297717834913 15.29827456003532
520 0 0 0.02978378054709352 15.293013254437039
525 0 0 0.02571708280573093 15.294349664705681
530 0 0 0.027762607327068256 15.3019904111659
535 0 0 0.030373373589970054 15.292733526190705
540 0 0 0.0246313277672483 15.2919632106583
545 0 0 0.029662486840753344 15.29442145045219
550 0 0 0.025635612230092253 15.292787874282793
555 0 0 0.02904346814026959 15.293334687103203
560 0 0 0.02388897093192366 15.292658033738821
565 0 0 0.02698615613918709 15.293716761425669
570 0 0 0.02385195612511115 15.292663437014184
575 0 0 0.023529070641250316 15.292460319409647
580 0 0 0.032019650193003235 15.29194362056047
585 0 0 0.024894213076553928 15.289949427420844
590 0 0 0.02386832157875607 15.2891417787955
595 0 0 0.027206763618997876 15.290384467665822
600 0 0 0.030408509562968256 15.290310566797855
605 0 0 0.027647787195061335 15.289853234544115
610 0 0 0.029620908570759497 15.28927034057156
615 0 0 0.024164967242318536 15.290630049374862
620 0 0 0.02699711585140485 15.288127906704936
625 0 0 0.02480797767233156 15.285845304258968
630 0 0 0.031322984402390563 15.286794782532303
635 0 0 0.026138000308079334 15.285963342002123
640 0 0 0.025581376971573366 15.284758646998261
645 0 0 0.032138398491426745 15.283536484880637
650 0 0 0.023208849862443648 15.285313667028316
655 0 0 0.023709801340014103 15.282236970000604
660 0 0 0.0247697904211166 15.283477539024483
665 0 0 0.025280498270736196 15.282615666443046
670 0 0 0.02528601354644122 15.283116586369438
675 0 0 0.024578764900766048 15.283275606327665
680 0 0 0.023426733433906666 15.278953462445791
685 0 0 0.029833146826707457 15.278760494596277
690 0 0 0.022574599545016838 15.278419121556388
695 0 0 0.01722646927271243 15.277299710227853
700 0 0 0.021319285471794513 15.27419838790182
705 0 0 0.02431122534589325 15.275892304259614
710 0 0 0.02147872680588825 15.274375118340725
715 0 0 0.03045975504977183 15.272539153606896
720 0 0 0.028176156280492526 15.272083907534938
725 0 0 0.030343083264844584 15.268327232839185
730 0 0 0.022417874735331855 15.267461008519298
735 0 0 0.030271590288827532 15.266234737778008
740 0 0 0.03083198641008389 15.266843198457291
745 0 0 0.025179812264102708 15.264756887028927
750 0 0 0.020325054756760608 15.260917218177196
755 0 0 0.04066814511065786 15.259200304876028
760 0 0 0.010621645032728999 15.257782782438131
765 0 0 0.017241089015171074 15.25642918786045
770 0 0 0.02070360369641744 15.25467686409068
775 0 0 0.020736264634066304 15.251966168994583
780 0 0 0.03085601838944707 15.249336086275225
785 0 0 0.020819962932723257 15.248052978034087
790 0 0 0.03096232111594066 15.245752446567693
795 0 0 0.012680580790496165 15.240992174085589
800 0 0 0.01803299161838079 15.240098276534892
805 0 0 0.002076593777205815 15.237464380704566
810 0 0 0.0029169592839319858 15.235720571403073
815 0 0 0.008373224610333185 15.233073124157167
820 0 0 0.020542446042298268 15.23094274556773
825 0 0 0.009399113447658314 15.229524848503466
830 0 0 0.0023072519735520824 15.22195362316701
835 0 0 0.007700758165789301 15.22217280452158
840 0 0 0.016309830317663643 15.217010088277286
845 0 0 0.001910265039669845 15.216092415842027
850 0 0 0.007463223577719447 15.21346157367082
855 0 0 0.016358604002819632 15.209356038636042
860 0 0 0.016626230153693244 15.207823504606687
865 0 0 0.013966330988653075 15.202547059812893
870 0 0 0.007825322453064887 15.201208113143196
875 0 0 0.009198909176980852 15.197247811698128
880 0 0 0.017198155278337568 15.19352039079854
885 0 0 0.011184052766228136 15.191622048923575
890 0 0 0.011696429990119439 15.187143894999044
895 0 0 0.03409302595185837 15.18488551420978
900 0 0 0.0008336496030507679 15.176949870427274
905 0 0 0.02231646232174911 15.179557109493736
910 0 0 0.004537044572702875 15.16913033882976
915 0 0 0.0008320427222048288 15.167680077997153
920 0 0 0.016353673805852065 15.163115692799419
925 0 0 0.013917632403416036 15.161472623987647
930 0 0 0.011589728903621754 15.153321468711566
935 0 0 0.00194555270565977 15.149680998728456
940 0 0 0.007361253760285402 15.149448840494921
945 0 0 0.012509098813342723 15.143482294307049
950 0 0 0.01852878732170371 15.135246061929964
955 0 0 0.0024788660521215533 15.130487079608809
960 0 0 0.025133003727236147 15.125075449335563
965 0 0 0.0253570359174502 15.123727197434516
970 0 0 0.0015124259154095654 15.119420049127108
975 0 0 0.02008229888714741 15.108955055560859
980 0 0 0.0013211646181032766 15.109823678566515
985 0 0 0.05141453470894963 15.101964851965446
990 0 0 0.021506415800627066 15.099442189701874
995 0 0 0.06818930505727816 15.097851709630483
1000 0 0 0.05047859096134233 15.089150424167057
