0 0.5816404590672924 1.150045051071284 0.3532987445944413 0
5 0.9820498235041972 0.044853672771808295 0.01852356422391077 1.6825963446835794
10 0.9955131105827175 0.012905115268992073 0.0027413862994678517 1.6444857722570276
15 0.9987640910424015 0.002777953935385158 0.002293177374509625 1.6405550268594289
20 0.9989980559962695 0.00222564370682532 0.003965469526301835 1.6386877572520013
25 0.9969569560075877 0.011270195841094788 0.005119394783468456 1.6380776185798172
30 0.9993445901848457 0.0015182240914124456 0.00014360368080357233 1.6381765926358094
35 0.9987440000045364 0.003614933777202456 0.003865292387396524 1.6374455130280592
40 0.9977324072716272 0.008244208951943888 0.0033597929195634535 1.6368096467050786
45 0.9991773567797563 0.002416537035385913 0.011714631904320871 1.636880615447086
50 0.9994923888653182 0.0016447026268546772 0.005291356161492677 1.6370247182703526
55 0.9994716945942101 0.0014065271782777167 0.00022881154743847887 1.6357958148692162
60 0.9989685178700541 0.002933616189597199 0.013762691566209906 1.6365614783756106
65 0.9988619919256241 0.003473265368254763 0.00392137775564505 1.6353595272335284
70 0.9978755834833534 0.00820663055389348 0.006959251205780115 1.6351339437144352
75 0.9993732638115558 0.0018170050640129443 0.0030189240434652653 1.635485149368906
80 0.9994559546573949 0.001606315045069806 0.004726722865784128 1.6353825704779286
85 0.9996591466607225 0.0010039988549732648 0.0032239070115362978 1.6357418312595728
90 0.9980940415089377 0.007061694524146178 0.009817907164500372 1.635141870083424
95 0.9985689217660496 0.00537211372384605 0.015326111199754244 1.635838076395773
100 0.9989072169198021 0.004109021283617453 0.002935694935798594 1.6351512258489973
105 0.997863422931776 0.00717868722894921 0.007192601837827661 1.6352599550865348
110 0.9994015121740242 0.0020139472780704715 0.00404261289050778 1.6351567368874975
115 0.9991949509409288 0.0028545000812181254 0.0009443449839290352 1.6346531211854134
120 0.9992154501963559 0.0024786566755152784 0.0008043800647015154 1.6353455190591188
125 0.999346121559322 0.0022848880387382753 0.0038857003298320425 1.63466370785187
130 0.9993406023824665 0.0019091041719347945 0.0013674035302833065 1.634766566491039
135 0.9996841659199522 0.000909101823033609 0.00062033273784734 1.6348221841329282
140 0.9994415350841896 0.001963653701007928 0.003927801621211424 1.6346946442542616
145 0.9992409548856681 0.002848491420360366 0.0025861896927203976 1.6348720048278664
150 0.9992890934520867 0.002256803807526575 0.0003982087396399159 1.6346835230330896
155 0.9988573068275317 0.004019199350185021 0.013699663490954528 1.6345642735177728
160 0.9985258027971081 0.005694702272605268 0.00015278287565778648 1.634599218245428
165 0.9993400580770421 0.0018850123844580402 0.00270981330640252 1.6347729522960603
170 0.9996883703257696 0.0008462193561626918 0.0006309745821893031 1.6343950932986389
175 0.9996526300381527 0.0008510488703876717 0.0023693235809532087 1.6348030808949492
180 0.9994310565036033 0.0019580976831634622 0.002839632281335547 1.6345354334062392
185 0.9989806962471031 0.0037629303325303898 0.0005017450324813488 1.634857988033727
190 0.9995491241863719 0.0012590876790010697 0.0013460684277368795 1.6344732559662345
195 0.9995757671310138 0.0013146241957326943 0.0018029134407924197 1.6346458375810062
200 0.9982622726448764 0.005357442332287965 0.00024375318931579848 1.634577368816673
205 0.9995896042422161 0.001267288029646929 9.88361436811136e-05 1.6345091841984891
210 0.9995616779954741 0.0014103415348261095 0.00492166076470979 1.634215329233403
215 0.999483739489785 0.001893624647611336 0.0009106896665458386 1.6344214118435136
220 0.9996147866224216 0.0010308800502649706 0.00114338197685937 1.6340770354501222
225 0.9996200395984027 0.0010352626744536408 0.003641595283772503 1.6342282863040976
230 0.9995345377353744 0.0016261322022457225 0.0015477239025538658 1.634299174537109
235 0.9995341650672621 0.001225558306494623 0.002730330772401368 1.6341687083172636
240 0.9980840569398118 0.007435365744058675 0.0012696150472857326 1.6343859817172772
245 0.9993969812704893 0.0022925939195297396 0.0009724289983932266 1.6340444699588204
250 0.999105254576473 0.002571048954697508 0.004674662915674865 1.6335063108970413
255 0.9917752822537932 0.01718082288372136 0.0007768229748357225 1.633842474511204
260 0.9874936045023319 0.02569674055665727 0.00065840316009802 1.6336267898341328
265 0.9843252163340737 0.032059999395330774 0.0027435274324227876 1.6331632071816764
270 0.971303690538168 0.05975228319109416 0.0012528369107043247 1.633486767799958
275 0.9533707626156284 0.09642231713821725 0.0009567034534012642 1.6331441587203488
280 0.9590748206212747 0.08516999392816782 0.0008194275389792338 1.6334990024179785
285 0.9597846928066691 0.08440515641815738 0.00046141123574150456 1.6337048578481488
290 0.9590315196612769 0.0884871773378495 0.0013795840735695286 1.6336977351878081
295 0.9576044173737708 0.09493122390835862 0.002461495088969423 1.6332043584651705
300 0.9397900722622392 0.1269710392592569 0.0006495932411785255 1.633295028549996
305 0.9305217513262124 0.146680133748601 0.00034807597449937333 1.6335372065292324
310 0.9352538982089613 0.13901329518567063 0.0010380521730242176 1.6336615496507532
315 0.9353310049982246 0.13889048957342398 0.0031541316829653 1.6334654416898746
320 0.9361574950330374 0.1402450754949438 0.0030408097720799887 1.6335903105685832
325 0.9182139748733775 0.1731784749601546 0.0029489493386956056 1.6331145364728121
330 0.9118255763297799 0.18673815612720746 0.0027452651605774925 1.6329478780633762
335 0.9196488057496002 0.17207207561794702 0.0029855062375907515 1.633431654266566
340 0.9127688948536931 0.18561486538668226 0.00016051931777782968 1.6334649438350706
345 0.922231095473373 0.16865934660457516 0.0003262482169361647 1.6335861948997765
350 0.9201829653668441 0.17184137921366505 0.00183496530267524 1.633080427969037
355 0.9153901834831306 0.1825877086851635 0.0014028134652388502 1.6331774062280493
360 0.9149432320970897 0.18382513490241226 0.002369500864154883 1.6332624595507355
365 0.9120040276321787 0.1896390650364228 0.002667728393803026 1.632903840411274
370 0.9043548701774221 0.2034870925591339 0.0019119295714291606 1.6331888547717766
375 0.906758543681145 0.1992355033234945 0.003180854265833588 1.6332153065946118
380 0.9100500138849269 0.19307719197023854 0.0030761677425132916 1.6332890930548352
385 0.9052971518528534 0.20206759095277427 0.0014536104934501637 1.6334438997069602
390 0.905225630726618 0.20474224326434465 0.003705987248659781 1.6333269751212722
395 0.8976841621107925 0.21831088077460792 0.0012713790475644693 1.633354247206176
400 0.9061132230862088 0.202581901722529 0.0016276163443023073 1.633264024790488
405 0.9032252082606276 0.20947571464997194 0.003500476140276376 1.6329645188018356
410 0.8989224866784382 0.21643306082683478 0.0006998351622582444 1.6330226894322986
415 0.8999257081486172 0.2178409246131514 0.00018434843647119337 1.633284736295476
420 0.8946744215632109 0.22547880948990429 0.0004094019483005251 1.6334363672992
425 0.9024552478601997 0.2111501710191861 3.1295741989012527e-06 1.6328886046401798
430 0.9069048827263034 0.2034579080179355 0.0021688910205037715 1.6329936230852056
435 0.9067755486609481 0.2048973047790008 0.0038107404888558793 1.6330538485958705
440 0.9012984527824075 0.2153801186730635 3.132312965248296e-05 1.6330415269505898
445 0.897189407806851 0.22188413128195061 7.753430560031305e-05 1.633229780309157
450 0.8997881267806476 0.21786907342082573 0.00025305607950398823 1.633126407792369
455 0.8920966255718399 0.23274964683222432 0.0004438820894530071 1.633276042702992
460 0.8927378025906128 0.2320345789596021 0.0023820170424164733 1.6332094324931716
465 0.8978824491489009 0.22333019942721255 0.0008619859678384856 1.6332278761406314
470 0.8910098042448698 0.23826677131338947 0.00396138309758487 1.6330454831776786
475 0.8901021324479934 0.23796753641406876 0.001853274355959389 1.6332319543077636
480 0.8874992669612158 0.24245842129077544 0.001739949602755475 1.6329354401418021
485 0.8904511354766508 0.23723356876510393 0.0037590777113649665 1.6329117888608353
490 0.8926970179803606 0.2338069611189626 0.00020789346632232863 1.632750974435045
495 0.896398293355632 0.22724477928915077 0.00022024010312371445 1.6330542438485884
500 0.8873880499283759 0.2435929355378701 0.001374096059423735 1.6328061516842316
505 0.8927412145580138 0.23558788365759864 0.0007773483444017959 1.63310652421936
510 0.8907813770538112 0.24466166670837897 0.003910365811755412 1.6330104057346337
515 0.8886040940881171 0.24386798959244427 0.0008361866900101766 1.6330725886794075
520 0.8935189007066571 0.2359815486550132 6.261404537077908e-06 1.6330679657929132
525 0.8949206541941757 0.23672576693416003 0.005112454234919905 1.6329654317272548
530 0.8804904848281858 0.2594626247430285 0.0015800879987644123 1.632917089477638
535 0.8862524557413028 0.25194050750244346 0.0002766355515888552 1.6331471689752635
540 0.8816923490411608 0.25957598575256613 0.00057318750040114 1.6330767815387475
545 0.8822158920271757 0.25863127298158517 6.529394802434751e-05 1.6329957033268425
550 0.8843999962757507 0.2543943182227193 0.008538169755807568 1.633170719188027
555 0.8814226081174223 0.25988067583560026 0.0025268244017868646 1.6327087384510557
560 0.8846651584997054 0.2559319572095011 0.0020125663774692715 1.633191679538178
565 0.8802915893209944 0.26708533835325343 0.0011713746683597037 1.6329675727525
570 0.8835877476264015 0.25999519604874166 0.0038720190493684026 1.6326889462377954
575 0.8824446373260334 0.2621312981010029 0.0014204586974686517 1.6331313249351265
580 0.8820402673776628 0.26347806483937686 0.001517128631387088 1.632885286852643
585 0.8715852571423752 0.28360375653030534 0.001975296437273011 1.633066329162972
590 0.8803327958244221 0.2719175814125734 0.0020797042275104705 1.6325869839655092
595 0.8819441825746761 0.2641373485551164 0.0014395127523232354 1.6331804958068847
600 0.8734241201357207 0.28406676329476044 0.00020984098243914673 1.633258271937329
605 0.8677275562988878 0.2947584403468164 0.0026320077744317327 1.6329897767539328
610 0.8696948500349042 0.28662399766524205 0.00044482644082322054 1.6332524634703178
615 0.8864766068182378 0.25996318021502507 0.0005787901581668642 1.6330144004400637
620 0.8800844210650375 0.2680358462981638 0.0005472673377029391 1.6328262507507694
625 0.8771395929577723 0.273385311489319 0.00010411795719411643 1.6331202179978266
630 0.8734946278492961 0.27869691052909973 0.0009786444309642928 1.6330411730103154
635 0.8753088027595655 0.2769321094769328 0.0021235449263206085 1.6331638719927608
640 0.8715458646322276 0.28911260803366856 0.0009471382501822223 1.6330854685233982
645 0.8779154584256816 0.27246253641463847 0.003927704942537691 1.6328159662907447
650 0.8776217810947478 0.27634181867483787 0.004027131072184886 1.6329638673727975
655 0.8754853574745329 0.280429450397345 0.001854481717098011 1.6330690628830808
660 0.8792052637221153 0.2736055601274394 0.005848499275100005 1.6327421356542524
665 0.8692884048083307 0.29456071728164446 0.0036372301490743553 1.6329976670684214
670 0.8653318053262686 0.30122529800092934 9.875500620015742e-05 1.6327886389737176
675 0.8689208480760868 0.2976827339595991 0.0014301440733521797 1.6330558886655036
680 0.8754151761258799 0.28560829472928795 0.0006117131186238467 1.633038658092219
685 0.8716229257331125 0.2959856351655492 0.005404323832061131 1.6329265948422542
690 0.8689228260397593 0.29662102020268577 0.0019442338437678508 1.6331644193545878
695 0.8570498470737895 0.32487871456743234 0.0015698810953312936 1.6329985304011998
700 0.8715904259249225 0.2918033560418509 2.9462264498070212e-05 1.6329967443491313
705 0.8698811493811222 0.29557862583280436 0.0033705121726477216 1.6329794624537133
710 0.8691041570039462 0.30159397355579975 0.0005780639245203112 1.6327572143648552
715 0.8559764187566107 0.3227338341105066 0.0026163662526552667 1.633197005127181
720 0.8610496471567158 0.31277592230588236 0.003334289884729724 1.6329613907914449
725 0.8610229355874204 0.31505853665185546 0.00015757815022299226 1.6330603746747503
730 0.8602875572709443 0.3115673269001942 0.0015009646275603306 1.633058932978394
735 0.8639567414796743 0.3062870809427545 0.0017187503818600902 1.6330707265620268
740 0.8631686118213494 0.3115541418596546 0.0009187463906514814 1.6329147119082685
745 0.868366247287174 0.2990159217714754 0.0023471822828804445 1.6332743086839432
750 0.8653722316255651 0.3047412979447468 0.0012483689907472062 1.632995322996972
755 0.8655186212910766 0.3087261307856546 0.004406016557234604 1.6330220356561491
760 0.8537812868383993 0.33158273968057617 0.0012830247689925578 1.6330427443918634
765 0.8473038681006002 0.34521445144832263 0.0020142943441430194 1.632935681140816
770 0.8559193567481144 0.3302210567411452 0.0005141574417364403 1.6330681621918937
775 0.8525266194417993 0.33356082614148286 0.0005908597429065132 1.6329517976151826
780 0.8591133905406543 0.3205271712946278 0.0002125522017450976 1.6330523911351087
785 0.84445855173809 0.3550888861674 0.0025028270956755083 1.6329668790571008
790 0.847273836371176 0.3480834765036245 0.0007726070634557214 1.6330684077912203
795 0.852816611415791 0.33636789400134526 0.004395359686055089 1.6333105234220897
800 0.8539654734650822 0.33379321383863836 0.0005040382067598159 1.6331294313886673
805 0.8575037326962036 0.32616121914102436 0.0005662504480599129 1.6332068656938545
810 0.848920526342156 0.34364318494174584 0.0007544136836599158 1.63305401445139
815 0.8595344667700826 0.3248796602103783 0.0004844047278549368 1.6329149519965538
820 0.857983680969431 0.3233870739993383 0.0005019403782176024 1.633175885871526
825 0.8560940882626913 0.33035385876184953 0.0019393994667675774 1.6328738776727136
830 0.8406624851865532 0.37236698301835824 0.001554802047451176 1.6331164712154764
835 0.8547673416298206 0.3301084483602088 0.0021122738356476045 1.6328862267235396
840 0.8569128482003142 0.3317687360521757 0.0016586133414564497 1.6332870336889769
845 0.8548213309108152 0.33369699942845643 0.001074649497479374 1.6329372715894934
850 0.8529022434444316 0.34067252746351206 0.0010407536414216434 1.6329918428619814
855 0.848376873730386 0.3461456018450326 0.0010339411611177685 1.632962701936486
860 0.8597763237250085 0.32017863548357517 0.0003295066435882177 1.6329275687101534
865 0.8580760199833377 0.3313076040469083 0.001074418065571514 1.6329949548616782
870 0.8532592808403341 0.3374632728022975 0.0007985958722724895 1.6329610107843189
875 0.8457182260527106 0.3545523223473541 0.0010427159475998593 1.6331209962977185
880 0.845382754657038 0.34969757697952675 0.0018406226402412074 1.6331896811417537
885 0.8552359175679376 0.33394427846442554 0.006375555477629469 1.6331495557356714
890 0.8536037038548843 0.3427795280098622 0.004253637591179027 1.6328373747234415
895 0.8431835595377648 0.3609738589762921 0.0012236081077019456 1.6328813710067305
900 0.8533255950909668 0.3409708044797024 0.00017177490840247778 1.6327827174886762
905 0.839192243077517 0.3693368592497692 0.0026441493961706364 1.6327995770485328
910 0.8387378311205332 0.38831886206662203 0.0027565722411511118 1.6328584692107666
915 0.8414068832884296 0.3681669434187964 0.00023432526906885798 1.6330698023078734
920 0.8447576742863057 0.36263052135584517 0.0008699170330841444 1.6329210229313347
925 0.8396739854396224 0.378069667659894 0.00038414043015677635 1.6329082822047765
930 0.840374380890728 0.37691512235161406 0.006442866930310043 1.632688607922432
935 0.8448684823845471 0.3587963296010568 0.0011369051126217666 1.6328387997750295
940 0.8411584845145521 0.3690232908831348 0.0007430323121289106 1.6328989788393897
945 0.8362130512706081 0.38722094504308036 0.0014938997116966668 1.6328470845319303
950 0.8409029951904152 0.36391866622339686 0.0010955174177837979 1.6331087668200854
955 0.8413325571605317 0.36687825300974364 0.0032608286128783526 1.6329056489854383
960 0.8420723811605031 0.36968683727947926 0.0020654918825779855 1.6328817080041018
965 0.8418470847026351 0.36750298217340926 0.0009263202536202719 1.6329774745592311
970 0.8541835733150731 0.34406340171668637 0.0045448790826592145 1.6325680143320833
975 0.8385094380992033 0.3805256907580379 0.0027068562480676572 1.6329690826590295
980 0.8435510109288546 0.3697309453384112 0.0009007327043590863 1.6332016764772834
985 0.836930013364018 0.3885184022655941 0.0013473731928363986 1.6328165842662683
990 0.8184608883535217 0.4259584832798673 0.001578803025529929 1.6328850372174333
995 0.8450688276977658 0.36170357276643683 0.0023030220292299397 1.6329113804346784
1000 0.8354071118186543 0.37885971660503914 0.0034021934251664554 1.6326487619173968
