0 0 0 0.3437096505989865 0
5 0 0 0.0006838984642987267 27.018506813907702
10 0 0 0.0007436703431606961 26.867300915819772
15 0 0 0.001347715386127879 26.79336793714262
20 0 0 0.0032154954118281953 26.734475508270872
25 0 0 0.024403391682012776 26.68010568307307
30 0 0 0.011226881986434067 26.624951568200018
35 0 0 0.007382041557428831 26.581430749243154
40 0 0 0.009334666389896995 26.534306562161195
45 0 0 0.01495528636609289 26.502304928971036
50 0 0 0.012991644662736723 26.446122488246814
55 0 0 0.00966102242218092 26.419008192282543
60 0 0 0.012060522990307687 26.39226024336232
65 0 0 0.016608218442685008 26.363665848387082
70 0 0 0.014885057422114878 26.331661824680385
75 0 0 0.016336327479570478 26.31757872237982
80 0 0 0.017863035141975958 26.301983652757546
85 0 0 0.013000385845443496 26.27821361646428
90 0 0 0.01693610785365629 26.274057590162975
95 0 0 0.017440263265898537 26.267502942536595
100 0 0 0.017976159774882206 26.25153092736644
105 0 0 0.01836804147863136 26.245696508379364
110 0 0 0.01450730498225239 26.228921879851228
115 0 0 0.013355118054394932 26.22567915218061
120 0 0 0.01658493659349425 26.230371953940434
125 0 0 0.014916536919106216 26.219335259391755
130 0 0 0.01865845211337369 26.223573336870782
135 0 0 0.017492231531986313 26.215780861038134
140 0 0 0.01998481664049856 26.214239836843003
145 0 0 0.018386657111522764 26.1982309010077
150 0 0 0.02080988720573651 26.20483872525184
155 0 0 0.01890189411841381 26.199229923010243
160 0 0 0.015558288581204005 26.194896979599008
165 0 0 0.017881365753055878 26.18469040489505
170 0 0 0.019490132917667546 26.19488916084083
175 0 0 0.01716122869493164 26.19162009093389
180 0 0 0.017244701401944784 26.192599656730508
185 0 0 0.0180295581959804 26.190564978756324
190 0 0 0.017049283347468025 26.18092616611615
195 0 0 0.019763441050267394 26.18658396804774
200 0 0 0.01929448331498307 26.186512734063776
205 0 0 0.018769460889143996 26.179823377334674
210 0 0 0.01792482994140321 26.183382844233574
215 0 0 0.018707357584905715 26.18099318484297
220 0 0 0.017257078895239086 26.17502005116921
225 0 0 0.01567230164103539 26.177363576785627
230 0 0 0.020980911798639923 26.18490352737821
235 0 0 0.01914527304651159 26.175735899804764
240 0 0 0.016887282580324126 26.17452761149228
245 0 0 0.017280507464766393 26.17666640771548
250 0 0 0.01640373479144097 26.168781201228736
255 0 0 0.019251402365736192 26.172159046372027
260 0 0 0.016807291315358297 26.169413536410904
265 0 0 0.01864222130457427 26.178204584823757
270 0 0 0.015014395024315341 26.171989381620605
275 0 0 0.01994813705500964 26.168594560952325
280 0 0 0.017886058157077223 26.17263995575792
285 0 0 0.017889718335014848 26.169975561127195
290 0 0 0.018988094213790774 26.16853694567594
295 0 0 0.016523132019299558 26.171745009068133
300 0 0 0.020155784560208723 26.164097334530776
305 0 0 0.01739869988749332 26.16524588524301
310 0 0 0.020068036272849143 26.163560299022592
315 0 0 0.019330618027617374 26.16265600614068
320 0 0 0.017361145082398943 26.1666995792429
325 0 0 0.018741793729040612 26.161049548939044
330 0 0 0.0190349464188575 26.16112356615606
335 0 0 0.01800879974670533 26.162722828433274
340 0 0 0.018685671363642742 26.162116589783217
345 0 0 0.021881971645039577 26.16047883539605
350 0 0 0.01897369487521572 26.16436785297956
355 0 0 0.017976635322189294 26.16220008425288
360 0 0 0.0187742068269936 26.15881408706644
365 0 0 0.019243637660222745 26.160230340759135
370 0 0 0.019922852638353472 26.16092890795039
375 0 0 0.01753839862058526 26.158160628145882
380 0 0 0.01696129736945573 26.15674144250654
385 0 0 0.019765265221284523 26.158894930552997
390 0 0 0.01887332503812167 26.15798595043753
395 0 0 0.019244941915666613 26.15617708486575
400 0 0 0.01964947680227258 26.158431954604154
405 0 0 0.01720696153405199 26.1564746738987
410 0 0 0.01771984772592461 26.157453981469533
415 0 0 0.0193943778328729 26.15521132588234
420 0 0 0.018392290818322055 26.16096944921213
425 0 0 0.01895709887548147 26.15367984507239
430 0 0 0.018928394931470915 26.15247489112564
435 0 0 0.019400367742687052 26.154553100720918
440 0 0 0.017297093312330203 26.158064750852592
445 0 0 0.017926537369763462 26.15525904485263
450 0 0 0.017838220844789587 26.157488939979054
455 0 0 0.018928905817128916 26.156796838819044
460 0 0 0.01893679934778203 26.14982551644313
465 0 0 0.01909649683887671 26.152543669173202
470 0 0 0.01765068574937234 26.156947038856487
475 0 0 0.018639105669726153 26.15031429285105
480 0 0 0.02014289350400822 26.150152181405616
485 0 0 0.018100340222564126 26.154991203758737
490 0 0 0.019394686014636342 26.14719622515547
495 0 0 0.019106712122869185 26.152400280734636
500 0 0 0.018935877384407718 26.149225167972023
505 0 0 0.019688552356433853 26.1480729470353
510 0 0 0.0187525932142234 26.147945991385892
515 0 0 0.020486300194552998 26.148238003869878
520 0 0 0.019221888669015197 26.144073207038755
525 0 0 0.019352078727053135 26.144677809944632
530 0 0 0.019857643335376984 26.141985174042144
535 0 0 0.019974405870252898 26.145879795193295
540 0 0 0.019421294743013462 26.14381053467098
545 0 0 0.018262606884362764 26.144524792787998
550 0 0 0.020902764105266147 26.14276121300065
555 0 0 0.019727354067455627 26.13798974770085
560 0 0 0.019494528091166474 26.13818726596657
565 0 0 0.01959433184724113 26.138324730948916
570 0 0 0.019401518302530008 26.14046170091756
575 0 0 0.017828503801616158 26.137354022375316
580 0 0 0.01904289108503132 26.14026789176275
585 0 0 0.018020112418785983 26.135271180275826
590 0 0 0.0190410902233058 26.139020102819828
595 0 0 0.019133231759867364 26.135534932913565
600 0 0 0.019288972725940212 26.13496546936624
605 0 0 0.018881123201357042 26.13314769957757
610 0 0 0.020140993282879327 26.13334827394725
615 0 0 0.0183644119392401 26.13461824254429
620 0 0 0.019293947805485434 26.136074887330718
625 0 0 0.02046769048283914 26.129425360720038
630 0 0 0.019217423478189 26.135595623263807
635 0 0 0.019909369692900913 26.128181632180027
640 0 0 0.01995153321949461 26.130943961598362
645 0 0 0.01936587883359353 26.12860578232457
650 0 0 0.020292707481517125 26.13040433124507
655 0 0 0.020038273529041195 26.12836417545754
660 0 0 0.02039618448648306 26.127710970240486
665 0 0 0.018399356188232963 26.128323098941667
670 0 0 0.01974224533787794 26.124976788342657
675 0 0 0.021103171580437063 26.128116842847493
680 0 0 0.019726172242035434 26.12481747198216
685 0 0 0.019686088900858545 26.122412374248544
690 0 0 0.01830414874279418 26.128171968921368
695 0 0 0.019731761206357223 26.121920916096045
700 0 0 0.020421267704141544 26.123138338865665
705 0 0 0.020120563712109796 26.1211788922145
710 0 0 0.019295090731302755 26.120089544418192
715 0 0 0.020438174187395575 26.119429853626258
720 0 0 0.02149852037217892 26.11836811052215
725 0 0 0.020258116773378188 26.120882245573295
730 0 0 0.020032512965009186 26.120784317716133
735 0 0 0.0187917566425444 26.118338680994714
740 0 0 0.02014286456406822 26.119979823621986
745 0 0 0.020423171119495764 26.11810912505182
750 0 0 0.020094008730513035 26.115405471260427
755 0 0 0.01888760407160195 26.11645742114969
760 0 0 0.020795035457615185 26.115131270815162
765 0 0 0.02094837731793331 26.11781680781217
770 0 0 0.01790990903384526 26.118178738849245
775 0 0 0.01944652460510321 26.114556229765544
780 0 0 0.019779430756108773 26.113059640225853
785 0 0 0.018682988819873847 26.1179496561761
790 0 0 0.020658982199904807 26.113063665484237
795 0 0 0.02144242182785927 26.112118909613258
800 0 0 0.0201586049516278 26.11495193572016
805 0 0 0.02039912618023365 26.111535176011515
810 0 0 0.019520381720141478 26.108553161309395
815 0 0 0.018994826443540447 26.111340663287315
820 0 0 0.01998878371564472 26.110480492129376
825 0 0 0.02039398473859766 26.112951585556207
830 0 0 0.020135988394971216 26.110207570027242
835 0 0 0.019846559439038458 26.109769875759138
840 0 0 0.019973013402544648 26.10791660459693
845 0 0 0.0218261754682183 26.107634823589738
850 0 0 0.0196760458981613 26.111335447695065
855 0 0 0.01982239413814213 26.107235959686715
860 0 0 0.019133489106498702 26.107980514071997
865 0 0 0.019996463274849496 26.105814218195942
870 0 0 0.019504013171045775 26.106796255693183
875 0 0 0.020424017246940984 26.10452070034082
880 0 0 0.020005949137134937 26.10327293837151
885 0 0 0.019554222065462756 26.107814158041187
890 0 0 0.020868453036848367 26.10324779787077
895 0 0 0.01962896956891491 26.106738081406206
900 0 0 0.0187904453515908 26.1029760186283
905 0 0 0.02056396779551517 26.101250962511003
910 0 0 0.02091749977188795 26.106372102609527
915 0 0 0.02037533945397607 26.10054134655624
920 0 0 0.021348016992124297 26.105476427403463
925 0 0 0.02008757244231396 26.10215173523469
930 0 0 0.020751698589511758 26.102518091789094
935 0 0 0.020886490370341182 26.100818139851796
