0 0 0 0.3085895109529555 0
5 0 0 0.007031622341108212 27.02445676084785
10 0 0 0.0010127669385919802 26.86153442479196
15 0 0 0.003374121372263783 26.773280226764832
20 0 0 0.0040047666924813985 26.708429915789424
25 0 0 0.004827287743481845 26.657067820441977
30 0 0 0.011601169903150188 26.595506304622454
35 0 0 0.0060297553871162535 26.544409002147923
40 0 0 0.009498161515961057 26.490980393425694
45 0 0 0.014032294479935148 26.451891016439458
50 0 0 0.014796909854249973 26.412285635803105
55 0 0 0.016296724526031703 26.360624782418185
60 0 0 0.015709923423150807 26.341105068135597
65 0 0 0.016099694801685382 26.311607276493355
70 0 0 0.01818454087189525 26.28483005233879
75 0 0 0.015509907882352403 26.268257447824563
80 0 0 0.017252501598865155 26.26194647220919
85 0 0 0.015651995038547195 26.2433309675723
90 0 0 0.01778206880174449 26.23567951952595
95 0 0 0.017730381379930105 26.235853047742367
100 0 0 0.02102241977096675 26.22642703538725
105 0 0 0.017754535592452214 26.208751863685425
110 0 0 0.02066012457062394 26.214523218788116
115 0 0 0.020419648195930007 26.19675942028999
120 0 0 0.018266937828065544 26.197884624816215
125 0 0 0.017766088710820638 26.193271151688393
130 0 0 0.01847374135721025 26.19535058102878
135 0 0 0.018145818797762336 26.19545514713241
140 0 0 0.018072391448823888 26.198994634823958
145 0 0 0.0179526041954301 26.189074804786877
150 0 0 0.015552147552368778 26.189632688634155
155 0 0 0.017077933539012324 26.181638142029296
160 0 0 0.016378147454011227 26.18793057478787
165 0 0 0.017842198635779738 26.183472729696497
170 0 0 0.019297710548952907 26.182240048182184
175 0 0 0.020412030177326068 26.178739440898664
180 0 0 0.020818450861892046 26.17650047990376
185 0 0 0.01736760224575895 26.171986472729028
190 0 0 0.018899399389242122 26.17297830412729
195 0 0 0.02021736219285497 26.177059647347143
200 0 0 0.016570589389768742 26.176005084791658
205 0 0 0.017828719049763908 26.17226544488332
210 0 0 0.018722783729365533 26.17236066154878
215 0 0 0.01874131830599901 26.173094819711125
220 0 0 0.017290262709671156 26.172484313164276
225 0 0 0.018608792347527547 26.16442970986779
230 0 0 0.01573929520274997 26.169920236993963
235 0 0 0.014291700640765015 26.16936540683257
240 0 0 0.0177313056074746 26.16073829484407
245 0 0 0.020713926673604943 26.166429170681454
250 0 0 0.019809046734911906 26.17115953642182
255 0 0 0.020996044517094248 26.16551712788672
260 0 0 0.018513281309372687 26.162906114353508
265 0 0 0.01941914430173619 26.16465223617217
270 0 0 0.020671573567161428 26.169115431825613
275 0 0 0.018222311954566806 26.165319708267347
280 0 0 0.016567513099657205 26.15866355425815
285 0 0 0.019233004908796536 26.15957025768963
290 0 0 0.019035705714219642 26.16250171655073
295 0 0 0.018196702504870377 26.16102171278877
300 0 0 0.019365613707671425 26.160501721486217
305 0 0 0.018033094492815094 26.155407740369274
310 0 0 0.02111327081743819 26.16608546669871
315 0 0 0.01824347758351963 26.153658474820944
320 0 0 0.020157187923373066 26.161493585386566
325 0 0 0.020049867134791066 26.157323980890684
330 0 0 0.01525550671404896 26.155635470403002
335 0 0 0.019428022383709775 26.155612730484016
340 0 0 0.01877932347594724 26.158652098542685
345 0 0 0.01813947288401918 26.153780381166257
350 0 0 0.020370608445274163 26.14630341108424
355 0 0 0.018769276159706916 26.15112152097861
360 0 0 0.018225429585145392 26.145461694534614
365 0 0 0.02143996209189858 26.152571706606018
370 0 0 0.018620665641920997 26.148297082451812
375 0 0 0.018511820321483796 26.151446676139866
380 0 0 0.0193836687858866 26.147154503436838
385 0 0 0.01957555029007141 26.14811218728414
390 0 0 0.019276186437730214 26.140503443444636
395 0 0 0.019232068956638537 26.142028824276736
400 0 0 0.020153037170367982 26.131915187272014
405 0 0 0.01974152575432342 26.142563410846783
410 0 0 0.018690013973921005 26.13460175027783
415 0 0 0.020743136234130155 26.1439236558011
420 0 0 0.019909586935702217 26.133932621868066
425 0 0 0.020597011917740993 26.14130432506955
430 0 0 0.018001056351337974 26.14173126735703
435 0 0 0.020641803855576457 26.1408511924995
440 0 0 0.019552867684949238 26.1338459384624
445 0 0 0.019934085051362294 26.132408240135334
450 0 0 0.020407483381862157 26.131543458719047
455 0 0 0.01863525246842257 26.13117353256609
460 0 0 0.019165548297073176 26.132217195302456
465 0 0 0.0171878884068577 26.13572068762854
470 0 0 0.020086060062457278 26.130146863909417
475 0 0 0.02059548991001292 26.127755779536916
480 0 0 0.02023171961915815 26.130163007981444
485 0 0 0.01891089670714763 26.132367984998517
490 0 0 0.020710914529989077 26.122252612506855
495 0 0 0.019977788170723487 26.124876347004857
500 0 0 0.019978381977602266 26.129878236551495
505 0 0 0.020952796884630587 26.117347735724355
510 0 0 0.019669284220773964 26.12765535333897
515 0 0 0.019446001188534012 26.127444684039887
520 0 0 0.020131299682609072 26.12435991476485
525 0 0 0.019269782459673257 26.1198307924459
530 0 0 0.01840408043718278 26.124955145602048
535 0 0 0.020301313219404538 26.121700055396126
540 0 0 0.021176541996122733 26.122173567089497
545 0 0 0.018874743562062424 26.12150383782368
550 0 0 0.022181822861442102 26.122015811460102
555 0 0 0.019626238908595273 26.118756500503
560 0 0 0.021321291238227458 26.11865108568187
565 0 0 0.019970185319298173 26.121147689256315
570 0 0 0.01968217479267631 26.116960610854015
575 0 0 0.01932550444066905 26.11932551649704
580 0 0 0.018554740932419156 26.118530851080095
585 0 0 0.020225697383349228 26.11923395474459
590 0 0 0.02027739803115014 26.115124396220562
595 0 0 0.0203863061940599 26.121107839146738
600 0 0 0.020607815930055562 26.118175711933482
605 0 0 0.019960128776130404 26.11996768441944
610 0 0 0.020619823360636724 26.119620680759546
615 0 0 0.020694544837212003 26.114483777996465
620 0 0 0.021299437038270197 26.115696809492064
625 0 0 0.01991328772350598 26.11532599129316
630 0 0 0.019526161421232313 26.118473563219535
635 0 0 0.019592901974649912 26.113824526047324
640 0 0 0.019520909780186724 26.114446442852067
645 0 0 0.020600580704934535 26.114262448740416
650 0 0 0.017359069091359647 26.114820570467856
655 0 0 0.02140530386482209 26.110995778785536
660 0 0 0.020533825649956317 26.113664804486376
665 0 0 0.019555845108351733 26.11363919047393
670 0 0 0.01876461041637878 26.112500929966323
675 0 0 0.019977991142302143 26.11188293239367
680 0 0 0.022741440096690546 26.108336356771865
685 0 0 0.020927805100275254 26.11308092047965
690 0 0 0.01953118488613037 26.11668165082294
695 0 0 0.021284618077491713 26.10750404762926
700 0 0 0.019237456673910414 26.112368992707587
705 0 0 0.020718705153775385 26.110691782032955
710 0 0 0.02131101693017734 26.110235008008907
715 0 0 0.021215922943956578 26.11112725399387
720 0 0 0.02032306606994516 26.110519792085764
725 0 0 0.02099339226895025 26.109350638752097
730 0 0 0.019670558081851475 26.11022191921687
735 0 0 0.0188652225240169 26.1123924591389
740 0 0 0.020399518652174597 26.107904330801965
745 0 0 0.02214009116545923 26.1084420063297
750 0 0 0.01925225026827726 26.11038406896504
755 0 0 0.019048676423593536 26.11324727699131
760 0 0 0.019853485305732832 26.107140997107226
765 0 0 0.019630538757652083 26.1050621690817
770 0 0 0.020406200690266774 26.107554857680583
775 0 0 0.0199139073870358 26.108537045247058
780 0 0 0.01899640132964131 26.107792761328646
785 0 0 0.01826789159489861 26.110394061671727
790 0 0 0.02046254877368958 26.106884631710468
795 0 0 0.020386837486560783 26.109372982341238
800 0 0 0.02057650196582128 26.110840521590863
805 0 0 0.02124485804045717 26.105308118358757
810 0 0 0.019596757061075998 26.10702438026833
815 0 0 0.019587494489612833 26.103801253726985
820 0 0 0.020126557250312205 26.106559429319486
825 0 0 0.019546132962267926 26.105540377246598
830 0 0 0.0204330713021319 26.10569699815669
835 0 0 0.020610834018096158 26.107712479757502
840 0 0 0.020853958833813024 26.104978971833038
845 0 0 0.019329175853350256 26.101215456575275
850 0 0 0.020594814805517503 26.10406201672343
855 0 0 0.020426092756045566 26.10476941357957
860 0 0 0.01973072911799889 26.106403409027315
865 0 0 0.021083174754057188 26.104452803706486
870 0 0 0.021421720042164694 26.10567473262784
875 0 0 0.02053269231210919 26.105571475079003
880 0 0 0.021452729335558862 26.105271059873672
885 0 0 0.021716047675149897 26.102616699672367
890 0 0 0.019235360621127295 26.104201731342105
895 0 0 0.021818691579210014 26.10466895480939
900 0 0 0.020522442915874795 26.104973025086554
905 0 0 0.019938179484971563 26.101486712811102
910 0 0 0.019414080557953683 26.105402585568772
915 0 0 0.021010345707975997 26.099133146461014
920 0 0 0.019667461392425256 26.105380521669925
925 0 0 0.019218489745711276 26.100743921375887
930 0 0 0.019707626752879515 26.102679650816558
935 0 0 0.02062437160005648 26.102777948951534
940 0 0 0.02145378632131023 26.103724529956224
945 0 0 0.020017858234043562 26.103084281052404
950 0 0 0.020140247192540928 26.097732880805776
