0 0.4267511684670029 1.9185703947798611 0.3399184888448563 0
5 0.7449508367785822 0.6460655183442334 0.05665319802459723 4.373330342393638
10 0.9329025047657884 0.1565109841252994 0.014600928115326317 3.813614136682217
15 0.9364108976321313 0.1485154921800409 0.01953284820465684 3.8046176987598597
20 0.9370577528648389 0.14715975627462763 0.012367015216824262 3.7988783681332405
25 0.9390012099518483 0.14065682964298798 0.01566076965783081 3.795971539612725
30 0.9403491780874595 0.13710819509054772 0.014611568699313349 3.79382749273245
35 0.9409549487675306 0.13610178346428237 0.02911329682090269 3.7925705480831353
40 0.9412696432733987 0.1345777024354664 0.027883374250231574 3.7918156843763886
45 0.9418481309984194 0.13390133368280743 0.01753586698246079 3.790682459129861
50 0.9402349427752013 0.13722194883514938 0.027476015442378987 3.7897171047413303
55 0.9421261956648163 0.13309039125615074 0.036902498237067816 3.789949359485996
60 0.940038554357786 0.13811987632474398 0.031221744240226057 3.7892758246893563
65 0.9416545713896006 0.13411156530700374 0.02958212287726858 3.789160108376352
70 0.9415602773587639 0.13544866466283434 0.02364691769338023 3.7880087560710067
75 0.9428768951969201 0.13114136236183027 0.01938569001960544 3.788106601407767
80 0.9402601954461395 0.13770306395947873 0.02837637255213865 3.7877461345435393
85 0.9432248101042175 0.12985203922750443 0.028650003689547843 3.787007757896408
90 0.9427616519387273 0.1313769344838387 0.023801283250074468 3.786706640633098
95 0.9429055977229319 0.13015232302041957 0.0471011627576301 3.786186836894878
100 0.9434444822483212 0.12946499442938597 0.023871679672327506 3.7866591004760113
105 0.9440189477905512 0.12868624178623778 0.017325779984461054 3.7857492354112914
110 0.9440531152500053 0.12751890580341207 0.03093348442964694 3.7857807083284682
115 0.9440058941320999 0.12734320592540804 0.03479280656812267 3.784878116603005
120 0.9444675668808133 0.12646695041408051 0.013423407321960568 3.7834474043080126
125 0.9440700767971791 0.12787657509201988 0.014401801890796984 3.7843540529368145
130 0.9443692591205411 0.12715243364148243 0.022074280828744852 3.7835248125536083
135 0.9355873077709318 0.15547843530637273 0.03888752073318735 3.782385513020602
140 0.9447425626272394 0.1263953334412835 0.04412749661789461 3.781032837672212
145 0.9459399011209897 0.12338613995208769 0.031791069427750784 3.7815330185928517
150 0.9461879630892265 0.1225343401294321 0.03744458640001902 3.780245300820767
155 0.9460833248088623 0.12318319845505554 0.029942381552606978 3.77974967625761
160 0.9413427611101599 0.13659157416421497 0.02281477983350677 3.778396498187042
165 0.9470613813480245 0.12051958913895922 0.015936536184369743 3.7774387599725823
170 0.9480777671469001 0.11825388260950831 0.021389794709406607 3.775663981044265
175 0.9489494569670696 0.11624083531670415 0.029937498438481258 3.774570036125183
180 0.9493326933137296 0.11528394707022294 0.020729123410837547 3.771994345724242
185 0.9394832392410575 0.14638180790227562 0.02057692553109436 3.7710427667907367
190 0.9515451808242807 0.10981214064314804 0.010877302844012782 3.767451981143474
195 0.9498863425343445 0.11581444027723897 0.005970808443920728 3.763945869295739
200 0.9466167613051352 0.12746267803708022 0.034222896975786066 3.7609064843611346
205 0.9570404389517991 0.09840693949466317 0.012003413530545348 3.754570119409105
210 0.9570691932173648 0.10073546737521699 0.015453386686810067 3.7506426867729683
215 0.9635844544571457 0.0829821039998242 0.0062179137152562625 3.743688237629473
220 0.9671545867046094 0.07535564222590985 0.0055101129112509195 3.73528131213562
225 0.9702586362081217 0.0681715194576662 0.017502945506036705 3.729268219472404
230 0.9703789027694776 0.07087291231310955 0.008733933053044485 3.7224955938360433
235 0.976478899226688 0.054747822452142714 0.010916922467441026 3.716036044521488
240 0.9784617967859832 0.04996173208856458 0.006012278235437263 3.710483454095923
245 0.9810932729851929 0.045257432902389816 0.013375328605689463 3.7052178732815175
250 0.9827906325740905 0.03996026437127842 0.00783658283858868 3.7017210324712333
255 0.9826322491613229 0.04233505619472622 0.001446267053361483 3.695896917107194
260 0.9830416181671526 0.04326635984237992 0.014898074021784558 3.694115295823571
265 0.9821056303888215 0.04586401926309858 0.011801725083853798 3.68883999621203
270 0.9811575555995501 0.0593529493856666 0.015225470706155875 3.685009956747192
275 0.9904594384123662 0.023612251916839355 0.0077237441357889125 3.683417837087493
280 0.9869791040930095 0.03710320627050301 0.009646267996134883 3.6820130398434663
285 0.9910822186489004 0.021594242097172867 0.007920542760461169 3.6772865634106666
290 0.9910224518907286 0.021579253195235015 0.002680669129303981 3.6779111675937033
295 0.993173857814186 0.016482496096596133 0.003855466245332506 3.6761158152664617
300 0.9937485324004294 0.015527699699536157 0.007728284606138169 3.6753087387246257
305 0.9878473947935189 0.03412865955764577 0.0005272664054316589 3.673164289492506
310 0.9915283823554931 0.02311009649957363 0.002748835387419657 3.6714428951908866
315 0.9926641303347208 0.021715640189583496 0.010615841638154988 3.671333391710029
320 0.9956336467285885 0.010818548844674591 0.0003531089479391625 3.6711356032583407
325 0.9958721638732 0.010283815934654772 0.005781261281839534 3.6717672946415885
330 0.9960173569327659 0.009766926322226865 0.009347436234049544 3.6683255167377626
335 0.9961043842006376 0.010121245828135894 0.0007894272990707218 3.6694678227956876
340 0.9942079754589842 0.015008250716304516 0.0074690816798692605 3.669576356339349
345 0.9956342217540823 0.011361190284638223 0.0033979200701972356 3.669265521084354
350 0.9966932632958346 0.008860197567959638 0.0027363740135804004 3.666543558827103
355 0.9937411743543483 0.0165393275777177 0.0007198926508333869 3.666912022311933
360 0.9949688460790245 0.014267428506825386 0.00065592337698539 3.666530651462155
365 0.992553242793555 0.02561684139622722 0.006304294003275368 3.666218447056011
370 0.9968232574419458 0.008295632902446837 0.0015857161896615235 3.667754134266595
375 0.997377468151731 0.007527787510199335 0.007929819354036471 3.6650962369026736
380 0.9891907127794421 0.039610976472785886 0.013166825441765395 3.6645302491889966
385 0.997312651972899 0.00833040033416177 0.001375090656869249 3.6631076686994146
390 0.997627697799879 0.006091162407530604 0.0013735286567064797 3.665152161768453
395 0.9950077132048802 0.01446857715445704 0.004405717050666613 3.664611822685105
400 0.9974599019216425 0.0067916626464761265 0.0007107445699752191 3.6646342215530057
405 0.9979093477548154 0.0056682947333648315 0.0015228223330663315 3.662858927889094
410 0.9933128290992528 0.02109684048725402 0.009981142844316393 3.663971445956142
415 0.9979620940284755 0.005943403391920121 0.0002351795162744974 3.6628130821450657
420 0.9973151242700964 0.007529547133171111 0.001810574273061416 3.663435881330711
425 0.997667899115342 0.006281173703698073 0.0032194183194349524 3.661975053383199
430 0.9968864243457657 0.010151751874907244 0.004473869121982554 3.6619826508639095
435 0.997704124942774 0.0065619868640953705 0.0012042055818521913 3.663212072850801
440 0.9979271130402935 0.005299520439880467 0.0020608137294868545 3.663324335169007
445 0.9977211729617517 0.0070810037403887804 0.0025277934344996034 3.6625283073632158
450 0.9976102823531166 0.007138756553990877 0.0028577362036843468 3.661713274391553
455 0.9974202953026385 0.0074481346302599505 0.011009562296270925 3.662567228256334
460 0.9981275879137181 0.005706090808152542 0.005264299947368878 3.6615673273106437
465 0.9971564561790726 0.008631595558595162 0.0029861482944670836 3.661857607878949
470 0.9976960797647354 0.006470883498567392 0.002376611235028081 3.6609515206039123
475 0.9977823781805184 0.0065292782098853586 0.0021297244546738536 3.6606300288611844
480 0.9951230524311223 0.016931437560791185 0.0036283308324920327 3.660919559450517
485 0.9980535684800085 0.00495434360972391 0.0016545763188855478 3.6621249975391303
490 0.9983297216674076 0.004510567932150877 0.0028403031084234254 3.660721689288228
495 0.9951827336860105 0.01677089974755619 0.002572774681055101 3.661199535255911
500 0.9975680916213396 0.006839488238898461 0.00601378524449836 3.6606967722577393
505 0.9984219955543958 0.0043918473674269265 0.0020475431708131264 3.6600755754604144
510 0.9978236978390836 0.006567763622279621 0.002350918513753575 3.6607664184744366
515 0.9985779639645904 0.003849203703319759 0.002080265193288966 3.6603646858953347
520 0.9985558749471828 0.004146336526048788 0.002642636824314648 3.6599819392542146
525 0.9975384585184948 0.007267203954016033 0.006989153861250541 3.660208381989739
530 0.9966380781313842 0.011412209372751114 0.0013605015576680923 3.660080750562067
535 0.9985835168954709 0.003979583694805555 0.001377748000577883 3.6601077927173105
540 0.9987337137291896 0.0036453496748207748 0.001650011919151817 3.6591551169027747
545 0.9976122471949309 0.007651454459366214 0.001590490601883987 3.659445418218642
550 0.9967071021873806 0.011936273797849672 0.006820502194616607 3.659685738567016
555 0.993474717270745 0.024692395747616835 0.013105844698874103 3.6589652326312483
560 0.9986325114991975 0.00362254487038971 0.0029100641955623896 3.659663158057196
565 0.9966941496027806 0.011448332707089115 0.00562189927356993 3.659404829210087
570 0.9980200823602696 0.0055136971608149565 0.0016586797836499745 3.6591061070316027
575 0.9986365654275192 0.0037131712326097244 0.0006537875607670607 3.6590695563165667
580 0.9934470067663701 0.024594506720355458 0.007603781876832638 3.6579362412816043
585 0.9986638190374709 0.003656274436364626 0.003992959163290344 3.659319600584435
590 0.9989638460401017 0.002874900787804613 0.0050467689622017975 3.659696907806742
595 0.9979100064941069 0.007003721641908989 0.005509487571510485 3.659403579173428
600 0.9977753352088545 0.007834648174215086 0.007203648694884324 3.659815557372484
605 0.9983533162976823 0.005326998461207211 0.00019614165793391258 3.6588824048754587
610 0.9987540005662283 0.0037797507544587994 0.0035814895373309508 3.6584617882673616
615 0.9970563520896625 0.01043209052784233 0.0030242342171782344 3.6586778260670623
620 0.9988146819627735 0.003163818806845242 0.004282315381330726 3.6592989211816622
625 0.9985600055268979 0.0045240631096379325 0.0036739172981856694 3.658834298215061
630 0.9986701463466234 0.004268873660643102 0.003758203429365503 3.6587848056662335
635 0.9967373364381259 0.011534705786050203 0.006297809296345491 3.6583927887279897
640 0.998584284947981 0.004059317929460793 0.008274684497825424 3.6585830585728614
645 0.9985005379283527 0.004608528373947429 0.0014294064202664547 3.657955475531213
650 0.99870693323064 0.0043422994041568685 0.009741951272596472 3.6586723241800683
655 0.9961841377148029 0.013511859217304245 0.00033794689153188173 3.6584946292243394
660 0.9987392447130305 0.004125873708625605 0.0009570560269376305 3.65808723633976
665 0.9991067018356891 0.0027875501642871114 0.0021606558253508545 3.658730354743787
670 0.9971810779362508 0.010078719973956485 0.0048516883430202995 3.657877221003147
675 0.9985930754042357 0.0048376442850033285 0.002730680508285177 3.658240818295227
680 0.9986919271139811 0.0034685942112084867 0.0013016083545285273 3.6577151782841018
685 0.9986424519170033 0.004426240606180354 0.0007605009134523666 3.6581484081748448
690 0.998858180059169 0.0032478420848471856 0.00012062806343537957 3.6578449658309906
695 0.998519294690349 0.0048554087446208705 0.0019322814883222517 3.6581474142823533
700 0.9991175770566005 0.0027590666249897033 0.0012051030586597289 3.6577020230642954
705 0.9989107095243114 0.003232211859365286 0.001391243620665561 3.657619207537099
710 0.9989953146780206 0.0029290587069161766 0.0016373750820368738 3.658061090473785
715 0.997753617264137 0.0076189209304105 0.005255565013870589 3.657777040144108
720 0.9977929797824314 0.007603138453021074 0.0021026694657093614 3.657965636792413
725 0.9971236599022142 0.010699151317322908 0.004982263350983729 3.657664576308486
730 0.9984479699429418 0.005549769258871962 0.005761207700599735 3.657529482125156
735 0.9971949847551551 0.00991277235492305 0.0003192153510873652 3.657777057503691
740 0.9989957143306119 0.0027130293843047326 0.0019783156356563136 3.6576282613899105
745 0.9983860467851787 0.005594971004514893 0.0005052455474976458 3.657154001200789
750 0.9988587929580081 0.00312629864573033 0.0020942028371551125 3.6578565546928434
755 0.9987444253982795 0.004184844214473404 0.0029767044886754856 3.6568080986965708
760 0.9991316279922557 0.0025748497761397537 0.002372251122438662 3.657653811691418
765 0.9983593176995267 0.005146316321138045 0.0010011720199123442 3.658444541676845
770 0.9968186229053405 0.011884880152388533 0.011347017555450423 3.657439258916915
775 0.9991454945999776 0.0023033487789856366 0.0031702657125671774 3.657139124873715
780 0.9990576543243709 0.0027101370518116674 0.0036715836468046437 3.6575184146518853
785 0.9988137722155928 0.0037989004556853168 0.0008669128064049403 3.657493567284346
790 0.9984895188349534 0.005435046054062642 0.003623945650461202 3.6574592412060447
795 0.9989325977443804 0.00357117544990615 0.0031569521860879135 3.657809393005129
800 0.9984783814075574 0.00464933191458794 0.0010078343938497714 3.6569708541141797
805 0.9989487698844892 0.0028989431953680977 0.003203270865175689 3.658209157188628
810 0.9984868952879076 0.004956279612073455 0.0028318255034756046 3.6570321007256634
815 0.9990734742627074 0.0026619119918209755 0.006209492663798555 3.6567645867366787
820 0.9989875020322346 0.0028064600945647555 0.004928985001457997 3.6573577475874073
825 0.9991555464762736 0.002918181950852805 0.006923261051690721 3.6570492274698307
830 0.9989951222466552 0.003042887703833763 0.004291703050674389 3.6566014380833014
835 0.999144392011812 0.002613452420400897 0.004900281941954576 3.6574048369774523
840 0.9991370543685405 0.002389861699200857 0.0035832012996543927 3.656995783567122
845 0.9955926003525869 0.016524698225117262 0.0077022630818761595 3.657250232876471
850 0.9990073647649604 0.00266897691921697 0.005413824331502282 3.656286830932548
855 0.9991466490118399 0.002672999612532756 0.0016010838228721624 3.6569008580291245
860 0.9991920449929494 0.0023578113801265843 0.0010645762287444516 3.6567826103896706
865 0.9991777773194639 0.0024454302155074714 0.005938627119383311 3.6573897577338665
870 0.9989180882812205 0.0035519238999723868 0.004710855563893501 3.6567750725490895
875 0.9987983932361084 0.00378780252845079 0.0007222142742120408 3.656890010269625
880 0.9990637490113667 0.0026142477743560377 0.0033479767776098956 3.6571394695227855
885 0.9968164963105841 0.012087808700611102 0.013479386711675145 3.657230571922067
890 0.9984707425784546 0.005394943261952001 0.0002686835324818837 3.6570577840406195
895 0.9993268690399928 0.0021446941643019635 0.0014724535295873586 3.656889748983387
900 0.9986151515594115 0.004557009671507295 0.005133837378522577 3.6566404251019495
905 0.9984223856867331 0.005349738647530078 0.0012027050291243402 3.6564490765008246
910 0.9974914901347395 0.009281937797520623 0.0012391035494789815 3.6569856353686574
915 0.9976867512659267 0.008813500215186565 0.0026961103705354095 3.657168808430326
920 0.9985849327999625 0.004683589562288759 0.0003462030001146754 3.6565982250442484
925 0.9992296447225916 0.0024156370846695197 0.0020212452240153667 3.656650223123738
930 0.9970819440667681 0.011245275888151607 0.004511098539925484 3.6568947280055424
935 0.9993353208285716 0.002036369166331209 0.0017215203198426288 3.656776993706621
940 0.9967566497282127 0.01214266813369802 0.0017870753800284245 3.6567398550155006
945 0.999078933190655 0.0026259236326540147 0.0009415415929845405 3.6568046068588647
950 0.9989919319625787 0.0032918643602068975 0.0021998928966375786 3.6566645031048948
955 0.9980541260641993 0.007101011271067659 0.0008951172105533534 3.6567893855123916
960 0.9976945585793954 0.008057462843536367 0.008194979890517429 3.656465679238213
965 0.997991162598131 0.007153536644894487 0.007566193462161808 3.6570692295528033
970 0.999348000985796 0.0020149051752982317 0.0008182376528833579 3.6567471595955423
975 0.9991915696502073 0.0023972257388908957 0.00393359445135677 3.6564959708474594
980 0.999381744964271 0.0020162608110618763 0.0005747873652768298 3.656405781490565
985 0.9952847406588532 0.018106930171681412 0.0018992282608603084 3.6562279735051777
990 0.9992076682326873 0.0024052554388216407 0.0016610962771246296 3.6570691906407338
995 0.9991760386429821 0.0025370171117202744 0.0015256025775851612 3.6561552426238633
1000 0.999355533963797 0.002071582130960259 0.002108645551991639 3.6567873370357518
