0 0.5956918360977577 1.092118741795442 0.38009575253856465 0
5 0.9789766776657455 0.05427584901444926 0.027099545006987524 1.6821838457169582
10 0.9965445013807772 0.009771450028085438 0.0010636704404116681 1.6446511549458487
15 0.9978881917338401 0.0060472886503770695 0.008043502502664168 1.6403058327975557
20 0.9984164092455133 0.005116088911720551 0.010677614095172316 1.6386639325036447
25 0.9991190479708891 0.00221853568354069 0.003931084658564732 1.6381687368488858
30 0.9988605694529609 0.003054632470121943 0.00032840865670502595 1.637509581300177
35 0.9992547008118541 0.0018169328330377432 0.002212554196768135 1.6362857339249075
40 0.9987306545014144 0.00393926175882342 0.0004078120960193665 1.6356713553001532
45 0.9992273102408894 0.0023481679967563007 0.0011843705281513461 1.636357231598427
50 0.9995867595391938 0.0009350573411448515 0.006917615077697281 1.6358692745554506
55 0.9991887740279315 0.002555770987703987 0.0033631646735059473 1.6355907146229596
60 0.9990457974443996 0.0033128234504389287 0.0029725002662890354 1.6357355547140429
65 0.9979926702627213 0.007526951790888248 0.00492102493607538 1.6356132791870452
70 0.9995415196579962 0.0012901847847879289 0.0017080828400310999 1.6355048926379758
75 0.9995589436827528 0.0013437398448283844 0.0002502707501053081 1.6352456399874946
80 0.9979754417920343 0.007049767062081047 0.00015391127015917938 1.6350199306710829
85 0.9981303354264073 0.005581659210013079 0.002790715872242 1.6348585830610247
90 0.9989527611298306 0.003687565341015553 0.0036574822908936877 1.634932408526874
95 0.9987810651667992 0.004686670327966658 0.0006464212060157681 1.6349614523692793
100 0.9975466502975746 0.009675090678870069 0.01245567577692741 1.6351410055415239
105 0.999307705841852 0.0020715747105690685 0.004570154450368236 1.6348262210231894
110 0.9975579489904244 0.009170732478449795 0.011604966161609553 1.6345597018356366
115 0.9996801943372577 0.0008216326048782197 0.0026148821039910786 1.6349896305207705
120 0.9983717417557114 0.005384468251958152 0.005493139841999728 1.63472116637241
125 0.9996412110311607 0.0010241243603827943 8.454557779558058e-05 1.634869004411724
130 0.9992888044269372 0.0024456261619751896 0.0051491398516494424 1.6344111928230123
135 0.999515753054504 0.0014518092741446775 0.0011258019765116867 1.6346006096580823
140 0.9989778862599826 0.0035880823269600626 0.0011360809550173823 1.6346222678801667
145 0.9994940684041622 0.0014848731027696793 0.0005611389644422093 1.6344067760426666
150 0.9993450536927028 0.0021875825571484597 0.002605552379042253 1.6344064737882218
155 0.9996796885515418 0.0009160484002148639 0.0019814768804264915 1.6343182332119728
160 0.9991947668637036 0.002737855470672068 0.005830121864299542 1.6345712496998146
165 0.9994428747081698 0.0018780331135317407 0.005364714675416771 1.6344816274975842
170 0.9987399831754966 0.004778092069941398 0.0009825746749754227 1.6347597094369275
175 0.999717312145631 0.000836892612703366 0.0008687688537007965 1.6344742993420684
180 0.9997576733439526 0.000636452267494203 0.00047413560778886144 1.6344483297554735
185 0.9994791790451525 0.001869627777655758 0.0004334861365296039 1.6346290442673912
190 0.9989917886932758 0.003767930786534812 0.008071431814967278 1.634180951793995
195 0.9993544771838136 0.0024584439413377623 0.004523640363321091 1.634040018848699
200 0.9995049405032945 0.0014498615658531389 0.005779942143350869 1.6342998618577838
205 0.9996358964804455 0.0011016823367451245 0.0012846811932467617 1.6340646112456405
210 0.9991161090552472 0.003171952205791362 0.0013885647530651468 1.63400989531247
215 0.9995881225983196 0.0012325403981083838 0.0034292187742790414 1.6339779065799431
220 0.9994676611859497 0.0014802285323693987 0.00021681178585608585 1.6341782598411183
225 0.9996400666954748 0.0011698795327026446 0.0021533213191882172 1.6344747288703234
230 0.9996666869263938 0.001022875559293368 0.0025546535655185387 1.633719228810969
235 0.9996911657339154 0.000898097318889679 0.0019019501238504155 1.633963601588989
240 0.999580226135968 0.001226321550406917 0.003045269327249356 1.6339791935490726
245 0.9985747147364462 0.005664517015123716 0.012214168689246074 1.6338441308954261
250 0.9996411010671015 0.0009815810170801242 0.0004869850327726688 1.6340580928770252
255 0.9996596174178436 0.0012203625419893172 0.004817559281452111 1.6344924922573265
260 0.9996323669624199 0.0012571961958665057 0.0010179757587938099 1.6340572229344883
265 0.9996333918770588 0.0011602838894027023 0.0030169450926103014 1.6337377737274952
270 0.9993668904006563 0.0021307200136506665 0.002902388031372549 1.6339511635286195
275 0.9992733312580528 0.002402536536312949 0.009625879263750248 1.6338731024512239
280 0.9997891654793243 0.0005726872530906757 0.00032118812822945486 1.6338919337190867
285 0.9994586050421697 0.0020278083329079433 0.004072571301704464 1.633984078060537
290 0.9996447617411969 0.00120351802425267 0.0008888373679187822 1.6339283440283998
295 0.9974892860448348 0.010041553187687402 0.00575461229480112 1.6334606916913006
300 0.9997367205319005 0.0008617461014994721 0.0032902388568725183 1.6334107264002324
305 0.9995480594200776 0.0015998565535324527 0.00500085543258133 1.6338949904724507
310 0.9994582622903512 0.0019399708548089034 0.001239856273450357 1.6338846942001704
315 0.9996422376237961 0.0009673834438173046 0.0009928514744463879 1.633847695573586
320 0.9997985689405475 0.0005282837501194848 0.0013295211705723897 1.6337620337519525
325 0.9997319521736834 0.0008725982679931299 0.000436241836222262 1.633837701684972
330 0.9995177975191765 0.0013887936460619255 0.0021646855401664666 1.6340362705849758
335 0.9998104098420977 0.0005248457437954102 0.0001236200026419887 1.6334733863103201
340 0.9996825361510937 0.0010397773955479472 0.0003265023763394659 1.633629929543367
345 0.9993209159746888 0.0023317477296336264 0.0055773583569460605 1.633772638621793
350 0.9996814649685979 0.0011041473141994995 0.0030750758874040773 1.633849302849427
355 0.9997337167573263 0.0008024278511598038 0.0001782622254713484 1.633386279440866
360 0.9993973274453383 0.0021320539073022005 0.008131685097682917 1.6335197405655777
365 0.9998473849863847 0.000441357808754983 0.0004928093129021871 1.6336945400862866
370 0.9998839322497277 0.0002782950356507996 0.0008589779777277151 1.6336476547778311
375 0.9994586648462711 0.002041348566083734 0.002136005093516413 1.6336199929839381
380 0.9997729101278482 0.0007679645935401158 0.000924548716455531 1.6336129825113566
385 0.9994194944085044 0.0021054604724759507 0.01971988976610195 1.6333305187621072
390 0.999669589393268 0.0011465008658460007 0.00012515341405983094 1.633548259612366
395 0.9995515384856678 0.001619608584330967 0.006776709739738429 1.6336496551706317
400 0.9996673897947955 0.0012037828909665649 0.004648440548774779 1.6337035793280392
405 0.9993618449892692 0.0023655835301643613 0.0012871474671121153 1.6333355134117928
410 0.9995453157719236 0.0016131765397984221 0.0032967864682273973 1.6334716175105657
415 0.9987272712118277 0.00486408833276375 0.003940365098756837 1.6334198780439575
420 0.9994221463517897 0.0021980046041853996 0.0005984549238005066 1.6335233810517735
425 0.999777660153171 0.0007250324797332119 0.0023652101157207728 1.6334274871764722
430 0.9991136464973471 0.003356517673980264 0.004136175013325083 1.6335562803015753
435 0.9998077514895127 0.0006044021178672754 0.0020472773740880523 1.6332235091030298
440 0.9995424465012489 0.0015756244722529011 0.003852140828857209 1.6334137773698445
445 0.9994015015327613 0.0023145995690263543 0.0008517692897704876 1.633456065638303
450 0.9993705492082328 0.0024712332852268037 0.0010499172196980489 1.633229187275609
455 0.9994528666304225 0.0019978920072549755 0.0005186946805828541 1.6334055032320287
460 0.9995934486156652 0.0015172898664985723 0.0001772169826890213 1.6334504713495133
465 0.9997889773023387 0.0006949247557921368 0.0012756025943259086 1.6333555175857537
470 0.9989695204330921 0.0037624403125562367 0.0037783985809665133 1.6332923232413452
475 0.9997774040284877 0.0007284061781716034 0.0010285486635162044 1.6333815183548328
480 0.9990379155706264 0.0038379529961902747 0.000287275359621475 1.633417639696425
485 0.9996668810629397 0.00121877199336895 0.0014041366038211045 1.6332723482434652
490 0.9993001463334106 0.0026871446878464766 0.004547610287229054 1.6330347475750768
495 0.9994103972069486 0.00224668236527914 0.007167639411504112 1.6334400058017176
500 0.9960657130525465 0.0172046617929289 0.0004103500565992846 1.6358020578811816
505 0.9950135211592166 0.02210838391143155 0.003727865947841247 1.6336187801574962
510 0.9948278750163846 0.022948832544337217 0.005845856115220371 1.6334471761163214
515 0.9956037217085858 0.019510629962042447 0.0001252146711561153 1.633614991829678
520 0.9952524358189125 0.02111928494496218 0.0010881422659254625 1.6335241405362602
525 0.9959366569096776 0.017871716993985487 0.00469792696350857 1.6335552713689543
530 0.9944725204077041 0.024846216263206822 0.004646332315597634 1.633356264447949
535 0.9945241849421557 0.024350900433999012 0.0057705650721051605 1.6334175489729859
540 0.9946952501963503 0.023704246608688306 0.0003877341688411917 1.6336447542866395
545 0.9958188209309732 0.018407833110669403 0.00013543655591807813 1.633621641680561
550 0.9943099933690563 0.02558034933576736 0.003173598908045694 1.6330895753744539
555 0.9949780784329108 0.022270109620679213 0.00019019725469471283 1.6333943911961213
560 0.9951041369685387 0.021761947428384998 8.723269350707774e-05 1.6335576988324407
565 0.9958358261960965 0.018383603389577452 0.00335353834190677 1.633298462566376
570 0.9951265454285492 0.021779595887212677 0.003631461279274717 1.6332319086362512
575 0.9958319913579822 0.018407694318448353 0.0018656809916630657 1.6335328062201717
580 0.9951746418124761 0.021407408897967883 0.003207152021127868 1.633245248581475
585 0.9964092889281936 0.015701900309797345 0.0022258321860815222 1.633154143975654
590 0.9958109514717661 0.01857318703946209 0.00176826244136441 1.633345861574834
595 0.994042343440196 0.02694984275358525 0.0053603062306948335 1.6333128721636776
600 0.9954305313221282 0.020229938505806677 0.0004127786710217407 1.6334886299225135
605 0.9964644791587728 0.015336445668588938 6.1424569566259635e-06 1.6330380928935808
610 0.9957851992195539 0.018602350349182784 0.0012008777296035333 1.6330757546059353
615 0.9957692290448872 0.018609448414262264 0.0008883650103570506 1.6330317802117826
620 0.996125036545483 0.01695853684850057 0.0014253548124032456 1.6334939352160647
625 0.9960450665028605 0.017374079097221662 0.0012636711258866562 1.6333985165771583
630 0.9942092041438066 0.025851381075864266 0.004351044995007269 1.6330293025931173
635 0.9961508678537925 0.016923185657776507 0.0007130614949084624 1.6332240579593726
640 0.9950060061938764 0.022241234386684017 0.0019504106993069037 1.6331873175380651
645 0.9950511904199058 0.021985759295691798 0.002919010414032641 1.63332366313386
650 0.9956803223851086 0.019014755980208742 0.00012600536634121973 1.6332333987894023
655 0.9960056302019539 0.017568573526343556 0.001510801276066509 1.6333813124625658
660 0.9951169643888664 0.02184953273644763 0.004186227881715743 1.633402633434892
665 0.9947396625586189 0.023549475711952095 0.0046566103512919454 1.6333310276766235
670 0.9955895267686262 0.019479263633100485 0.0030912166585648215 1.6335148940884718
675 0.9943359389206714 0.025213495030713018 0.009788737492444355 1.6328899358879356
680 0.9948133666608663 0.02325504182811433 0.0005716673566245056 1.6333542068075653
685 0.9955185866653167 0.019646539578020983 0.004911418894245845 1.6331752572141587
690 0.995446691075776 0.020069240230429886 0.0057674078788676475 1.6333741141567477
695 0.9949879273513275 0.022358134302615573 0.003883569191979186 1.633108688561023
700 0.994542425793798 0.02431795268758763 0.002294513645544116 1.63345103274638
705 0.9946747263740249 0.023686603860478828 0.006715520636476402 1.63321892110708
710 0.9953724609030385 0.020602423663695246 0.00020480020565760704 1.6333706309652332
715 0.9952554471856477 0.021049043174038218 0.0011550133443249955 1.6328724523576894
720 0.9949332312956858 0.022352490827848293 0.005519623287540076 1.6334162021774312
725 0.9955360988461674 0.019673081619209443 0.0011686373034074382 1.6333292737553515
730 0.9953871269634926 0.020617232995726376 7.17883657768148e-05 1.63312075366628
735 0.9956126257065454 0.01950634026103315 0.0004053626168574187 1.6333217430259361
740 0.9955403897660593 0.019749568644439996 0.0007751158137394576 1.6333609784717242
745 0.9940101874905009 0.02675236899590616 0.0033497143877854185 1.6330384618447706
750 0.9951784078852485 0.021410778305678946 0.002568736081837386 1.6333356103972934
755 0.9956621702402572 0.019238724195834056 0.0018918719459715128 1.6329391066290675
760 0.9954665560664983 0.02008034088454247 0.0007215998991325634 1.632960659691059
765 0.9951279075924468 0.021682739864040457 0.002787691404902315 1.6333117372596915
770 0.9957521278025232 0.01877022146113938 0.00033829574526000883 1.633362031875128
775 0.9942985810886503 0.025587549709633173 0.0017425046118626497 1.6330900767997298
780 0.9951780634487265 0.021376827430673817 0.002525654001146016 1.63314155900521
785 0.9952706399387223 0.021043107484412626 0.0040883256649784094 1.633103022507211
790 0.9952273016504252 0.021208228270660268 0.003958754740919224 1.63310037372387
795 0.9952333120429282 0.02123454168764405 0.0004728502683908342 1.6330804010210167
800 0.9952536442783066 0.020916992636129894 0.001334143725791881 1.6332214106580942
805 0.9950665473286249 0.021890517505189555 0.0029118546132511636 1.6333226843482123
810 0.9946988534072017 0.0236965309200019 0.002325465579930297 1.6334180992017913
815 0.995118298288332 0.02148424098340973 0.002170762043186558 1.6332604454140978
820 0.9956779515413803 0.019166437117399626 0.0003300432995205771 1.63325521099499
825 0.9951290767533496 0.021733943077035578 0.0008765244114230519 1.633264385179871
830 0.9954828104072163 0.020035009533292403 0.0021798542389035447 1.63335540428723
835 0.9948201177164051 0.023185625774303498 0.0027995053239766587 1.6330757794984272
840 0.9948748919278447 0.02259182387831893 0.0070526922411877635 1.6330038373442135
845 0.9947172809870419 0.023669996099728863 0.001028597521603114 1.633370980898972
850 0.9951619224978232 0.021582413822572644 0.004641879621946066 1.6331855163428932
855 0.995554184003616 0.019650445576814057 0.0017292045226942054 1.6332764656349155
860 0.9956430999357073 0.01933454821024827 0.001772023210464324 1.633261006064532
865 0.9960757584959714 0.01729121014595525 7.080448620455648e-05 1.6330678667751173
870 0.995311125166298 0.02070680888563814 0.0009787587650968987 1.633078503206958
875 0.9955798240870113 0.019584869315049547 0.00030582137989654257 1.6332389585716047
880 0.9957071095519263 0.018992174891555358 0.0004651214733515374 1.6331386525953264
885 0.9945725806016592 0.024158138479156488 0.004294267157463061 1.6331963919689554
890 0.9958650456401633 0.01825395781683392 0.005956226190564573 1.6332810196241032
895 0.9945043740855081 0.02415642538818963 4.462300976060263e-05 1.6330064995039533
900 0.9951381105217899 0.021532508574563902 0.00033535398415796003 1.6331310379525343
905 0.9953861699471933 0.02061753168494218 0.004032765463302779 1.6330145824783404
910 0.9954445299255046 0.020220550202673104 0.004663274150711327 1.6331982297783358
915 0.9947223966374841 0.023520569190797813 0.003726387324336944 1.6331206179879416
920 0.9954189204236799 0.020249269519450497 0.0004407184743313586 1.6331519035569428
925 0.9956505315327822 0.01935006873181 0.00034109458927922276 1.633192871525451
930 0.9965658734317548 0.014949238299109213 0.0017204306519253976 1.6328293333321862
935 0.9957606940547228 0.018781723103784786 0.004882367800249199 1.633128891025364
940 0.9955427178011793 0.019819103340573463 0.0031242868699254966 1.6332010036547304
945 0.9954554441404382 0.02015833265351885 0.0003412773227327026 1.6334295204606861
950 0.9952102766973537 0.021347402773562507 0.0029533583502727723 1.6326108924032516
955 0.9962351445785023 0.016705471864805865 0.0005716360364809159 1.6329401998238973
960 0.9951484878610591 0.021555428727694892 0.0024049903647800353 1.6330597638518765
965 0.9947903007524808 0.02335074667719539 0.003433089318620741 1.6330079141487204
970 0.9959650184859999 0.01777972020605767 0.0006846238777820091 1.6329751689941827
975 0.995851332517592 0.01834835308105376 0.0008299111335694498 1.6331670553550603
980 0.9948260904076052 0.022903306740645224 0.0009309194404627519 1.633037990177663
985 0.995147618595444 0.021670698193112736 0.0065305353155658 1.633182833147173
990 0.9955427349828055 0.01983071495434019 0.00027495831769286383 1.6331933877374554
995 0.9954437673798668 0.020330156574387193 0.002099908376812065 1.633176702152551
1000 0.9958588668714827 0.018281079373016595 0.00019147403743668967 1.633220671672713
