0 0.5816404590672924 1.150045051071284 0.3532987445944413 0
5 0.9820498235041972 0.044853672771808295 0.01852356422391077 1.6825963446835794
10 0.9955131105827175 0.012905115268992073 0.0027413862994678517 1.6444857722570276
15 0.9987640910424015 0.002777953935385158 0.002293177374509625 1.6405550268594289
20 0.9989980559962695 0.00222564370682532 0.003965469526301835 1.6386877572520013
25 0.9969569560075877 0.011270195841094788 0.005119394783468456 1.6380776185798172
30 0.9993445901848457 0.0015182240914124456 0.00014360368080357233 1.6381765926358094
35 0.9987440000045364 0.003614933777202456 0.003865292387396524 1.6374455130280592
40 0.9977324072716272 0.008244208951943888 0.0033597929195634535 1.6368096467050786
45 0.9991773567797563 0.002416537035385913 0.011714631904320871 1.636880615447086
50 0.9994923888653182 0.0016447026268546772 0.005291356161492677 1.6370247182703526
55 0.9994716945942101 0.0014065271782777167 0.00022881154743847887 1.6357958148692162
60 0.9989685178700541 0.002933616189597199 0.013762691566209906 1.6365614783756106
65 0.9988619919256241 0.003473265368254763 0.00392137775564505 1.6353595272335284
70 0.9978755834833534 0.00820663055389348 0.006959251205780115 1.6351339437144352
75 0.9993732638115558 0.0018170050640129443 0.0030189240434652653 1.635485149368906
80 0.9994559546573949 0.001606315045069806 0.004726722865784128 1.6353825704779286
85 0.9996591466607225 0.0010039988549732648 0.0032239070115362978 1.6357418312595728
90 0.9980940415089377 0.007061694524146178 0.009817907164500372 1.635141870083424
95 0.9985689217660496 0.00537211372384605 0.015326111199754244 1.635838076395773
100 0.9989072169198021 0.004109021283617453 0.002935694935798594 1.6351512258489973
105 0.997863422931776 0.00717868722894921 0.007192601837827661 1.6352599550865348
110 0.9994015121740242 0.0020139472780704715 0.00404261289050778 1.6351567368874975
115 0.9991949509409288 0.0028545000812181254 0.0009443449839290352 1.6346531211854134
120 0.9992154501963559 0.0024786566755152784 0.0008043800647015154 1.6353455190591188
125 0.999346121559322 0.0022848880387382753 0.0038857003298320425 1.63466370785187
130 0.9993406023824665 0.0019091041719347945 0.0013674035302833065 1.634766566491039
135 0.9996841659199522 0.000909101823033609 0.00062033273784734 1.6348221841329282
140 0.9994415350841896 0.001963653701007928 0.003927801621211424 1.6346946442542616
145 0.9992409548856681 0.002848491420360366 0.0025861896927203976 1.6348720048278664
150 0.9992890934520867 0.002256803807526575 0.0003982087396399159 1.6346835230330896
155 0.9988573068275317 0.004019199350185021 0.013699663490954528 1.6345642735177728
160 0.9985258027971081 0.005694702272605268 0.00015278287565778648 1.634599218245428
165 0.9993400580770421 0.0018850123844580402 0.00270981330640252 1.6347729522960603
170 0.9996883703257696 0.0008462193561626918 0.0006309745821893031 1.6343950932986389
175 0.9996526300381527 0.0008510488703876717 0.0023693235809532087 1.6348030808949492
180 0.9994310565036033 0.0019580976831634622 0.002839632281335547 1.6345354334062392
185 0.9989806962471031 0.0037629303325303898 0.0005017450324813488 1.634857988033727
190 0.9995491241863719 0.0012590876790010697 0.0013460684277368795 1.6344732559662345
195 0.9995757671310138 0.0013146241957326943 0.0018029134407924197 1.6346458375810062
200 0.9982622726448764 0.005357442332287965 0.00024375318931579848 1.634577368816673
205 0.9995896042422161 0.001267288029646929 9.88361436811136e-05 1.6345091841984891
210 0.9995616779954741 0.0014103415348261095 0.00492166076470979 1.634215329233403
215 0.999483739489785 0.001893624647611336 0.0009106896665458386 1.6344214118435136
220 0.9996147866224216 0.0010308800502649706 0.00114338197685937 1.6340770354501222
225 0.9996200395984027 0.0010352626744536408 0.003641595283772503 1.6342282863040976
230 0.9995345377353744 0.0016261322022457225 0.0015477239025538658 1.634299174537109
235 0.9995341650672621 0.001225558306494623 0.002730330772401368 1.6341687083172636
240 0.9980840569398118 0.007435365744058675 0.0012696150472857326 1.6343859817172772
245 0.9993969812704893 0.0022925939195297396 0.0009724289983932266 1.6340444699588204
250 0.9992735622181841 0.0025355807319047408 0.004960082549325229 1.633899990171297
255 0.9994235328856659 0.0019023302342784376 0.00037012184588913755 1.6344116274755551
260 0.9996038034457588 0.001095982963134734 0.010739591241256896 1.6341910603946699
265 0.9994163202140621 0.0019312168134810737 0.0028134054789799023 1.633758306778802
270 0.9997007088173528 0.0007729576404920113 0.0016141925341541796 1.6341131504083128
275 0.9993004100477318 0.002217736909366552 0.001289759662685519 1.633739760729588
280 0.9995538345486961 0.0013683130758259665 0.0006895073798518503 1.6341625070867254
285 0.9997753069254106 0.0005701237185542496 0.0006272169813827944 1.63441629946677
290 0.9992520038983549 0.002742801582007681 0.003137388303121824 1.634418628717736
295 0.9984013525487168 0.00626687021874317 0.0015586457551779453 1.6339363090536088
300 0.9997720316044506 0.0006192992367486383 0.0005801902999871267 1.6340059681553398
305 0.9996078423196042 0.0011469793455134436 0.0005744006283687764 1.6342760419591011
310 0.9995758065530118 0.0013538490512776669 0.0017989629560850595 1.6343551416766329
315 0.9990358458892903 0.003721633096824384 0.004976207766966612 1.6341704521003806
320 0.9993095510531821 0.0026531556903517384 0.0034669409490917236 1.6341651843363965
325 0.9991383210526996 0.002716935485022054 0.002673998700589042 1.633677667485641
330 0.997736288685741 0.008682126282285818 0.0036324845194048994 1.6335251705064708
335 0.9994609835773085 0.0019470521197308965 0.0023165857039704196 1.6341814959834895
340 0.9991990714607474 0.002481331875157755 0.0008273898116859524 1.6340740707868924
345 0.9995777438218576 0.0015191135190679717 0.0014197949099126195 1.6343057773313774
350 0.9995203496404222 0.0018031356256364983 0.002703013721832459 1.6336929497617194
355 0.9996763646478977 0.0011142028759849598 0.0004293789440799056 1.633772055584777
360 0.9993531668901048 0.002483778480873333 0.0014208791735952353 1.633971235820656
365 0.9995062448756569 0.0017245050051475364 0.003605498659211781 1.6335751502779559
370 0.9993785520440939 0.0018475312607661998 0.0007198553982241673 1.633759850406076
375 0.9994815557541817 0.0018643225918568707 0.004767780087189477 1.6338761475560828
380 0.9996698006489162 0.001065803523147446 0.003438437271634953 1.6339530669318356
385 0.9997070695122401 0.000900111473698173 0.0009025076725595049 1.6342031313850405
390 0.999588808189493 0.001271499378035168 0.005011819990485389 1.634086281920224
395 0.9995341024827533 0.0015094324236522016 0.0013542936056656352 1.6341432211741267
400 0.9997282285035299 0.0008224867001207503 0.00033218906623178057 1.6340184727015852
405 0.999453507736237 0.0019785569701717964 0.0037112887802519534 1.6336362926745207
410 0.9996305534361953 0.001277615757548256 0.0016162368823215978 1.6336943400620794
415 0.9991096382427062 0.0033245467135136764 0.00033003744634063636 1.633993790154243
420 0.9990244646116216 0.0036465091918527204 0.00015912116678107324 1.6341174711767772
425 0.9994033417878039 0.002098353075800752 0.0001704029564897347 1.6334308158749296
430 0.9989865368358926 0.004128396467013573 0.002214168666588634 1.633529537355186
435 0.9989620599352798 0.004175101890664834 0.006585683430150757 1.6336457492329028
440 0.999576192532355 0.001625749820361122 0.0011401889553819267 1.6335822932137392
445 0.9998474002079659 0.00041243215142694467 2.0661351597617283e-05 1.6338931549399502
450 0.9996201877578321 0.0012420483130812787 0.00043693757956031476 1.6337612507847075
455 0.9998517537118298 0.00038195930091711183 0.0005973095818476715 1.6339093012254806
460 0.999268324471379 0.0027293221714173033 0.0029274673852823785 1.6337970402924813
465 0.9997076531340824 0.0010093307592256018 0.00035234793465144243 1.6338959552959178
470 0.9996417748025139 0.001299035342441357 0.003847754958541838 1.6337018806349268
475 0.9996453811042543 0.0012414932205404572 0.004282506282262899 1.6338290680123775
480 0.9993934871067485 0.002097804303955453 0.0010234156415420692 1.6334336170812116
485 0.9998215473007528 0.0005350326499622415 0.004170689822786233 1.6334279632329023
490 0.999806164625427 0.0006711155957292991 0.0004260132205209377 1.6332453230736497
495 0.9996022892783963 0.0015134846128384005 0.00039154233819860274 1.6334847904675363
500 0.9958253171450144 0.018494318085216843 0.0018080360816443708 1.634583028272114
505 0.9948587969311404 0.022905326775973123 0.0030442077279315694 1.6338835618417828
510 0.9944407381662177 0.02475918642769881 0.008564438568510413 1.6336731263374895
515 0.995147739768125 0.02152434497702549 0.005034753671994796 1.6336794999668534
520 0.9945274934540556 0.024266679982955397 0.0016714963628259305 1.6336770021760125
525 0.9941592818739937 0.02580677404065579 0.008857931152666199 1.6336261333892654
530 0.9952219575543434 0.02130072797764271 0.0009337949860397377 1.633582421990017
535 0.9958732594280177 0.018150252726395255 0.00037258136136597564 1.633781327801727
540 0.9949767076462992 0.022243342186626824 0.002724498866454539 1.6337458074161577
545 0.9952000282664223 0.02127980438114041 0.0031995087222322915 1.6336052283781552
550 0.9946287774267413 0.024003841805737336 0.011091588659412288 1.6338352103870664
555 0.994431161764096 0.024930950703558663 0.004436082428182608 1.6331712173268227
560 0.9944863445248584 0.02472503140320903 0.0032605444036628572 1.6338045165562713
565 0.9957519704504114 0.01867325632041994 0.002254105592134348 1.6335210941349447
570 0.9951875263797543 0.021317774904857423 0.004256805418369591 1.6332309181471845
575 0.9953353062252532 0.020507583851198108 0.004325617455362751 1.633691749118409
580 0.994345210945274 0.025400222207617063 0.007681321907146987 1.6333031910836724
585 0.9960939340949881 0.017289798587291738 0.004954926193539322 1.6336297483512385
590 0.9949141982121085 0.022719376424068738 0.001493393179318847 1.633065428880059
595 0.9947616052640017 0.023341268646705604 0.0017361507834279255 1.633657966184308
600 0.9956133123543374 0.019362192821027246 4.3745777283499265e-05 1.633803399914634
605 0.9950331105690764 0.021849445385778488 0.0053728712875147355 1.6335264932239693
610 0.9953869732789029 0.02046538513379592 0.0010658383866783971 1.6339305948045522
615 0.9935711886407224 0.028542657187986986 0.003045044980281908 1.6334923933909729
620 0.9953254728463388 0.020525426565687566 0.00212291648559626 1.633072889465621
625 0.9951680304598891 0.021553495357826247 0.00022543087480264568 1.6337095772773826
630 0.9944591732508309 0.02493786717416757 0.0005232561991033169 1.6335749342813475
635 0.995145587243764 0.021689476887393866 0.0014717917265738567 1.6337328596060712
640 0.9964155903426627 0.015592847739883675 0.002634249842270231 1.633636981456425
645 0.9947566428761896 0.023477570084784016 0.0005968204345885297 1.6332431973218857
650 0.9950334671968273 0.022056417504520365 0.002101340538589014 1.6333722515601439
655 0.9950562087731291 0.021954175796023767 0.0043066452434736835 1.6334598070041684
660 0.994801365859248 0.02279027597224781 0.005426118028975857 1.6331422134107365
665 0.9941282092093435 0.026476863966808928 0.006252299952551166 1.6334579901752597
670 0.9960578045950099 0.01746698764416288 0.0008974654385844882 1.6332123218615058
675 0.9955699663997986 0.019571443360239194 0.00043304577967173685 1.6334577589054138
680 0.9939892240607155 0.027064204811784176 0.004097932122040238 1.6333855734950482
685 0.9946250585745142 0.02390771506005862 0.006348089060425721 1.6333496954838411
690 0.9940515293386387 0.026580294315204256 0.010915122905789554 1.6334943752677864
695 0.9957638947113474 0.018554500472537594 0.0022517091143323675 1.6334316744191406
700 0.9946215945947501 0.024044963186956814 0.0028801467063790387 1.6333021560207277
705 0.9956544561904144 0.01904746940805402 0.005191620216205894 1.6333900096405907
710 0.993744372354492 0.028156424545266123 0.0021206358285574822 1.6331763839245916
715 0.9954858080733988 0.02001540826288184 0.00272284581956983 1.6336638762779787
720 0.9957483889051224 0.018787668522488365 0.003740191494941758 1.6334602838338654
725 0.9954025509491582 0.020488392310054726 0.002457974882926317 1.6334338566031972
730 0.9951068662000753 0.021720898882017003 0.0007634007253514152 1.633291324620717
735 0.9954777727694152 0.02001713956608575 0.002823965683407703 1.633496695824661
740 0.9955859614991114 0.019341945166503116 0.0018309038463415472 1.6332736813407434
745 0.9948708698510926 0.02281227439328748 0.009122202405629665 1.6336751494933965
750 0.9951982297128089 0.0212652583357964 0.00124933591188503 1.6333635563486428
755 0.9951979809228957 0.02101957973944768 0.006061842596783329 1.633316704770148
760 0.9959950204713044 0.017660540894059773 0.0002896238363385706 1.6335287633756628
765 0.9962178719010393 0.016550141575922606 0.004447734017146487 1.633243470713439
770 0.9958223732049254 0.018469291418021783 0.0014517280535224497 1.6334455288207415
775 0.9959713626981406 0.017709470415777195 0.0011617923438147493 1.63321163463001
780 0.9956757071872502 0.019112029110648354 9.693849635805663e-05 1.6333940268228604
785 0.9941330294809899 0.02599857776203507 0.007356758411503739 1.6333107621813252
790 0.9952923830744747 0.020836643477907035 0.0011550669686124504 1.6333532042044578
795 0.9957535644845535 0.018809955947307833 0.0030272061259863925 1.6336352106543592
800 0.9956440325689186 0.019258565343422074 0.0014940017846098996 1.6333984791615044
805 0.9959965562151478 0.017600298443244178 0.0006501615505052349 1.6336092131249564
810 0.9955669841778456 0.01958730879447712 0.001388627604618442 1.6334492817534005
815 0.9946220782907594 0.02403256802635978 0.0016652033087880547 1.6332280399942827
820 0.9949716653743643 0.022512276538456444 0.0026453202185185987 1.6335442713376884
825 0.9951674602069274 0.021523141289589987 0.0017708410822938614 1.6332855362448657
830 0.996314340072199 0.016052333578629563 0.0014452695177407104 1.6333963767741277
835 0.9945802049261557 0.0244017979705915 0.002801027192644634 1.633225390145727
840 0.9948964757204999 0.02269152051487655 0.000841702712949921 1.6336756372977614
845 0.9950886455215662 0.02184283153096911 0.003924871002166874 1.6332682133486542
850 0.9950238758841863 0.02205817988628156 0.00204003533596242 1.6333515123980513
855 0.9954910403886703 0.019982827793806557 0.001483661373598899 1.6332907907073417
860 0.9948324399699496 0.023124750677284256 0.0034800107312298323 1.6332282912205252
865 0.9946877007487942 0.023708535085622096 0.0016436022375909687 1.633342575012157
870 0.9953470556582302 0.020650992798908696 0.00045828389833846295 1.6332974885239613
875 0.9955521769329583 0.019577992034333747 0.002691495418159162 1.6334390578694586
880 0.9956746864334959 0.019173571132561573 0.0007929121234666603 1.6335585744296677
885 0.9944676160840789 0.02496255323783414 0.00013624219381780378 1.6335405000581493
890 0.9944368426834902 0.02493951884212775 0.001595991463079205 1.6331349467452645
895 0.9951699857965537 0.021241760288486233 0.0021347046410840065 1.6332385255075292
900 0.9956128054082655 0.019337727534190607 0.0016504685475566827 1.633209455130227
905 0.9955452120142525 0.019569000502230205 0.0026313135007041133 1.6330798190578255
910 0.9956574952126261 0.01890416643543924 0.003110887022942599 1.6330925089833999
915 0.995902638372246 0.01807963753637254 0.0009883389699008038 1.6334173634445215
920 0.9951255238417118 0.0217196433700384 0.0009149036301414615 1.6331974524333441
925 0.9951449893472346 0.021560888392490485 0.0004843470666684446 1.6331864707847896
930 0.9956476196264833 0.01911801180319861 0.007331782203166881 1.6330093077964691
935 0.9956312621941596 0.019366365065433655 0.0018889290401049585 1.633109233116435
940 0.996097536737689 0.017196594346138294 0.00197695879639026 1.6332310222827584
945 0.9952523241187144 0.02114934920842315 0.0006993939754758038 1.6331023864416938
950 0.995388667392441 0.020364094561510893 0.00014247475043704938 1.633413923741183
955 0.9962648969161485 0.01648231357476071 0.0008396998544346612 1.6332006030465351
960 0.9959621105312672 0.01779639386978027 0.002062986251166521 1.6331708680928534
965 0.995473402478081 0.020171204758982597 0.002373946877028077 1.6333406352099258
970 0.9947670161776196 0.023367017592569095 0.0026029026264331456 1.6327117998349021
975 0.9950745059025801 0.022049773382931015 0.0035281881846600527 1.6332453350966782
980 0.9947389745182034 0.023627582510493017 0.002181491501816568 1.6335464602627525
985 0.9955440255920232 0.019768791840167443 9.260050006143494e-05 1.6331217308978672
990 0.9956728394298833 0.018752288190238664 0.0002131214948488669 1.6331551624610807
995 0.9958503880797489 0.018243013544694486 0.004971723694008556 1.6331510728391623
1000 0.9949643093498571 0.022582337573211486 0.005037306152545051 1.632940984675713
