0 0 0 0.28099019499430145 0
5 0 0 0.003979852789511185 8.08507017148845
10 0 0 0.0007142675039606416 8.070540463116629
15 0 0 0.0012335466422830343 8.065516389103902
20 0 0 0.002763553150634923 7.9741909470482835
25 0 0 0.0006619330281276703 7.927443486689473
30 0 0 0.008421864795853162 7.903159618290702
35 0 0 0.012248994934047408 7.8889324719911
40 0 0 0.009796187720557903 7.88011630205413
45 0 0 0.014399545972447747 7.877138399815982
50 0 0 0.013952605680952246 8.088256825557943
55 0 0 0.01465264539745581 7.9016753095989385
60 0 0 0.01694155013931109 7.902306108539925
65 0 0 0.010984264078619743 7.896247917563618
70 0 0 0.007164920018671417 7.8942941526002
75 0 0 0.01961281581211538 7.894715727522431
80 0 0 0.014718017618240653 7.886370113387245
85 0 0 0.011024837888903738 7.889418215353363
90 0 0 0.013162148959110276 7.883255379284439
95 0 0 0.011068283316107763 7.8867134242781045
100 0 0 0.018134481326226748 7.880303370311623
105 0 0 0.012045130495978995 7.875750089013978
110 0 0 0.014741483569296499 7.876716160645076
115 0 0 0.017017682137610235 7.874907854873007
120 0 0 0.014979005034437609 7.87847571210095
125 0 0 0.003815977429873163 7.870991357966034
130 0 0 0.01269853186517933 7.874611571595653
135 0 0 0.014230079448089628 7.874895211616758
140 0 0 0.017399817790866523 7.875105160469372
145 0 0 0.008199353341703963 7.872585392813075
150 0 0 0.011708053282767805 7.870634696504588
155 0 0 0.018933524645426303 7.871159813958343
160 0 0 0.010201895236994885 7.870747121643361
165 0 0 0.01697395977635474 7.869667273502769
170 0 0 0.013215952161067968 7.869048987690499
175 0 0 0.016234912521557954 7.865193558747701
180 0 0 0.018091461522398378 7.865260158549846
185 0 0 0.014006746939690284 7.865568107243144
190 0 0 0.014344437450415803 7.865780408537599
195 0 0 0.01631348458034898 7.86353212268421
200 0 0 0.017246463687167424 7.864813938216895
205 0 0 0.01179558010771209 7.866873529056252
210 0 0 0.021956207450466447 7.8656423079606546
215 0 0 0.020656206838028046 7.8644637127422765
220 0 0 0.017297185023188444 7.863280337078737
225 0 0 0.016328467365568144 7.8649490213695845
230 0 0 0.0129100154595303 7.863466586041577
235 0 0 0.021206605933441702 7.865196285265682
240 0 0 0.014790774474378932 7.862056173952363
245 0 0 0.013644495932211731 7.86283357824256
250 0 0 0.01333818095016115 7.863358273396541
255 0 0 0.009509237048829222 7.864175463759628
260 0 0 0.006440816164667407 7.864147122727844
265 0 0 0.016749560873228875 7.864683406567411
270 0 0 0.00965924508150695 7.861906455436401
275 0 0 0.008788097644500725 7.862498672787594
280 0 0 0.015455676127904105 7.8619267523719305
285 0 0 0.007179305933629587 7.86310023727305
290 0 0 0.007490656195268786 7.8620186600128275
295 0 0 0.011950701525997198 7.862433739419355
300 0 0 0.014347620644885373 7.86185971700038
305 0 0 0.019290278404872074 7.862407939563816
310 0 0 0.013675928540807458 7.863873155916637
315 0 0 0.017339500973270194 7.861458400724757
320 0 0 0.01148549286463374 7.861279592818463
325 0 0 0.017441188132595764 7.861059791863163
330 0 0 0.01174734862434601 7.8618916739591675
335 0 0 0.01182425456132985 7.862667776321656
340 0 0 0.019129180029186843 7.85941063334492
345 0 0 0.008453853069293249 7.860297618259241
350 0 0 0.010533187100468577 7.862059109242084
355 0 0 0.012571999676593393 7.857487086809409
360 0 0 0.012195652450734062 7.85929520973739
365 0 0 0.01663327510540058 7.8592967414566735
370 0 0 0.01445476116857658 7.859199082116755
375 0 0 0.01094833262010475 7.857955780218033
380 0 0 0.019358799706939767 7.858536994347622
385 0 0 0.00699433418130635 7.858589643755729
390 0 0 0.014225557743228645 7.859081788603628
395 0 0 0.01683808697109157 7.859876384589901
400 0 0 0.01213892791559279 7.857765466833188
405 0 0 0.011421194496165299 7.856856716908166
410 0 0 0.009894192102475774 7.85795569437393
415 0 0 0.022457332083864356 7.858612838297632
420 0 0 0.017038775981410792 7.858768591635436
425 0 0 0.01897923195340656 7.858148028620394
430 0 0 0.017538529730043884 7.857632193937305
435 0 0 0.014309474293819902 7.8575371484068315
440 0 0 0.012778990206308904 7.857217876760144
445 0 0 0.018326608435496272 7.8576033434978365
450 0 0 0.013237994884514714 7.856769513181815
455 0 0 0.012194130437876538 7.855392274372446
460 0 0 0.01574582942619296 7.85639949452159
465 0 0 0.011467584305038248 7.857399702955705
470 0 0 0.017499109511820654 7.856994081152957
475 0 0 0.01214511607532165 7.854316798310841
480 0 0 0.01381550729853176 7.85547076226935
485 0 0 0.006961843826126524 7.856577385443939
490 0 0 0.012150622616732054 7.858156304370173
495 0 0 0.014698535151325798 7.855819413182692
500 0 0 0.010047787311825651 7.8551541133408564
505 0 0 0.01640418203916738 7.854154240074349
510 0 0 0.0077813975929645895 7.854162670353508
515 0 0 0.01373986014287576 7.85335782089743
520 0 0 0.01229712057157828 7.853588238779509
525 0 0 0.011310860208999962 7.8518919971311
530 0 0 0.009207481079438695 7.855055045537866
535 0 0 0.022962401262005994 7.853376662960815
540 0 0 0.014918363810477508 7.852603484514754
545 0 0 0.00992937990936582 7.853722524708308
550 0 0 0.014446837391025591 7.85380813905844
555 0 0 0.01860674956232833 7.853088899934894
560 0 0 0.008060982305284625 7.851622276015165
565 0 0 0.0085739351257057 7.853647115825667
570 0 0 0.014244754396166126 7.851284139128604
575 0 0 0.015691392207320076 7.849935257401714
580 0 0 0.00811764703476392 7.8510530833256515
585 0 0 0.014767508047665023 7.851277533242872
590 0 0 0.011456504608508888 7.852066324661154
595 0 0 0.0193082790811252 7.850122153273848
600 0 0 0.015812261897531377 7.8503599095450065
605 0 0 0.016797605880050748 7.850032933318633
610 0 0 0.01152479294889086 7.849754994041958
615 0 0 0.0049081097812226915 7.850411202657567
620 0 0 0.017069549639654014 7.847908174994477
625 0 0 0.01279869347495799 7.8506081695384715
630 0 0 0.012831055885750065 7.848763390009573
635 0 0 0.011540398243544914 7.849577662366233
640 0 0 0.018004644655712276 7.849608717318005
645 0 0 0.015911753077230806 7.847329175797866
650 0 0 0.01203571596095876 7.847909258998007
655 0 0 0.00648241737904387 7.848231828485535
660 0 0 0.014020923949458641 7.8472323111475
665 0 0 0.019619077469534618 7.84709083240627
670 0 0 0.011526345899922852 7.846749244413434
675 0 0 0.01508522696667014 7.847089947110826
680 0 0 0.018219753135514605 7.845729012117113
685 0 0 0.01658232180611785 7.84643792002861
690 0 0 0.01733982608764051 7.845149324114927
695 0 0 0.016032511406724126 7.844794239840308
700 0 0 0.016348886587006284 7.84599788034058
705 0 0 0.011585417306721801 7.844899476094835
710 0 0 0.00668240966167688 7.843405547692538
715 0 0 0.021352753234854305 7.844242921484387
720 0 0 0.007893479622085309 7.841929440024253
725 0 0 0.01613431309791835 7.842470092884977
730 0 0 0.014957123887921142 7.842378877986212
735 0 0 0.012106521738076914 7.841436821046422
740 0 0 0.014484697738800012 7.842094885170173
745 0 0 0.014222422034437576 7.8408297055463265
750 0 0 0.014754929019816121 7.840697233420392
755 0 0 0.009379180644674578 7.838117519675571
760 0 0 0.017500215551049747 7.838687190419697
765 0 0 0.009826064300924253 7.837956469538413
770 0 0 0.015753474873681395 7.838766506855023
775 0 0 0.015793846924285315 7.83704643873379
780 0 0 0.0010903723221740158 7.836764713122622
785 0 0 0.010064886464687284 7.834366803471753
790 0 0 0.012011572476771093 7.834584668217996
795 0 0 0.016549538630569183 7.835089410744798
800 0 0 0.005272253149715356 7.833418672982206
805 0 0 0.011338045858519497 7.833290658637737
810 0 0 0.014898488900863205 7.832572210102184
815 0 0 0.015082928412132546 7.831968214730753
820 0 0 0.004582728556069338 7.830844620799496
825 0 0 0.01070343710329369 7.831411928287513
830 0 0 0.015457978892678526 7.8304306312236385
835 0 0 0.014796820923903109 7.82967947560212
840 0 0 0.009315158586684413 7.82903584500558
845 0 0 0.016193241577851625 7.828474521316301
850 0 0 0.007574649737787764 7.826329276645907
855 0 0 0.00515559968102286 7.825349750761115
860 0 0 0.01892013216629418 7.825398818008499
865 0 0 0.009491356320265432 7.826468596030806
870 0 0 0.011931478272119156 7.824538940634
875 0 0 0.01979728195361341 7.823598154899911
880 0 0 0.011043545704444435 7.82298710808787
885 0 0 0.008174523441123016 7.820720483513179
890 0 0 0.0013181204375947164 7.822332789274271
895 0 0 0.006954441422253321 7.8199045992522755
900 0 0 0.007477392204014555 7.820062214622063
905 0 0 0.006182615577139394 7.8186431924580715
910 0 0 0.01489529872746509 7.818647369657133
915 0 0 0.006508887390892948 7.817404480862129
920 0 0 0.008298146555907548 7.816037422965287
925 0 0 0.004350854406258264 7.816147505692408
930 0 0 0.007185767688335787 7.81528942615641
935 0 0 0.011736689135006806 7.814260041210418
940 0 0 0.007865382140622712 7.8127076274827285
945 0 0 0.011674507049850735 7.812246265529609
950 0 0 0.008329329419255904 7.812092399132702
955 0 0 0.01350731496706925 7.811300231372736
960 0 0 0.01443601296270014 7.8092320591428575
965 0 0 0.016750780286975964 7.808653986852372
970 0 0 0.015830948139423873 7.806594181407247
975 0 0 0.007678234281564444 7.806783795175384
980 0 0 0.028729028867405138 7.806580824457773
985 0 0 0.018457180994772227 7.805113333400694
990 0 0 0.021101150343759034 7.803466241477282
995 0 0 0.003381524457110041 7.802850649516849
1000 0 0 0.011081722712986242 7.801387623580125
