0 0 0 0.3174611457754606 0
5 0 0 0.0012074554411152238 8.081206587829808
10 0 0 0.001655098606329286 8.073683158383535
15 0 0 0.005349924009817819 7.979842130456043
20 0 0 0.0007408423888739524 7.94615804766287
25 0 0 0.010387442243438905 7.912499669552636
30 0 0 0.00868063073897729 7.895000624145478
35 0 0 0.009552534626367404 7.889959035855062
40 0 0 0.009916808990554804 7.881904971979079
45 0 0 0.013854140336329701 7.877190147954547
50 0 0 0.011209627124923793 8.095807037983095
55 0 0 0.004862182312953767 7.909047808002867
60 0 0 0.015259559661569888 7.904586998071913
65 0 0 0.014135705252684483 7.896858879735894
70 0 0 0.014988550474373197 7.9014264246702695
75 0 0 0.01684250022380107 7.890775785393561
80 0 0 0.013069825418409176 7.890930527033323
85 0 0 0.007465438103215094 7.88616116322485
90 0 0 0.009891675253280052 7.884910842142677
95 0 0 0.010751770295352348 7.879354496185874
100 0 0 0.013660168220254842 7.875008923630927
105 0 0 0.010544252431284873 7.87732256481093
110 0 0 0.015017962373537364 7.8834913082911635
115 0 0 0.012924492804467391 7.877914569425636
120 0 0 0.013944951388503712 7.874120087468819
125 0 0 0.012665125890294338 7.8736141425612685
130 0 0 0.014978487020217646 7.8730983913507115
135 0 0 0.009202389486138163 7.874606434548278
140 0 0 0.0069494605320348235 7.873716065944966
145 0 0 0.011333062808330796 7.870206131869307
150 0 0 0.01570521731130481 7.873019818082072
155 0 0 0.011990854181372024 7.8706487069265085
160 0 0 0.017646988177929535 7.869676795555083
165 0 0 0.01425034261946112 7.87152749680203
170 0 0 0.017132196620669227 7.87160168315216
175 0 0 0.011128294016023332 7.869485202028053
180 0 0 0.01842296511508623 7.8675916160938355
185 0 0 0.004430268112104008 7.865550083553282
190 0 0 0.013128672065037206 7.865702505360041
195 0 0 0.014954923126349495 7.862590727134467
200 0 0 0.014335571227093169 7.8637917427770265
205 0 0 0.015217471734200627 7.867297832987923
210 0 0 0.01157543139826478 7.865250011612654
215 0 0 0.009574151731403191 7.864457973767168
220 0 0 0.013707274354274546 7.861967647969604
225 0 0 0.015792180720983318 7.862448571826125
230 0 0 0.014640994470846547 7.864345493761184
235 0 0 0.017907307350324198 7.864175824122393
240 0 0 0.012969051170262924 7.864171301695134
245 0 0 0.012914335686839529 7.863034439811596
250 0 0 0.012443364558281989 7.862639660975792
255 0 0 0.008416916221821946 7.8630128087785645
260 0 0 0.011920770846946427 7.863005236991273
265 0 0 0.01712288615734181 7.859610042561268
270 0 0 0.016742560258139028 7.864356556899662
275 0 0 0.011275901387967302 7.862456076607661
280 0 0 0.01430137360497108 7.8619610722780955
285 0 0 0.017831135445361745 7.860644704954513
290 0 0 0.01600531113287129 7.862031571273346
295 0 0 0.015790199443856956 7.861078807244204
300 0 0 0.016590934323095663 7.859393083711163
305 0 0 0.018902161435806475 7.8611310118148365
310 0 0 0.001998838912822931 7.857489681331519
315 0 0 0.013168400602171948 7.859477170012508
320 0 0 0.0182814109303695 7.8590264258824
325 0 0 0.010539873458149218 7.859268175350954
330 0 0 0.02299306453227823 7.858890607992914
335 0 0 0.012073041170040488 7.862355047191868
340 0 0 0.010832977331949545 7.859362340924219
345 0 0 0.01749974615133687 7.85745828164838
350 0 0 0.016203991289826192 7.8584666440508455
355 0 0 0.00938144118446771 7.855910149653767
360 0 0 0.01476013557207101 7.858815065508579
365 0 0 0.012780864696706473 7.857689184069283
370 0 0 0.010528649956717206 7.858820113247361
375 0 0 0.009470916561757914 7.856965360904538
380 0 0 0.01141200221005123 7.856480510412279
385 0 0 0.010977481840433567 7.855507046133715
390 0 0 0.017286777860207714 7.8548782957067536
395 0 0 0.014373443034673139 7.856042320644082
400 0 0 0.012103627733080158 7.85695071313419
405 0 0 0.013754683561921777 7.854038476225477
410 0 0 0.014267915241166218 7.856161436234638
415 0 0 0.012168186437480077 7.855692368936724
420 0 0 0.009698222790578637 7.856730078560794
425 0 0 0.00920824763302508 7.855352959456778
430 0 0 0.014224586957532814 7.8539205749625
435 0 0 0.010656828580021482 7.854807669913076
440 0 0 0.016896184472099396 7.854553650207297
445 0 0 0.014484728717961914 7.854230970361724
450 0 0 0.013652083119342073 7.8543376664801405
455 0 0 0.010568064603534655 7.853344437270945
460 0 0 0.011814404075487284 7.853773775082893
465 0 0 0.01260284708593673 7.853344281044192
470 0 0 0.01410530501961671 7.85299007780061
475 0 0 0.008513027624508673 7.85222070017362
480 0 0 0.015613204211691212 7.853513786221256
485 0 0 0.00638422533925298 7.851873359537652
490 0 0 0.01070787941333129 7.851818796316905
495 0 0 0.016171659975742436 7.853010572493022
500 0 0 0.010267590383129077 7.849509671880846
505 0 0 0.004856056490816663 7.851715046815858
510 0 0 0.01598897825878498 7.848449738801402
515 0 0 0.012769706088149313 7.850721250259382
520 0 0 0.009043489392314141 7.8506309212125185
525 0 0 0.014145823407760938 7.850787545826473
530 0 0 0.009863428273230168 7.851002910838166
535 0 0 0.009467291609206896 7.848811747678124
540 0 0 0.02070964937153419 7.849464754300644
545 0 0 0.012818778672648357 7.848408305909038
550 0 0 0.004832346334268989 7.847917540456588
555 0 0 0.014140453809565523 7.846849921844797
560 0 0 0.014188779662387185 7.84757082118272
565 0 0 0.008871856792284749 7.847474211370793
570 0 0 0.008544611638861221 7.846736986881754
575 0 0 0.02472248935228749 7.845242001240135
580 0 0 0.020925719272624432 7.844534503836113
585 0 0 0.016869471006130565 7.8460014876089055
590 0 0 0.00742719766347566 7.844378286517321
595 0 0 0.017583010659816933 7.844953290029302
600 0 0 0.018773966241984352 7.844530194544984
605 0 0 0.01872223919761118 7.845421518274321
610 0 0 0.0074630144992713365 7.842939928625456
615 0 0 0.0031646363922017695 7.8430131880035985
620 0 0 0.007199477236710328 7.841608026124422
625 0 0 0.015126795539925908 7.841248384525305
630 0 0 0.015987344994119912 7.842763382413649
635 0 0 0.00559162549071357 7.841846471479796
640 0 0 0.013357447910439912 7.840905967238045
645 0 0 0.0197361180483544 7.840366650479129
650 0 0 0.018307309850516207 7.839662299912651
655 0 0 0.00948757900267272 7.839465668305057
660 0 0 0.013919848190467876 7.838270330705388
665 0 0 0.013115684229747515 7.839022672558854
670 0 0 0.011279619682194264 7.837800005506964
675 0 0 0.015727685947933834 7.837631861293915
680 0 0 0.015510031518487954 7.836668207199086
685 0 0 0.010883033090314687 7.83690206610201
690 0 0 0.019494607086195437 7.83554771405278
695 0 0 0.0180441216600431 7.836336706481148
700 0 0 0.023089716155627604 7.835011906705515
705 0 0 0.020083360241511583 7.835179201607588
710 0 0 0.005392512569947883 7.834259297589337
715 0 0 0.0003541965175173356 7.83255283985291
720 0 0 0.01762302740062638 7.83345069185576
725 0 0 0.010767982394134012 7.831237904543709
730 0 0 0.01475320050050044 7.829777018241174
735 0 0 0.02004654812914608 7.831515184575759
740 0 0 0.016756357677358835 7.830585105230579
745 0 0 0.009875138284674456 7.8274898653389595
750 0 0 0.004879126469549133 7.827054412708661
755 0 0 0.00800965527734121 7.8277663984203105
760 0 0 0.014417308510715987 7.826507187708532
765 0 0 0.0047912513339016805 7.82466573150521
770 0 0 0.008830519310436769 7.82474070959581
775 0 0 0.016009015196527088 7.825199173119688
780 0 0 0.004145302303024234 7.821858243261193
785 0 0 0.0012737870653831695 7.82138308668582
790 0 0 0.00425911548742719 7.821424187311859
795 0 0 0.005274425559617324 7.819951671265699
800 0 0 0.011321247152722647 7.819232300650964
805 0 0 0.017927871277877427 7.819116666497474
810 0 0 0.008321234982603176 7.816594741445474
815 0 0 0.014184516625210142 7.816995451357663
820 0 0 0.006032807004749063 7.815003767505451
825 0 0 0.017728097407997856 7.814016532362507
830 0 0 0.018489457906990747 7.813260063822392
835 0 0 0.01311613906785225 7.8117508524177275
840 0 0 0.008603710979341761 7.811891166196374
845 0 0 0.0059677134451101566 7.809223995693437
850 0 0 0.003879828756664372 7.807609245739742
855 0 0 0.022087787562968808 7.80713834114997
860 0 0 0.0018001272085195197 7.805379186241805
865 0 0 0.016213389854639715 7.804455903234513
870 0 0 0.020854268728849545 7.802590132980393
875 0 0 0.0030249672779625314 7.802382972751262
880 0 0 0.009431316116600641 7.800290832912818
885 0 0 0.005568425679504108 7.800825786074832
890 0 0 0.013695710126099936 7.798741096812503
895 0 0 0.008124657502144306 7.79785616680065
900 0 0 0.006259159529002911 7.79708976312779
905 0 0 0.010385898160818474 7.794857659256813
910 0 0 0.001471505907551185 7.794206930153266
915 0 0 0.00663538156932475 7.7934431031619145
920 0 0 0.005898886277704518 7.791797709326997
925 0 0 0.0013890469768120806 7.791428908143184
930 0 0 0.0017918194160384537 7.789349581758834
935 0 0 0.0026560197898199966 7.789078835430246
940 0 0 0.02892155775209382 7.786852753273865
945 0 0 0.008851595009556457 7.784476997629241
950 0 0 0.019619573324444417 7.786628674066833
955 0 0 0.007109537225340468 7.784006975188631
960 0 0 0.008286137208158184 7.783599381368629
965 0 0 0.004022388358656315 7.782279117810878
970 0 0 0.001992984050348312 7.781893188179501
975 0 0 0.014665201102888714 7.7800132198824965
980 0 0 0.01184222374413757 7.779614798950586
985 0 0 0.013237002601119041 7.779247968332392
990 0 0 0.004999913553676016 7.778479870168997
995 0 0 0.006025397512276598 7.777204756244019
1000 0 0 0.015265559053722733 7.775964308717847
