0 0 0 0.3085895109529555 0
5 0 0 0.01577767213138337 26.444907349273727
10 0 0 0.016409067122940213 26.360152668732617
15 0 0 0.012474186635884177 26.33392161244079
20 0 0 0.018078119355606104 26.30016031108274
25 0 0 0.014686996804618602 26.28004011519677
30 0 0 0.017397867823686353 26.267126755510816
35 0 0 0.019524240819333016 26.254120303030906
40 0 0 0.017673343250286466 26.2321920424695
45 0 0 0.018956190746387103 26.244732623302056
50 0 0 0.018991318373625 26.22165447792182
55 0 0 0.020080480986492732 26.218979654139133
60 0 0 0.018964903683221568 26.216213792295438
65 0 0 0.018080760063433177 26.206918729660675
70 0 0 0.018770061846994146 26.199506546660714
75 0 0 0.017255367784708042 26.179130896640704
80 0 0 0.020630067508139893 26.168331077506647
85 0 0 0.01953641099671155 26.166443566940785
90 0 0 0.019241632376437945 26.168817376490683
95 0 0 0.019972011135176215 26.163504351348514
100 0 0 0.019123284766086712 26.167004283644687
105 0 0 0.019673853617359294 26.160278602867088
110 0 0 0.021161706817311776 26.158196861269342
115 0 0 0.021000878598069983 26.1522310523066
120 0 0 0.02033217350259897 26.154395954306516
125 0 0 0.020296114437148516 26.14179598655934
130 0 0 0.019644357734937667 26.147153259563098
135 0 0 0.018722238036512184 26.154676790170562
140 0 0 0.020652942620199566 26.140375900972526
145 0 0 0.020453018911082532 26.148297733265576
150 0 0 0.01933735659004232 26.150180734183344
155 0 0 0.02002982533062192 26.143981173017583
160 0 0 0.020172515352773868 26.14504300127668
165 0 0 0.01875037381465461 26.14062747250929
170 0 0 0.021131078618292554 26.13683486005773
175 0 0 0.02090930720714801 26.133567758612802
180 0 0 0.021766928649590733 26.140007744198513
185 0 0 0.017804085794292046 26.13267100478266
190 0 0 0.01888417281401722 26.136181145185716
195 0 0 0.01958583672743841 26.128104014006837
200 0 0 0.018747499549695013 26.13214893518019
205 0 0 0.02145650128514376 26.132162242337987
210 0 0 0.020496351687766312 26.131424295771534
215 0 0 0.019654122333192747 26.128944390390885
220 0 0 0.018562584976860252 26.12975272027245
225 0 0 0.019602667653648043 26.120294081490314
230 0 0 0.02131927685604995 26.119892712426495
235 0 0 0.01746456461668644 26.123778215812745
240 0 0 0.019147365683144457 26.119687621509748
245 0 0 0.020740806215799212 26.117615582192407
250 0 0 0.014016266536793998 26.241425815636394
255 0 0 0.014678930067751894 26.183748835665984
260 0 0 0.01992537850562548 26.15777401228739
265 0 0 0.02146584376134464 26.15564951526912
270 0 0 0.019327250928223405 26.155003314941126
275 0 0 0.0211290306297105 26.14669387743028
280 0 0 0.018195084778652282 26.139563134694402
285 0 0 0.019098280972192017 26.146535410925804
290 0 0 0.01956234678122737 26.133674104010762
295 0 0 0.020349255647758913 26.13504752502673
300 0 0 0.018693915685072948 26.136817472163703
305 0 0 0.019278953658047993 26.121190085335602
310 0 0 0.01956788857459868 26.138569783750498
315 0 0 0.020354130319887087 26.128802351958583
320 0 0 0.021006482457170073 26.135029609009003
325 0 0 0.01862303135994603 26.128528705993237
330 0 0 0.01497964030620147 26.135352367904353
335 0 0 0.02069708834012296 26.122913742195266
340 0 0 0.02065496704882208 26.12797294415754
345 0 0 0.01696835414763176 26.12114189322616
350 0 0 0.018272411427198376 26.12390150683749
355 0 0 0.019026878339411413 26.117080035790476
360 0 0 0.01665972873235555 26.119084186493815
365 0 0 0.01988977776670353 26.123758763144977
370 0 0 0.019260046721424118 26.115884706746034
375 0 0 0.018706998069910163 26.12580025718813
380 0 0 0.019323911393959392 26.118079075228593
385 0 0 0.019907942337875184 26.11374840369477
390 0 0 0.021278287228970738 26.11381666306177
395 0 0 0.019144305559522845 26.112025519888576
400 0 0 0.01944884132085689 26.106157659209863
405 0 0 0.01966985740613092 26.113419424206846
410 0 0 0.020917940196572893 26.11424733075195
415 0 0 0.020614403265137637 26.115503155765595
420 0 0 0.02007120657752859 26.113733727832088
425 0 0 0.02100757598769487 26.112061027149757
430 0 0 0.017586026239488683 26.116752222933087
435 0 0 0.021620513349669412 26.11379747380576
440 0 0 0.0189900466824795 26.112853140051307
445 0 0 0.0220448347341482 26.11496155687963
450 0 0 0.020396100962803976 26.1099962140528
455 0 0 0.01741593804457664 26.11096820677406
460 0 0 0.01764326692406848 26.111823256987865
465 0 0 0.021121715106072525 26.117787246223926
470 0 0 0.021692598049399603 26.110652741582168
475 0 0 0.01991518982515239 26.109547882519877
480 0 0 0.018045235791134928 26.112647615778837
485 0 0 0.019157007503794343 26.113010532118427
490 0 0 0.02308612226607054 26.110602171633754
495 0 0 0.02102993242337048 26.11011309068881
500 0 0 0.01790705134071735 26.11157633249978
505 0 0 0.015477958018327964 26.110489739259137
510 0 0 0.02137268567690076 26.10891463062195
515 0 0 0.018945206926615832 26.113195533478812
520 0 0 0.0183681110497107 26.106679015270142
525 0 0 0.016816811663850517 26.105918741256
530 0 0 0.018753909583397066 26.10874890553163
535 0 0 0.020370393237867823 26.10583798973252
540 0 0 0.016847884168421423 26.109000131982178
545 0 0 0.018586372742424917 26.109529513833564
550 0 0 0.022098275518341648 26.107115679983757
555 0 0 0.019227993914835206 26.103645438345904
560 0 0 0.020292810667473127 26.10403942623712
565 0 0 0.01945020121415264 26.105789921603105
570 0 0 0.017235522841636985 26.106116730412868
575 0 0 0.018604826606269942 26.10163246102911
580 0 0 0.019902024430579868 26.105357090197014
585 0 0 0.01635362447394484 26.108469962757628
590 0 0 0.020078056191081384 26.101698334657385
595 0 0 0.015742138911136516 26.105947944895558
600 0 0 0.019648631033907682 26.102697204600034
605 0 0 0.020586022584557995 26.10583175563754
610 0 0 0.02078758946762216 26.10486790713527
615 0 0 0.02090164620521051 26.10324245407786
620 0 0 0.021925695403200995 26.101253809995516
625 0 0 0.016627023031873245 26.105245138306696
630 0 0 0.020176336970422426 26.100208193456627
635 0 0 0.01729501920545351 26.10514757032604
640 0 0 0.021565206840060913 26.101815096464907
645 0 0 0.0196728215052151 26.098691496297928
650 0 0 0.016898341721065968 26.100150548080546
655 0 0 0.018058293200165387 26.09911997691664
660 0 0 0.015168739111873109 26.10092141435333
665 0 0 0.01717236092688479 26.0979452984726
670 0 0 0.017945430686104658 26.096601617621207
675 0 0 0.01846579123944969 26.098448066652637
680 0 0 0.018686819592064197 26.094693031812568
685 0 0 0.021318212127681813 26.096218573010603
690 0 0 0.01798197022189707 26.099347239108514
695 0 0 0.02042420666240874 26.09144158111543
700 0 0 0.02103847961380434 26.093962437493328
705 0 0 0.017685649345362986 26.095698065255238
710 0 0 0.01883192956743618 26.09187625772496
715 0 0 0.015819491078215675 26.09029460037055
720 0 0 0.015549086145518087 26.09209430841245
725 0 0 0.018553691119640447 26.089910361677166
730 0 0 0.02004769039590326 26.08767185231015
735 0 0 0.014127408307252898 26.09414105235214
740 0 0 0.017195645525779346 26.09208366325194
745 0 0 0.0210989747230661 26.08751077956997
750 0 0 0.01767007171620416 26.08713028133314
755 0 0 0.021857224199547387 26.08991677174124
760 0 0 0.014994581695012776 26.082720562198304
765 0 0 0.011632398696040491 26.0823496680218
770 0 0 0.013984092468966036 26.082778074351904
775 0 0 0.0019707460627536033 26.080110725063538
780 0 0 0.013789881049257602 26.081778122649016
785 0 0 0.016741363520474062 26.085379862460194
790 0 0 0.016944032935124476 26.081965459820047
795 0 0 0.012123594061263843 26.08199698508765
800 0 0 0.01575313858830052 26.079766407598544
805 0 0 0.019191685229697608 26.072517463722143
810 0 0 0.023044971306090067 26.074324529097648
815 0 0 0.01873416802838257 26.07628858142293
820 0 0 0.015100731977021775 26.07690091041505
825 0 0 0.011746299989745967 26.070277028076692
830 0 0 0.0163069364037709 26.069757096898606
835 0 0 0.011600987582999656 26.065985181273824
840 0 0 0.017056790767136842 26.06646275861385
845 0 0 0.014617413401957657 26.064728897855638
850 0 0 0.02319581760709788 26.061128619002442
855 0 0 0.013541569673396037 26.060124451474934
860 0 0 0.009820166150671383 26.061471116471786
865 0 0 0.013846175313845466 26.053448589683818
870 0 0 0.014620106767867957 26.05482868250465
875 0 0 0.014250692542034038 26.056246002479664
880 0 0 0.0005177944434346937 26.052846524420232
885 0 0 0.006436723978289871 26.049443544496526
890 0 0 0.018336368856833207 26.049821749706062
895 0 0 0.010252156445141214 26.047730745478848
900 0 0 0.015140166649368014 26.045973700788686
905 0 0 0.007800773953066553 26.03559368501854
910 0 0 0.015378531103803494 26.04177887826127
915 0 0 0.009011873457648534 26.036073730222796
920 0 0 0.002171060292367466 26.03218371227993
925 0 0 0.008481066529455461 26.029970905545543
930 0 0 0.009628205838913662 26.027776034984317
935 0 0 0.01702313961873414 26.023940061318783
940 0 0 0.011812176242916195 26.022064538183017
945 0 0 0.006482166027107716 26.018211378331102
950 0 0 0.0024163112186794677 26.011742377106533
955 0 0 0.009919618643478456 26.01355928087075
960 0 0 0.007316251188505429 26.009780943420637
