0 0 0 0.3299617036694793 0
5 0 0 0.013806582645470522 26.470963063456235
10 0 0 0.016004527281446856 26.38837540627688
15 0 0 0.015141239838484921 26.32689628772165
20 0 0 0.01640079524536886 26.32263368035185
25 0 0 0.01599963861275544 26.285270946685127
30 0 0 0.018342177560968675 26.264963190192837
35 0 0 0.018817490154499295 26.266895414021796
40 0 0 0.017272863964010066 26.251018103644473
45 0 0 0.018083401804056765 26.24087639796768
50 0 0 0.014457064475299708 26.24051669945503
55 0 0 0.016499319610684404 26.233732298691784
60 0 0 0.017952907834382748 26.223616777490683
65 0 0 0.020010022430363872 26.21502439891649
70 0 0 0.019304609249215288 26.206459506517966
75 0 0 0.019642764917090272 26.186001244539483
80 0 0 0.01620852120773919 26.173032451697754
85 0 0 0.018767020150756597 26.1771561701749
90 0 0 0.019395183709903563 26.169276971131335
95 0 0 0.01991710180743378 26.17044133512753
100 0 0 0.020275901060895718 26.17012105981478
105 0 0 0.020900369045973477 26.166570101813786
110 0 0 0.019613491082917545 26.16312667028829
115 0 0 0.020373446454434507 26.160472628851448
120 0 0 0.02040421706136697 26.160008990943922
125 0 0 0.01904714877360658 26.157594535579403
130 0 0 0.019839225418885054 26.157544354136263
135 0 0 0.019494714451836037 26.155437238509425
140 0 0 0.020271142983664392 26.152603789777913
145 0 0 0.021661646919282296 26.146424747429375
150 0 0 0.01755293912989786 26.151197965991905
155 0 0 0.020064968774241354 26.15293136477287
160 0 0 0.019958676086018645 26.147865677904115
165 0 0 0.019231905902999946 26.15397554974935
170 0 0 0.019440610719764884 26.14721409555966
175 0 0 0.019322271272557368 26.138400560572
180 0 0 0.021109283536345558 26.1430537072634
185 0 0 0.01886807779594002 26.140324748152082
190 0 0 0.019205268921924423 26.137733817656095
195 0 0 0.01952343050985883 26.140577592329052
200 0 0 0.01999127036081383 26.141089619805822
205 0 0 0.01731704657713018 26.13364082443149
210 0 0 0.016924597029096322 26.13239320289314
215 0 0 0.019142273890454753 26.141891581792393
220 0 0 0.019874565776552444 26.13353991678333
225 0 0 0.017413238598566583 26.133030358550833
230 0 0 0.01828355551374794 26.140171856107848
235 0 0 0.01923911058355965 26.130930820452573
240 0 0 0.02015227902288741 26.128662425026647
245 0 0 0.019710698191557796 26.127512390191228
250 0 0 0.0137386275748268 26.248553931018005
255 0 0 0.019109737328408816 26.178592994612153
260 0 0 0.020551347641146078 26.16376998373685
265 0 0 0.017008772062768074 26.160508874397657
270 0 0 0.018353233925989088 26.15905862237008
275 0 0 0.015497149915810304 26.14723874237961
280 0 0 0.017933407821942637 26.147895904841807
285 0 0 0.01823903450123976 26.15725144768061
290 0 0 0.0202326190509865 26.152165400175345
295 0 0 0.01890093003225779 26.136568669543955
300 0 0 0.018678339322278692 26.140216615684185
305 0 0 0.01908394387476675 26.147806025882147
310 0 0 0.018249252249040726 26.136170773808985
315 0 0 0.018356304883266894 26.149046930291366
320 0 0 0.02059690783925916 26.136378451158308
325 0 0 0.019739076707966596 26.13465275009771
330 0 0 0.020353237685596826 26.13931924500402
335 0 0 0.014031522662453222 26.122508023677327
340 0 0 0.01874280271453377 26.139204790741225
345 0 0 0.019186945776177966 26.139483442201524
350 0 0 0.0194299585883686 26.13586169177747
355 0 0 0.01986447953411119 26.130200195469673
360 0 0 0.019086082336962074 26.12972062653244
365 0 0 0.01993004795841591 26.129274502128126
370 0 0 0.021046425573521432 26.131629701931697
375 0 0 0.01961541907209141 26.132440391933773
380 0 0 0.020616564569635232 26.125360405248554
385 0 0 0.01847174386797068 26.120739495203384
390 0 0 0.018839169619224938 26.12475487465079
395 0 0 0.01967255583254257 26.1200932132066
400 0 0 0.018580122375442487 26.111246305249924
405 0 0 0.020614485428959384 26.119213630179914
410 0 0 0.017430698263532607 26.119293950652672
415 0 0 0.018813803278590946 26.108423794147555
420 0 0 0.018712479200441168 26.1178890143054
425 0 0 0.028866971482739423 26.11590600958193
430 0 0 0.019865273736685785 26.119781068982846
435 0 0 0.02173557195742326 26.114059913961785
440 0 0 0.018162433833148528 26.113324374340326
445 0 0 0.020325143181379124 26.112108992604877
450 0 0 0.01977723400063458 26.11518518426506
455 0 0 0.018708406693841884 26.120894882064864
460 0 0 0.020890268943311252 26.11582804751475
465 0 0 0.017603394580888887 26.110902077347916
470 0 0 0.020483898452624327 26.11188415849743
475 0 0 0.02004149378418263 26.1107716316849
480 0 0 0.018948642886553513 26.10763272071254
485 0 0 0.018846424600343248 26.113817900080793
490 0 0 0.021324668135285885 26.108720922519325
495 0 0 0.022168619261716982 26.10996289846236
500 0 0 0.020526837352313754 26.11146898755701
505 0 0 0.019776743911565697 26.107235420215897
510 0 0 0.020241846986366774 26.11080858554292
515 0 0 0.019996449375152547 26.108466006093817
520 0 0 0.01713839343030288 26.10957532632603
525 0 0 0.017870704412418004 26.106086886574726
530 0 0 0.016141588508629345 26.105863910889866
535 0 0 0.020640593534598795 26.1083433591516
540 0 0 0.020549593347003237 26.1041263817923
545 0 0 0.020041488305777122 26.104597478550875
550 0 0 0.02022127098545745 26.10329946918183
555 0 0 0.02031298761401179 26.107065827112628
560 0 0 0.022129719684461868 26.104500643972663
565 0 0 0.018490731024951135 26.106069174837813
570 0 0 0.01955191272475787 26.10074867724122
575 0 0 0.018671461079071028 26.102691954786803
580 0 0 0.01572023607244266 26.10204098834613
585 0 0 0.02018359516327095 26.102376077010863
590 0 0 0.02004296469466693 26.104154915429213
595 0 0 0.020315088997360897 26.104469737730284
600 0 0 0.02011930503312165 26.1069033164283
605 0 0 0.0202715465897938 26.104126703828864
610 0 0 0.020917309516848448 26.103706702780887
615 0 0 0.02222586456215292 26.10468580772298
620 0 0 0.017512264664798494 26.10380958830799
625 0 0 0.019778199227504123 26.10170468585121
630 0 0 0.021330533339552593 26.102014150170977
635 0 0 0.021120468038338114 26.105969614116752
640 0 0 0.021680644786079117 26.09791867089878
645 0 0 0.019615301783411088 26.097386020199707
650 0 0 0.02026199462247047 26.099695532161377
655 0 0 0.021282034680010886 26.101283891502312
660 0 0 0.0206961490597668 26.096695719870773
665 0 0 0.020683628205847793 26.096520579713445
670 0 0 0.018241763434294844 26.096888510884
675 0 0 0.017661908324024367 26.09918878990176
680 0 0 0.019096661800309 26.098876544706236
685 0 0 0.019149719664580456 26.095459214127228
690 0 0 0.017193205832569003 26.09463987001585
695 0 0 0.024249214778611305 26.095410669566814
700 0 0 0.019463877589124046 26.095688475809908
705 0 0 0.01832272161914994 26.093085174978082
710 0 0 0.01917516815497322 26.094369239089993
715 0 0 0.01987994928428205 26.091500572136052
720 0 0 0.01699929866476113 26.090540694341048
725 0 0 0.019660347803955647 26.093124257779596
730 0 0 0.01729856482697989 26.0923651620215
735 0 0 0.015671060927857194 26.090497190927557
740 0 0 0.018955659115093892 26.089256478690764
745 0 0 0.019558094371915358 26.09149269507546
750 0 0 0.019715475081365952 26.08862540954103
755 0 0 0.019776390906654617 26.090370749488113
760 0 0 0.01753017924989786 26.084065668704206
765 0 0 0.018900300907279455 26.09044318339214
770 0 0 0.01762149126065271 26.08864358221518
775 0 0 0.01793522480915488 26.086599555347952
780 0 0 0.018656730193343796 26.085921998794824
785 0 0 0.01968140442485078 26.084275357411933
790 0 0 0.01981839525520135 26.08231211785102
795 0 0 0.01556677903731174 26.0853047313336
800 0 0 0.014264759755033163 26.086041890895896
805 0 0 0.016929998388155898 26.084215022592556
810 0 0 0.01688494902202131 26.083576938853692
815 0 0 0.021126884186126516 26.081476092326902
820 0 0 0.017260311996818656 26.08109621130176
825 0 0 0.018217765390202922 26.07905185677889
830 0 0 0.01689049392051878 26.083653484728885
835 0 0 0.02377981018437869 26.0811050617312
840 0 0 0.007303255970104727 26.080296046885795
845 0 0 0.013473512955886502 26.07930468691891
850 0 0 0.02030793052758262 26.07795953125491
855 0 0 0.01991933020651504 26.078403093546708
860 0 0 0.013029365557518213 26.075345241012016
865 0 0 0.01706648699215929 26.075839371967522
870 0 0 0.014946603406873482 26.076066939059572
875 0 0 0.012001245841552155 26.073081543302322
880 0 0 0.01741732579399069 26.07275716117577
885 0 0 0.01574022219099569 26.07021131995848
890 0 0 0.016414133024779565 26.075355537954987
895 0 0 0.01516204750723027 26.07008971457843
900 0 0 0.014131102320960487 26.069448617641147
905 0 0 0.010288456903063237 26.06457363984499
910 0 0 0.01607847863595513 26.06633786832128
915 0 0 0.00835147577090023 26.06518331382646
920 0 0 0.019069286701350663 26.060720211046416
925 0 0 0.016832787972897778 26.063054545078188
930 0 0 0.01418059292368179 26.06247350371993
935 0 0 0.014469834941866377 26.060569155229878
940 0 0 0.017731844393612972 26.058571437885885
945 0 0 0.00903761676067849 26.054003834220495
950 0 0 0.017249250337713073 26.05529357443635
955 0 0 0.010996099279711125 26.05132958362229
960 0 0 0.007702882456540827 26.05020717037689
965 0 0 0.01469669833280518 26.046552582541846
970 0 0 0.010936419560097166 26.04647286476589
975 0 0 0.0017780745506019713 26.044362417462512
980 0 0 0.01843920767371654 26.03975299182878
985 0 0 0.0022578295100448287 26.037952932082995
990 0 0 0.01181361999019881 26.03648188796757
995 0 0 0.008137881025629179 26.03787741399945
1000 0 0 0.0053099611063696095 26.030913545579946
