0 0.15638832745493852 3.8949062792261024 0.3843224933293572 0
5 0.9714779627016401 0.06822760243454784 0.016315350782630134 3.7334827309467387
10 0.9676210609970131 0.07793302125607537 0.01245648770301333 3.7280355674569163
15 0.9731348173428624 0.06233263263328226 0.011043314060904752 3.7280916220849933
20 0.9719749613183111 0.06735015058498783 0.019176579885092915 3.72618874976506
25 0.9755914886281787 0.05844944129284757 0.009414468059776304 3.7211768238796066
30 0.9808517096600884 0.04892069416843725 0.017803052252140628 3.70703491751119
35 0.9930725281035875 0.01858265376986168 0.007599430037521282 3.67889874018227
40 0.9958938140364038 0.011419716309541084 0.007810908165725161 3.673748909823826
45 0.9965576111125886 0.010514905422784881 8.102032905688006e-06 3.66890066122682
50 0.9970649775828069 0.009889051446493102 0.00853745614999779 3.6693982513477037
55 0.9933597552573097 0.023928298827547767 0.004460064324631974 3.6685731631591314
60 0.9953476156543808 0.017119105544497693 0.009156545042048991 3.6671115265552214
65 0.9978156133362666 0.006808181052493811 0.006729305824468623 3.6667643239999195
70 0.9976734890437293 0.007172668940168325 0.005780695999173524 3.665296219049769
75 0.9979097162148969 0.006807407004139954 0.000713568290598765 3.664930982380899
80 0.9979250914025102 0.006856618066369169 0.007713101260034438 3.6653466065406537
85 0.9941976465693694 0.0219360850196888 0.004501553180242146 3.663864392518743
90 0.997838320317475 0.007784209605402381 4.4599919846177727e-07 3.664563236645335
95 0.9940589241915518 0.02239359281596176 0.005276466961811721 3.664320623996748
100 0.9924751519671274 0.030618885197159162 0.0031998301595745904 3.6639964804282124
105 0.9923655559122893 0.029227415329482476 0.008348298831806655 3.662458910480413
110 0.9988347064528941 0.0036988066721774793 0.0025329690688935536 3.6627016909960464
115 0.9970825136404593 0.011097795249452869 0.008368732253650313 3.6627403999327117
120 0.9987708843353571 0.003886891006835036 0.0025249823475825828 3.6623595951145034
125 0.9945918883152078 0.020905295836671556 0.0034325806715556073 3.662453920501239
130 0.9974250111547274 0.009260754705550767 0.005721913101497611 3.662782840581885
135 0.9986450461234152 0.004563773935783999 0.0011872571895443773 3.6623652146718064
140 0.9967380126405706 0.01237556940939255 0.011116161103500222 3.6611265916666635
145 0.998363555197572 0.005912715995465945 0.0037150410473556494 3.661600615533197
150 0.9977383535737726 0.008734209113452795 0.013058711186369587 3.662219759105056
155 0.9967745515583949 0.011921251635325092 0.0018119883024587669 3.662258074563494
160 0.9986825800439856 0.004602850500789124 0.012548375652930988 3.6621882420299388
165 0.9985367552764823 0.004860518467316055 0.003697976530420366 3.6617273003135993
170 0.9981300665254748 0.007170797531997675 0.0014320176433781917 3.66148283923956
175 0.9955566331284382 0.017081467339231438 0.0050235130966262975 3.6604236697979378
180 0.9979997846599591 0.007136525786799908 0.007650923795349707 3.660858691150579
185 0.9981388949986609 0.006810118541726862 0.0002809852447225314 3.661002670704117
190 0.9991705332819213 0.002635681422725078 0.005789747444540749 3.660798190695671
195 0.9982203266434637 0.006418510955427781 0.0012013900233536212 3.6601812456124247
200 0.9988341290527847 0.004062830701375475 0.003781949490544223 3.6595737193609135
205 0.9984168345582372 0.005487068316006649 0.005497669390396753 3.660510755797698
210 0.9991707380954333 0.002971715759255922 0.002968211211669569 3.660068587572192
215 0.9979247299768041 0.00843688797682951 0.004864312189882591 3.6598466819542663
220 0.9990649421217375 0.0031601964815388683 0.0038699450509125377 3.6600527282179955
225 0.9984252228561682 0.00588413699233703 0.002123748994319996 3.659789697449383
230 0.9975058120726384 0.009072364905832853 0.0033649575088043893 3.660177507803562
235 0.9963170488465996 0.01437137026023061 0.0036011796870616397 3.6589080400318776
240 0.9981470624620855 0.006701958017362397 0.013250821494606768 3.6589781193487294
245 0.9982030650941346 0.006805485978639947 0.005020706491182247 3.659262721766454
250 0.9977417709936817 0.008472391645120148 0.008145053063486118 3.659131828149393
255 0.9981143978198643 0.007152589244848517 0.002969836170036322 3.659471464975817
260 0.9991947294319639 0.002780651137060275 0.0008780759641091596 3.659335903974331
265 0.9980566875188401 0.0072462791635672374 0.0020536623195293036 3.6596584690296448
270 0.9990468525822102 0.0034900952623111436 0.0025982218703595183 3.659535449048432
275 0.9986771137879191 0.004591864879232688 0.0011853366110308183 3.6593186741761423
280 0.9990820527092773 0.0034474806724280604 0.005002168717640254 3.6590798636361517
285 0.9976921101559406 0.008328245900038223 0.004064339390821514 3.6594757864641196
290 0.9987365011253992 0.004935918051909294 0.00046712086754996385 3.6591549444537783
295 0.9981052141353783 0.007192482060065508 0.004512652786471394 3.659330612177836
300 0.9967021642002557 0.012900065297174912 0.0047111932726005 3.6588582846059343
305 0.9988048204490807 0.004471105174717049 0.00531242640783347 3.6588592653604746
310 0.9991078337793684 0.003144115667006897 0.001345273617129772 3.6592162613807
315 0.998757302792027 0.004419885925557754 0.008291190636604995 3.6589313338335727
320 0.9967008028035066 0.012335142121333575 0.001842075788870856 3.6582254107199117
325 0.998797684683373 0.004683256477099995 0.006906116399457263 3.6579983398917335
330 0.9981032410112032 0.007126931003667902 0.005595070780737954 3.6591315787767242
335 0.9992198225923016 0.002753031033178921 0.0034398540428826063 3.657967269439464
340 0.9989410439464733 0.003922231520696151 0.0018921295586495912 3.6587867505198908
345 0.9990482914822251 0.003510699515125726 0.001702830091107943 3.6588468374763674
350 0.9987358891299576 0.004971123103674646 0.003876161357809771 3.6585186048552405
355 0.9986924727883846 0.004699558591306552 0.0015234198325810855 3.6586420626106975
360 0.9982041461627211 0.007032395306481032 0.005562820279055192 3.6579813388974567
365 0.9988095610638714 0.004558098989642545 0.009969998374339761 3.6580685485951165
370 0.998499139539119 0.005730901978448166 0.0035197650818499238 3.6579175134104185
375 0.9979882221309837 0.007673131924049059 0.00525744721059751 3.658654965512805
380 0.9991043992090796 0.0033096169197328607 0.002946673129930799 3.6581597094675016
385 0.9991019832832142 0.0033501892553453594 0.003188298541110912 3.6575379253114373
390 0.9973367798658588 0.010321536812039511 0.00806667118795823 3.6581407447916354
395 0.9984653592443736 0.00580002123070944 0.007876940757403972 3.6580917733353386
400 0.9987731780722734 0.004706811503595532 0.003491129295415618 3.6579953387829347
405 0.999068673373021 0.00353782236594391 0.0076336066229307775 3.6595422824474833
410 0.999089531584166 0.0034729829515853794 0.002324914759984864 3.6580437157964263
415 0.9989953003014169 0.0036520488093301218 0.004750437661663831 3.6582959446502445
420 0.999038061884908 0.00354119037147127 0.0036537200043507134 3.6583325949205676
425 0.9988515969246307 0.004399125365170065 0.0029143662295105788 3.6577375960592295
430 0.9989009817106707 0.004072803478747833 0.007669594175541139 3.6577424675240517
435 0.9990325968406804 0.0035291068318321628 0.009140493939817418 3.6577631591052353
440 0.9994761962215141 0.0018252637649203152 0.0012122601411030942 3.6577228760021074
445 0.9992904450170271 0.0026054916236666337 0.0060930176964617555 3.6579844481489716
450 0.9988126023386055 0.004603506934573343 0.008369570996484388 3.65810496682858
455 0.9986370573424275 0.005238472000187233 0.004494582692611493 3.6573074204018052
460 0.997895363784062 0.007910786834395722 0.0003835309911524032 3.658064811099465
465 0.9986609345881209 0.005217904721996014 0.01464673413865003 3.6575843244047737
470 0.9988236841281017 0.004547164055506592 0.0067768110675783255 3.65797194040434
475 0.998604816919155 0.005516789658388532 0.006089089412925963 3.6579853828947817
480 0.9987212745833439 0.004731636130460792 0.0011385013300238 3.6576020183223203
485 0.9966894913616258 0.013200487581015885 0.002350115161115829 3.657645983966619
490 0.9987116241106743 0.005086670206574162 0.004993583952311864 3.6574964803344914
495 0.999258269028271 0.002808052458868282 0.002101655115054779 3.6578505843596703
500 0.9989727127297838 0.00396322469065602 0.002121148637801884 3.6579568351706975
505 0.9974462306259988 0.009745242767128293 0.00046847923653725587 3.658079948997222
510 0.9985998850167835 0.005366664525463083 0.004132287374006838 3.657311060939568
515 0.9988983107163318 0.004188301592920496 0.0002153389334413891 3.6573986097359885
520 0.9988201581747592 0.004425780545731506 0.0016470051368202565 3.657716262375376
525 0.9986886745185206 0.005123936857099665 0.012661720204540261 3.6578237973018095
530 0.9983179222978921 0.006240113937904468 0.0053069150689326605 3.6577966860993234
535 0.9989575598963973 0.004093964922920801 0.00534463263746221 3.657461668284287
540 0.9993875250750694 0.0022295392702074146 0.002508100837643079 3.6574923683353897
545 0.9941591926841158 0.022586637353603667 0.001219927362549278 3.6575181201105575
550 0.9950560318555666 0.019792079311868438 0.011144425868033103 3.657234638859278
555 0.9995556121469196 0.0015470197756837223 0.0002529321788427019 3.657503057726912
560 0.9987517444979909 0.00446790270649311 0.0018119748392997348 3.6571092642613694
565 0.9986021834050662 0.005502525550309834 0.0021420288457882908 3.6576791903045476
570 0.9987806064505931 0.004598949103551853 0.0011809929870936209 3.6576833844488186
575 0.9986334772633207 0.005266848949407432 0.0039780011237673385 3.657262217858356
580 0.9977481588230791 0.008598434146927403 0.0005497520773158904 3.6573651498029687
585 0.9986843770877156 0.005050346649743354 0.009774626371944706 3.6573430322078493
590 0.9987699140936781 0.004748133041274194 0.0021328583406017287 3.657389303368097
595 0.9985008970282905 0.005875580202964414 0.001366061538167429 3.6573125545877474
600 0.9973065656766074 0.010448378353938192 0.007293263219952495 3.65735085174492
605 0.9992463183656226 0.0027742218245370154 0.0058033710482989775 3.65741073337817
610 0.9984438738185235 0.006063806768255464 0.0023661528709562063 3.657380295774924
615 0.9988942894320068 0.004315608575681029 0.00390251066797509 3.6571885717549804
620 0.9983562881611692 0.006389726700004594 0.009914116238458393 3.657304122002628
625 0.9982023984368336 0.006563901582714582 6.735975485394619e-05 3.656910727948569
630 0.9981605989692771 0.00691968760067585 0.002479157527528253 3.6570960568785
635 0.9987736116759507 0.0046323331706217274 0.002567923849907894 3.6571224181532567
640 0.9983689008568418 0.0063147568695645084 0.011181618354066947 3.6568692871272708
645 0.9994653940112652 0.0018308001133191532 0.000692775215101582 3.657226594916674
650 0.9975508135399402 0.009423097726412255 0.006159799744787531 3.6572338644421074
655 0.9983507703072858 0.00634778497769517 0.002591568272138689 3.656381751394781
660 0.999059752773201 0.00342368992301445 0.0008639267661971761 3.657333333522384
665 0.9991446641817123 0.0032371298263473847 0.00040545924107870945 3.6575467366298797
670 0.9987324475419722 0.004864198509224593 0.005139218132544032 3.657043807191528
675 0.9990785538117785 0.003533830248448222 0.002260458448221092 3.6566378520536773
680 0.9987409355009029 0.004638676852625423 0.0018253022708203392 3.6579973123359752
685 0.9990358912381797 0.003709686093168685 0.006541804674251361 3.657052889807194
690 0.9987565054337855 0.004765044160124798 0.008851909817796821 3.657023405912497
695 0.9994238736531421 0.0020842987915163924 0.002257790686080341 3.657045387149834
700 0.9993307982378647 0.002547526306863279 0.0062582605478398445 3.6568645791724004
705 0.9982071374828927 0.0069642699276091236 0.019117473064645507 3.656026795119325
710 0.9991622826254377 0.003173718313401075 0.000660199254795435 3.6571024089617192
715 0.9994995349998324 0.001848471867916146 0.004354419644608587 3.6572307040661616
720 0.9989060109415464 0.004280569746265783 0.003914052810497504 3.6573349506372996
725 0.9990701145302445 0.0033369181969371553 0.0005978873795102757 3.656708216310824
730 0.999416504975356 0.0020689244049076905 0.00015613084928411958 3.6572670685675224
735 0.9987959262760959 0.004603222834478782 0.0013445999156929123 3.656990003964487
740 0.9990929717896375 0.0033786307730108156 0.0037036660587488335 3.656276989774533
745 0.9984362265347125 0.006200628028704802 0.0080237816410349 3.656954454104272
750 0.9991103175481231 0.00337701953014502 0.003651211251446407 3.657479574772657
755 0.9989707624519694 0.0039647635842650075 0.0048053487161709985 3.656698129798235
760 0.999483230015802 0.001823717574962913 0.0029899381289808513 3.6570797312207732
765 0.9972115393521078 0.010900210394312548 2.698258787803276e-05 3.6566275329597406
770 0.9985864954922106 0.005389060980298677 0.0014410956513015716 3.657271813009095
775 0.998407780145508 0.006457024563527813 4.0119145793937605e-05 3.6567485809418745
780 0.9993895729519412 0.002142193096619227 0.0012116459536375412 3.6570406472367614
785 0.9992028270866069 0.0029295102045123755 0.00021986577809474106 3.6570410738326835
790 0.9985377278138909 0.005609731401661655 0.002251925288758283 3.656366524926257
795 0.9990942655093777 0.003375184261356523 0.0010528338466668785 3.6564691181899156
800 0.9987220339933844 0.004735208373912947 0.0015977924002064103 3.657134612400128
805 0.9950000692762551 0.019609622105813074 0.0011900922065819497 3.6570717181226287
810 0.9983698669960377 0.006274903756517514 0.001512112027329815 3.656916812568787
815 0.9990166534580136 0.003653996245539748 0.0025265356852595122 3.6573094515083335
820 0.9986503026254459 0.005283574787773748 0.0036661483722526533 3.6564922842586283
825 0.9996098901881407 0.0014036161738202324 0.003720144807655812 3.656182014683688
830 0.998946749091151 0.0038652616192025313 0.003833470799856853 3.657220124464632
835 0.9983134938698444 0.006559108608419795 0.00797608784989845 3.6568751046811196
840 0.9976841505642775 0.009296035190754282 0.007730840857381516 3.656945519514301
845 0.9988223919790126 0.004595139860452235 0.005842931480138702 3.656748250179916
850 0.9994577711168431 0.0019192502093328123 0.000999063381855514 3.6567840472685886
855 0.9978722011369927 0.008238167357913273 6.42900127587609e-05 3.6561567341752426
860 0.9992467525166089 0.002780064028006901 0.0011667901900462851 3.6569252446290132
865 0.9987748997495547 0.00464187715008757 0.0030599692536363854 3.6564166506771345
870 0.9990913090664799 0.0032901620270471277 3.28010551400304e-05 3.657061482253703
875 0.9993253233674722 0.002439529626002024 0.00648910377791001 3.6569848243859626
880 0.9990467581695461 0.0035222011095399353 0.007301096330137868 3.6570874361711674
885 0.9994085422521234 0.0021756556890317746 0.0005825795260481215 3.656459452905111
890 0.9990848291444436 0.0034556145464677 0.003906858758326637 3.6568759745002164
895 0.9993158427670069 0.002544612409340452 0.0003061864832905048 3.656734280065194
900 0.999130477348297 0.00329632728945084 0.0009272035064109563 3.6572313652210537
905 0.9992686985062535 0.0027446932898720355 0.007978361272557466 3.6568342766121282
910 0.997966703121204 0.00807059682887834 0.01595310589787524 3.6567638200531936
915 0.9993017856041322 0.0025553408981831005 0.0024984722169001383 3.656725575786815
920 0.9986711267135935 0.0051807709223727905 0.0025113418581772518 3.656953336469126
925 0.9974848463589682 0.00973526062741259 0.002072800301775146 3.656501726491293
930 0.9991373097500429 0.00337062434330182 0.001429516270854858 3.6568039538670742
935 0.998876010375885 0.00436719762877491 0.005888894052394011 3.656391824888409
940 0.9991120802916261 0.0033985090374000215 0.011775953697500174 3.6567373797119256
945 0.9991696246072498 0.0031530223422899795 0.002001915806627119 3.6563644434481644
950 0.9990413548475037 0.0036749810617293655 0.004874089520166658 3.6569630903051764
955 0.9986289291535291 0.00536883350426498 0.0012880091609086541 3.6565239836838277
960 0.9985118906740296 0.005761997271543695 0.0010215467837884074 3.656647013899443
965 0.9986148765769258 0.005466923083321529 0.004052592066234428 3.6570285455816753
970 0.9975779600619485 0.009597220938986517 0.0032279713854790337 3.657195161512608
975 0.9986815389703604 0.005076129358497106 0.0009368741856414786 3.6568573934762725
980 0.9984921651726313 0.0059482788022307 0.019296469251868453 3.6566108835178994
985 0.9991426579178901 0.003317584441840715 0.0024875281558991436 3.656093952897718
990 0.9991102293032932 0.0033795973804080504 0.0075528694181214995 3.656579239440305
995 0.9992881875901338 0.0027068729886527976 0.0040557924224216 3.6567635384952553
1000 0.9989326447065119 0.004034562146826737 0.006108244902290227 3.6564981531351517
