0 0.5905486373342979 1.1159407144164577 0.36899128528673697 0
5 0.814890308383855 0.49536201671763624 0.02463161563030236 2.2647530244276903
10 0.953903447319524 0.10600772276225578 0.005260991019974792 1.7599728228312634
15 0.9680309093199313 0.08894699340531753 0.027677998322440667 1.6921512265516025
20 0.9699410420254504 0.0900575751868038 0.012702164728493948 1.6862298034655012
25 0.970788464646283 0.09028178557344813 0.026624537722460317 1.6843829691346386
30 0.9714868128205509 0.0891740181077938 0.024268932472419458 1.6828631264174525
35 0.9717883952964532 0.08866637965517254 0.027245849666042155 1.6818052374392771
40 0.9716303109776268 0.08838932127026466 0.016483664660910557 1.6810303501568717
45 0.9725124301026193 0.0863328292013319 0.021405757301585338 1.6801342002318043
50 0.972616517598978 0.08590725452312675 0.013083143335834269 1.6792117430874116
55 0.9730584882839767 0.08445911650355642 0.02413035678792097 1.6785616088919264
60 0.9730302626666711 0.084726598465108 0.011584156637005183 1.6777215743604494
65 0.9733993140407147 0.08309854771464997 0.017159365212527478 1.6770566090075871
70 0.9736382482980159 0.0823896493063574 0.017747101393893905 1.6763657929037168
75 0.9739850312675209 0.08152349561964578 0.019951212143641595 1.6758613013793662
80 0.9742947346259362 0.0804861879523946 0.011743552623347142 1.6752366982976765
85 0.974513674202752 0.07977395972578583 0.01690743945885176 1.674498355512648
90 0.9747533818838942 0.07901735724231762 0.005334702928363466 1.674044583408872
95 0.9741743807109156 0.08063322949797236 0.019338275873002075 1.6732192990756036
100 0.9744308543837508 0.07498746012069413 0.00983013433679325 1.7045182740370826
105 0.9734054412791715 0.06922790720417549 0.019350267549953504 1.699117437487666
110 0.9731235235091767 0.0680718435489358 0.036480473608580644 1.6976465386273139
115 0.973318046119251 0.06641510838412024 0.0023183258094872095 1.6964428019218771
120 0.9735948782909292 0.06533794514453395 0.017157614681813982 1.6954407136362226
125 0.9739659968594008 0.06436610332868375 0.04164647875358085 1.694183527996255
130 0.9739989220772277 0.06397053652720608 0.051264134388001814 1.6931490793008883
135 0.9747547577477407 0.06238513022332781 0.07328153318936126 1.6916923719982042
140 0.9755772362041601 0.06003442921362412 0.014787520680119126 1.6902465446929387
145 0.9759577642995957 0.05870359569976813 0.030914488976133025 1.688842693503039
150 0.9767787037651576 0.05711814181750663 0.041678973076124226 1.6871377472992304
155 0.9775366846862505 0.05470394949182089 0.006138145925716376 1.6852669451868032
160 0.9783194528884371 0.05255833050632641 0.015125625416350541 1.6834753697768843
165 0.9791154950950145 0.05044212660626646 0.04210156298704626 1.6811777959217544
170 0.9801548832549593 0.04821299640811949 0.022455506794515134 1.6787671823792436
175 0.9809462459928213 0.04558988379710738 0.006351019610907782 1.6761291778207315
180 0.9823637244302956 0.042440238676603625 0.005540702543099796 1.673422775502246
185 0.9834244074900711 0.039959056446073005 0.015460489575269243 1.6704546338530184
190 0.9831019709061717 0.039953151022418254 0.021985037756941717 1.6676766549963065
195 0.985809122639308 0.03442039377697359 0.02054235468291843 1.6642013095196457
200 0.9873333791875408 0.029591061383447137 0.019782612025604607 1.6612764719647786
205 0.9884988667704033 0.026551914410196664 0.0011846057093964912 1.658276844215698
210 0.9889221152234292 0.025461856463782295 0.020502636226527926 1.6555663125480344
215 0.990980194039188 0.020812166331445336 0.01829502557974272 1.6528133967253096
220 0.9920224136176472 0.018143950543179077 0.02540988437307634 1.6505265795706094
225 0.9929549842892728 0.01610263311085891 0.003548163890292333 1.648273593974772
230 0.9937924812589843 0.013898936158611486 0.004999958281241668 1.6466095899467654
235 0.9938643992477398 0.01385366137720423 0.0015841875401063632 1.6449606847075122
240 0.9950143062464588 0.011567715887044638 0.009884016484672298 1.6432638033049103
245 0.9951830705366059 0.010825187228092892 0.008836122162719118 1.6426587158954213
250 0.9948085995045136 0.012351119943200262 0.012393982184019103 1.6417238662427138
255 0.9962183777655658 0.00836169170061174 0.006270967992803245 1.6405701284831335
260 0.9964500941900194 0.007890825569807136 0.005598903806842914 1.6403023340320113
265 0.9960449490522902 0.009615958994987794 0.0042966326374296315 1.6389238867074138
270 0.9973187633569054 0.0057974471821851115 0.0005264846477974761 1.6391623483082036
275 0.9974765110102146 0.005467164891089338 0.0044583218890124066 1.6387920708734967
280 0.9972486433303391 0.006986587650206655 0.0046356588052089975 1.6384394585680468
285 0.9976890323045469 0.005147466904111608 0.000790028804416476 1.6380126760537776
290 0.9980576214671486 0.004348211517005929 0.005109601900982863 1.637930242648742
295 0.9980510562724717 0.004311392440319306 0.00044748478211076304 1.6374826118122459
300 0.9975549112635171 0.006872029416809422 0.0040778148125439895 1.6370479436211947
305 0.9983889461820998 0.003503616730363701 0.001069556453324516 1.637236741624284
310 0.998008859026557 0.00492002156112048 0.005464007019162942 1.6372439023057632
315 0.9984844709516365 0.003403199919158828 8.873305756917915e-05 1.6371403348147324
320 0.998455110623875 0.003537736130513114 0.0009882819462594394 1.636498906638276
325 0.9980427227080348 0.005114602117693323 0.0025025054053209317 1.637162543316989
330 0.998624267013092 0.003061208467910692 0.0043859882708801035 1.6368048896638154
335 0.9976091173869003 0.006795427467405357 0.0007891774083375047 1.6367269081247133
340 0.9964626958044674 0.011101049221660775 0.019378461592534313 1.63631579579363
345 0.9983611781880217 0.004614470599862086 0.0030960545004201645 1.635985450038831
350 0.9981508893433308 0.005073440148483543 0.004620342483152573 1.635693817256099
355 0.9981243585074623 0.005247808555485678 0.01756537613868825 1.6361219354179186
360 0.9982459338354748 0.004884380034091418 0.006738876532009996 1.6362559437211244
365 0.9990598491955631 0.0020297661829467017 0.0027401549696708383 1.6360921575242677
370 0.9983294869812249 0.004672771885438465 0.0020730980154564094 1.6360166576195048
375 0.9985501494896283 0.003909355936706493 0.004624920226385498 1.636257781462441
380 0.9973435982755647 0.009032153370912566 0.002358170162515272 1.635751265136071
385 0.9984739152635731 0.004632553726294786 0.0006583042872083666 1.6360126978445684
390 0.9980959350358378 0.00573122479757493 0.00039298762798756215 1.635892816637626
395 0.9991866519031192 0.0017793572473818742 0.0009923094824919598 1.6358629409576944
400 0.9991236837440416 0.0021541479919973128 0.0017498340905470755 1.635224709347503
405 0.9988036652747838 0.0032337937460917843 0.0019388165191975837 1.6355528298548918
410 0.9991702191503071 0.0019855035668965293 0.001150292735863534 1.6356178889414628
415 0.9991747834034422 0.001897345489199953 0.0008596516949834765 1.6350452866564043
420 0.9991538466223946 0.002160866601970568 0.0026491524833853752 1.6356809159396746
425 0.9992957307728165 0.0015651006035206638 0.0002598937614859409 1.635225581520142
430 0.9989743337703382 0.0027330384593293733 0.0006971253373566633 1.6350217245687202
435 0.9992720730095002 0.0016989688497175415 0.0007674278071001517 1.6351138065479764
440 0.9986663247044377 0.003937242435039234 0.004548546784658214 1.6352766240896814
445 0.9983506441946886 0.005460437327783341 0.006093687111987656 1.6348801915378104
450 0.9989962906931569 0.0027241029371822822 0.00212914328338476 1.6349208247960445
455 0.999309632177869 0.001572708348788865 0.006805267678147597 1.6352259734143266
460 0.9993342249420776 0.0015913616705920397 0.0018684903906924788 1.6348449709171893
465 0.9993861555049839 0.0013767817445113906 0.0023546509955907347 1.635506936905477
470 0.9992399218469517 0.0020206412536980523 0.004380501912113477 1.6347905088234915
475 0.9985905926599143 0.0046325109402647335 0.002697186942012264 1.6350083557421013
480 0.9992982403466057 0.001823844729829105 0.0012114118290171838 1.6344871483337835
485 0.9990100496763165 0.0028201534933376404 0.0019656668171768032 1.6348788046511051
490 0.9991126118691956 0.0024364163974552877 0.0004853513113900476 1.6346921874726545
495 0.9992589542577471 0.0019131268413170588 0.00016325641290215742 1.6348197704042744
500 0.9993980250602654 0.0014382826266554627 0.0027125073880267525 1.634667447700043
505 0.9993869246623838 0.0014435710917846123 0.0013208207336932176 1.6343255283158284
510 0.9994554628960931 0.0012368256814703216 0.0022354859919553327 1.634567068468716
515 0.9986418036857202 0.004488899377038003 0.007060996323517088 1.6352263727170393
520 0.9978289381469833 0.0073970411684511905 0.0036481083133645953 1.6344652607486596
525 0.9989435883583812 0.0034002274401141452 0.00437934153537034 1.6343028319814428
530 0.9980428260239445 0.006922943632724943 0.009522201101022976 1.6347587575198375
535 0.999050930281167 0.0027965073936910834 0.019465694154283675 1.6344172509821862
540 0.999464346293455 0.0013119982731912838 0.0007866972422185814 1.6344726053689962
545 0.9994965559068626 0.0011413622554414804 0.0003946542283397303 1.6350061170112207
550 0.9994820899075462 0.0012627438851791073 0.003720906602284302 1.6344540582396374
555 0.9993658891955207 0.001654030016412733 0.002912432973571688 1.6347426652594839
560 0.9994842752185114 0.0012334204201587262 1.9873568037676037e-05 1.6345934970809426
565 0.9979741320632596 0.007276527618777839 0.0030217010496753627 1.6341791936062122
570 0.9993202443473228 0.0018333954046092504 0.002063095796068115 1.6340287094393855
575 0.9995303829886588 0.0010914064066918083 0.0011729839679335274 1.634345784095984
580 0.9986458666293315 0.004685131573853196 0.0005321306450363217 1.63382078844823
585 0.9988803379895034 0.003541107942107935 0.00011533407101604887 1.6344647682609013
590 0.9992903886286786 0.00200188874017293 0.00035382305763809185 1.6346430620162264
595 0.9993853917999295 0.0017303207685128719 8.050487376598525e-05 1.6342787076284235
600 0.9993170081528526 0.0020053015373293626 0.002347371080829941 1.6349403776201468
605 0.999553251867771 0.0010626254312620098 0.0013519839143225632 1.6341195015821475
610 0.9994457751255219 0.0015066305939495095 0.0014337219897073705 1.6346200407939424
615 0.999570446806093 0.0010121237486575563 0.0028865303254079766 1.634349731542604
620 0.9995657521432704 0.0010306461805462686 0.0006069475347698639 1.6341334951639248
625 0.9994823584038907 0.0013942124361006059 0.00030640408506843464 1.6341638451224747
630 0.9992125878880012 0.002349053071953211 0.0007798129991813951 1.6340456538041275
635 0.999357787540192 0.0019078661091511684 0.010761995205130326 1.6341906904942654
640 0.9995560761976348 0.0010862263825031082 0.0014456851011885874 1.6342636470640985
645 0.9996139200180922 0.0008695129131379709 0.00010671573145204505 1.6341198169664852
650 0.9989059149120469 0.0037380437435234892 0.013320029553443247 1.6339012946532305
655 0.9992410166290251 0.002384164096761676 0.004908676560021918 1.6343607165148086
660 0.9964386292580135 0.01314590538742011 0.0017263931062214688 1.6339894521813554
665 0.9996031569896706 0.0009173747003048405 5.8012466240375815e-05 1.6341033380518555
670 0.9995338171591307 0.001253725937162553 0.0043539735248931954 1.6344244823140348
675 0.9995797188967824 0.001039083254714468 0.0011670074704097644 1.6345769962437007
680 0.9992957697339129 0.002159208431437243 0.00849199638999143 1.634224410474235
685 0.9993144198631649 0.0021470837863610814 0.0005668435129175808 1.6343788286546888
690 0.9991132094158699 0.0029605110294539383 0.0014514026913050593 1.634338463267792
695 0.9996178091144252 0.0008914557828156866 0.00048812897422734203 1.6343248771856582
700 0.9988298678395254 0.004068755196950269 0.0036138672481884626 1.6341712933883938
705 0.9996188337055977 0.0009339631128346682 0.0007594015055252257 1.6337268237969238
710 0.9989602703265248 0.003584739284284044 0.0017286739894308845 1.633789091275423
715 0.9996555323036351 0.0007776197320594758 0.0020640378765497402 1.6340271459695228
720 0.9996001652969753 0.0010032673888313859 0.0016718690478658704 1.6338914294835798
725 0.9989674845323759 0.003565066371519432 0.004432624696836918 1.6337164731730556
730 0.999647080765607 0.0008076702591899299 0.0006452229886195759 1.634269791522531
735 0.9995588988813888 0.0011743196654152577 0.0006559393357818966 1.6344193422943116
740 0.9996088087379539 0.0010078795324477419 0.00031638898974306606 1.6341327750641321
745 0.9990514377450843 0.0031075951680676894 0.0013292797905659626 1.6338396650494749
750 0.9982328216546554 0.006502702057258336 0.011870249146116896 1.6341034620702137
755 0.9991236397379039 0.0028522810214337557 0.004305894932805199 1.633633170946379
760 0.9996625767637665 0.0007876857120410197 0.000992159755345945 1.634219659022193
765 0.9995422218517118 0.0013081156148799788 0.00191266219149977 1.6340891924070078
770 0.9996750515558063 0.0007456666570559989 0.0009179792065385772 1.6340869273122278
775 0.9994671856321347 0.0015391462360851982 0.001195416437971497 1.633977243387393
780 0.9990302498828387 0.0033848957665434387 0.004113875102131681 1.6340727728493656
785 0.9992766467638329 0.0022748427719534448 0.0006297260580472308 1.634034873386754
790 0.9983737115341738 0.006006461644730621 0.006563317731984597 1.6338809991273369
795 0.9996654591978389 0.000813564405933942 0.002634748515367491 1.634076459925953
800 0.9996711270641971 0.000797943738673812 0.0006634210537221907 1.6336389760754317
805 0.999660828643375 0.0008409003964524597 0.0008399435095904906 1.6339803670625452
810 0.9995960320945477 0.0010884410486986518 0.00334695929412665 1.633852704195677
815 0.999596818550168 0.0010667009505465064 0.0010201181352034183 1.6336090778528365
820 0.9992414440746085 0.0024258274535904345 0.002778201260879687 1.6340063751180909
825 0.9988975138687605 0.0037778107708763553 0.0012000347882448192 1.6334991897278202
830 0.9994808751564691 0.0015360729338451673 0.0004007446907696721 1.6340735762262946
835 0.9994840239094482 0.0015046152245616895 0.0018264744382514575 1.6341246045411355
840 0.9992975600800142 0.0023336690915947145 0.003639997386302607 1.633812360819441
845 0.9996352453079178 0.0009844390924000912 0.0004318763196087261 1.6336623054910704
850 0.9995751862566709 0.0012234681793374946 0.0013799649667181058 1.6340672941223984
855 0.9990265152868623 0.003404055957527241 0.004734919288889472 1.6339122321046702
860 0.9993604366718083 0.001998856346308253 3.6082482218979806e-05 1.6338140176192832
865 0.9996495240738643 0.0009352266790507713 0.0009186516067449801 1.6339917349902635
870 0.9996000024334268 0.0011413721414847977 0.003493561107507537 1.633434885426511
875 0.99954643298296 0.0013580560682289189 0.0006613117927178891 1.6336654419718264
880 0.9996926866213858 0.0007422439774917855 0.0004441904141363473 1.6340253428351428
885 0.9994815656379146 0.0016067520950187042 0.0021699565227337736 1.6336276560091603
890 0.9997296615889901 0.0006100188133686402 7.924729438357758e-05 1.6337382083055902
895 0.999697555655954 0.0007508263425164419 0.0011783037598069868 1.6336484870603585
900 0.9996189233782693 0.0010782741099397697 0.00169403641938759 1.6335657652302122
905 0.9989400719331356 0.0036641435416757684 0.005322465054319547 1.633581635374573
910 0.9997307342737789 0.0006201270410630677 0.0010318270188065526 1.6335417146647613
915 0.9996631469925651 0.0008598778359614201 0.002618533135651857 1.6336973777793022
920 0.9995779794818085 0.0012023783161771995 0.0025724246913640947 1.6338399806050492
925 0.9995062403917025 0.0015565407295057287 4.237524190475739e-05 1.633535803176133
930 0.999645127131373 0.0009905035081838598 0.0005334550696298734 1.6339671607818889
935 0.9978660377306694 0.007874015816945912 0.01730739475384957 1.633418626026162
940 0.9996386609832733 0.001008181661560359 0.0006181675059298009 1.6337169499345732
945 0.9997296502763062 0.0006488755834914706 0.0009711358311619289 1.633884672867849
950 0.9995269901324673 0.0014197459847902216 0.0027039660865804116 1.6335168511452383
955 0.9994709571000183 0.0016294596583028564 0.0012409728326194802 1.6338364878726515
960 0.9995695756907107 0.0012954790734156507 0.002888917400709623 1.633246155936026
965 0.9994283986667258 0.001789590758952686 0.0006988309133943993 1.6334629385180819
970 0.9996712828565817 0.0008935388124378107 0.0015518245896934957 1.633474523810471
975 0.9996647116319347 0.0008975689665773334 0.001045047359833573 1.6336078171665234
980 0.9993303468373008 0.002185647799486601 0.0016908178284413822 1.6336389431097191
985 0.9988888154335103 0.004061355722242199 0.0054901828646731765 1.6335954621942028
990 0.9996959699064474 0.000785695369376116 8.832712606987592e-05 1.6337726633388412
995 0.999695775256372 0.0008063421728692344 8.396564452173294e-05 1.633642403367221
1000 0.9995300788264447 0.0014730656130346187 0.0016501336505552189 1.6336833438557465
