0 0.5781145110409718 1.163459128837255 0.27987887564899294 0
5 0.8044022349106638 0.5351963968880291 0.11512794307537066 2.3036931732112413
10 0.9388166891781258 0.14086378295683355 0.005668735111189704 1.828024176375822
15 0.9675693273236318 0.08960904596005026 0.00529861105398699 1.6927190916398691
20 0.9705621963831519 0.08808852260121336 0.014510489241739144 1.685348724594911
25 0.9715926138803296 0.08818678579886163 0.01904220598937756 1.6830750451785637
30 0.9719070434340575 0.0875531512281773 0.019487852718124143 1.6816254220467652
35 0.9724825283263336 0.08631564421174387 0.030685993570447545 1.680572566664333
40 0.9728061139500487 0.08559467809587962 0.01573782271500246 1.679584578439638
45 0.9728305219092817 0.0852149297295206 0.020058679772633647 1.6788125675814825
50 0.9733527568599059 0.08357942980410193 0.022155085158943155 1.6779906646278766
55 0.9735609545478272 0.0829086747648411 0.020432413672679228 1.6771772382084849
60 0.9735622450600333 0.08287305871280148 0.0213693265809467 1.676467998771055
65 0.974072720271746 0.08126804374142105 0.019760796416181226 1.6756395022783337
70 0.9727592033023027 0.08533556672216669 0.028291283835438108 1.6750164272434835
75 0.9743214535335744 0.0806679477592509 0.009968318237411733 1.6744720354659341
80 0.9748224778716887 0.0788859231874004 0.007738641050653694 1.6737472339851334
85 0.9750235307170364 0.07812777473931787 0.012508467092778641 1.6730533962426586
90 0.9752976097048227 0.07738972937664812 0.020489463799509444 1.6725392196426798
95 0.9755538267994078 0.07665704347318858 0.017083079058435757 1.6718922894812946
100 0.9754005935624479 0.07225760153475669 0.047304535119758295 1.702874684242755
105 0.9741565209159848 0.0673716762591774 0.047912653281984685 1.6972207370343873
110 0.9739809407268384 0.06548182675409531 0.01799014476602201 1.695599452609768
115 0.9742178307907476 0.06412123391148006 0.029718060540423252 1.6943104805411817
120 0.973919772375198 0.06450638197927283 0.02941039808038881 1.6928708664815557
125 0.975057064467201 0.06142606692651231 0.009246318627450734 1.6917497669159796
130 0.9755197545016667 0.06006030352400704 0.05759376700994845 1.689989241355223
135 0.976337090432156 0.058200009505411376 0.018897336658923347 1.6884688435075292
140 0.9770081282676968 0.05622849054893431 0.04232949404442077 1.6866034671998233
145 0.977305109390183 0.05507955863957803 0.04087962984559712 1.6846740304369099
150 0.9784377306567842 0.05218553892001365 0.01609318813447591 1.6825715492228028
155 0.979151976544537 0.05027560390759733 0.04531110163854146 1.6801784519561267
160 0.9805004290237906 0.046787473755134146 0.03368826479981801 1.6775813112646483
165 0.9816647220433007 0.04398788794248176 0.04119675126718847 1.6746060762710877
170 0.9828721109953814 0.04090383430609168 0.004871284641251528 1.6719750600396532
175 0.9842014322432739 0.03737314306042894 0.03023771171335987 1.6687294487870943
180 0.9855465022667692 0.03389638192265809 0.01902553558602893 1.665466600503672
185 0.9868546888410026 0.03048250423315313 0.014076811662160127 1.6622600072974967
190 0.987766325587654 0.02824319485297422 0.0008714740165700618 1.6587288574259185
195 0.9894954118865136 0.02397685219000345 0.009896259015446551 1.6555285260716637
200 0.9908433237489636 0.02080174737903695 0.012307203197932104 1.6527319220759997
205 0.992078535281003 0.017874425967995045 0.00214881416965218 1.649949660080504
210 0.9928859108658439 0.01628801933063495 0.016530033993162885 1.6477166811746449
215 0.9940391214291429 0.013239989114838258 0.006765066274750486 1.6457536820069472
220 0.994572915649276 0.012501280324788366 0.014978317874668967 1.6441547878352842
225 0.995388670125037 0.009997733075035153 0.003061374256980054 1.6426674718166978
230 0.9960011881949296 0.008626159562039826 0.009518380009905458 1.6413792874958673
235 0.996146852382074 0.008932979409005837 0.005275377805113779 1.6402509549109197
240 0.9968425036266171 0.006788461594041895 0.0018403014611245716 1.6395523865551338
245 0.9971497002028424 0.006148420057654258 0.0064602773320037166 1.6392403356546776
250 0.9971468863668301 0.006763922787446974 0.0007266091429194432 1.6383916927077964
255 0.9976679362886399 0.004965641486095018 0.0034026985336097493 1.6378138486906366
260 0.9978631974711891 0.004661726367957586 1.919980588072079e-05 1.6373730339548969
265 0.9980225105218037 0.00428389341020341 0.0002855112060362597 1.637439543498312
270 0.9976327239998474 0.006125310789782956 0.001599565806281289 1.6372788450650302
275 0.998071480670432 0.004423340018112176 0.0059788629435146845 1.6369143782594335
280 0.9975829778448764 0.006715332725366174 0.002527005203270427 1.6366585536286606
285 0.9984079592044297 0.0037286150577338084 0.008435294999313836 1.636534933951269
290 0.9986425505075325 0.0029343051240200424 0.013212216055035642 1.6360023788383984
295 0.9981844215943421 0.004866056695447263 0.006983095031377395 1.6363188479389974
300 0.9986343722480658 0.0031124338645174277 0.0010685978535371898 1.6361647716290546
305 0.9988467254525726 0.002463816352288317 0.0009442215263273379 1.635777249756953
310 0.9986984213322374 0.003062242030514861 0.0004640323951061731 1.6355567455981994
315 0.9989086600676247 0.002443835466270139 0.0018478147108980103 1.6355832785942754
320 0.9974825476294098 0.008103548222171186 0.0017294207873292944 1.635200903317665
325 0.9988058783729759 0.0028764455633067953 0.0018050645103151464 1.6352770576669826
330 0.9988946261350785 0.002639907289997412 0.0012872646615862404 1.6356045906086514
335 0.9986338445911507 0.003633004851301358 0.0007256824247663385 1.6355364662509186
340 0.9991346702039829 0.0018739363859148206 0.0030221380636366035 1.635593918860669
345 0.9991579474603262 0.0018630848044076664 0.00066556237669535 1.6355520457546395
350 0.9991917833677777 0.001754839453048218 0.0010950813358423517 1.6350753792022688
355 0.9985648944770859 0.0042921214905469185 0.0018985456354845276 1.6350416899858522
360 0.9991292813360895 0.002094338997691292 0.0013573696000854785 1.6350521370363231
365 0.9978317666892931 0.007284202958856678 0.0027503899645460184 1.63466271376123
370 0.9991793950436437 0.001984751803277618 0.001065972018233552 1.634730546416019
375 0.9974763209985651 0.00833661589184076 0.001890250170949459 1.6350326182058916
380 0.9986396650851315 0.003999023958522585 0.006330813217577669 1.6352197200926704
385 0.9986187277072707 0.004099642117784796 0.00462363826337131 1.635080155090435
390 0.998948217069684 0.0030617252395901406 0.005307323144877696 1.6349817059929534
395 0.99869680748696 0.0038710399532702056 0.007464152436652993 1.6348954188551639
400 0.9993706661408868 0.0013964745317494032 0.001404277116175745 1.6345808891069067
405 0.9991302535445475 0.0023994533468028045 0.0028188156880797344 1.634810593525084
410 0.999371962544076 0.0014430495495973972 0.00022934156855280996 1.6347607179974561
415 0.9993002071603707 0.0016949301545081674 0.000178068433010381 1.6347570824154751
420 0.9994017408706379 0.0013677249019119486 0.00014588627341116656 1.6349850957997867
425 0.9993498421032481 0.0015593262744624248 0.003069277912836288 1.63417617253505
430 0.9993620266787784 0.001597368582275216 0.0040453876365114105 1.6346355735638505
435 0.9993974487248853 0.0014486569396203741 0.004622265592273855 1.6349856940567224
440 0.9991462378844581 0.0023461073807047317 0.0008048788251993066 1.6350069617241794
445 0.9992097788497212 0.0022516468254467625 0.002190096096928551 1.6347452159170228
450 0.9994649104528708 0.001202103280682154 0.00042265643313399437 1.634190050740234
455 0.9994886429007582 0.0011279204849463653 0.0029888015982464378 1.6344650969258516
460 0.9994102927573347 0.0014793574268801013 0.0012780484652969992 1.6346806203695345
465 0.999506898279144 0.0011040679148028865 0.0024545003548168687 1.6345124918792249
470 0.9993672968463609 0.001697176350966334 0.0008919579452031368 1.6343438724366752
475 0.9990287869546934 0.003060105380781941 0.006361759909325304 1.6344920929488629
480 0.9993458322046559 0.001802827238781557 0.0005703319447836197 1.6341900958421351
485 0.9985405126972868 0.004981327493744914 0.0018956992931391525 1.6344239562020002
490 0.9995398216314004 0.00101353753371769 0.0011921229654174859 1.634250949471354
495 0.9995174381107745 0.0011085091872859998 0.0001478197476039167 1.6345715374138143
500 0.9987322022692213 0.004102441240275256 0.00340677366600306 1.6342760212646508
505 0.9995277540168203 0.0011120422655228612 0.0030437180400675334 1.6339672763050805
510 0.999416943510135 0.0015106864475862292 0.002307107522804497 1.6347936871719133
515 0.9995137800777922 0.0011446782507120723 0.0021870110582609126 1.634350249512529
520 0.9995280632346082 0.0011154705472504745 0.0001296696020436361 1.6342531324803706
525 0.9993374807146413 0.001840203376349825 0.0009639867169901617 1.6343854278216887
530 0.9994440709108435 0.0015039382100099363 0.0028720480843518192 1.634240556205857
535 0.9994668358304456 0.0014046327010575066 0.0032618596694025115 1.63440268864567
540 0.9972269075994386 0.010004089937219796 0.0006990812421634462 1.6342014676194248
545 0.9995661766478873 0.0010321234234904608 0.0005288977189059629 1.63410832287962
550 0.9990948611781683 0.0028047595998299535 0.004856040903147729 1.6344953905035482
555 0.9995722390212616 0.0009864138255160082 0.0018506723168911776 1.6344730236529876
560 0.9995543425298993 0.0010742264757981346 0.0006478165408660974 1.6341243730785382
565 0.9995648991430723 0.0010544204347826547 0.0021197630663936096 1.6335390536991523
570 0.9992886838481008 0.002166536273059183 0.001056779697722554 1.6339536006577637
575 0.9994441574247418 0.001502924925116833 0.0020161622430854287 1.6338520992181578
580 0.9995636628786988 0.0011108555673824405 0.00017479588827340464 1.633900182419161
585 0.9996058478973717 0.0009260493452178942 0.001672385715793201 1.6343342396138452
590 0.9984650371756916 0.005532928801182946 0.0014733632172867495 1.6337262265757793
595 0.9993329236630564 0.001954490037075818 0.006944415578070018 1.6339707263763594
600 0.9996125883824092 0.0009038068944779987 0.000864565723945443 1.634465103085547
605 0.9995982156205876 0.0009534644718238727 0.001400735023915356 1.6339704414797505
610 0.9994809934526375 0.0013975478939698416 0.002086279228869836 1.634207632449571
615 0.9992573956467334 0.002356373137374135 0.001510772373635172 1.6339048643024396
620 0.9996371948002178 0.0008189608366366841 0.0008356581692545717 1.6339220523473696
625 0.9995330494319143 0.0012700589372349746 0.002728794351308128 1.633856370654597
630 0.9989517414695486 0.003601594619429438 0.004788442892304179 1.633949947001444
635 0.9991585491953672 0.002778011106344014 0.0005517688242788754 1.63379415985129
640 0.9990747644982825 0.003128437394627648 0.007280964842695248 1.6342307657116502
645 0.999614463214276 0.0009656822525814235 0.001800469815763872 1.6340508301652976
650 0.9993454431377711 0.0019590074985109673 0.002110850207366788 1.6342356638523332
655 0.9996286415227097 0.0009026733677768295 0.0002523114659163106 1.6336572146443415
660 0.9995338689366097 0.0012492524339453581 0.0010426346652918639 1.634394775929273
665 0.9996588439986644 0.0007927477655349513 0.001012445639915427 1.6340400462086486
670 0.9995130236075357 0.001346703424450535 0.0014758324815415946 1.6334987594215866
675 0.9996017817649118 0.0010031305296787085 0.0001642414826910077 1.6339787041947815
680 0.9996464562208306 0.0008673373274201701 0.000630048797350069 1.6338681335916274
685 0.9996231876828678 0.0009253355754430537 0.0011422898881652266 1.633923938716489
690 0.9995638552987401 0.0011657568619753977 0.00010660176984500502 1.6339951511379827
695 0.9996708937822365 0.0007634474869981922 0.005729546461262336 1.6342192718191078
700 0.9995922683492184 0.001095240526272967 0.0015637410952069608 1.6338345017373235
705 0.9995459559018693 0.0012739601749169882 0.0003488449033928198 1.6339526833438183
710 0.999286304836488 0.002328509180088645 0.005873567670945157 1.634229450975966
715 0.9994950124988755 0.0015092503719795758 0.0009213130089327226 1.6337069856088502
720 0.9995979485284262 0.0010495878044807228 0.002621039048143592 1.633908208244455
725 0.9994241333841478 0.0018080902368513563 0.004982418577664349 1.633952945747806
730 0.9996356831030561 0.0009216580755131432 0.001980518611483184 1.633898410493311
735 0.9994398861516892 0.001743288535479337 0.002640919951506504 1.6340230889387433
740 0.9990131324833031 0.003447569809283735 0.007761441424231741 1.633751351670879
745 0.999600609411359 0.0010673958758371516 0.0012460671600171835 1.6335052454005565
750 0.9993898616050496 0.0019608919545819337 0.0016888129205678837 1.6338420776596334
755 0.999399574310766 0.0019266138026514668 0.001230588365103813 1.6336278850883375
760 0.9996833121931837 0.0007655100210897103 0.0018704965879827729 1.6338164407096767
765 0.9996582721674567 0.0008549977156668831 0.0024391323709713753 1.6339538217892688
770 0.999277703346711 0.0023203692915763074 0.0028439459105098486 1.6339154999961136
775 0.9991704634967784 0.0027409397910258537 0.002870920650921649 1.6340358622641424
780 0.9990247612076084 0.0034277080283167116 0.0037047789949784526 1.6333176999331434
785 0.9996488983563072 0.0008913490623840836 2.7459785876926546e-05 1.6336196514134462
790 0.9994917647947525 0.001581102426162495 7.806586438263707e-05 1.634119544710522
795 0.9990950323464813 0.0030492668323200967 0.001627064257043287 1.633565596663947
800 0.9996828044337859 0.000777030620474406 0.0005262956577887223 1.6334717742551177
805 0.9997251672719731 0.0006203267955475766 0.0004524928119642446 1.6337021425232918
810 0.999349510907279 0.00217554401658826 0.002824094597126736 1.6334004655164578
815 0.99917361901113 0.0027640371450561307 0.004116488286622477 1.6334721167536281
820 0.9996749972478787 0.0008441274689245937 0.001988573411924488 1.633921924618952
825 0.9995284098598524 0.0013929702193060667 0.002804901367548407 1.6335058652490997
830 0.9991525314208287 0.002965089377235719 0.00365479662270074 1.6334639899100727
835 0.9996694482364479 0.0008841001278439009 0.0029350712835283232 1.6335892043885363
840 0.99952961409324 0.001433687148077567 0.0024263712663885606 1.633728257715726
845 0.9994750376875874 0.0015956744722585015 0.006144312207729152 1.6340221080902442
850 0.99969483720596 0.0007798732466228753 0.0005062590939826084 1.6333803893278338
855 0.9994813323759733 0.0015811873288700262 0.00797577749563505 1.633545360464676
860 0.9997450642006346 0.0005716607833936571 0.0002137422783123899 1.6334942685423117
865 0.9994672985413582 0.0016360305747846748 0.0032750306714917077 1.6336338839815503
870 0.9997303505844435 0.0006397066701144816 0.0006597099560305963 1.6338475184153127
875 0.9987803763848477 0.004324942715327573 0.0006353921450787947 1.6335069366137618
880 0.9985372832036825 0.005415106891991872 0.00248923833458381 1.633626710482253
885 0.9996090019492179 0.001094404825084272 0.0012597522455231047 1.6333850364271694
890 0.9988196192007028 0.004180713354745347 0.0007541538954598526 1.6333248856241513
895 0.9995281520435586 0.0014880601487381462 0.0005073818481706738 1.6332749307842749
900 0.9995607895290519 0.0013438953315985103 0.006762677428659991 1.6337479494119906
905 0.9994223914401545 0.0018908916688054056 0.0007713188968863083 1.6336324729102971
910 0.9996796439013674 0.0008400658643956671 0.001551255923282202 1.6337441329781126
915 0.999741599410946 0.0006063009836148048 0.0014318686316936446 1.6335991395403693
920 0.9994304833197551 0.0018180485896102105 0.004394997856762561 1.633293138453085
925 0.9995321701763051 0.0014756030071003678 0.0026231956001336876 1.6333568838388985
930 0.9991415350297451 0.002939545097711882 0.001816383700134594 1.6334982663117543
935 0.9993770421076812 0.0020240667799287237 0.0052657268658278245 1.633550345929036
940 0.9983473481390139 0.006221136755582002 0.005633606168130356 1.6333977245073714
945 0.9996930070200138 0.0008351805621025221 0.0003526789208354586 1.6333234346857213
950 0.999713941999473 0.0007275038567300385 0.002366862687459337 1.6334569659202662
955 0.9994697358281566 0.0017360640261072646 9.508145092351761e-05 1.632911009100289
960 0.9996362719774237 0.0010690135783331112 0.0006809180111360114 1.6333504338466363
965 0.9981832701734006 0.006895914369032363 0.006029805055521198 1.633214848826583
970 0.9993117023959497 0.002294535085312077 0.001693327062542993 1.6335758952153807
975 0.9987058694640254 0.004672743352745812 0.009242919753867485 1.632987840391692
980 0.9971792003262493 0.010652405081611693 0.00845532742952737 1.6333737344283668
985 0.9997381856439898 0.0006608618311101377 0.0004527956484836615 1.6334062535312888
990 0.9997112502992336 0.0007516599758605746 0.0014217073747984088 1.6335203096170556
995 0.9995407114008192 0.001469156630783397 0.0023134417989740808 1.633726591780151
1000 0.9994575287474208 0.0017962474546926455 0.0026248741769698825 1.6334376314596322
