0 0.5956918360977577 1.092118741795442 0.27448541340292076 0
5 0.7976497964266334 0.5604322474529395 0.06170167098860846 2.3328304287322523
10 0.9347183642862592 0.15285247065476892 0.009471310779542774 1.851137119741213
15 0.9665032550952325 0.08936628491882437 0.008519821542561035 1.6974468712843782
20 0.9697035160594476 0.08869816001701847 0.023690562357032263 1.6869404351203783
25 0.9708173065109876 0.08910312411319565 0.01831103779413712 1.6844745874099487
30 0.9714587254946702 0.08852809202161271 0.02351644093295624 1.6828379443135904
35 0.9717974221152312 0.08810021908881938 0.01916580214625263 1.6818150478051488
40 0.972179906375571 0.0874898274859508 0.011892408691778211 1.6808329079662903
45 0.9725374293307215 0.0861386726211264 0.024134003658077496 1.6800323008617335
50 0.9726981543375932 0.08517664047577034 0.01353913482742053 1.6793354390816153
55 0.9730690261329445 0.0844757307398647 0.01657725345798644 1.6783838254330332
60 0.9733120659560298 0.0836987256212105 0.012999321623012206 1.6778565984545977
65 0.9734339495618175 0.08299753530402598 0.015000468838202385 1.677165174513883
70 0.9737855531663524 0.08221078663808012 0.010069094894750386 1.67646758693101
75 0.9740379252235674 0.08138027748863275 0.02683792530291962 1.6758174549090177
80 0.9742048363081925 0.08065753165274714 0.009418956050305738 1.675260203729376
85 0.9744950759641082 0.07982575355715316 0.011158229275912479 1.6746080233542409
90 0.9744443983486231 0.08003111177878619 0.0007420128699211492 1.673982900288101
95 0.9746218181927693 0.07942345005304019 0.014648281054244316 1.673407932322577
100 0.9743162289114604 0.07531206029079618 0.040987518385398936 1.7047367781042948
105 0.9735420734231341 0.0692150446734443 0.019417031777893445 1.6989288155878168
110 0.9728065638979544 0.06876590937443483 0.04254052355611604 1.6973994185863754
115 0.9734333265765726 0.0661524785220724 0.0065958272611050806 1.696224692065611
120 0.973722194809729 0.06505712501204686 0.02105072266487884 1.6949653475270503
125 0.974209363242814 0.06353892135128003 0.019156647215408995 1.6937513117122887
130 0.9747832897151002 0.06229229513162715 0.03250384351001645 1.6923318920791204
135 0.9752381586086007 0.060536398557946125 0.04746536506067045 1.6906414255861437
140 0.9754736170096979 0.05987216466134915 0.04229721403786835 1.6889512771897983
145 0.9764564059153464 0.05729674155160547 0.04745860703935589 1.6870276634059669
150 0.9774525230707674 0.0549506622129452 0.030873997041353185 1.6851886456752474
155 0.978453807809663 0.052442687320881864 0.01717032988598266 1.6828921703037516
160 0.9790108908599506 0.05042423811232033 0.022656173731150586 1.680563090425563
165 0.9804452526428452 0.04717653133423849 0.0296154846753085 1.6779304252691474
170 0.9811618080292699 0.04485715525982337 0.03760995982048132 1.6751845155011147
175 0.9828311955130398 0.040907900194313784 0.02959853034068871 1.6720446628646501
180 0.9840828213634861 0.037527680484511494 0.04382049789618181 1.6690052840977214
185 0.9854857516151776 0.034306698584099404 0.0033366451966934108 1.6658485096699653
190 0.98642441883687 0.03286232182705007 0.011118895859512978 1.6624077286615375
195 0.9880469210467571 0.02771370505788484 0.00641346012651578 1.6591553635837648
200 0.9893535799942461 0.02490444282262949 0.005726764478262147 1.6563804300486573
205 0.9904341559218772 0.021905125633431055 0.018971337815624878 1.6536297020814854
210 0.9909597711065012 0.020629931307920346 0.01818448621076696 1.651184609189926
215 0.9924845436776915 0.01747630979462622 0.008114862886165142 1.6488711815279202
220 0.993335505369831 0.014963480268085805 0.014562186457040882 1.647461568016581
225 0.994146540403863 0.013199510438304696 0.0023420869985177895 1.6459338612772678
230 0.994726849571373 0.011747757017426474 0.007476321630415228 1.6438777816036099
235 0.9952227250375048 0.010884676193199772 0.005867390320447585 1.6430309318436724
240 0.9956266502870692 0.010145491574337528 0.000966185594788671 1.6419779699955257
245 0.9959573272978723 0.0097675875506118 0.003577893036972535 1.6413728641466088
250 0.996461549460502 0.0077614268465000524 0.009067280205268258 1.6407837663107754
255 0.996518552378467 0.007838353521420593 0.008135371620287879 1.6409146693676597
260 0.9961637140707746 0.009267519507919708 0.022692353618591454 1.639680850337877
265 0.9973155749668045 0.00596609226064726 0.0022719045857999554 1.6390088768833977
270 0.9974589664774117 0.005558896172478844 0.0018454736121806814 1.6386935132823424
275 0.99768483682366 0.005145700356760097 0.0069003770965268 1.638421008384794
280 0.9975977661759139 0.005822667899812339 0.0053007732554311016 1.6382539336765343
285 0.9976703238161198 0.005854158763173523 0.010227957160184875 1.6380684539592192
290 0.9979250560180404 0.004982437601410261 0.010167279198483259 1.6378901878625465
295 0.9969755915372256 0.009041844201531202 0.013648915420369168 1.637386406133431
300 0.9979425765422774 0.005235166580676021 0.004195927532549382 1.6370351672698396
305 0.9981038005870215 0.004438973671113677 0.0037668444272225265 1.6377696412673541
310 0.998095450487414 0.004860158721094576 0.0003719414385248143 1.6368100505070975
315 0.9985122608188408 0.003263368681540424 0.001126283392586469 1.6369722092044807
320 0.9985190722553801 0.0032833954716866565 0.004210676355003162 1.6368227370269446
325 0.9983843864377817 0.004046042105718239 0.0025126754228801396 1.6366684496096684
330 0.9986785654815806 0.002859490420626276 0.0015898805915759429 1.637004040514862
335 0.9966630516628306 0.011087003676397478 0.011434995027566064 1.6364902134105281
340 0.998773190302358 0.0027608435766832695 5.5077407836723324e-06 1.6364601943354407
345 0.9980440641859405 0.0057675091465205774 0.007868636508013171 1.6365329706858254
350 0.9973063034337499 0.008003542965099975 0.006142199605485565 1.63648949190251
355 0.9988057306248763 0.0027279551861789653 0.0008694530602724182 1.635797904163729
360 0.9984556989856901 0.004260189101386702 0.01707346645292329 1.6354873989565673
365 0.9987385277722535 0.003005223796312295 0.006469678733497686 1.636302726488772
370 0.9989915421474276 0.002273648800405148 0.0034261221196767444 1.635994627922707
375 0.9987818239852804 0.0032209478187033014 0.0006871172220694888 1.6360582470695215
380 0.9989936529061991 0.002273150495248899 0.0028754730563320674 1.6358607688697078
385 0.9990237339108345 0.00216432488308671 0.005561321086575921 1.6360941681329766
390 0.9990077073763346 0.0023986045318737936 0.0008396323405457373 1.635373354897721
395 0.9986932860920213 0.0034000702898862034 4.867192351420968e-05 1.6357555683307166
400 0.999118891383928 0.0020224542530076217 0.0037417847079399547 1.6357561589762668
405 0.998977915152004 0.0026030042908602447 0.000690225769422792 1.63538342590889
410 0.9988820440581927 0.003048062297977827 0.004995494816518287 1.6358201921382598
415 0.9989582280197261 0.002597010114919307 0.0005863637243437303 1.6357922360524275
420 0.9974826206544709 0.008689660416655087 0.005655473470616013 1.6354673507345867
425 0.9979067215923836 0.006942811982694641 0.013405116982285525 1.635912600335509
430 0.9965771762883423 0.01149456740069521 0.0029115208428298622 1.6357253399001466
435 0.9992413883290518 0.0016659734869335363 0.0020000902614236704 1.6348195152694376
440 0.9983807535355945 0.0052444287542774415 0.007953384796945961 1.6353527099335117
445 0.9984862158308518 0.004858168454336731 0.0033649801592852135 1.6356504460394696
450 0.9988004221882554 0.0036516371963706273 0.004656409276652118 1.635128260290157
455 0.9992740392223028 0.0016629972087622846 0.0010015822979068112 1.6355783226666731
460 0.9990518412686342 0.0026500679747960554 0.00015914878334477578 1.6351571345068272
465 0.9992741092813859 0.001707280366368913 0.00038010739324323417 1.6352136013495775
470 0.9978388583441604 0.00700561008217937 0.004903585097455032 1.6348347010574842
475 0.99933724782172 0.001449018563365545 0.003584358298866608 1.6349010311584309
480 0.9992592792207873 0.0018885617987960401 0.00027614953957466604 1.6355146713390645
485 0.9992595289284237 0.001783421105156613 0.0010662474491334173 1.6354037831551225
490 0.9992654000182651 0.0017371060631279356 0.0038916356618650116 1.6352128276385023
495 0.9983032076554961 0.005730401016632802 0.007351784045093623 1.6351153349652976
500 0.999161229629749 0.0021475065653153713 0.0066476465774387705 1.634917786876598
505 0.9992069284104608 0.0022026334106381995 0.004026506406431984 1.634576763457288
510 0.9986240835518518 0.004210907441589251 0.0019503447100310822 1.6348589600015702
515 0.9990610445358508 0.0025557680036962793 0.0022127440118449027 1.6348119373083332
520 0.9993602374033128 0.0015735404654757534 0.0010797930185735272 1.6350791839371337
525 0.9993385052147228 0.0015806983999486768 0.001989259054649306 1.6350235533746018
530 0.9993782452755957 0.0015313050423206853 0.00012934228264249725 1.6352999981156358
535 0.9994038555330744 0.0014216744217774302 0.00024304553282572527 1.6349647918959027
540 0.9993879368402849 0.0014254318776956154 0.0004133135894697215 1.6347772428237688
545 0.9989868511321799 0.0029250608584696636 0.0014272674133921637 1.63509501783085
550 0.9993039261992254 0.0017970909177422723 0.0012306484239830162 1.6340015998636153
555 0.9981466144184199 0.006140976659656294 0.007051166581016011 1.6343847380778664
560 0.9990571434958144 0.0026864586007817604 0.005034589961202984 1.6348835723196529
565 0.99824636211248 0.005781015684592994 0.01327544395052671 1.634680618735277
570 0.9989158585043352 0.0032464435092562915 0.004875424682048379 1.63469101320807
575 0.9990597528057144 0.0027265586880895754 0.0161482773236592 1.6349305522133972
580 0.9980428237796808 0.006987507975522389 0.0064696857520401 1.634487265423926
585 0.9994190373693232 0.0014463070870007755 0.0008321098814945138 1.6344941785608023
590 0.9993558547569306 0.0016375971777886633 0.002214756125136441 1.6347092694675842
595 0.9993489468374748 0.0018051607254179203 0.002647074412058359 1.634651737397773
600 0.9994980656931507 0.0011455110191511686 0.000496518554816916 1.634630087249534
605 0.9989915057596221 0.0032493772734285553 0.0023810517058515668 1.6345139731302227
610 0.9995301150995093 0.0010357536686842472 0.0005233954769130467 1.6344252905548575
615 0.9994569284788337 0.0013037523312502408 3.299512324050902e-05 1.6345228575509319
620 0.9984194060805864 0.005246269634073153 0.008603452087637908 1.6347438597434203
625 0.9995099804752862 0.0011360116852388025 0.0020393006740866415 1.634699451996494
630 0.9987066538488543 0.004457932209546822 0.0020557921950954405 1.6341903132525168
635 0.9993621218149686 0.0016980011112681659 0.0017076024379845123 1.6344584425625595
640 0.999532054588135 0.0011034712961592863 0.0010006956505623776 1.634085912976206
645 0.9994688857401638 0.0013164970527499431 0.0009009115733784601 1.634704859698782
650 0.9995073408406259 0.001194631076835595 0.0008158637811879199 1.6346002194272589
655 0.9994471079098839 0.0014772106036986532 0.00025302203927113354 1.6341300389517792
660 0.9994303046249386 0.0014689318590226375 0.0016444114753391137 1.6344903792313628
665 0.9994894717556773 0.0012682349996577802 0.0016182773876838308 1.6343571976318052
670 0.9991581875374972 0.0026835818337096473 0.0014654656938808408 1.634277948264229
675 0.997018080162077 0.010781665300900523 0.01847563531914531 1.6334818961592763
680 0.9993058741987988 0.001971937690616876 0.0002406006382165149 1.6343392812769975
685 0.9994548639547921 0.001454183402051834 0.0028871775289278645 1.6339408210795359
690 0.9992367329477738 0.002412493745799882 0.00038744728594397593 1.6340972764912463
695 0.9993241675329029 0.002064579805276523 0.0005057078503212242 1.6340147442845196
700 0.9994846650503508 0.0013197696203552933 0.0003909782180042676 1.634666971088251
705 0.9994411069443361 0.0014860273159484905 0.0027454665922008736 1.634165637113341
710 0.9994683908342201 0.0013712934125018617 0.0016716728478400888 1.6344776288720635
715 0.9991041888299168 0.002921710368830155 0.0018330684741119097 1.6336742702852618
720 0.9977025037596189 0.00854327302184732 0.01188170679433087 1.6342983982929722
725 0.9993804543141089 0.0017423997100891597 0.0023088363432131054 1.634430607670808
730 0.9995517904408646 0.001088883026562737 0.001581885730674415 1.6341989425106664
735 0.9995549847535815 0.0010847378850977751 0.0015773581158629035 1.6344582771628264
740 0.9990886808521051 0.002870281189261137 0.004260394364368425 1.6336110046406125
745 0.9984254840777473 0.005691268346416978 0.00658440502583546 1.6339312293893926
750 0.9996073902767566 0.0009301823256882003 0.0016325990383476707 1.6342810705591706
755 0.9992182514269274 0.002378231414454701 0.002313946809347156 1.6337352275207286
760 0.9991339312692816 0.0028813905134832396 0.003092404807491622 1.63387808717353
765 0.9994535913909479 0.0016006845210778664 0.0003714009654811612 1.634304185291915
770 0.9996246611492368 0.0008552777133690181 0.0008530231002381594 1.6343196454443065
775 0.9996128690142957 0.0009469655263067978 0.00431083140946753 1.6338983566576815
780 0.998819869587763 0.003937955758807954 0.0013846505557792987 1.634093980487193
785 0.9990834575472126 0.0029275173589278225 0.0026424839596765892 1.6341597436292343
790 0.9993424951520749 0.0019354347151061546 0.0031464974051595984 1.6339206358011276
795 0.9994009909576975 0.0017358729868006684 0.003974987602064273 1.6338466302514703
800 0.9996383590706739 0.0008521990353176356 0.0009223479336424312 1.6342336939354043
805 0.9996188604748725 0.0009177386759253725 0.00027562818784399035 1.634142105354475
810 0.9996270774094368 0.0009199595134889993 0.0009912571283465788 1.6344171982081896
815 0.998903696637922 0.0038285534138573496 0.00501470236889201 1.634034951687672
820 0.9995614149902506 0.0011893417022852404 0.0035199899762368148 1.63383113231891
825 0.999661128548517 0.0007783852486935583 0.0014086286948895577 1.634227199926795
830 0.9989559194463394 0.003616914563792095 0.004560612495355887 1.6340170779180707
835 0.9981633330411845 0.0065474269508318805 0.0014440853182020597 1.634046101284912
840 0.9984530104068925 0.005659032119160967 0.010472134936678756 1.6335769006596257
845 0.9996122512850916 0.0010097742839443313 0.00024655114542904144 1.633748835863998
850 0.9996089942696557 0.001020591162902873 0.0004048780775223193 1.6341016080759798
855 0.9996151501278843 0.0010012775274454988 0.0018508614089594033 1.6340755398085671
860 0.9995367226739366 0.0013174279187599947 0.0027886404554118283 1.6340100609102404
865 0.9995089181489132 0.0014366998080086457 0.0013505013714549818 1.6336161397323656
870 0.9996657727105285 0.0007820593161682599 0.009152984000519115 1.6341395314243679
875 0.9993687647335606 0.0019198799931274824 0.0005902829675663579 1.6340188380815346
880 0.9995967049162628 0.0010344982810968073 0.00239902837136885 1.634081386660639
885 0.9994239447132038 0.0018236863296654526 0.0006568029487201699 1.6336448321633665
890 0.9994582235439289 0.0015802443920165388 0.0061804196474770645 1.6339574723714128
895 0.9989589642133022 0.0036705944783417266 0.004138322980851816 1.633507395198135
900 0.9994358106517462 0.001775074016384881 0.0002202418908829884 1.6338585539102006
905 0.9992086796628947 0.002545118815979297 0.0022804824926541123 1.6336725617929821
910 0.9994737200985053 0.0016144116939371678 0.003992404711635533 1.6337471965039512
915 0.9996914388053293 0.0007169499599981588 0.00019857101452247505 1.6337115857918674
920 0.9995655026208932 0.0012142658385516647 0.00366766664952789 1.633528748165098
925 0.9997068914378496 0.0006598284519934161 0.0010792463520739037 1.6335689347440867
930 0.9991206008754248 0.002896959855764214 0.0037284095786951355 1.6334245155821796
935 0.9996531203377346 0.0009075121208659276 0.02789642221136357 1.6335841622577578
940 0.9993443891131968 0.002148417576850248 0.00706907251878186 1.633836671894397
945 0.9996755438459225 0.0008125299069350334 0.0009955776997963017 1.6340254950233808
950 0.9996379100756493 0.0009756995319887274 0.0011036742354844087 1.633384235516505
955 0.9994799131777099 0.0015269276699652057 0.00027959199273985824 1.633563130672779
960 0.9996770492587281 0.0007741077145737574 0.00018344680275594882 1.633734326797262
965 0.9987886067645441 0.004222514564524271 0.004734289971582317 1.6335804804707286
970 0.9997240449691329 0.0006158364497392821 0.0007698892611465169 1.633725292815825
975 0.9996988026383444 0.0007326514409264906 0.0003455766789941528 1.6340036667465991
980 0.999386772964739 0.0020027045914843278 0.0011571641210270656 1.6334957108233592
985 0.9993881135054035 0.0019061468652847857 0.00969081235982161 1.6338018985087095
990 0.9997091054940684 0.0006996714124287706 0.001687326044846671 1.6339950910485885
995 0.9995458271190079 0.0013005625640680751 0.0007241326199505238 1.6338466917514418
1000 0.9996872541763401 0.000771680851555212 0.0021424366523783434 1.633976621949673
