0 0.4221425308321739 1.9442919256097042 0.41127222094261673 0
5 0.9200646630788749 0.16864768581307743 0.005456767197254964 3.6694469149653504
10 0.9248801511199818 0.1579662026785491 0.0010572810178572922 3.6656204443278027
15 0.922670749774901 0.16246040734153988 0.0015000904562523232 3.6645862856562803
20 0.9207634932903133 0.16902914350346387 0.002028621906352557 3.664190341748312
25 0.927962701236045 0.1520113059448427 0.001277052068397122 3.6637801389029114
30 0.9236468658350505 0.16455123076245526 0.0007366738443062015 3.662753134535162
35 0.9219774292558115 0.1649507234593881 0.0005534866290060059 3.6621362860401745
40 0.9234500650399304 0.16459806040916725 0.00047694303754730605 3.6610963160020993
45 0.9270068932912778 0.15244567509140827 0.00010836881817954946 3.6611256164104504
50 0.9590871241554678 0.09357539980344187 0.025444784506789997 3.7725051393945703
55 0.988438325137222 0.037759882965195946 0.00021356622925394753 3.686229403983927
60 0.9925615597392394 0.02027122661880565 0.010426849412498163 3.6727845091803037
65 0.9968810186282205 0.010910237164845071 0.008092056894074773 3.6694196218881414
70 0.9966147429749527 0.008246101493925018 0.00553456031391808 3.667648444131576
75 0.9976502501820446 0.008118119530649004 0.01376239215893782 3.666289594389856
80 0.9972497849173216 0.00710131910498335 0.001182381453064485 3.6652625030252715
85 0.9985234477007868 0.00415629972089171 0.0022819587646276673 3.6641983858669236
90 0.9981556264107283 0.005939063445711046 0.005444673194848093 3.662270055253741
95 0.9986816470903167 0.0037648992513825696 0.007147622274799259 3.663637945902597
100 0.998277666293868 0.004903310160095931 0.0022423769294592777 3.662791983129548
105 0.9979907719498924 0.007143906863277039 0.0022648865999299606 3.6626518260598333
110 0.9984765110492094 0.004724518721415549 0.0013755101409127501 3.662162860397706
115 0.9982040600516963 0.006268326837143512 0.002672644266996871 3.6619887587624054
120 0.9984819861511223 0.005035264739523537 0.005451152194918096 3.6613348348119374
125 0.9988553267482101 0.0030659097165828264 0.004575049467208769 3.6614593108574756
130 0.9981914308217952 0.006095859254482416 0.00048164566740660497 3.660712823580087
135 0.9981932353674933 0.005113815843214908 0.0016599648298356584 3.6593377540042455
140 0.9976653814492582 0.008866856027864856 0.0033227901192873777 3.6608626183959503
145 0.9991283502557601 0.0027404948405775897 0.0013477058528523767 3.6606909192202077
150 0.998343679146709 0.005574286823450514 0.005171759642157214 3.6595315416035334
155 0.9990960989138169 0.00291646353054853 0.0015078438151125972 3.6600647719593717
160 0.9990795881067287 0.0027504857265441274 0.003450540657901735 3.660410849038517
165 0.9985212937017598 0.004890825681536093 0.000640894824441629 3.6599234039652253
170 0.9983103585784695 0.005998248436992704 0.0023406540408481558 3.6591081692898144
175 0.9991660853414928 0.0023424129387761283 0.0019365166002305312 3.659140460490853
180 0.9976740101495594 0.008688984632711616 0.0003210350140880891 3.6600193385899855
185 0.9978076905361679 0.00818106008871311 0.0008553363026932992 3.6585967736410083
190 0.9981982073587459 0.0058342122282888376 0.000684033089092928 3.658431241956369
195 0.9992281112902022 0.0024717248316230567 0.0004939942880892723 3.6582009638140365
200 0.9990858618905247 0.002928978991481923 0.003345128229809813 3.658807687097878
205 0.9983782409637578 0.0060794791372158485 0.00742525936222127 3.6584814664649357
210 0.9988838637766775 0.003813098040469143 0.0007383550614061818 3.6581820255820294
215 0.9978560043531869 0.007794079480170524 0.00029182375048009135 3.657899950745721
220 0.9986319872984637 0.005122581652602598 0.0019889341515202386 3.6582859869680053
225 0.9985875941334088 0.005244265611175081 0.0009611935873932165 3.658203012619381
230 0.9973218988462522 0.009009389764916609 0.001329117556253534 3.6583716269233006
235 0.9975182790460597 0.010317017166048714 0.002242889162295425 3.657692115363215
240 0.9993542278241885 0.0022518915152298646 0.0022816093901538714 3.6582309779766065
245 0.998375000315376 0.006161833461469701 0.007527372800419263 3.6582361456632118
250 0.9979220648886391 0.0077779103345836376 0.003192091783668971 3.658560133808968
255 0.9993153206254067 0.0021396422480641775 0.0022670220305738287 3.6580754676004483
260 0.9993005655011615 0.0021624099557384646 0.0022995656003741427 3.658800398065046
265 0.9991543988821214 0.0029667615731723274 0.0016292403847097958 3.657884016634885
270 0.9991951619222263 0.0026685839730991034 0.003916796419575652 3.657956564386178
275 0.9991837620664474 0.003036160764950502 0.0010101475541184346 3.657787622301829
280 0.9990049252823143 0.0035855451651345405 0.0007696776296073349 3.658441718661015
285 0.9991463130328868 0.0028242356583239037 0.008194319585664855 3.6578245724475122
290 0.9993030650204271 0.0024321469550998565 7.732947393024325e-05 3.6578566923318236
295 0.9994181234300388 0.0019718666632599913 0.0008019527625726663 3.6571186319171125
300 0.9972774000589173 0.010998342099715064 0.005465772431152427 3.6579308225413896
305 0.9993944826211543 0.0020653535088008823 0.0019662666463509115 3.657626867212832
310 0.9983161822987283 0.006402896231795019 0.0007137472233846864 3.6577000837217923
315 0.9979966060813497 0.007594413527127752 0.0024817770615268575 3.657713905822777
320 0.9984556730380887 0.005515980204756854 0.0007696507747014802 3.6578178941876502
325 0.9990433954943817 0.0033835103340735806 0.001798048014281406 3.6575785577160196
330 0.9988178102085546 0.004388604045256095 0.003065330371055719 3.657630890715383
335 0.9992415972270586 0.0025987367245048354 0.0043219743410845 3.657160853111378
340 0.9972868010206211 0.01058002176654771 0.0034571396055238512 3.6573526490826556
345 0.9992145624407371 0.0027888012519827754 0.0011714075504978272 3.657954947204792
350 0.9989760018788769 0.0036882055114362267 0.00037273733922615904 3.6570091717775273
355 0.9975641761711996 0.009585200399252258 0.0005521482031123348 3.657001275984482
360 0.9992713689774728 0.0026559807737012164 0.004407687716632358 3.6576389858484375
365 0.9988827868119259 0.004084105394853488 0.0009482578212003379 3.656520662791845
370 0.999027580515448 0.0037465844731658926 0.0025059741735895535 3.6570650179533364
375 0.9991573552655908 0.0029489371412587673 0.005997730813974034 3.6567510881405356
380 0.9986677134061375 0.004989531883919263 0.0005915557854225817 3.656736502394907
385 0.9992985996065727 0.002336012926234865 0.0028204928980488653 3.656726763521002
390 0.9994316671919939 0.001996044004247466 0.0016164148083288588 3.6570273364983024
395 0.9971910094825006 0.010786415827918283 1.3494726086360487e-05 3.6570668652014318
400 0.9969217829836121 0.012265386941671341 0.00667424619937762 3.6572004894362244
405 0.9994537431106866 0.001965452605309892 0.0024998206513269228 3.6568193907107287
410 0.9980892955334807 0.007708262673082444 0.0010591298271631633 3.657210305016369
415 0.9988208153985552 0.004261142114329264 0.0004663063623855379 3.657090043697404
420 0.9965706655346754 0.0135835992008424 0.0008148995133969716 3.65733444004272
425 0.998081361475619 0.007322795071042609 0.0002127001165894704 3.6568477938718744
430 0.9991425700571129 0.0031373362501545543 0.0014516118391985078 3.6571336310375697
435 0.9988711241431399 0.004304085474834629 0.00637355405008222 3.656723420359666
440 0.9984876432398251 0.005950934814212161 0.0028107988819174867 3.656904643303577
445 0.999067484624619 0.0032408030635591167 0.001349383589384301 3.656870914400768
450 0.9993065841958617 0.0024914635092652127 0.00646326371053596 3.6567610859764956
455 0.9980701310222337 0.0073347155267420305 0.00020401573373374227 3.656398916929364
460 0.9982229307635637 0.006269493332941689 0.002333693238526724 3.656664739459329
465 0.9991986046213451 0.003102817228827881 0.0016186238638005168 3.6565749981589075
470 0.9987912241847612 0.004514372668070532 0.003393216884507888 3.65668076519991
475 0.9988298899843613 0.004271887421824161 0.002546608282437024 3.656819758106032
480 0.9991985699019953 0.003057071427713165 0.005513980831247212 3.6567533354782054
485 0.9992535351624858 0.0023424658741246773 0.0013344824863692484 3.6562065569170623
490 0.9991389881362067 0.003081107814833839 0.0027568062173617403 3.656521187097436
495 0.9981922638251876 0.006789366429566179 0.007925874955927004 3.6567165865524993
500 0.9971393190268222 0.010806732998278612 0.006382039863637834 3.656529126648741
505 0.9991858100175397 0.002952615091302846 0.004214230955110088 3.6568193283827735
510 0.9980817351814201 0.007536822536727161 0.005731999580137925 3.656707754375925
515 0.9956577598285596 0.016128516711825025 0.002744107454224709 3.6565071440680854
520 0.9984978129165996 0.005800072639566167 0.0023976739271165393 3.656811517810787
525 0.9984689376633643 0.005904491226238484 0.000431932369605148 3.656653317894859
530 0.9990252958199715 0.003573906507635005 0.0039409181285854356 3.6565435259895946
535 0.9986483692076772 0.005165090402183825 0.0007236930542304787 3.6565525641502568
540 0.9990335233593688 0.003667718817344845 0.0016131824862690713 3.6565487368849814
545 0.9983508128754646 0.00637191649024027 0.001530852556926643 3.6562213998990996
550 0.9993499681990499 0.002348458838568046 0.0019290507715286065 3.656538056593966
555 0.9991197803740413 0.0033824789250251897 0.006145841231951499 3.6562702557687334
560 0.9993798490536595 0.0022448801623480286 6.1046538328835e-06 3.6568075522864767
565 0.9986711449541723 0.005102749230185832 0.006935185478769368 3.6560959894443728
570 0.9992194855346556 0.0026978878562076147 0.0005368168830957032 3.656158945784315
575 0.9992277743695337 0.0024504101327864625 0.003798460750015442 3.656238661363773
580 0.9988524660465727 0.004428607435228216 0.00584108529989158 3.6557541164491227
585 0.9995234358245995 0.001738067570796531 0.001589971640944432 3.6564092663277297
590 0.9992539269342138 0.0028260105814701397 0.0010277727444873985 3.656242290965726
595 0.9994147393861952 0.0020729868022106857 0.004208450975361044 3.6567644978309706
600 0.9991576651101441 0.0029172371214807313 0.0012818329296759856 3.656293519294427
605 0.9993191114772879 0.002534021454724922 0.0006797397631879143 3.6563352330237233
610 0.9989420052184255 0.0039692323830538 0.004627257757471748 3.6560508682429167
615 0.9984882507709312 0.005760647840906685 0.00045890270120296783 3.6562624395780663
620 0.9995301773951974 0.0016607889283593025 0.0003523535189891014 3.6559421171874016
625 0.9993680723345512 0.002275375580377048 0.0026351776231010593 3.6562710787248336
630 0.9991216978250814 0.0030484864888067342 0.0020316485660654138 3.65621097829002
635 0.9992779030072174 0.0027581444380384568 0.010102085622821333 3.655992253733211
640 0.9989192729147389 0.003958828299129635 0.00040185675777748564 3.6559116891498205
645 0.99917581922618 0.0030697697703638838 0.004799302311196074 3.656123750673872
650 0.999102810774881 0.0034577372484516644 0.00847573628728604 3.6566451236922703
655 0.9989354813127662 0.0039023507534539092 0.00031999211203292965 3.6559441789854357
660 0.9991702547984924 0.003068716020978357 0.002656223041500372 3.6558307936075334
665 0.999474979593182 0.0018780668525661959 0.001059407545095592 3.655593273674273
670 0.9994625778853775 0.0020359256924229463 0.0011514692985070685 3.6559877468362263
675 0.9995149894804047 0.001586711634071758 0.0006210658167917771 3.6560457183636226
680 0.998733330203051 0.0047812983488335625 0.00010678686911802515 3.65607644423619
685 0.9981367241108627 0.00701193234155717 0.005477609968126407 3.655841883027416
690 0.9989920080440833 0.003790791083861045 0.0021004758442675353 3.6558076005257245
695 0.9982477716103617 0.0068308586137697525 0.0031006666082935563 3.6558281982873706
700 0.998756026434515 0.0046681692007375375 0.004457327840494907 3.656066834015258
705 0.9994623902752474 0.002014480006272912 0.005268587414816617 3.655650717574895
710 0.9992728258698714 0.0025704311046990114 0.004475333763482636 3.6561283355027543
715 0.998756305031292 0.004890906114117133 0.002346276885497378 3.6560034181455707
720 0.9994667014424317 0.001874017995696864 0.00043553869950252455 3.655987391589291
725 0.9989847138678543 0.0037470413780558154 0.0019517325040490086 3.655852162233878
730 0.9989358482724109 0.0041731509385507515 0.0036717587749055536 3.6561144767392735
735 0.9988882418271552 0.004244574022112424 0.003971819684446043 3.6559142309515007
740 0.999385949708048 0.0022294485806608755 0.005385731836434093 3.6564630399717104
745 0.9992817311792122 0.002645546518174946 0.005201366301552435 3.6559581116846904
750 0.999150592504068 0.0031416784503504047 0.0023903255899870857 3.65560971325652
755 0.9993890823834519 0.002287793236336544 0.0015361210114059887 3.6562814730760387
760 0.9993650307513595 0.002437856040307551 0.0012571322809120655 3.655629333149493
765 0.9986404081088696 0.005228449531119228 0.004876419334997495 3.6557196551590017
770 0.9993961352959323 0.0022852919986098286 0.0017048436990991789 3.6552796198774864
775 0.99926415378799 0.0028285036824668985 0.002192119579374152 3.6555903411726383
780 0.9988590343547045 0.004478520226684601 0.0014556437070492034 3.65578944730204
785 0.999473227939019 0.0019522954116388824 0.0029007392726871917 3.655603410415509
790 0.9990714701432262 0.003402969268378797 0.001062547218643628 3.6557815390540287
795 0.9990428222325687 0.0036759819469494026 0.0015679832133581595 3.65606705465708
800 0.9992051156703852 0.002965957423156418 0.0033831854405448336 3.6554315190093205
805 0.9989407141743658 0.004097440952854026 0.005271154557148883 3.6555752592445225
810 0.9987516491769111 0.004742388494586081 0.005596105876992441 3.6559896392869415
815 0.9985660694901184 0.005648737553638483 0.00945047518030262 3.655441760540445
820 0.9994582051435901 0.001979273205843235 0.007396115306581796 3.6560250096537845
825 0.9989499064711578 0.004056108974709538 0.002676021553980723 3.6558129093749123
830 0.9994500647067718 0.0020050671256073294 0.0014166027886539645 3.6561672460217527
835 0.999240931018816 0.0028559600115736217 0.0037084024002840277 3.655353515581462
840 0.9994046290413034 0.002125956911893656 0.0019113594207793572 3.655997952455582
845 0.9986713205120518 0.0051366064088327335 0.0014332170176809544 3.655634225622829
850 0.9994227562991143 0.0021070875044468806 0.00023683820745112882 3.6557466065940782
855 0.9991484399776152 0.0032775288788355894 0.001464176870566769 3.6559541797179276
860 0.9992646236009195 0.002852896723635201 0.0034677136272094344 3.6554219384214846
865 0.9987868267824584 0.004864419166209721 0.001992243078983824 3.655160812004331
870 0.9966172292180293 0.013491961037376488 0.007156822316146894 3.655484041421175
875 0.999109414255472 0.00334083727491441 0.0034683138570485994 3.655510277845061
880 0.9992850008981695 0.00265535051912158 0.007131546612432871 3.6558179836540807
885 0.9993408116779621 0.0024721009409995887 0.0012332831911425757 3.6558885444526963
890 0.9994596957832036 0.0020241627274915075 0.0015353320660245195 3.655385001630598
895 0.9992563555058646 0.0027585840857584643 0.0005512953978918933 3.6557968571609343
900 0.9992073320731896 0.0029489141584964074 0.0007448987218978687 3.6556292390643
905 0.9990388435164514 0.003764747305277094 0.002103014361753086 3.65579283574219
910 0.998663792462959 0.005285056064747717 0.0005777166640201781 3.655493380056366
915 0.9981988182227275 0.007027390652905474 0.005380155813737186 3.6556656501427782
920 0.999511012580578 0.0017561066334752518 0.0025465913625579706 3.6554464145218373
925 0.9992097682823474 0.0029822287426100047 0.0053845026378140926 3.6551755009404787
930 0.9982514273986705 0.006875010746256738 0.006394612663834565 3.6556787520856733
935 0.9994117086758902 0.0021383850263227977 0.0031415310907880745 3.655860406590829
940 0.9982196029786885 0.006960943315945212 2.093893662635793e-05 3.654995524429986
945 0.9995159190132817 0.001797517466607168 0.005418817053436387 3.6555406781969735
950 0.9984603885899641 0.005844455871309329 0.0020326075714387493 3.655942372398885
955 0.9989635811829563 0.004065230164845168 0.0012465150935034863 3.655645468037724
960 0.9993865629476739 0.0023098443835691818 0.0004945013359312078 3.655158529087866
965 0.9993005484973085 0.002604267933982385 0.004963881614357124 3.655985824359935
970 0.9994798311706669 0.0018781221293551198 0.0037650190666143057 3.65544969441083
975 0.9993522142432552 0.0024236208961045946 0.0031543334528620903 3.6557303779536223
980 0.9993449546705436 0.002465760696962249 0.0023681374576072223 3.6554813393172854
985 0.9991298250907172 0.0032005849986189716 0.0006876696910589342 3.655482691004335
990 0.9989138933765224 0.004156456115753215 0.00569615516068267 3.655772897524904
995 0.9990348784986961 0.0035932164380296783 0.0025617845331094014 3.6552149468665167
1000 0.9988715306161604 0.00430139501296134 0.005288849246976701 3.6551066088299966
