0 0.568512876177933 1.204489604557451 0.29218379585146215 0
5 0.9196232112276788 0.1707017674624196 0.003496547755090784 1.635324078301816
10 0.923328487644241 0.16363123136937352 0.0006273406087093925 1.6342667061060365
15 0.9131883298392729 0.18450232108512243 0.0003472564761239916 1.6349339414768196
20 0.9148189572997114 0.18232805115050277 0.007083172808638238 1.6341267948972809
25 0.9158102614818802 0.18104810307743602 0.005491960811581764 1.6341916248121187
30 0.9027196402200282 0.20896701036671006 0.01594511186273495 1.6345101750814282
35 0.9147387485225077 0.18459840522093462 0.0012513810946752635 1.6338252971192428
40 0.9059635296977571 0.2018775644819002 0.0014034431532663483 1.6337160813559148
45 0.9103787554685538 0.19575860595520167 0.0010947787744952642 1.6340508526941726
50 0.905990406003119 0.2031554859365825 0.0006719375940837935 1.6341411468423908
55 0.9069401165411644 0.20174835253557055 0.002140104576914492 1.6338643451764738
60 0.9022054647997129 0.21202088513934458 0.0010433359306762924 1.6340034971279893
65 0.8984202469666129 0.2204926787387551 0.0012028224012046174 1.6338484650188587
70 0.9033798929778526 0.21196136827331036 0.0016407210670639216 1.6335588050925687
75 0.902404310619926 0.21587083523343265 0.0012475190664760216 1.6337151119624747
80 0.89912357483827 0.2219974224510337 0.0006143147248267589 1.6335658682509822
85 0.8957581936542278 0.22820726382687861 0.0017042514735021719 1.6339369788992615
90 0.8911271771632184 0.23823008629739162 0.0005853290446797832 1.6338207987352107
95 0.8884019931003773 0.24594481297332704 0.004436871744879056 1.6333918140250614
100 0.8878404069209693 0.24642434783974676 0.0013173082755533194 1.6334342899350736
105 0.8891079861180027 0.24427500943766134 0.003276917280663705 1.6336681646146471
110 0.8866716298483444 0.25065814262589026 0.0023968598720720546 1.6332819524293811
115 0.8884155585344522 0.2466251841821021 0.003744886461827024 1.6333074350225116
120 0.8840726573758045 0.2562879377571532 0.0006116839168206489 1.6337590976247889
125 0.885617674884541 0.2548121782450208 0.0027775801909299958 1.6335194691500357
130 0.8880911769701356 0.2511276269849674 0.004579749880057271 1.6336432272497248
135 0.8788549653833054 0.26986210738551963 0.0017267005800856161 1.633403786193555
140 0.8860440697649279 0.25586874993008135 0.009862030939068234 1.6333015413732626
145 0.8854887185329177 0.2587180509786198 0.0006719819584573017 1.6330051095093452
150 0.8797441995587949 0.2687420969902554 0.0005119947560032756 1.6333761370859616
155 0.882309150425157 0.26437053504103125 0.00028166754198233335 1.6331100073438558
160 0.8835307019980891 0.26345705382339824 0.0007395164477115301 1.6334486624494788
165 0.877675556333092 0.27522846817217483 0.0008699983771536246 1.6330182607634092
170 0.8774266459205973 0.27731398937724583 0.0035155886977304984 1.6333049399332242
175 0.874018480671863 0.28552506230055297 0.0005442757366243001 1.6332276930289502
180 0.8785130331288237 0.27503670005814107 0.006821691769543836 1.633319710464751
185 0.8739235575893571 0.28731433493073744 0.002070702497825261 1.6332505631615504
190 0.8725222134540054 0.2892285467576041 0.002097075976241314 1.6332700591930112
195 0.8773963414609129 0.2799963047398566 0.003822802026227645 1.6331538913646175
200 0.8746216876289268 0.286244433266857 0.00025102415912936493 1.6331698510547574
205 0.8742135577184357 0.2904682079882983 0.0010770189036650724 1.6332805514462032
210 0.8702925854413428 0.298672886172596 0.00962665968352061 1.6332417827429262
215 0.8708579343952644 0.29558909527973354 0.002466580500804838 1.632965832108496
220 0.870923543802448 0.2973598593224229 0.003237338052637817 1.633104947187073
225 0.8608365420450597 0.3177537744361678 0.005585675388379396 1.6330826489623975
230 0.8682727189840016 0.30314850831335405 0.00034386990028156816 1.6334224080620567
235 0.8661561565577902 0.308965767085182 0.003868421738958183 1.6333526426093912
240 0.8676149144011709 0.3054785720615827 0.00042951328358409313 1.6332197115216847
245 0.8653853672296044 0.3121968611584012 0.0009354911814258848 1.6331300184786395
250 0.964334008023318 0.09037999579595546 0.0017500239054459854 1.7508176298142397
255 0.9919711167960539 0.020130990442585706 0.01693040784600175 1.6627094408040335
260 0.9978688757440962 0.005356853949870954 0.00146047704865504 1.6405966467275461
265 0.9966253375472387 0.010760122777121683 0.0025157909816913016 1.6386414338823874
270 0.9981989184433986 0.006166428123373091 0.002570056040427593 1.6367088452568836
275 0.9992216611341262 0.0017745763383878455 0.0023571682543308548 1.6364869682896417
280 0.9989256108885164 0.0036725817507095027 0.013563990867353493 1.6359835341174012
285 0.9981649562499688 0.006641783032783399 0.014777360621321733 1.6359595881011892
290 0.999601485027553 0.0009423749485406585 0.003258776854419443 1.6354311514479352
295 0.9984209837092539 0.005636926257417185 0.0046825466107709435 1.6354508477124625
300 0.9995111641577488 0.0012703400244471474 0.0014405550698808334 1.6352614091075202
305 0.9994591192193172 0.0015667448342915336 0.0011702413385139554 1.635187410577244
310 0.999158838213116 0.002422776423203432 0.0019821208594232864 1.6350090022646078
315 0.9991909063564424 0.002723318072702652 0.004050210999013704 1.634881012517615
320 0.9993569167403462 0.002092658484536436 0.0003786691990403934 1.6351223328571853
325 0.9992136410912592 0.0025292078966685505 0.0011841434527961603 1.6351560029448646
330 0.998545119470126 0.004967624791573311 0.0028989077976286914 1.634433791146633
335 0.9996223829821705 0.000872927412978175 0.0007131204244053002 1.6349776014118036
340 0.9983471898862131 0.006058804528404238 0.016291606019305238 1.6353518947959804
345 0.9993397351286901 0.0022860601543481796 0.00028831710583965275 1.6346762549361995
350 0.998759021596485 0.004550927413205397 0.0038694685683040575 1.634648338040351
355 0.9987650632981446 0.003745631585416964 0.0013644261784988565 1.634955691753828
360 0.9996396920004273 0.000801757273495074 0.000637535274503831 1.6348146747513013
365 0.9995955877113071 0.0009012072319407594 1.1586590888290615e-05 1.6344680777215967
370 0.9991748757071228 0.0028682563334156974 0.007423083904743777 1.634305900360612
375 0.9991801964691531 0.002564635376846036 0.0005353648567241187 1.634776184615936
380 0.9992244784309994 0.002081193856887431 0.00038391275752802656 1.6343241823267816
385 0.9996478354035168 0.0009365931992530996 0.0009981136561316717 1.6344275587298764
390 0.9986342112008066 0.005079814956587825 0.0018949736647866366 1.6348909578596968
395 0.9995648780399288 0.0013422672669927138 0.0010973732761372368 1.6344050486856432
400 0.9988295473904532 0.004337723786784986 0.0018410034901465977 1.634439788251843
405 0.999506877399365 0.0014165714385303563 0.0013761532851663816 1.6344814407526598
410 0.9995387259125483 0.0011721376946116635 0.00772158406812018 1.6348077687297025
415 0.9996037104686988 0.0011525809172012735 0.00043713739470896407 1.6345232614304184
420 0.9990445493298554 0.003458164861552593 0.0018331332844765402 1.6341156809356445
425 0.9983595735447346 0.00625531563528936 0.0007064461490777774 1.634408608431862
430 0.9985809436088717 0.005190862119389905 0.00011938333298378012 1.634178273168347
435 0.9990206350774045 0.0035981441868211395 0.0051136122538617546 1.6343204548445183
440 0.9995487753111779 0.0013837924254498368 0.004559773475271145 1.6343069620818864
445 0.9996123763165521 0.001090251256482322 7.186235563771959e-05 1.634518201993184
450 0.9994073294860686 0.001856474008523623 0.003305654631762023 1.6340785314594677
455 0.9994959275217814 0.0011983124229550945 0.0025541319030706333 1.6342221675103088
460 0.9995541430258955 0.0015099142941448207 0.0023156382327302882 1.6343751379799563
465 0.9995992451859776 0.0012710141781711037 0.0018792288441509264 1.6344799802374432
470 0.9989453023312275 0.0042091614671018185 0.0047331384058160175 1.634382848641052
475 0.9997106677343834 0.0007676961915186187 0.000648755565576753 1.6343900994679514
480 0.9996450534425363 0.0010532858150946733 0.006310614175018658 1.6341473169850074
485 0.9996664592501915 0.001003160791511526 0.00022352670325442858 1.6341842908959148
490 0.9996875382350763 0.0009767197049708187 0.0022069272504450232 1.6342042810925679
495 0.9996722433939392 0.0010636891929212133 0.0028101881908597637 1.634425559990391
500 0.9990308971426995 0.003340363203499619 0.003124073116852699 1.633782264847358
505 0.9996776407086729 0.0008692531181631047 0.00012790986674948712 1.634169505188874
510 0.9993440770228903 0.002324006003703083 0.003332260857740188 1.634311340204377
515 0.999691715266032 0.0008960165947997645 0.001693017884089043 1.6339011503403684
520 0.9996943884346703 0.0008449880924055186 0.004067351223598692 1.6338356201526814
525 0.9995424888231963 0.001521731881606092 0.0014612255453529954 1.6338936341339423
530 0.9996847858916706 0.0010031492360045302 0.00055868873038456 1.6341124623994574
535 0.9996629385213284 0.0009434030086088452 0.0019195795365887225 1.6338280224958637
540 0.9996490243808276 0.0010959955662317444 0.002007631815063915 1.6340780606551146
545 0.9991739789726264 0.0031348451349790807 0.0009150682198404425 1.6336989209863038
550 0.9993982607231192 0.0019402089826727753 0.0020409333611146607 1.6339404446833294
555 0.9995101123022093 0.0016641398396046725 0.0005612495262863337 1.6340650678361326
560 0.9996293355038114 0.0010109069434789397 0.00228877272304584 1.6342123433336528
565 0.9985591910064325 0.004938694539665667 0.007523846215316876 1.633502986294391
570 0.9997425083560048 0.0006314339549311487 0.003447598640704541 1.6337686328009562
575 0.9994296821043963 0.0018922112898787091 0.0022771122454605663 1.6336351218504468
580 0.9997013543944753 0.0008944618448840647 0.005220541445782434 1.6338655420728114
585 0.999620425514868 0.0011380001290028918 0.00043751403963865343 1.6336153249949974
590 0.9998066538515095 0.0004985391980700804 0.011451544880670239 1.6338136365483629
595 0.9996826508249237 0.0008938008284655741 0.00040511682988464415 1.6335046068066807
600 0.9993192911631585 0.0025306221618695 0.0010070220080460324 1.633917928782244
605 0.999461064451564 0.0020191963514881728 0.00029053726817940273 1.633917840208221
610 0.9996571502970861 0.0009346755174035604 0.00039758117310562113 1.6336004571181661
615 0.9996702504016539 0.0010069350202488447 0.002503593773883983 1.6337262622444693
620 0.99971221952092 0.000860178268774936 0.0033442796143370312 1.6335617500544208
625 0.9996826364659965 0.0009385164222728282 0.0013774959310373092 1.63368083265261
630 0.9997792343272043 0.0006772209325289769 1.8599481504510962e-05 1.6333993069792743
635 0.999799868443373 0.0005720112596079296 0.00037465515103218827 1.6339220802230483
640 0.9994157514411011 0.0022618985264120095 0.0020893270446096235 1.6336319801817925
645 0.9992642022645807 0.0028265459315042207 0.00901900538715017 1.6337021200536663
650 0.9993091331758789 0.0024841711713048387 0.003257270017244851 1.6331160031104475
655 0.9996549312699363 0.0010721173352392643 0.0006210488739248898 1.6338208577827706
660 0.9998621908145812 0.0003777994189531064 0.0011729172196364157 1.6336594868036232
665 0.9996584611295012 0.001065766967484949 0.0011083475074185056 1.6336814498883203
670 0.9995215708912558 0.0018190954144077232 0.0024743899308312667 1.6334758423375468
675 0.9997575674886234 0.0007951886859123292 0.0045141784637170446 1.6336411505595458
680 0.9996019131317526 0.0014728399459169594 0.0007781871174921129 1.6337865539464858
685 0.9997292829023204 0.0009259275997846039 0.0010927282252755077 1.633753316963172
690 0.999780286117946 0.0006565621073120198 0.0014222796338678734 1.6337363724729022
695 0.9998079781030038 0.000609200791285236 0.001106281063760095 1.6335882388117013
700 0.9997112168573548 0.0010460259921103443 0.003523698031972833 1.6334176627149042
705 0.9997148260474404 0.0009927611375029066 0.0012955418053508527 1.6333690019676654
710 0.9997002361357947 0.0010847207352373545 0.000454228984432703 1.6333457759798637
715 0.9997373490759933 0.0008998063831677783 0.0006334960494576158 1.633473607417755
720 0.9995922234164676 0.0014357120482384467 0.00020354485493068175 1.6331715194062426
725 0.9997892518643979 0.0007161171755867279 0.004170969891301501 1.6334462161230494
730 0.9988075017092268 0.004668091730412716 0.003591730138497118 1.6331323693579736
735 0.9997756581757402 0.0007805084165457554 0.00081497750312165 1.6336095583860057
740 0.9993664607558423 0.0024091846255966942 0.0014561737242162476 1.6337299676153998
745 0.999600951079846 0.001374991022766947 0.003734666517116736 1.633525386372811
750 0.9996679750717954 0.0011575922813140682 0.0034820555035657286 1.633479943132344
755 0.999509706528906 0.0018367836122670234 0.0049729447353388245 1.6334497917261457
760 0.9993302585504372 0.0025491073597752045 0.0006964380862590769 1.6335961529548628
765 0.9994763893266271 0.0019314195555442115 0.004985511882432014 1.6332727066204307
770 0.99984641060858 0.0004858392461122296 0.0006837245741042608 1.6336128371147063
775 0.9997991896984082 0.0006978524221994409 0.0013196417761305312 1.6334512771251237
780 0.9998150984392362 0.0006525338584324469 0.0003861044355972787 1.6334411376330629
785 0.9995318714370036 0.00182295143690836 0.002730190758393647 1.6333626235685954
790 0.9998601368451765 0.00042718489881243826 0.0019360026848151968 1.6333687318797834
795 0.9998546250958711 0.0004515829255802295 0.00032421296913032194 1.6335112316174385
800 0.9992623357857846 0.002830502031397897 0.002753797724715845 1.6332036242327745
805 0.999568822133979 0.0016331243704457155 0.008929373762632586 1.6331677468832433
810 0.9993860517726842 0.0022823843501316166 0.004812223254416992 1.633233686596406
815 0.9997345653665916 0.0009691157843723097 0.003857832940203698 1.633211734311893
820 0.9989362833120587 0.004229292984601951 0.0033539879746475876 1.6332874412996536
825 0.9993776966809551 0.0024563319103478864 0.005425293061353642 1.6330477090067776
830 0.99959411616804 0.001534151328312472 0.0015127002811141654 1.633439333996517
835 0.9999126390711213 0.0002509300269637471 0.0006889617796113079 1.6333709048167733
840 0.9998796799515308 0.0003810750580170996 0.0008487672965944437 1.6332628855797484
845 0.9996992302005738 0.0010936497922195976 0.0009751662386605631 1.6334612745089943
850 0.9996156171647494 0.001456853035437522 0.0034376715917467937 1.6329896125963645
855 0.9997652830450151 0.0008198161398622617 0.003613263200167527 1.633374954480744
860 0.9994898474053131 0.001968203606494523 0.004194504308554947 1.633287232515798
865 0.9998547190594282 0.0004989111128270718 0.0004670394080901197 1.633178432930986
870 0.9996563077422579 0.001290574454126947 0.003797515291184883 1.6331973358237604
875 0.9991392138107535 0.0034022102221307193 0.007311534049228019 1.632956656517548
880 0.9997832684986261 0.0007861287692989549 0.00219175473409039 1.6333377605448995
885 0.9999218166763656 0.00022546844850790393 0.0005938541261318875 1.6336092442894918
890 0.9997371441622148 0.0009722901284767715 0.001152903141806716 1.6332289860023568
895 0.9991360831163356 0.0033435487572388567 0.0004550881641207649 1.633126912617673
900 0.9997487448857629 0.0009451363889243503 0.0020299494573625676 1.633338574354047
905 0.999334799928121 0.00257871225501205 0.002253636027743422 1.6328344657845637
910 0.9997516743583802 0.0009051781677211768 0.00045622282542856496 1.633477951385678
915 0.9997337026948897 0.000979164099730312 0.0005191586326436237 1.6331701178674032
920 0.9997706094939522 0.0008276040794115147 0.0009871135870778147 1.6335364932614151
925 0.9999059158516974 0.0002798121902995998 0.0026639708912479243 1.633178461998765
930 0.9995648333942295 0.0016753960284241476 0.003089577476655281 1.6330626204080563
935 0.9997033800100634 0.0010921225057960449 0.00613101902426183 1.6331295708191718
940 0.9999123486279212 0.00024129236017578215 0.0009319687991000691 1.6332413475682346
945 0.999823062738704 0.0006134807514959206 0.00025835806864416 1.633303418814561
950 0.9995245720821306 0.0018555552526371422 0.008240597697118934 1.6331986821261293
955 0.9997123226581609 0.001083310726710085 0.005205043363490258 1.6334265369568088
960 0.9998245976782109 0.0006374158835436017 0.001776869193636399 1.6332822501710984
965 0.9998133611874315 0.0006510051279802198 0.002034640332360116 1.6333049352193647
970 0.9997605790459922 0.0008763105738924803 0.0002552992942626009 1.633195806635938
975 0.999696879011486 0.0011361965445610966 0.003203783580384645 1.6330133416333157
980 0.9998798487590621 0.0004031594412157169 0.0014139142986353548 1.6333113056702036
985 0.9999046841789758 0.0002900997203081346 0.0016757618396523455 1.6329541776580123
990 0.9996438028305503 0.0013587795251106538 0.0034608277155891987 1.6331858217868864
995 0.9998485237120183 0.0005289891448152506 0.0022280797027611765 1.6332941357952546
1000 0.999844916959445 0.0005347914417528354 0.0032774383994085277 1.6334112653171682
