0 0.5905486373342979 1.1159407144164577 0.39698300622060245 0
5 0.9216730534691002 0.16532737996006697 0.00162726203582797 1.6347246491940652
10 0.9182860969081907 0.17371221736448428 0.0003271967436917489 1.6351573544023248
15 0.914986511596436 0.1798234402212866 0.00134958580325506 1.6346896073859776
20 0.9199785597902037 0.17046178000135348 0.004282569668819791 1.6345074448990584
25 0.9191488810238326 0.17272271556738028 0.006461060220260384 1.6345073928021845
30 0.9155030723301986 0.1802672750247667 0.0014946146012495554 1.6343342509739782
35 0.9129351892611967 0.1868546184554709 0.006416683422237668 1.6336364411872188
40 0.916055815515214 0.18119263901299987 0.0016873530483711985 1.6343194861468067
45 0.9178553309566138 0.17615117647271838 0.002782499938137839 1.6338987311101565
50 0.9108202829383685 0.1911756856060538 0.0011625443554721393 1.6342002650564553
55 0.9069379686775609 0.1993152218091423 0.0006989505884424929 1.6343319118532527
60 0.914008271508866 0.1857272150276994 0.002902031135723293 1.6339445760523137
65 0.9116640410817687 0.19102870249467596 0.002255333124300929 1.6338877697818746
70 0.9049721591352213 0.2040581572904696 0.0031944816337892146 1.6337618717024003
75 0.9095737298142497 0.1959034376219222 0.0012700625579951108 1.6341119933542316
80 0.9107765499646863 0.19295892908384848 0.0014343324778653965 1.634005205638175
85 0.9088507180574361 0.1979283410297239 0.005446306327713479 1.6333633569826207
90 0.9054327736297011 0.20407538758314336 0.0024128827800344865 1.6340577858776049
95 0.9002205119145283 0.21594827790895565 0.0040408795359834215 1.6336416188001457
100 0.904360786096218 0.20780685314188463 0.004209243502787174 1.63388653933717
105 0.9032155376213572 0.209366826191689 0.0002829350288189314 1.6337460603625384
110 0.9001423119304859 0.21753145252664918 0.009830767637901916 1.6335234706023234
115 0.9053379714335856 0.20626980679844475 0.001875462814731499 1.6335958835986357
120 0.9030086353333975 0.21062955724156196 0.0032699862342491226 1.6334797386957007
125 0.9012882915976901 0.2160521507730362 0.00025414050149441536 1.632934629172272
130 0.8983265000194223 0.22175591439721454 0.0012638068231169974 1.6337512597710508
135 0.8985283090915885 0.22241893230307408 0.0005097990663340823 1.6334390249691573
140 0.9017475894459701 0.215313407677179 0.005087388389226177 1.6331381059386398
145 0.9002121791188071 0.21852177903783865 8.451356551919531e-06 1.6335537136048126
150 0.9012956665692108 0.216565998115261 0.00011478838549594528 1.6334734219699811
155 0.895668271762381 0.22733082026153628 0.0009978401217325406 1.633385716898655
160 0.8972146346866187 0.22465303986708118 0.0006158940716785022 1.6336704461125289
165 0.8942303364274057 0.2312389197961635 0.00044580220968959416 1.6333806291633979
170 0.8996271294804937 0.22142571087438645 0.00019384413138845424 1.6333629283713043
175 0.8979348988986923 0.22469103097050258 0.00022241610819340174 1.6332643217113978
180 0.8983904586957545 0.22405819645666636 0.00018136044214123181 1.633469750014939
185 0.8974907931547347 0.2261563798917714 0.00147360517106776 1.6332358677777912
190 0.8915820740201472 0.2385209813631013 0.005335532621666195 1.6337784544700442
195 0.8958112303029655 0.23048813377471644 0.0045255955058634 1.6331550067433869
200 0.8919028837734229 0.23722934536822593 0.0017057727625933161 1.6333918306377426
205 0.8953098168486661 0.23123433425854079 0.0013295672760307298 1.6335647352988008
210 0.8900109313174753 0.24267171989109593 0.0011111564639780802 1.6335386987675933
215 0.8925247170717434 0.23764939646113037 0.002687875470695822 1.6330487937565976
220 0.8915489367782661 0.23952505005119185 0.0005216510190080292 1.6332938716770726
225 0.8927184531551112 0.23861310211467357 0.0019069042550132753 1.6332327650492109
230 0.8914405248947145 0.24104620751347183 0.002621157127889795 1.6333141295262599
235 0.8885301163479347 0.24707378174649564 0.00014653230353389723 1.633489273754691
240 0.8916373120738345 0.2421273112864999 0.0017434740150739092 1.6328221823153044
245 0.8898913444335257 0.24570812342510595 0.00022133538636892602 1.633247090000807
250 0.9654336743557173 0.08855589611166348 0.052935145389999105 1.7390150949949617
255 0.992053211401845 0.019484010820875586 0.0011741235380018367 1.6597366001832996
260 0.9982860663626123 0.004083067570758381 0.0066789725299174485 1.6397554207514984
265 0.9964171647326687 0.011750857773316081 0.0032987757812981133 1.636719718615126
270 0.9992418588901685 0.0019328957341486763 0.004530292446697448 1.6367777649711315
275 0.9992452486926697 0.0018203112736201454 0.0017839340573229112 1.6362675504850939
280 0.998916475909283 0.003518388075993917 0.001159517484838446 1.6358659165188656
285 0.9994097652582208 0.0015732107033694653 0.0014868276670183533 1.6354010093618567
290 0.9990189220001493 0.0030663966957322764 0.013562778056885882 1.635450175792736
295 0.9994426501452661 0.0013420582507905898 0.0016614083801615998 1.6353651949857235
300 0.9988188575154071 0.004275325003135766 0.001391355621123802 1.6346859652765928
305 0.9995771933398071 0.0010885184059881148 0.0007821011014217394 1.6351820140827766
310 0.999241231326109 0.0023194323872561817 0.004945471423898784 1.634755734440061
315 0.9993917389161237 0.0016234268460646462 0.0007736220738139288 1.635072555499686
320 0.999633466210083 0.000915852455804611 0.0020972830626853067 1.6347796850657124
325 0.998873882258026 0.0039138123524185 0.0007674231874439386 1.6351425553752907
330 0.9995114573674992 0.0015381777748137981 0.0074491923720858555 1.6348114460472902
335 0.998842204390574 0.004303723212050414 7.9516948271241e-05 1.6349581030667024
340 0.9971919238009275 0.01096481023221818 0.024318063504086274 1.6345210959330103
345 0.9994749547319282 0.0015830711158988375 0.0029494827638449905 1.6341928621886794
350 0.9991797261464346 0.0027360853054378964 0.0028393476917547567 1.6343510664487098
355 0.9988102048394021 0.003650464942660303 0.004409675437898608 1.6347788837406845
360 0.9985436771514974 0.004052402456165893 0.004991670593863962 1.6344478019102826
365 0.9997618577129445 0.0005772761613118682 0.0015594498850211025 1.6345937444488745
370 0.9992039397490244 0.002811357804597625 0.0064377389028766885 1.634393533305531
375 0.9988178147046902 0.004440525020531494 0.008658063199688648 1.6346836998979901
380 0.9986962757724378 0.004818098085646483 0.004106511846819982 1.634186682952742
385 0.9993114978818923 0.002363836078284942 0.00037866454501367386 1.634674497718965
390 0.9991926357962219 0.002827346757963367 0.009608109570658385 1.6345998316792776
395 0.9996262438216856 0.0008611466198882312 0.0017762131906648992 1.6344688450706581
400 0.999714164690177 0.00080252765902733 0.0011380484303615823 1.6343028269559055
405 0.9994992427253551 0.0015491013281143662 0.0004472071961436619 1.6344070302773213
410 0.9996446249363069 0.0009687675649192595 0.0012318516520550826 1.6344575467253177
415 0.9994135963898731 0.0016410548713396977 0.0009500720465807078 1.6338773833335032
420 0.9995483567945197 0.0014910579665841084 0.0024089115491074953 1.6345600870354613
425 0.9995015202178119 0.0012701969957258363 0.0007967494648690732 1.6344216882954379
430 0.999603692597187 0.0010578846548683352 0.0006956301872991233 1.634303460653773
435 0.9994373659986624 0.0017995170324549559 0.0002780789743623835 1.634447816074999
440 0.9990669866063582 0.003465001649991306 0.005689587235218729 1.6339933833841283
445 0.9992313236085945 0.002839442675214743 0.004393980218318605 1.6341349858968526
450 0.999406154407994 0.0015414122727408497 0.0032307410328804576 1.6341760833787942
455 0.9992097468280666 0.00251363512724323 0.0045748692133360525 1.634080898063963
460 0.9993257128857396 0.0025117462119312872 0.0011610886035267054 1.6342802732034436
465 0.9996740876446817 0.0007271604122891517 0.0006164970352842136 1.6343439769974142
470 0.9993153685247861 0.0026632179618810703 0.0016730844963959157 1.6337841003187636
475 0.9994899051780688 0.0014659907712346598 0.004749113005654948 1.63416413967453
480 0.9996943235937286 0.0007875796699194915 0.00047695773745948244 1.633593741333904
485 0.9993758295510522 0.0017250755907955995 0.0019454662162097236 1.6339303723085505
490 0.9995178504657756 0.001185039132371335 0.0006177862093905695 1.634001815048017
495 0.9996485131087295 0.0008504946740977015 0.00021340729448193763 1.6337863938911357
500 0.9996578740880799 0.0011764716871154324 0.004029141368856015 1.6338029603536355
505 0.9984953339990357 0.004539036951326736 0.004513418074130193 1.6337068362148626
510 0.9995684097337711 0.001212438525511228 0.003056259675080719 1.6337939423135552
515 0.9994552012402866 0.0018598965912903775 0.005172356218477336 1.6344136688577098
520 0.9985918469797928 0.005275355803683546 0.0026499427886099713 1.6338579425371196
525 0.9992672531397191 0.0027895251718019765 0.001405180675987383 1.6337673370077817
530 0.9986342690481282 0.005351569302382009 0.006427465752393502 1.6339859836187813
535 0.9990141022123185 0.0031139339619374873 0.02194699388652377 1.6337897705241085
540 0.9997298688967015 0.000758302640219366 0.0012405048816783726 1.634018568015313
545 0.9991915521919765 0.0023369129952806045 0.0008878811592363256 1.6340237245152878
550 0.9995636771487462 0.001392309131287961 0.004810840015005091 1.6339728168516938
555 0.9995536927757511 0.0012240460822834365 0.0028637471993242514 1.6339978161630375
560 0.9997411995270883 0.000625359105212997 0.0033341907155903794 1.6341550680840147
565 0.999001128898809 0.0036574901862655995 0.0010963504674121882 1.6336985845831262
570 0.9995589597982295 0.001323497093389081 0.0007953933076787489 1.633865073925103
575 0.9997324034883143 0.0006443154882955771 0.0007006816487793444 1.634023628743164
580 0.9995204008501245 0.0017473261748899294 0.0020344775936735893 1.6333621195714523
585 0.9990537526989427 0.0036598034290149517 0.0008427081658277658 1.63370453559534
590 0.9996356689068238 0.0012584810551070635 0.0006631696349188587 1.634115695367488
595 0.9994009499281626 0.001702446662316337 0.0035126195426440354 1.6337754406314753
600 0.9997124472594859 0.0009153600842517484 0.002042749756091977 1.6339956543710386
605 0.9996910716730127 0.0009904953331936195 0.0023471601852458335 1.6334931052921713
610 0.9996806696440179 0.0009993659118798792 0.0034483431928367114 1.6341411625358089
615 0.9993874606422477 0.001750230928512897 0.0027652037595939927 1.6338531708225639
620 0.999806878452137 0.0005769968263162895 0.0011835178963830462 1.6332646917886213
625 0.9996089033810737 0.0012942813649301499 0.0036880816032831554 1.6338501004675354
630 0.999592137810206 0.0015218340964262556 0.0014993046780436003 1.6335370516087349
635 0.9993361544275225 0.002241175374943616 0.014690685100309242 1.6338490576291491
640 0.9997376011250191 0.00088587239706861 0.001609411046748388 1.6339405541983232
645 0.9997813922998396 0.0005491812489684111 0.00015704776783076468 1.633682736504345
650 0.998516779685322 0.006018230447736972 0.010336624771078107 1.6333707295448838
655 0.999574776579131 0.0014642372824149597 0.0064248990170572284 1.633782827232364
660 0.998327461341868 0.006347906865780795 0.0012605572225452555 1.633634612881287
665 0.9997532674971152 0.0007159436723997992 0.0003062582339952158 1.6337844769318102
670 0.9992874638893686 0.0028373977771687375 0.002570396090281424 1.6336284678546886
675 0.9996467891592793 0.0009474165269478529 0.00014806989737015108 1.633975604262281
680 0.9996403749522866 0.0010931846806645495 0.004388176743127747 1.633551189294272
685 0.99975169795487 0.0007593664510592291 0.0003443518276176061 1.6337496916191097
690 0.9996416221809372 0.0011852673365884137 0.0007940077648633803 1.6338782583731262
695 0.9997130137256368 0.0008794565219987227 0.0008030677514732076 1.633727450249475
700 0.9991912327326882 0.0031672835630229823 0.007780450696200258 1.63355533010958
705 0.9994982070567882 0.0018817611554136082 0.0007644192592124455 1.6335918033818857
710 0.9990188440430096 0.0036634439340363922 0.0022593801561523463 1.6333260850103921
715 0.9997717752007924 0.000666529030747709 0.004078000936824422 1.6336503026929523
720 0.9993326492729198 0.0025201931511524833 0.003601664399901061 1.633600208081461
725 0.9986859395391946 0.005360215333790386 0.007219823162648797 1.633492122022472
730 0.999666363976172 0.0012331193539518726 5.2022095244463884e-05 1.6337139226331947
735 0.9996775800699796 0.0011702208547799131 0.00427148366492669 1.6336030530309051
740 0.9995824311519748 0.0015168624525720986 0.0003942352542272154 1.6337755718762588
745 0.9989306965565565 0.00420629616110757 0.0054116910169137444 1.6332775288559542
750 0.9990800404881615 0.0034561103338668353 0.009326269042013946 1.6336162054885408
755 0.9993893153284268 0.002294278231151914 0.003800763731964807 1.633191151872072
760 0.9998651152637261 0.0003439936687759104 0.00021634748574594909 1.6338037653257331
765 0.9997092729192854 0.0009103117926410054 0.0009838057355313623 1.6334099515830283
770 0.9993490933458598 0.0025540029583093204 0.0030238639515265398 1.633675608303457
775 0.9991555451623675 0.0033908771601600662 0.0006707536849801521 1.6335637474865865
780 0.9996368629228983 0.0011858441839496248 0.004017395100763599 1.6335967262135194
785 0.9996831440359314 0.0010755117427878602 8.265897082360141e-07 1.6336529744789225
790 0.9987629282312442 0.004798198110341767 0.0012783756728345086 1.6334600854423973
795 0.9995266257625053 0.001740629041357744 0.002516884865547242 1.6336655802142184
800 0.9997924246219523 0.0006271409157574404 0.0020848171070708688 1.633328751760806
805 0.9998144509437633 0.0005642786014772305 1.839163003802824e-05 1.633791886791936
810 0.999552628876144 0.001706636247201354 0.006785524462129988 1.633553662135463
815 0.9990367952420987 0.0038463129431662857 0.007471241385161642 1.6330489810719553
820 0.9996655663723929 0.0011395633349449152 0.0009839565833957842 1.633696080317499
825 0.9995365793744183 0.0017060943977464937 2.4508652300969658e-06 1.632958125408759
830 0.999428366923464 0.0021860391236732113 0.0011959510907952886 1.6334184726477117
835 0.9998512871200131 0.00046688220740231934 6.073290552244259e-06 1.6335885454998975
840 0.9996466393268839 0.001259904580381166 0.0016177930974898835 1.6331669708800625
845 0.9998362211603725 0.0005250516338515254 0.0016004935055176084 1.6333044400214838
850 0.9996725837432814 0.0011543307188128793 0.003477643322438828 1.6333716370684286
855 0.9994248349546133 0.0021135041591928694 0.003653310191113146 1.633568666534712
860 0.999600745427276 0.0014686081609143198 0.002654341058307974 1.6335464143806717
865 0.9997531931476696 0.0008598917157125463 0.0013414033537766379 1.6335906059182255
870 0.9997545185208278 0.0008591101876600504 0.0025054779153925733 1.6325316708238227
875 0.9996592264959772 0.0012412053408028534 0.00491676945649111 1.6335353437669355
880 0.9998130841916429 0.0005934617524696595 0.0007117449388036601 1.633963679377611
885 0.9996375469713762 0.001315584501836442 0.0027573042220052635 1.6334603680695678
890 0.9997915296977811 0.0007444206088647043 0.0013040119911702508 1.6333571196643248
895 0.9997255185074059 0.0009375697483022805 0.0034405230372585027 1.63347307497368
900 0.9994052276658747 0.0023136927967648546 0.004232318745816421 1.6331873205461145
905 0.9996289549679614 0.0014031114986976512 0.004242664594132917 1.6335660369734892
910 0.9996437189535291 0.0012702170746972108 0.001092331601005192 1.6334016267704223
915 0.9998738953812482 0.0003957807317811479 0.0009873011639907059 1.633714695391247
920 0.9998104354730283 0.0006361738522351335 0.0019758743953040003 1.633335371929204
925 0.9997835363431283 0.000777492628248666 0.0007574238143550627 1.6332299129174088
930 0.9998607402851534 0.0004588360382602463 0.0010125357551238334 1.6335478747497265
935 0.9993167009325563 0.0026203862937792533 0.002354018580476458 1.6333245586461342
940 0.9995941382785274 0.0015413303504989706 0.0012656749770763032 1.6334032671172374
945 0.9999045623330967 0.00026732209006996577 0.0026809728593644166 1.6334396188451317
950 0.9998251268854437 0.0006116500604074204 0.0032403098702706856 1.6332475503367
955 0.9998928947768388 0.00032458782505173644 0.0014536913144329588 1.6334170805127222
960 0.9996336233768841 0.001365930658878911 0.0036307744591506097 1.633077398142546
965 0.9997772224382858 0.0007573692508140439 0.00022777919906946664 1.633288598759471
970 0.9996533798248353 0.0012955837355561606 0.0028113518021217754 1.6333867407760447
975 0.9997944288538212 0.0007262564304095775 0.0008150070225210193 1.6334427759559542
980 0.9995436261811095 0.001740478358728037 0.0010167199871291555 1.6333095684361376
985 0.9991367931023611 0.0034171806134959404 0.004471228461147447 1.633348687669329
990 0.9996007818255301 0.0014759721118673408 0.0014288485496640746 1.6332812133311978
995 0.99976711397215 0.0008045514006664867 0.0010944320297991972 1.6333371296957369
1000 0.9995458966391434 0.0016295795929139878 0.00324927126243324 1.6332542639760488
