0 0 0 0.24773454140871132 0
5 0 0 0.06821219622460539 11.940515615101795
10 0 0 0.03606375618287716 11.074941415442758
15 0 0 0.007648722958335519 10.61991539558789
20 0 0 0.004386490324450376 10.323955536585423
25 0 0 0.006784966118364766 10.254930287788977
30 0 0 0.01128772717192783 10.252624412985831
35 0 0 0.004459656786734545 10.178901029638533
40 0 0 0.013380682968060942 10.175660990549684
45 0 0 0.0039739064245682965 10.146094708280152
50 0 0 0.010328989000764066 10.144239916530465
55 0 0 0.0022855873581846264 10.11386814655039
60 0 0 0.008884755978791237 10.109505657092766
65 0 0 0.016835025026232353 10.109947886220663
70 0 0 0.011311284376607 10.101414299127178
75 0 0 0.01733287299944375 10.095958973315396
80 0 0 0.006024044492381142 10.089622594769454
85 0 0 0.00791687608326841 10.080660530790432
90 0 0 0.01264755801316575 10.088908328134055
95 0 0 0.010904964098062742 10.08454957510388
100 0 0 0.013443417975649519 10.070620063302526
105 0 0 0.009189616083998597 10.081184973220585
110 0 0 0.013951510638895215 10.07925604918001
115 0 0 0.0092573924996171 10.074338171783754
120 0 0 0.014675716717276188 10.068521814522363
125 0 0 0.010080373304770518 10.066211503649122
130 0 0 0.009075685882094398 10.076999518771956
135 0 0 0.009681389240957072 10.06269432926997
140 0 0 0.015301536457401843 10.065411537196905
145 0 0 0.012432789677870204 10.063596384855977
150 0 0 0.012525934644992853 10.062326033604378
155 0 0 0.01445751238052706 10.055844627743731
160 0 0 0.011556138938417337 10.057127085020541
165 0 0 0.010136410698427412 10.05635242642554
170 0 0 0.009170435308896163 10.057063264622293
175 0 0 0.004284664771712077 10.056686395571038
180 0 0 0.005654025806730356 10.059424486477905
185 0 0 0.008531440570911597 10.05395700124154
190 0 0 0.004145826044815726 10.051786958324914
195 0 0 0.01440877412359165 10.055085246000314
200 0 0 0.007330728166606182 10.052671413286271
205 0 0 0.007990119507169435 10.054464212950691
210 0 0 0.010389946470357625 10.055566686156245
215 0 0 0.009566334437534962 10.051535329718858
220 0 0 0.002881358025614844 10.053402793739258
225 0 0 0.010166562533765688 10.05501365211268
230 0 0 0.00896093645562801 10.050258460138153
235 0 0 0.011661292129970136 10.050865921726855
240 0 0 0.011446705097704957 10.053466892866526
245 0 0 0.011934450676996278 10.04845222552987
250 0 0 0.005570674260443109 10.052172783058314
255 0 0 0.011576768613850152 10.054392652139299
260 0 0 0.011702856937502615 10.05161560356471
265 0 0 0.008367465031880128 10.050112395067902
270 0 0 0.010998252439333944 10.049032989183512
275 0 0 0.008086525844182013 10.050345018752797
280 0 0 0.008287433591848359 10.047947483594555
285 0 0 0.009832803669670653 10.04910914502897
290 0 0 0.00843705674627837 10.04987950373279
295 0 0 0.009918870737725793 10.049786209690696
300 0 0 0.004006029532127142 10.048265404153863
305 0 0 0.010338195170893627 10.049158612216573
310 0 0 0.012877414022781863 10.046064755873537
315 0 0 0.0060985568036644455 10.049858253874694
320 0 0 0.010436132572375634 10.045655668053179
325 0 0 0.011616237279852726 10.044996247435064
330 0 0 0.011129846586303449 10.049059416657956
335 0 0 0.011738892069874662 10.045652027885435
340 0 0 0.008808983082418065 10.047166704075632
345 0 0 0.0060725769915102035 10.045002004469794
350 0 0 0.006360389713616854 10.043356363823886
355 0 0 0.011416204637646477 10.043951139660049
360 0 0 0.008246896970036222 10.045763491442294
365 0 0 0.009453636764345408 10.040843459183677
370 0 0 0.008192145448380206 10.04540700389944
375 0 0 0.006862650022350092 10.04171486398534
380 0 0 0.007459715928520794 10.045473463666523
385 0 0 0.008987988016982085 10.045116192277112
390 0 0 0.0073286722758523215 10.044706279964291
395 0 0 0.010005296618211812 10.047417893250337
400 0 0 0.009340468746285913 10.043394077318235
405 0 0 0.009350204460723655 10.04402128123198
410 0 0 0.010263473834541292 10.040396086216953
415 0 0 0.012152553937052613 10.043368306899271
420 0 0 0.009839564101954412 10.043583638570588
425 0 0 0.01097048017718727 10.042107880830564
430 0 0 0.0016380395031205808 10.042382400733196
435 0 0 0.008955782057241901 10.039946907521742
440 0 0 0.010574263459716127 10.042281912852557
445 0 0 0.011949796470740237 10.04004896181589
450 0 0 0.007984540314590616 10.039552099490281
455 0 0 0.012678715630263238 10.043820630124358
460 0 0 0.0033645239733766097 10.043237728670373
465 0 0 0.01270141068965236 10.04119270825859
470 0 0 0.007779004860145822 10.041792505416389
475 0 0 0.008251300057632083 10.040552569063102
480 0 0 0.011717153022609672 10.040807721536412
485 0 0 0.009924190147552858 10.042751258142287
490 0 0 0.008044815560507956 10.040211172270759
495 0 0 0.008262855899769495 10.042216922516944
500 0 0 0.013805780008963042 10.395545536529694
505 0 0 0.0025850374065359283 10.193191360334339
510 0 0 0.008485377393912863 10.179231741224907
515 0 0 0.0010667163165458682 10.170292726919929
520 0 0 0.0031742861962751334 10.163682357470885
525 0 0 0.0021474773949179404 10.157501667105562
530 0 0 0.0076755550075588985 10.150100141473281
535 0 0 0.005967532413127419 10.14258205186876
540 0 0 0.0012275664809180409 10.130310228053073
545 0 0 0.002077455330586009 10.098411281478784
550 0 0 0.011599352544611419 10.068844611398612
555 0 0 0.0057699361044736275 10.053698697441614
560 0 0 0.007133549034110009 10.043915815396733
565 0 0 0.006482144209132734 10.03654762914379
570 0 0 0.009589416784967275 10.032791215492885
575 0 0 0.007368663802848063 10.026907186111483
580 0 0 0.007871657827550393 10.023170280720812
585 0 0 0.010474137600190225 10.01737701040228
590 0 0 0.011834845839728603 10.014871965312263
595 0 0 0.011665129582923983 10.01216651968724
600 0 0 0.012043287747718123 10.007183713674149
605 0 0 0.012334216517143393 10.001872935123513
610 0 0 0.011481955018320944 10.001466830796149
615 0 0 0.012628975057941805 9.997726226748911
620 0 0 0.010935495871645662 9.994056237995931
625 0 0 0.01716635735868932 9.994132791954739
630 0 0 0.013422911880196509 9.992345867750384
635 0 0 0.013383830345847558 9.995733622189128
640 0 0 0.012700952230684237 9.99109487465848
645 0 0 0.009563134221417302 9.988035136577745
650 0 0 0.015757762826847266 9.98675315021778
655 0 0 0.013960177161155274 9.984425382290192
660 0 0 0.018294368054080357 9.983817799244274
665 0 0 0.010817142640988653 9.984396042753081
670 0 0 0.01434502784786651 9.982170058928864
675 0 0 0.01267324511573209 9.982065023993783
680 0 0 0.010162683859277433 9.983065770654868
685 0 0 0.014563021531393217 9.978978892826387
690 0 0 0.011692958136749088 9.980464699131721
695 0 0 0.011884438826775368 9.980672376156228
700 0 0 0.010793158340823616 9.978001821333008
705 0 0 0.01086407741172013 9.976740725628387
710 0 0 0.013582677207719662 9.977012261347488
715 0 0 0.014918989025013873 9.977265659625916
720 0 0 0.0066839272450540665 9.986071594600993
725 0 0 0.016321129708613213 9.976765231304576
730 0 0 0.015711717880451115 9.977153389249823
735 0 0 0.015687846665050742 9.976937848854304
740 0 0 0.015443526630134041 9.975294158260853
745 0 0 0.014710409008192205 9.975731145052077
750 0 0 0.009022057205477774 9.975253831605595
755 0 0 0.013482858783079976 9.975877911862495
760 0 0 0.01314439681831625 9.97441422898612
765 0 0 0.013710964149936666 9.973735174965803
770 0 0 0.013104262461814953 9.975764375172457
775 0 0 0.012272377225073239 9.973235748194442
780 0 0 0.015164315652695715 9.974135732332563
785 0 0 0.013336376913516856 9.97395000707565
790 0 0 0.013358900220144854 9.972788259424304
795 0 0 0.015210015861799153 9.97368939265776
800 0 0 0.01432347648450727 9.972723773318938
805 0 0 0.012402073144977876 9.972642131611856
810 0 0 0.01534622738852498 9.972679848369943
815 0 0 0.014484987715569497 9.974014956618479
820 0 0 0.014267547569122963 9.97311854585668
825 0 0 0.013072947198348617 9.972811745284522
830 0 0 0.014336512917573652 9.975091339328806
835 0 0 0.015069841633425396 9.972265424585736
840 0 0 0.01316746738862129 9.97339519579202
845 0 0 0.015304565431486283 9.981337559696776
850 0 0 0.012688579984853288 9.975357187935249
855 0 0 0.013780765960989871 9.971161923953625
860 0 0 0.013033134706274874 9.970440223756162
865 0 0 0.014325072729762356 9.971844350960057
870 0 0 0.012383027108120004 9.972108183258031
875 0 0 0.013984030714696782 9.972336808345547
880 0 0 0.01332426522582364 9.971461563219206
885 0 0 0.010268326216789081 9.971674964484635
890 0 0 0.012859486451099134 9.97159037712828
895 0 0 0.011122698869214354 9.971612235868097
900 0 0 0.014100930672614753 9.97222910720908
905 0 0 0.01467875636924143 9.971394196635638
910 0 0 0.013534991093292259 9.971848743333005
915 0 0 0.0122285117430172 9.971539054844126
920 0 0 0.013579403383487731 9.97157133687032
925 0 0 0.014207481054869353 9.971218227976538
930 0 0 0.01220054549687033 9.971043007874965
935 0 0 0.012657717958485248 9.986974054326565
940 0 0 0.014298101957469944 9.97109688311207
945 0 0 0.015867212832890942 9.971270079220728
950 0 0 0.012535543107368596 9.970655185889393
955 0 0 0.014710549047443955 9.970450317775272
960 0 0 0.013672791496766257 9.969982677349627
965 0 0 0.010591873761096604 9.970097494940177
970 0 0 0.015381925912040462 9.969858716883097
975 0 0 0.01346460751011791 9.970217130667084
980 0 0 0.01470070633675613 9.970307510824064
985 0 0 0.011965278928762535 9.97067960451402
990 0 0 0.012947314790350495 9.970643299785632
995 0 0 0.013268743011968231 9.969973318176221
1000 0 0 0.012516768589038163 9.970007292204702
