0 0 0 0.4188926789374916 0
5 0 0 0.007667186776046275 10.059419905239709
10 0 0 0.012601425062831462 10.035355354306787
15 0 0 0.011067671318598427 10.029434394395317
20 0 0 0.013704100674478248 10.024438049878087
25 0 0 0.00981465881141208 10.019658119567438
30 0 0 0.013760258788449109 10.011856964801199
35 0 0 0.013920594445903767 10.00736210853737
40 0 0 0.010855673810484134 10.002348985301012
45 0 0 0.012004367074469169 10.00087173830914
50 0 0 0.00757035970596065 10.124098271377608
55 0 0 0.002090644449877388 10.055120204780458
60 0 0 0.008458770179507802 10.030366850485033
65 0 0 0.009844831569811863 10.011150682540695
70 0 0 0.013255965157020988 10.009724549744934
75 0 0 0.011145064492180667 10.007593138864518
80 0 0 0.012784793034414488 10.003973882125994
85 0 0 0.009652807434987531 10.00264593747413
90 0 0 0.015139192612788177 9.999168864893122
95 0 0 0.015314326981366033 10.004370226745117
100 0 0 0.0023525997030986456 9.997323753602963
105 0 0 0.007469668029046472 9.996241312806301
110 0 0 0.009739893260230392 9.992561367303626
115 0 0 0.011078864618146556 9.994223205726101
120 0 0 0.013377216673551295 9.993227139433037
125 0 0 0.013590853952152537 9.990541097414972
130 0 0 0.011157255998052396 9.989468447088575
135 0 0 0.014845608434469693 9.987241086120266
140 0 0 0.008698751972671115 9.99328259295495
145 0 0 0.014497072812142964 9.988779136812523
150 0 0 0.011633610489875101 9.988510487514933
155 0 0 0.009718719608809323 9.987124936689879
160 0 0 0.012448142769247328 9.986157086071094
165 0 0 0.01436895415420425 9.987309439499082
170 0 0 0.011105744628073122 9.987479064535226
175 0 0 0.012194820711113996 9.981689289154417
180 0 0 0.015056731182539584 9.981148921998157
185 0 0 0.011446426009098287 9.982786964652444
190 0 0 0.01627141778582719 9.982390794352002
195 0 0 0.015476416399340831 9.980894195403655
200 0 0 0.01342680424776943 9.981176851832432
205 0 0 0.014466579093002085 9.980209329993283
210 0 0 0.014686248024261772 9.978936446759484
215 0 0 0.012007715733876045 9.979684528560703
220 0 0 0.01462574132427319 9.976872430382732
225 0 0 0.01474319226423182 9.978366084919342
230 0 0 0.01610356458101947 9.978827322290535
235 0 0 0.015205760280780911 9.978062313122013
240 0 0 0.014163838191554756 9.977810396810513
245 0 0 0.01112544822058048 9.976525587064193
250 0 0 0.013722438202809606 9.97771586339121
255 0 0 0.01420891160272686 9.97770125758865
260 0 0 0.0115584060067484 9.977501800187332
265 0 0 0.011893485187741915 9.974573177780734
270 0 0 0.013140210504007488 9.978355470316892
275 0 0 0.01265232705759578 9.977277070546217
280 0 0 0.01418036242379439 9.976621184091071
285 0 0 0.012537532860577683 9.974677876077576
290 0 0 0.011474201624345648 9.976198304312726
295 0 0 0.011418105084674668 9.974601629427982
300 0 0 0.01403953090828991 9.976496568663093
305 0 0 0.010912266116229752 9.974345493395468
310 0 0 0.014901485938245917 9.975960240111597
315 0 0 0.012509536930973786 9.97556719525192
320 0 0 0.016217747118519643 9.974552640239752
325 0 0 0.008113858159290777 9.973909462826944
330 0 0 0.010573351960992294 9.972859489936011
335 0 0 0.009652328759760076 9.974624287238601
340 0 0 0.014923314613986216 9.974214794112008
345 0 0 0.01338271252718326 9.975151531289143
350 0 0 0.01379367242495766 9.972734652484652
355 0 0 0.015646800003833006 9.973910735250762
360 0 0 0.013092256067697816 9.972872064494453
365 0 0 0.012819867484613612 9.972121387501439
370 0 0 0.015084375903848812 9.973281626386242
375 0 0 0.010775772371272474 9.972457707329959
380 0 0 0.00906704013785875 9.972583041546583
385 0 0 0.013315093106051723 9.971963188666468
390 0 0 4.9673069026034966e-05 9.972027767200176
395 0 0 0.013942427775256672 9.971301737415342
400 0 0 0.012992547533710042 9.971389587642784
405 0 0 0.013461339195070199 9.97217962554817
410 0 0 0.010140226605077629 9.974368605118654
415 0 0 0.015236504086673985 9.972241147402524
420 0 0 0.012252250077758209 9.972042807718838
425 0 0 0.012611761659280685 9.970123060313854
430 0 0 0.009657010804869692 9.970512539554065
435 0 0 0.012478279345026655 9.970183246482966
440 0 0 0.014313882259038957 9.971216755045113
445 0 0 0.014761788795196518 9.970112198297246
450 0 0 0.011492084515027923 9.970454422861499
455 0 0 0.010961860204044438 9.969140392016635
460 0 0 0.010569897918240256 9.968163307500411
465 0 0 0.011772461956808478 9.969773466413015
470 0 0 0.007292450229805514 9.967905713467436
475 0 0 0.008830382897107025 9.970088923516181
480 0 0 0.012493856604583353 9.969635941185858
485 0 0 0.009518339106857399 9.968853340330481
490 0 0 0.013604263699138919 9.96859714048377
495 0 0 0.008971419680271042 9.967798997600273
500 0 0 0.013116420272896168 9.967454120905888
505 0 0 0.016692707978440025 9.966876389598257
510 0 0 0.010959984948656576 9.968238038592329
515 0 0 0.011670493245270697 9.966440045160144
520 0 0 0.006117131200183312 9.966290336043063
525 0 0 0.008412852623588707 9.968246348666165
530 0 0 0.010426644445955757 9.966795769261788
535 0 0 0.0124699287421981 9.965674373082106
540 0 0 0.015020079957402732 9.96591141929501
545 0 0 0.011937209017469197 9.965354190144163
550 0 0 0.011009686926727102 9.965150792085993
555 0 0 0.009171576998208364 9.964189200435412
560 0 0 0.009117428239410419 9.964925000620022
565 0 0 0.011224267369172924 9.964556889806941
570 0 0 0.008691711578084904 9.964605208434637
575 0 0 0.009511414423492237 9.963000934695586
580 0 0 0.010652972458367937 9.961666097244528
585 0 0 0.00870140421873522 9.962551393903507
590 0 0 0.013264795796708473 9.962302036736192
595 0 0 0.010555979858668962 9.961315018178567
600 0 0 0.008949145614137732 9.96107203169466
605 0 0 0.015908579854132965 9.960754203122008
610 0 0 0.006230729536802704 9.95968619132364
615 0 0 0.005577926810815814 9.960083945927146
620 0 0 0.005399410233343227 9.95998684065136
625 0 0 0.009119355882932112 9.958017021007015
630 0 0 0.010122926023250711 9.957188796439386
635 0 0 0.011218930923675874 9.957845201861126
640 0 0 0.010856078823825888 9.957478700284227
645 0 0 0.014214932847213868 9.95531459787302
650 0 0 0.010243470197914606 9.955545399838371
655 0 0 0.006288768966115299 9.954685787379788
660 0 0 0.01646524151682338 9.954333698746018
665 0 0 0.008928875655216828 9.954176096857047
670 0 0 0.0109287269318461 9.953800291880265
675 0 0 0.011710542787735756 9.952369424663042
680 0 0 0.00038507289624556407 9.952073463911779
685 0 0 0.005647120888489621 9.950164624346398
690 0 0 0.006996049193049636 9.949760063877072
695 0 0 0.013941387133603822 9.948923985771417
700 0 0 0.011994548865633448 9.947484774837424
705 0 0 0.002442651431364684 9.946964424261042
710 0 0 0.003384441481699696 9.946939796209989
715 0 0 0.00036064721749817785 9.946768350543678
720 0 0 0.008492859641743511 9.945560285778743
725 0 0 0.014609992468589184 9.942097441747608
730 0 0 0.010349604509197974 9.94324861586381
735 0 0 0.006821576017206565 9.940532306404135
740 0 0 0.012659291448173127 9.939819111458899
745 0 0 0.015670829944583797 9.939860651883373
750 0 0 0.00262890948393113 9.939744828364134
755 0 0 0.008593507909959275 9.937077349811723
760 0 0 0.006211363455906449 9.935702005503272
765 0 0 7.481555716659649e-05 9.937304759290342
770 0 0 0.005733177269922951 9.934097349727319
775 0 0 0.0072764071318915935 9.93327551577278
780 0 0 0.006884129104637093 9.931511625782802
785 0 0 0.000550911340961413 9.931346209717413
790 0 0 0.002441446464643615 9.930886499516568
795 0 0 0.012872160465736915 9.929676265659657
800 0 0 0.0036713563924029025 9.927951242434181
805 0 0 0.01548731494145339 9.925698476069082
810 0 0 0.012236067822210206 9.923150631508054
815 0 0 0.001345887164207138 9.922419286538844
820 0 0 0.0012919122081922474 9.921209008382881
825 0 0 0.00562988979232637 9.91849747545113
830 0 0 0.010663131537961501 9.917514917710104
835 0 0 0.009310279111364839 9.917987539967253
840 0 0 0.0022751518294512607 9.914282567604035
845 0 0 0.00024782958335589633 9.914467949267951
850 0 0 0.008189520077025225 9.911489958026175
855 0 0 0.005864550967182192 9.90893862987209
860 0 0 0.013654436428846672 9.908424128941054
865 0 0 0.0018283553046343215 9.905845652498135
870 0 0 0.030961311107837064 9.90530906711313
875 0 0 0.03252185731332968 9.90050197314455
880 0 0 0.0012002040810983328 9.899640534269004
885 0 0 0.021296999379413872 9.898687506248365
890 0 0 0.006924552256960981 9.895212245196625
895 0 0 0.04800321580674294 9.893441146941342
900 0 0 0.03492640641392053 9.890290198890783
905 0 0 0.04271009937952175 9.887820180930389
910 0 0 0.02855478507636433 9.886716596042197
915 0 0 0.007302675979980133 9.884658564667177
920 0 0 0.020149847564810974 9.883570810928886
925 0 0 0.023737309202830126 9.880990704285688
930 0 0 0.043952169011730824 9.879733731845
935 0 0 0.042335696289836466 9.874642772506242
940 0 0 0.037461211871316014 9.87367139264091
945 0 0 0.05606071802335855 9.87280172271101
950 0 0 0.033339259814770816 9.870073215213495
955 0 0 0.036933683029466424 9.86731022721782
960 0 0 0.08350860474492983 9.864470440769114
965 0 0 0.08702491760103692 9.86218965483938
970 0 0 0.033135006221977736 9.860474228164426
975 0 0 0.0028245940000992675 9.857873602532916
980 0 0 0.03517388089055751 9.854994732958438
985 0 0 0.04814227806084892 9.851764879985557
990 0 0 0.004425132636234341 9.85080811473753
995 0 0 0.044535337767667826 9.845293834758456
1000 0 0 0.06012955362882 9.845456274590964
