0 0 0 0.3847095639254846 0
5 0 0 0.006830864077492338 10.05163215651376
10 0 0 0.012709154683558044 10.033280583492303
15 0 0 0.009920677037835501 10.028413605456512
20 0 0 0.013233321136019827 10.019327137226059
25 0 0 0.015351289961897052 10.01555445070994
30 0 0 0.015332803620073943 10.019448988737718
35 0 0 0.008060749188503413 10.008206341907192
40 0 0 0.011701412612407092 10.006122732789732
45 0 0 0.01584320205339873 10.001466344555498
50 0 0 0.006390435684300311 10.129044594083716
55 0 0 0.008492464853488313 10.053840542172543
60 0 0 0.0076832060781302225 10.031993233305796
65 0 0 0.013914351747179365 10.017854349252014
70 0 0 0.005852042122048262 10.01608263301902
75 0 0 0.01230398616149242 10.0079438657778
80 0 0 0.011448590302463701 10.000418775355193
85 0 0 0.012830323368778762 9.998350232196223
90 0 0 0.010044699672202118 9.999725779900116
95 0 0 0.013388599474907226 10.00063165053488
100 0 0 0.015011339402106527 9.995042642036502
105 0 0 0.01237802603646121 9.993972265384398
110 0 0 0.012616656080782773 9.994336201326028
115 0 0 0.013314314743776867 9.99374914742431
120 0 0 0.014901431861169545 9.989057831890772
125 0 0 0.01188621411867996 9.987562854392026
130 0 0 0.011859607395340088 9.991632074546516
135 0 0 0.01094858167981072 9.987626744660862
140 0 0 0.011726633145058063 9.987018836988783
145 0 0 0.01170193604037717 9.983959100619142
150 0 0 0.015879971713452345 9.98583028598158
155 0 0 0.01583729589027394 9.984990126422915
160 0 0 0.0124387746760668 9.982295425470632
165 0 0 0.013418693810788973 9.983427911846414
170 0 0 0.013315252603982586 9.983910123059953
175 0 0 0.008708725057790856 9.98293246957477
180 0 0 0.01298563358534155 9.98229051113519
185 0 0 0.01382312446923084 9.980494512027619
190 0 0 0.00881247968008414 9.97957531128056
195 0 0 0.017009636478036994 9.980792677314213
200 0 0 0.012734044646589338 9.978809494299393
205 0 0 0.015474355752780777 9.98012563913132
210 0 0 0.0141162105538295 9.979338110382747
215 0 0 0.014588911243564873 9.9782695113606
220 0 0 0.015596035615189408 9.980349535613417
225 0 0 0.013760675956139723 9.979961118532646
230 0 0 0.015077332900978568 9.978913065538618
235 0 0 0.012617060155760695 9.977142072838106
240 0 0 0.009595843524274894 9.979097816905194
245 0 0 0.01332023037982255 9.976748744709449
250 0 0 0.011695061017174435 9.977798561906214
255 0 0 0.011311203738169517 9.977766337434012
260 0 0 0.014284037654936466 9.976923885627366
265 0 0 0.011165228540622962 9.977123735139788
270 0 0 0.013931130606851472 9.976601966130199
275 0 0 0.007892434496463485 9.976180763807228
280 0 0 0.008392534640508487 9.975055171875468
285 0 0 0.012956658684778688 9.977944121224658
290 0 0 0.014106939614278335 9.976732898312951
295 0 0 0.012864521543928031 9.975862860277436
300 0 0 0.014065242434177394 9.975213398856269
305 0 0 0.012234286324201538 9.976563569406919
310 0 0 0.013326042986599118 9.974489718278251
315 0 0 0.01193627852627066 9.977454221836094
320 0 0 0.015224411519322745 9.97430783099257
325 0 0 0.014667486741999358 9.973399992194757
330 0 0 0.011502209086452941 9.976202772731822
335 0 0 0.009295811208904992 9.975367186018472
340 0 0 0.013323666601608775 9.975212543437726
345 0 0 0.01601933838028935 9.974923510010699
350 0 0 0.010684460554033715 9.973419246472925
355 0 0 0.00830052887135091 9.972915559768602
360 0 0 0.010891046485665523 9.97390617893902
365 0 0 0.013614236422727855 9.97087895356282
370 0 0 0.012273640060709079 9.973778346651038
375 0 0 0.013105818359127275 9.971534203638777
380 0 0 0.00913844012010534 9.973691168142073
385 0 0 0.011472828654466971 9.973396877568561
390 0 0 0.012232287665194574 9.972488682706384
395 0 0 0.014994367551234955 9.974279990027979
400 0 0 0.0134392791823994 9.971772456896849
405 0 0 0.010264321511625596 9.973385437336733
410 0 0 0.008009081671090268 9.971017670187411
415 0 0 0.013468697073306224 9.972222680021705
420 0 0 0.01417410245970796 9.972778616576859
425 0 0 0.01649149103291525 9.971883632242577
430 0 0 0.014967929836796401 9.971530722807561
435 0 0 0.016225081733459934 9.970873179906093
440 0 0 0.008335813702675665 9.970903583460641
445 0 0 0.014860810321668527 9.970990991313156
450 0 0 0.015309739391825117 9.970269523357496
455 0 0 0.016291894525943373 9.970862091578802
460 0 0 0.013513063595330888 9.970382018171017
465 0 0 0.015417911463443179 9.971944133855851
470 0 0 0.011068509028388407 9.969752309378032
475 0 0 0.015215016829998707 9.97079080454065
480 0 0 0.011872747926571448 9.97017758788877
485 0 0 0.014675578545239265 9.970550420940306
490 0 0 0.011638814449766999 9.968878488018602
495 0 0 0.010695318780906682 9.97036040756297
500 0 0 0.014440500827985314 9.969476879183183
505 0 0 0.015499192916968774 9.968500885337813
510 0 0 0.017248923265434923 9.968600029269554
515 0 0 0.016937718980408523 9.967169695212055
520 0 0 0.009063172311846612 9.969043772266437
525 0 0 0.012881898563444683 9.967879198672264
530 0 0 0.011186635682193913 9.967221082397018
535 0 0 0.01775804848963025 9.967538362503577
540 0 0 0.012165429455219146 9.967786311039065
545 0 0 0.01088104728025785 9.966630805688686
550 0 0 0.011211564058033696 9.965926070882569
555 0 0 0.015172068881267986 9.966171572907248
560 0 0 0.008027703651440898 9.965671300324317
565 0 0 0.014491242200616705 9.965307985861587
570 0 0 0.006657800781596945 9.964078668701497
575 0 0 0.009191313228109177 9.965137262790934
580 0 0 0.00859118555866023 9.963579826762777
585 0 0 0.00904608053304412 9.96430773850841
590 0 0 0.01124931704045884 9.964846796409073
595 0 0 0.011413390498373088 9.963678493355067
600 0 0 0.014265980820251212 9.963446062093164
605 0 0 0.015149805895080082 9.962205376827383
610 0 0 0.01028046618747891 9.963311053321688
615 0 0 0.0032395849308852753 9.961739666403886
620 0 0 0.00584025516112896 9.960463722539764
625 0 0 0.010798745464595028 9.960264296557659
630 0 0 0.012028925196307494 9.96083069608973
635 0 0 0.003027838766429536 9.960412980648693
640 0 0 0.006316078460323782 9.961046509701553
645 0 0 0.01588136410640195 9.958900346930198
650 0 0 0.017427932670940116 9.95734500817105
655 0 0 0.006923669049703873 9.958206441919215
660 0 0 0.001734987110982411 9.957894828389163
665 0 0 0.008833440881317323 9.958971006820315
670 0 0 0.011088800932691711 9.956912978474314
675 0 0 0.007678266264870004 9.955695805237788
680 0 0 0.008580023010374749 9.954710139509144
685 0 0 0.014134541867388384 9.955296287272974
690 0 0 0.005390761283732504 9.953939950840333
695 0 0 0.008006931984327448 9.953742679979815
700 0 0 0.0035889718735413467 9.953086753237862
705 0 0 0.009920930851722298 9.951984274305365
710 0 0 0.011052885236807253 9.950430388862346
715 0 0 0.008828846709453941 9.94994963155006
720 0 0 0.010517590563593915 9.951182648534674
725 0 0 0.001520324552086505 9.948955345979453
730 0 0 0.0009799717353953241 9.950733583553124
735 0 0 0.0003081052420996766 9.949093170043444
740 0 0 0.015533629881081978 9.946821110404846
745 0 0 0.01412768565294975 9.948029662601343
750 0 0 0.003228515161260548 9.945595536067719
755 0 0 0.001835496536909842 9.943983381271694
760 0 0 0.007311561536794908 9.94238452860288
765 0 0 0.0011162629342833519 9.942197246409348
770 0 0 0.008424164406394707 9.941401795041378
775 0 0 0.0032493329107103897 9.940120679184549
780 0 0 0.0043628685244914145 9.938523293139136
785 0 0 0.003418206286224912 9.938397219175213
790 0 0 0.00930862577155489 9.93629728444104
795 0 0 0.002185944993177147 9.936727691480415
800 0 0 0.0020123921354331387 9.93505530980846
805 0 0 0.0013863063021979372 9.93370679522908
810 0 0 0.036069512016024374 9.933138592287579
815 0 0 0.011390988670385571 9.933240230725326
820 0 0 0.00033151619086990713 9.931148486167402
825 0 0 0.012014762674106727 9.92846443229111
830 0 0 0.009219229697595033 9.927734360398002
835 0 0 0.004204790761333843 9.924894688724986
840 0 0 0.010101969668520505 9.926083453982942
845 0 0 0.005998541570938487 9.923546898773017
850 0 0 0.022869497397479233 9.921272815118895
855 0 0 0.00430972677785002 9.919929175030674
860 0 0 0.00452115674278053 9.918495118833881
865 0 0 0.017086501714291824 9.917199571690462
870 0 0 0.02892679853935154 9.916511330069675
875 0 0 0.013720966520794908 9.913877470733729
880 0 0 0.017379580219663016 9.910858670532729
885 0 0 0.011831893731584442 9.908650333704182
890 0 0 0.02595578901006368 9.90737598852754
895 0 0 0.010391429749116554 9.906913020980266
900 0 0 0.02630911319344431 9.906543776889603
905 0 0 0.009554625867586264 9.901567841390047
910 0 0 0.019932933034290556 9.900400617612663
915 0 0 0.01501815500541559 9.899652666441142
920 0 0 0.0210033012324764 9.896742906830703
925 0 0 0.03220158907637605 9.893751831716049
930 0 0 0.046165693810123365 9.89070012678209
935 0 0 0.03867967263260508 9.89004732338459
940 0 0 0.024902132685596934 9.889673266740669
945 0 0 0.010321848722785631 9.885236450852101
950 0 0 0.027702618715436333 9.882496163704419
955 0 0 0.02411162826646507 9.881408397778966
960 0 0 0.02190969880182969 9.877213972608917
965 0 0 0.049888911700462835 9.875680273680656
970 0 0 0.04344710674268715 9.873775693678823
975 0 0 0.030994884362363972 9.870688734715081
980 0 0 0.0330699709944553 9.868851624560072
985 0 0 0.018635173197268262 9.865397503054941
990 0 0 0.03220632489741959 9.86309681032769
995 0 0 0.0618821513199912 9.862862643062655
1000 0 0 0.04097232663189798 9.859032699615724
