0 0.7025225534426621 0.7062869058384778 0.4994147493122344 0
5 0.9988123361998421 0.004251559427003615 0.0037506719676467792 0.6954304643520388
10 0.9994701749411732 0.0018655585361340155 0.0016094245236089044 0.6948766311125911
15 0.9998799878488445 0.00027121351666004045 0.0022485067165514128 0.6944964439475121
20 0.9998406936001856 0.0004393376431567342 0.0015099939736955559 0.6942521541197744
25 0.9993985195223041 0.002191236217839565 0.0007169372528255114 0.6946614248535075
30 0.9997496572985741 0.0008518639762451485 0.007435450051838544 0.6943113361426398
35 0.9984225942601234 0.006189251861186573 0.011586078714950765 0.69475069765958
40 0.9999052347473021 0.0002304156464640883 0.0023458655373884696 0.6940266988574436
45 0.9999235797548917 0.00015738462172731893 0.00035674005075547743 0.6946140820736773
50 0.9998064058609144 0.0006432660509222421 0.001406199563242394 0.6944414103236624
55 0.9994051910379315 0.0021977379402936537 0.004335886285008139 0.6945050229799267
60 0.9993154418879584 0.00262427526258302 0.011666489307472383 0.6941968736759945
65 0.9999303265078318 0.00014178211601478807 0.0003033664705571759 0.6945138363109798
70 0.9997217613222817 0.0009893844516901673 0.010774271393520829 0.6947056356319175
75 0.9999201085739153 0.00018720905618319073 0.000257041568538785 0.6943564138865641
80 0.9997497926826131 0.0008819952439931278 0.0038817156169199674 0.6943891659103655
85 0.999921030407997 0.00018935970725353357 0.001258068814109281 0.6943422082292077
90 0.9999219237654834 0.00017919336790073181 0.0007906008170848189 0.6941083146361862
95 0.9997317325088554 0.0009228092958336598 0.001585063578401491 0.6945077699909541
100 0.9996514633206985 0.001285401998254998 0.00989999831529964 0.6943271315869692
105 0.9999361767714913 0.00013331865107013563 8.860504321139828e-06 0.6937568014581592
110 0.9995992127241987 0.0014575431220671398 0.00380985574077064 0.6944173200552561
115 0.9997370913198304 0.00094785140599285 0.008186330749625381 0.6940133464177268
120 0.9998907918468825 0.0003285753273589709 0.0010345864885679124 0.6941371689407156
125 0.9996998738695337 0.001099888218575762 0.00010361736218689188 0.6940627234311988
130 0.9999117032498339 0.00023324389781409494 0.01003917053305814 0.6937874898064476
135 0.9999396129119669 0.00012588507731670084 0.0005430436022808571 0.6938522735244976
140 0.9998615383165026 0.00044977816250413305 0.0012289207439567518 0.6942236137709226
145 0.9990396587290451 0.0037569066303695386 0.0031900947040047756 0.6938713370964699
150 0.9985873574489416 0.005575979097723338 0.011305310610896124 0.6939314596900001
155 0.9998902039093429 0.0003387916055868079 0.0006703690489571201 0.6942216609675361
160 0.9996493913755131 0.0013091561485802927 0.005685676762155034 0.6940155876825054
165 0.9999400780606538 0.0001353617715202926 0.0007842442130445715 0.6941920078084065
170 0.9999358214945121 0.0001511969560926696 0.0014439823263768803 0.6941364866046952
175 0.9996887013779776 0.0011180367838496963 0.0016799506191932378 0.693846249033525
180 0.9999401874818898 0.00013508905092218804 0.0011783773655661411 0.6935581455915893
185 0.9985304780089242 0.005811003048919128 0.002842533550236337 0.6937754105495807
190 0.9999486772215086 0.00010528439854773364 5.009742852735144e-05 0.6939901784797174
195 0.9999230411126259 0.00020408307656771818 0.004574417574003897 0.6940996006456068
200 0.9998547300972692 0.00047053729635682107 0.0019620401481474925 0.6939266193505064
205 0.9999454610569822 0.00012072447669775332 0.0010114504765152965 0.6941478635339459
210 0.9990115494214681 0.003815878274836093 0.0031897476855710094 0.6936419853282751
215 0.9999496840754719 0.00010518732197861702 0.00021185871926876487 0.6940322115253086
220 0.9998484709458713 0.0004986738433394589 0.0003887471111085894 0.6938315852681987
225 0.999652537094292 0.0012728913637103378 0.008455660179332969 0.6939182438084734
230 0.9994596442578503 0.0020856209929935865 0.007079762922458377 0.6940948421807127
235 0.9999454955640156 0.00012829170409123236 0.0003758957708654975 0.693869090083099
240 0.9997024614471317 0.0011086759022425063 0.0016922482916866821 0.6937253473307856
245 0.9998997759832102 0.0003139383544885632 0.0027673782589681117 0.6938310177386262
250 0.9998257143841265 0.0005886872950029431 0.0007588448093599487 0.6939896427016152
255 0.999815709255506 0.0006307171382520238 0.00012438213090759653 0.6939046291458156
260 0.9999093624424562 0.00026188253562331454 0.0023357977141613695 0.6940399810312221
265 0.9999531016034671 9.57130876796386e-05 0.00022890235166417305 0.6938361518325189
270 0.9998287367573211 0.0005837737507374818 0.0004800171429364397 0.6938814366115202
275 0.999949335591324 0.00011059880407060518 0.000922831697034221 0.6940474588619584
280 0.9999427103888797 0.00013537244957029237 0.0015527566713461338 0.6939180356452794
285 0.9997218127937317 0.0010365229794329078 0.0007933137736153562 0.6938337635699624
290 0.9999514268810599 0.00010759208588972946 0.0007465949691138896 0.6938424434367846
295 0.9999169995882051 0.0002402495843106811 0.0019047151490382275 0.6937332218666192
300 0.9999303650068985 0.00018821474359997925 0.001476788320226019 0.6935736694272421
305 0.9999474370884082 0.00012274275852330874 0.00029099224556772274 0.6939215616228942
310 0.9999549913143286 9.622201904946337e-05 0.0005248345874682148 0.6937919682049122
315 0.9998729426334827 0.00043187233263564107 0.0038988714137638825 0.6939529785832075
320 0.999954160810562 9.888322905138303e-05 0.0006957804774041509 0.693728930021278
325 0.9999497870448507 0.00012080486322596506 0.0005632567185684945 0.6938344159353538
330 0.9999274672905132 0.0002121102101789729 0.002464302565030274 0.6936997623185016
335 0.9999568986297229 8.974467327382829e-05 0.00030806659076954013 0.6937246048448863
340 0.9999427195403527 0.00014407281940220784 0.0010068848907692773 0.6939623822305796
345 0.9999275501076949 0.00020279646850407396 0.00018777666944236326 0.6937525785238983
350 0.9999529199524027 0.00010606171378069185 0.0008049778173313538 0.6939119703542085
355 0.999637113897024 0.0013514749880956245 0.0037506148627569624 0.6939777338981102
360 0.9999419675372357 0.00015652201528304488 0.000579428278525862 0.6938151893763782
365 0.9991431424745203 0.0033700097085521685 5.347192192273198e-05 0.6936730612064482
370 0.9997843419217252 0.0007939433970920451 3.77510079365706e-05 0.6936734138362043
375 0.9998239662402033 0.0006346235022653968 0.0021213705714293596 0.6939145056549532
380 0.9997772264497365 0.0007997163116144623 0.0007058871100524833 0.6938437291309334
385 0.9999553846192001 0.00010287944647768832 0.0005884418908683742 0.69392782362257
390 0.9996109589819319 0.0014942619026505621 0.013200041757021053 0.6937950297526213
395 0.9999487684035673 0.00012443168309728136 0.0012333475563127694 0.6939071849315127
400 0.9997195534130779 0.001057882178358005 0.00010071078182516402 0.693886956457713
405 0.9999406417973964 0.00016616010554737493 0.00045139021448081795 0.6938086950334281
410 0.999266438825033 0.0028786844814909784 0.013716641966770027 0.6936749996196138
415 0.9998242676235103 0.0006371187878793094 0.00010584177866201916 0.6938112123556931
420 0.9998922652252199 0.00036371313331673427 0.0064962386074389755 0.6937165434653391
425 0.9999629074558735 7.574550501776578e-05 0.00011399115642340973 0.6936254559234976
430 0.9999609259320782 8.401390321788327e-05 0.00035339882443818915 0.6937938391839849
435 0.9999217654279695 0.0002456947414718469 0.0001992478378829432 0.6938784021643911
440 0.9999100443763116 0.00029566248433676723 0.0027974140841404704 0.6937194886332583
445 0.9999646855179409 7.233392527727922e-05 2.637023656337778e-05 0.6936554383586611
450 0.9998872981808398 0.0003876898109129723 0.001337417324550172 0.6937302280950433
455 0.9999444722545979 0.0001474448880699475 0.0006411539706994152 0.6936526689786269
460 0.9993485417988672 0.002553467732818282 0.003914243860721811 0.6937073300811326
465 0.9998411726745539 0.0005728462034551018 0.004333078989906536 0.693941262703226
470 0.9999422448937598 0.00016602727244996451 0.0018670273355896327 0.6937441733630174
475 0.9996484639468437 0.001350189575767935 0.005826799438529706 0.6939068100905219
480 0.9996767847563659 0.0012077334954545549 0.008349131883060856 0.6936099123080559
485 0.9997628410894124 0.0008900743785826837 1.4508991838413365e-05 0.6935706415353102
490 0.9999652643580963 7.10421802447847e-05 9.283403680493407e-05 0.6937883059134795
495 0.9999640074583668 7.741690110929511e-05 0.00048304093535367354 0.6936366647949143
500 0.9999493318147745 0.000137510015527198 0.002294366808705317 0.6938235718360077
505 0.9999414986811714 0.0001702110924465261 0.0004727913670313777 0.6936926708042899
510 0.9999580144751834 9.909477725278393e-05 0.0007730038610338497 0.6935827864916032
515 0.9999361974459597 0.00019297436872922624 0.001153075077712451 0.6937606509330113
520 0.999936598734152 0.00019066101846298977 0.0005078376780222049 0.6938333633609223
525 0.9999481373177233 0.00014541043159232991 0.00033528227075074746 0.6937825220388357
530 0.9994959395972559 0.0019668850565850438 0.0019154588121410576 0.6937739232385394
535 0.999880958011929 0.0004193966509389302 0.0019706100403060756 0.6935681403651104
540 0.9999673161233191 6.750006960731803e-05 7.740319231874793e-05 0.693692326525284
545 0.999963685314508 8.127129307866632e-05 0.00034130348707495095 0.6938244515593243
550 0.9999448970380107 0.00015295053871500208 8.300909860081696e-05 0.6934681437322331
555 0.9999482704532765 0.0001474911789447475 0.00017608443970318355 0.6933390424434924
560 0.9999279727746317 0.00022019908540182875 0.0015346170087449096 0.6937056217895968
565 0.999959086199412 9.936765072082743e-05 0.0011630843381014166 0.6937888383995879
570 0.9999681889269992 6.491700922384158e-05 3.798016991485298e-05 0.6936794926294253
575 0.9999668734422436 7.172128365950936e-05 0.0002383234265974643 0.6938524335185479
580 0.9998260608258294 0.00062403839213232 0.0034301269759845487 0.6937042676965787
585 0.9998615059387519 0.0005000989506411813 0.0007480218818145534 0.6936911675480573
590 0.999941989298222 0.00016682422594960222 0.000182484776031 0.6935638700602336
595 0.9999650530203074 7.780930375134165e-05 0.0006067744300145561 0.6937347319479537
600 0.9999126499251583 0.00029497996550620353 0.0006745327421824321 0.6937824051774379
605 0.9999346237916737 0.00019764751736617292 0.0014277976834176087 0.693759777217165
610 0.9999592236576431 0.00010272367910579838 0.0004958807984764002 0.6933214450820304
615 0.9999533631617789 0.0001318238629254287 0.0023687275932240404 0.6936438576815516
620 0.9998697789585982 0.00046961141611412405 0.0001609874697555691 0.693761884455428
625 0.9999556267211126 0.00012263186456540343 0.0003918088824711452 0.6935672279495744
630 0.9996215014594305 0.001468885385332408 0.006045951482504419 0.6936902658928104
635 0.9999642697202435 8.482909477502965e-05 0.0008601218479891148 0.6937082759330084
640 0.9998324686454864 0.0006204291136120421 0.0012426355383314824 0.6936488599420039
645 0.9992853046639081 0.0027775911656119368 0.0075899885724015625 0.6936055218986771
650 0.9997033716295596 0.0011407074740413803 0.004518383227569367 0.6936450052451064
655 0.9999209243182656 0.0002557745987188387 0.0033345247127654076 0.6935009888241703
660 0.9997788865375952 0.0008373861823987028 0.0031701480577204233 0.6936993958357615
665 0.9999448454893574 0.0001609186026367837 0.0012229865314774546 0.6936959413813656
670 0.9999713295513901 6.052463717187706e-05 5.1896427611941576e-05 0.693583444282293
675 0.9999307789909715 0.00022572376755058965 0.0005431382789558015 0.693651903800215
680 0.9998841995357666 0.000415470394024009 0.003959682273524834 0.6934746409121749
685 0.9999596741511259 0.00010510410181718832 0.00188079859379231 0.6936058199659488
690 0.999694137528151 0.001156032118517114 0.006680961204100999 0.6936605277112862
695 0.9998520777876596 0.0005439149293504641 0.0013918915075120664 0.6935986807295293
700 0.9998186673094931 0.000661305999282491 0.0014749627623164008 0.6935858311893306
705 0.9999041504299873 0.0003351092127759081 0.0011465915116153358 0.6935687565151599
710 0.9995565534265589 0.001732488437309554 0.009940098969958622 0.6936070362187888
715 0.9996634140229882 0.0013048210739300403 0.0052798064084051965 0.6934335925984993
720 0.999969511397794 7.026928293396573e-05 0.0004379497243115482 0.6938888970853331
725 0.9999610017513152 0.00010631096472302204 0.0011946838481010635 0.6936324229910565
730 0.9998096770012779 0.0007177160868034882 0.008126380487359475 0.6934753701137727
735 0.9999661660556005 8.595195170735259e-05 0.0016173576694743508 0.6935814981712616
740 0.9999331086021193 0.00021975789327033368 0.0009352019797655986 0.6937284596580742
745 0.9996341510781992 0.0014232420563979886 0.0003294309311889787 0.6934528941066163
750 0.9998674172760715 0.00047227835149721287 0.0024582313846615023 0.6936138535657135
755 0.9997149029104963 0.0010793675883674636 0.00800171227606683 0.6935828113602039
760 0.9999657538233463 8.528055465584217e-05 0.0009774884080337998 0.6935304294995644
765 0.9999161672402679 0.00028141115070223766 0.0006235882003892135 0.6936008076857014
770 0.9998757394732064 0.00045270423937449067 0.004153301639226226 0.6937985916326628
775 0.9999536391262543 0.0001322493697724081 0.001160998300826166 0.6936844492790673
780 0.9999493068206826 0.00015664691228411964 0.0013619836833220766 0.6936038351056123
785 0.9998522670967118 0.0005331913430284274 0.003833459090791802 0.6936830097247375
790 0.99996584305379 8.974510878623221e-05 0.0002201304475508703 0.693662621507399
795 0.9998598249544115 0.0005176585618777985 0.0023161565643687876 0.6936715214360352
800 0.9999417101519554 0.00018090956132010838 0.001397094148446687 0.6935099066318087
805 0.9997985955038813 0.0007482617368625988 0.002915272025712179 0.6935977835420409
810 0.9999691005429274 7.377261360996812e-05 0.0001525276268872222 0.6935741152403303
815 0.999905441320226 0.0003243466090603331 0.0011940814580797543 0.6934145772365927
820 0.9999095900846522 0.00031878132431284456 0.004950942106410894 0.6936149331783557
825 0.99991185416833 0.0003096155451567384 0.001643413279909245 0.6937438586084894
830 0.99997521113817 5.155303154280588e-05 7.014648324199513e-05 0.6936497033702581
835 0.9999628669363508 9.806590057093167e-05 0.0017550761693352346 0.6936150154525145
840 0.99994226061622 0.00018757374545153027 0.0005317205729462593 0.6935762457603706
845 0.9997781525152811 0.0008484142155840146 0.0024143611978626467 0.6935466687585524
850 0.9999591523471862 0.00011345013583041741 0.0014857421193790188 0.6936521884990409
855 0.9998839445638117 0.0004102988510117367 0.0023067981272320015 0.6937608727695713
860 0.9999717757986271 6.527091756680647e-05 0.001196548437779943 0.693620957458437
865 0.999897892708701 0.0003671337785060569 0.0027285978913496045 0.6936839040170234
870 0.9998481144947977 0.0005684952226278073 0.00572211566273273 0.6936514154950879
875 0.9999749941830315 5.5300820402282014e-05 0.0006521491540110169 0.693433398145855
880 0.9999717066778994 6.890939893322567e-05 2.2168354737672757e-05 0.6935967972899347
885 0.999971793755291 7.100956724936935e-05 0.00046531189822140995 0.693561265143349
890 0.9999251984971973 0.00025047612074735603 0.0017971723617552504 0.6936087446524876
895 0.9999625145100682 0.00010809448878990047 0.0007413792928507856 0.6936161066359771
900 0.9997722856880076 0.0008733932209312734 0.0016502818021040255 0.6936239202854269
905 0.9997968154632954 0.0007748705503540787 0.0007988863985337602 0.6936565593527999
910 0.9999332405237635 0.00022060477335883455 0.0012835865834979199 0.693361820600049
915 0.9998292352687614 0.0006336978661183323 0.00399379538472866 0.6933314889054846
920 0.9998958009644854 0.00037939279060417164 0.0012241170839945026 0.6935613697257942
925 0.9999506737341365 0.00015767118781784273 0.0007236828141861107 0.6934998135895125
930 0.9999314258847043 0.0002354465963807506 0.0009881675433720538 0.6935999245506039
935 0.9999031809123369 0.00034056395752335433 0.0016399899083938685 0.6935090163177706
940 0.999950320933156 0.00015935226563601468 0.0001891065499046718 0.6935026449239767
945 0.9997798774081843 0.000829103578869228 0.0007752934820188795 0.6936380534439772
950 0.999936935746879 0.00021346058781013255 0.0001989753681952422 0.6936183318451603
955 0.9996949308009775 0.0011688875254527442 0.004894276030177336 0.6934489032880794
960 0.9996001590919682 0.0015671681863408393 0.0028983091072948275 0.6934642022404351
965 0.99970971242625 0.0011109338058270524 0.001978748047099188 0.6934857436130903
970 0.9999529855704211 0.0001489181566372011 0.0013576699420824179 0.693629866911526
975 0.9991694817064306 0.003296335564877184 0.0048234930712584 0.6933467143256118
980 0.9999570457990075 0.00013385891263228977 0.0010001391990777098 0.6934022445626696
985 0.9999713759387241 7.29673202457537e-05 0.0017976170253581891 0.6934491177697191
990 0.9998608550054472 0.0005106790292221941 0.0016787683474168702 0.6934724462165563
995 0.9999758157509344 5.6255129130544645e-05 8.984057483363284e-05 0.6933646352682021
1000 0.9999567173653263 0.0001363447812838814 0.0017692342778965475 0.6934045710796969
