0 0.4907271918873092 1.5660553457298243 0.405178958805149 0
5 0.9686422464562667 0.07610934725820062 0.01223996840660857 2.7173551942169043
10 0.9942222110055245 0.014344187285930676 0.0024074424668463212 2.656178621906
15 0.9977920362463943 0.006369035132443468 0.0038451515764801325 2.6500336100750292
20 0.9969900699280216 0.009998334471071235 0.0027566417574371727 2.6480053444425398
25 0.9980431713370014 0.006054172839377703 0.0028470607192601083 2.6472813727712685
30 0.9936664731275238 0.022518180789373954 0.017855382362895078 2.6467022729704777
35 0.9985133799951335 0.004339339914199325 0.0012981876156759053 2.64459652596078
40 0.9981907133237875 0.005334702309550465 0.0034444109913065457 2.6444303918957393
45 0.9955019813331277 0.01664108038208756 0.01035096348470499 2.643960939205288
50 0.9986613217521076 0.004571392285293019 0.0008334141397112749 2.6431624084214804
55 0.9992120450281553 0.002387109126940512 0.0025623016280638122 2.6435990201425783
60 0.9944078354871038 0.02162350230850585 0.014268077085655362 2.6433638081347572
65 0.9978542044842293 0.007517485345138297 0.0013036597407340977 2.6437936122475403
70 0.9988029974745514 0.0041374462199614825 0.0024666993638613466 2.642973587120716
75 0.998514612206957 0.005176373736839768 0.0010559255392703637 2.6424919575772576
80 0.995867659656376 0.015942303383038148 0.0009216172368766706 2.6419313701132956
85 0.9991419523015884 0.0028533020960779254 0.0008519263264978871 2.64166205162625
90 0.9991447629707182 0.002748598208601738 0.0037011855296438245 2.642068332183614
95 0.9982805592321397 0.005496935269515557 0.00038812020188272456 2.6425840869864086
100 0.9994731314956815 0.0014824184828974296 0.004593705068328013 2.6411655308017528
105 0.9993979910732949 0.0016322196362588137 0.002336053902894042 2.6420581990640795
110 0.9979763078583351 0.006237332072783541 0.009588526037485057 2.640851508196381
115 0.9990270512125929 0.0027635723193562 0.006617107018859425 2.6403476162931674
120 0.9989053845553951 0.004024680758547117 0.0015600977591359033 2.6408450091617657
125 0.9990468648213093 0.0030154633068537606 0.00141643185122442 2.6404629428402715
130 0.9987702711606122 0.0037488200540436445 0.00027091018041702775 2.640460300659998
135 0.9991817528875274 0.002292464090741131 0.0007060466880730587 2.6418389111499465
140 0.9989573900121678 0.00349791335153693 0.006058602193858009 2.6402723066544995
145 0.9993792987729522 0.002025866644798313 0.0024548238565567093 2.6407745891855585
150 0.9992204987343651 0.0025848821310301417 0.0030991574560772506 2.6403753079987364
155 0.9993066405867475 0.0020855519538760525 0.002007063924461594 2.6399764740857727
160 0.9989941245737954 0.0032320870151432146 0.0037843716292560448 2.6400071956126085
165 0.9991436194279463 0.0029303569865102297 0.006516158168444974 2.640459422103571
170 0.9993406698448013 0.0018751870445523622 0.0008799207796692521 2.639681568339136
175 0.997326566203074 0.010218031850692366 0.004693611244713125 2.6400013429340343
180 0.9993524673191831 0.001810427379000945 0.000718600091487831 2.6397562333789604
185 0.9991329982409402 0.00285677025290898 0.003548040361691873 2.6395905730884293
190 0.9986493481825327 0.004486260522672758 0.0066218462385483345 2.6400677349484143
195 0.9993293303526405 0.0021381312301218536 0.004200399813113709 2.639540392357265
200 0.9995264811479879 0.0013548902698783394 0.0007910567699394022 2.639430969558428
205 0.9991375643572994 0.002493810395260976 0.002767870766420266 2.639465883899204
210 0.9993283648413702 0.0022399985150340918 0.009106604406077468 2.63962467337745
215 0.9985743739530129 0.0050958198677903965 0.0024711656765690204 2.639442235412039
220 0.9978939091968402 0.00757933375919384 0.0011836480243561098 2.6390916156734026
225 0.997826590275071 0.008437683684023867 0.006061857439411122 2.6391966175761667
230 0.9987760113817133 0.004161833128978554 0.001619884692339868 2.6391321848410625
235 0.999660727669029 0.0010478763380881162 0.0005334712147009313 2.639580014302782
240 0.9981067930098522 0.006747761618274062 0.0027788563402664224 2.6383574945514696
245 0.9988590133267181 0.00428766230590405 0.0014889655675836 2.639413596367548
250 0.9861311586053605 0.06453946792743315 0.004571111860864452 2.6494687966128367
255 0.9842629268959129 0.07344354287371146 0.0022605310152397085 2.640344869444686
260 0.9833732023577832 0.07786644736818094 0.0031307340662494187 2.6405075733610732
265 0.9851874809162011 0.06955643634724007 0.0019376829085675507 2.6402676268185585
270 0.9844880635134129 0.07319134329749755 0.0017407160433362545 2.6400438499041794
275 0.983675405970693 0.07723274506487732 4.0315093037257554e-06 2.6398670992907256
280 0.9852273971009919 0.0687138321888412 0.0025657624626109765 2.6402387609804525
285 0.9840946256661579 0.07432044062852716 8.628949367506245e-05 2.639526368452628
290 0.9834965974538759 0.07907724729971388 0.0004080131119466035 2.639749015119823
295 0.9843059098610238 0.07408634498864641 0.0026521709173559227 2.640053948141068
300 0.9849695184466205 0.0710094806085686 0.0008387588450937677 2.64013647604146
305 0.9829916026476566 0.08064283305162645 0.0034795940762066824 2.6395588692315157
310 0.9841750868425145 0.07508298420972404 0.004084637896213161 2.638909356648471
315 0.9853150420953809 0.06839108583794618 0.00024343785606184554 2.6394517106803237
320 0.9830585650746769 0.08069362527942037 0.004994243812466381 2.6390041584045303
325 0.9853185883438356 0.06953902797961176 0.0002880968924183769 2.6398360047273592
330 0.9849020144739794 0.07108945198930305 0.0007955339753835666 2.639523721469344
335 0.9832998003901045 0.0798385629611369 0.0027893501527984643 2.6387102168515297
340 0.9866039223230977 0.06173573079217709 0.00160827091902771 2.63930808049526
345 0.9857731007971442 0.06666322397071278 0.000190443300747134 2.639081257748679
350 0.9839513850981878 0.07481032472974114 0.006339838172753742 2.6388137343825293
355 0.9831414707995632 0.081436454529348 0.003028493115114994 2.63950767052961
360 0.9853048399678721 0.06908713929172317 6.180176728576292e-05 2.6396342455328594
365 0.9841606026894768 0.07524049390801046 0.0026972101476971932 2.6393712372750415
370 0.9835391303766383 0.07721263452867877 0.0012297895730515318 2.6398124056054924
375 0.9844959057352665 0.07265005107874334 0.001987713159893545 2.6390074428401102
380 0.9852943715303146 0.06925896785912977 0.0009790196573504772 2.6391657361995344
385 0.9846101189306393 0.07342540031221123 0.002542199140831425 2.639401696356559
390 0.9870798459026702 0.06001910330149052 0.0059907331771038574 2.6395068079831505
395 0.9812630759512914 0.09070502135405434 0.0031392917274943866 2.638389305819756
400 0.9861588412256421 0.0651300956132288 0.0037696221345264735 2.6390816589800035
405 0.9842359200162949 0.07492151518905699 0.0008481742494907962 2.638931042441477
410 0.982932921532919 0.0813079834185193 0.0013495012603776946 2.6392607674839144
415 0.985643025462564 0.06719187872283872 0.0017348733845394815 2.638745224322197
420 0.9848254667453027 0.07038486680774136 0.007958515782674036 2.639088396052509
425 0.9839556577762262 0.0765912018256425 0.0013726434740946036 2.6390215283997596
430 0.9850769399374739 0.0705049951263188 0.004225672056592522 2.639275549818885
435 0.9853274130187286 0.06853812254912439 0.00309880724353917 2.63943287517958
440 0.9834871238666716 0.07866523492790511 0.0005382202432246963 2.639277915064645
445 0.982961470186457 0.0819794256912072 0.001240104208972026 2.6386140372630758
450 0.9843948617785991 0.07415408429520332 0.0015210028418983779 2.6388508674160547
455 0.9842118737877648 0.07374082141026106 0.0003531177743330005 2.6390240665323614
460 0.9869143661002203 0.06074571741153667 0.0003682009148231469 2.6387420348660817
465 0.9848453078462104 0.07133101135095421 0.0011077206097140913 2.638983133692751
470 0.9835864875826117 0.07788745575015232 0.002704299810949218 2.639289806989481
475 0.9858191669909964 0.0659491967892687 0.0006759144827892527 2.639090722404842
480 0.985341993654945 0.06929302765838496 0.0014151687386756429 2.63897064228129
485 0.9842618377258494 0.07436045449346906 0.006166381451687908 2.638864218291053
490 0.9852254699369768 0.0686366971185346 0.005192898609614804 2.6385088314326475
495 0.9857619310480265 0.06600637752083616 0.0008075882403384416 2.638908790521335
500 0.9840357157866659 0.07639372309189829 0.0033737373595328357 2.6387964961423025
505 0.9850194743101894 0.07025615523799411 0.0009484763834974874 2.639006621035136
510 0.9834440414874257 0.07911104054675899 9.301405542694319e-05 2.6385735983916083
515 0.9854155193295989 0.06859018994695631 0.00388000445702108 2.638844653230728
520 0.9850490171056261 0.06988093687148789 0.003046101686130287 2.638573663544729
525 0.982942726517408 0.08173142722814308 0.006643217046443661 2.6391713052925114
530 0.9851586819252425 0.07014560248634671 0.0005556853009847096 2.638879960323954
535 0.9841486265300512 0.07490481164723262 0.004348006274051963 2.6387199138989588
540 0.9855999724161792 0.067418466347557 0.003192253923848476 2.638756397228334
545 0.9850668000601978 0.07056442048369371 0.0019320217771823245 2.638719383369469
550 0.9831179730232544 0.08071796540855702 0.00039400535459477304 2.6384124395801103
555 0.9849931847533316 0.07106712507922408 0.002584884344760452 2.6389164649164742
560 0.9849998933340119 0.07109485662914627 0.006056085710295811 2.638895306950892
565 0.9851264929732069 0.07032392483976446 0.003328683093392515 2.639073059551686
570 0.9861729796043504 0.06468595942628452 0.001718366488996148 2.6387616385616632
575 0.9852906494167694 0.06932061111187338 0.0019286175232109404 2.639001308210612
580 0.984757169465455 0.07246353447755594 0.004566194066895957 2.6387968353551723
585 0.9855769269194137 0.06744366754874287 0.002336255494396866 2.638950496995896
590 0.9842136717458896 0.07394630038492567 0.0016028602305595552 2.6383356374136575
595 0.9865569131994438 0.06323815719695869 0.009812218715810284 2.638066717788182
600 0.9826579199734895 0.0828703513851683 0.001119722587304972 2.6385249999033906
605 0.9851882209829803 0.06927929655636111 0.0013419704863943949 2.6383800629202963
610 0.9841395157812695 0.07490782598887957 6.130779832691502e-05 2.6381052986759466
615 0.9843947722043673 0.07387677349578059 0.0019914454204859044 2.638661981861452
620 0.9835387145268226 0.07859020231760594 0.002705545958694655 2.638921133286451
625 0.9849486230534886 0.07095747905076033 0.0001394724862471275 2.63869384667575
630 0.9843265911069066 0.07431315088159174 0.002697438046327383 2.6388779257997963
635 0.984547766950358 0.07261049050253865 0.0006642665671507952 2.6385319794748527
640 0.9843968449027305 0.07369845250909712 0.0029740927950510088 2.638859643692758
645 0.9834714758042201 0.07872642593217494 0.002516124783564999 2.638675983934509
650 0.9835845536681918 0.07782574062132097 0.006616384696922273 2.638525394229341
655 0.9845494029363305 0.07302885771204837 0.0004175711794527359 2.638806368855679
660 0.9840360071468284 0.07610187125943835 0.0025673217947244087 2.6387729077985482
665 0.9841564253528754 0.07521393239111207 0.002744723764281698 2.638657826088054
670 0.9851633332636467 0.0694782873048232 0.0030662554527347563 2.6383610072175037
675 0.9857210942208039 0.06649087151008182 0.0005656667359701384 2.6383451771633224
680 0.983711313655484 0.07825054141120891 0.0009377423552947572 2.6382268729032075
685 0.9850734750552342 0.07017259360102024 0.00023023791978116215 2.6384314563623845
690 0.9844712023910475 0.07340134453224989 0.00018019193283858037 2.6381635948929376
695 0.9837025881107253 0.07760516613972346 0.0026995777226810347 2.6383724381404927
700 0.9834974187425762 0.07833164210801113 0.002464604121375169 2.638642849746193
705 0.9841409254470314 0.07571576671016622 0.0030546173355923134 2.6381988690957106
710 0.9849367482829228 0.07088261584602273 0.0013671441764688819 2.638501124861495
715 0.9844055912917247 0.07375518636092204 0.0010969346848355155 2.638392455796421
720 0.9853147803445931 0.06927851784118744 0.00168708367577719 2.6380893022498153
725 0.9844673322687638 0.07364917885311195 0.0014675582273440124 2.638277315310778
730 0.9855134725735446 0.06835870992316728 0.00031450737584792776 2.6385271434101605
735 0.9854743977069373 0.06806534615129989 0.0025829351820505497 2.638156891914576
740 0.9856311935933514 0.06746872948935101 0.0010161800538956989 2.638387953808997
745 0.9843450951549291 0.07408454034444789 0.0012945442520557737 2.6388926604784895
750 0.9858038712057933 0.06686069605303979 0.003989187973495012 2.6384323974876627
755 0.9851948446209697 0.07072488926499121 0.0045689688287147145 2.6381724063998173
760 0.9862557301991162 0.06442693015649548 0.005738195172495075 2.638132253424772
765 0.9850712608807983 0.07078518464716543 0.003128050893189238 2.637694174858581
770 0.9851263656523517 0.06980087240849109 0.0013814995736165514 2.6383122754229964
775 0.9841081598982913 0.07592659829136084 0.0007786390665365239 2.6376621013054353
780 0.9841912121035064 0.07421117462888605 0.00261791070221995 2.6384894377016748
785 0.985531943991925 0.06713297711073629 0.0006139285373503167 2.6382185172910244
790 0.9843573531479688 0.0740200733390659 0.0011177331055118866 2.638388464655059
795 0.9854878895070263 0.06841233210099107 0.0015479454774640633 2.638022343704261
800 0.9844691133545997 0.07330121083073093 0.002054321674718418 2.63859871448707
805 0.9857303665928321 0.0670959946713201 0.0063379797658640324 2.637879584848224
810 0.9830679231130457 0.08093383772449458 0.004845722862893309 2.6382318574029346
815 0.9848554147098729 0.07144057935339676 0.0010292484961678117 2.6381824268381013
820 0.9860946939020203 0.06512566906688155 0.0052077610590697265 2.6379674812541456
825 0.9840972072598666 0.07557062790383506 0.0005134125878589746 2.637942204557809
830 0.9841646820491043 0.07503563100640553 0.0008057749904522016 2.6380703131120247
835 0.985519893155259 0.06812813426114195 0.005152343195268028 2.6379279837256426
840 0.9832626970715748 0.07993307168591235 0.004958390256591505 2.6379587648750054
845 0.9864108300485029 0.06361125555521419 0.0024569323220784423 2.638071039159369
850 0.9836635023552487 0.07748183493937733 0.003428040878654892 2.6380453861407296
855 0.9853185226828411 0.06943741021253924 0.0020066800566898024 2.6380764660769875
860 0.9830997193171374 0.08035317683150733 0.002455945985167629 2.638237322050106
865 0.9840472927508022 0.07615739381567943 0.000696486138973551 2.6380229275090312
870 0.9835190134831255 0.07918388146641986 0.001314619099160641 2.6381000499176417
875 0.9853574165846513 0.069044436091112 0.00011415128354141935 2.63808245659802
880 0.9847253867718737 0.07199667146989341 0.00024740928839572796 2.638123209242007
885 0.984482239621717 0.07343915957066738 0.004616239772713859 2.638076769088772
890 0.984429967689286 0.07363382336383051 0.0014671770542553642 2.638106698375789
895 0.9865054073006012 0.06286763089149128 0.006225301409701789 2.637964248393288
900 0.9833470393176313 0.07958039274988149 0.0033129252478776294 2.6380779809862474
905 0.9844102440066148 0.07318968954008653 0.0014672046885533252 2.6382015471283378
910 0.9833387841403718 0.07917996837560048 0.0034749799560855887 2.637765594238941
915 0.9845703914701693 0.07299256550159994 0.0023496017121908963 2.637992323635733
920 0.9829438797145312 0.08119997392138645 0.009754264491580455 2.6380602882014417
925 0.9840361961543937 0.07578526665312957 0.0007896138191059165 2.638048948463519
930 0.9851904815314557 0.06958450502863256 0.0021226044508113606 2.6380089044798996
935 0.9856402755339897 0.06723660702640899 0.00041623922279820924 2.637866291062638
940 0.9837103804475118 0.07722087741277628 0.00020339999550089694 2.637942408121652
945 0.9834512309649276 0.07913783957550447 0.006013313917802465 2.637707060197791
950 0.9827748931418276 0.08209556550105823 0.0023685572722325077 2.638008601534119
955 0.9827583653098674 0.08214943749308334 0.010452372503030327 2.6381054636633126
960 0.9829284428115265 0.08168131746540697 0.0021597420635874887 2.638009136763742
965 0.9856875702513159 0.06749546212668633 0.0018789863921608863 2.6381099838683757
970 0.9841450731578556 0.07494004462885595 0.002840382504254224 2.638085716662161
975 0.9851989339160331 0.06968164456991977 0.0011161852712895382 2.6380742055628508
980 0.9865268931183804 0.0628563837708338 0.0017960798892191487 2.6381108471624675
985 0.9843444136973296 0.07437622962694856 0.0026107490339417616 2.6380341884945238
990 0.9844508554376734 0.07361101406008386 0.0036082370793455443 2.637890820179077
995 0.9839537754528529 0.07604912327348501 0.002650040895028738 2.637835045975337
1000 0.9856641934232726 0.06754287120620761 0.00030188559913768565 2.6381268929027435
