0 0.384242658251697 2.191716563490804 0.39860562512726605 0
5 0.8953533095818716 0.2352377720004606 0.01301743689325563 4.70727197159956
10 0.914670729984125 0.18012169213693952 0.0005234955825672571 4.703613499346783
15 0.9170919859888298 0.17552956990143276 0.00216055327636977 4.701816956834698
20 0.9180896476357537 0.1722301038576548 0.004259187891811678 4.6999632662111335
25 0.9107931559928355 0.1918330749218935 0.0013329688916434712 4.6994599569149536
30 0.9020607219719241 0.21917356084569484 0.008559255193884008 4.697535521016772
35 0.920429861616803 0.16860338583989076 0.004886793069597939 4.697618526328843
40 0.9242418970244239 0.16746659965184651 0.0016019044634472124 4.695826926777607
45 0.9189493787084908 0.17470308382368582 0.004303485251870187 4.6967019206769685
50 0.9159436985044165 0.1887362300960005 0.010086908285195761 4.695510493005619
55 0.9327522287525294 0.14378720962694125 0.003617549916273388 4.695804378464946
60 0.9330177994331579 0.14271995836629348 0.004428266106933698 4.693900033050343
65 0.9359110999971416 0.13596748217979737 0.00010159710028645463 4.693408251385088
70 0.9259720593958437 0.15855075241822636 0.0010223902662021 4.6927599312508415
75 0.9341223863972987 0.13806459249167702 0.00032774767271837035 4.693023181143227
80 0.9308730103341719 0.14599976085159483 0.0012882058936036778 4.6925599594424785
85 0.9329462605926597 0.14541616867837526 0.0033945107063395596 4.692518754393733
90 0.9313894359281012 0.14415542203458287 0.00130575789325027 4.691156974841051
95 0.9319678645699747 0.14229278403019485 0.004461831942923933 4.691607474809017
100 0.9776848449736968 0.053995350124550257 0.01226757438534376 4.765491582423353
105 0.9893543222142193 0.03289320841863219 0.008132271189125628 4.711261278445132
110 0.9953684484816835 0.012272897020820572 0.006022910628255884 4.700429072485135
115 0.9974208238441737 0.008069156228920349 0.00158674337301834 4.699161580154711
120 0.9972799401710348 0.00860416644126083 0.001131659073933644 4.697967116153668
125 0.9958138063499192 0.01208063628704803 0.0006591374115423321 4.696114621838285
130 0.9961614396596017 0.012062923992938401 0.0027372384901556135 4.694391498992791
135 0.9863520145801876 0.05562172808266208 0.010160775764390007 4.693590839182514
140 0.9963615253384344 0.013001464763763515 0.0054259022265295 4.69397706170974
145 0.9976274560803329 0.007281720676119541 0.0043975925613215505 4.6936049490223795
150 0.9975072270986203 0.008224255968153571 0.005881328621589521 4.693818983117501
155 0.9928051657934038 0.025976631039952736 0.006972584938757631 4.692519647818252
160 0.9962698280630196 0.01402296920592594 0.0025973495906161936 4.692386629617945
165 0.9911680622854986 0.03313888313121627 0.006831534533197736 4.692169199817137
170 0.9978958870311678 0.0074665164970832976 0.003127367535806558 4.692547497457775
175 0.9956647129039058 0.017804651959989926 0.00016820710935450123 4.6926149522544724
180 0.9986445261452961 0.004623479055360313 0.006289402691716628 4.6916817793451395
185 0.9964716696987677 0.013116564387667395 0.0005101007738415042 4.690475362065437
190 0.9944449612582931 0.021335411269333804 0.00018667777468772684 4.691510822688347
195 0.9988077569294312 0.00335795531626637 0.0010588509924958078 4.690223077480695
200 0.998322513638905 0.005918887725643529 0.0017764054752400504 4.691037558034655
205 0.9985632233935589 0.004877021503149059 0.004730288539201766 4.690160876202907
210 0.9970566464698173 0.01153702486142727 0.004381382420377999 4.691700594409314
215 0.9970639855543317 0.010859176869528753 0.0016164161531868615 4.690286800533982
220 0.99673103804371 0.012271472586151688 0.00394914877351682 4.689969523247989
225 0.9987419118272115 0.0044711195004047966 0.002585713814542645 4.690004601158564
230 0.9978121954522396 0.007819554508504467 0.0016721639798702448 4.6910679713659285
235 0.9985021980880653 0.0054590245163534945 0.0044156232824974495 4.690393150102577
240 0.9985338180738428 0.004448983294040865 0.0026657372131726476 4.689602497730649
245 0.9991261216478969 0.002661687676858371 0.0012134204452389774 4.690038127331255
250 0.9983806297039572 0.005074619862354801 0.002907855624006972 4.689470467204987
255 0.9979875302793362 0.0076089051723062795 0.0009541759643170167 4.689396414562815
260 0.9982127793158988 0.006580341594109029 0.000647682322443055 4.689575348728573
265 0.9974439887799414 0.007711316769050569 0.0021525118121257236 4.689442660058056
270 0.9988884168664954 0.0034413480429629217 0.003759299080129175 4.688766208274398
275 0.9986988462449216 0.003711465840484429 0.0038720290432781024 4.688663789960818
280 0.9985806347460022 0.005142255289228181 0.0005478955034701194 4.6887172915836866
285 0.9991021019665811 0.0029923962698994444 0.00037102889553741747 4.688997847659428
290 0.9986749397487462 0.004645571808500115 0.002797421491336438 4.688380396134195
295 0.9989388281849197 0.0035131251959734655 0.002088528285151492 4.689260608199917
300 0.9988770794186128 0.0036756764928123076 0.0015497231758407892 4.688334941798349
305 0.9987749797863428 0.0047062155761912194 0.0007486473726427967 4.688685916787509
310 0.9987804340526856 0.0037779201720731237 0.00040275393576205687 4.6884376240066
315 0.9972133821576399 0.01075575696665343 0.007673574669335936 4.688596661879467
320 0.9992820930432471 0.0025369962762153975 0.00016510931768598525 4.6882183641214015
325 0.9984603264629772 0.0052157137145600885 0.002169426241535266 4.687578096108713
330 0.9978316735534407 0.00815685411048328 0.0049082092548540235 4.688225382037778
335 0.9990220656363505 0.0036237566848296154 0.0028365989024521365 4.687937212425915
340 0.9991759577027166 0.0027329235019495357 0.000280066882820007 4.688345846577218
345 0.9990977239181529 0.003103512293721522 0.0015932384240522346 4.688197729181456
350 0.9987909059384872 0.004056051693196672 0.002461187836259926 4.688387934474121
355 0.9988323315449865 0.004143214550159868 0.005610211597840253 4.687523145974234
360 0.9980009022857232 0.006796737083758941 0.0063673857177593 4.68768686052572
365 0.9993005622476168 0.0024282165332198957 0.0072904273409291065 4.68731500279972
370 0.9976997453144519 0.008884769772239842 0.0060495754717690975 4.687339471439665
375 0.999080494946643 0.0033832025553213185 0.0016798706697152 4.687907818419876
380 0.9985747030301833 0.005375583041367982 0.00026778140994010435 4.687837564211431
385 0.9974667205616599 0.008818784693423787 0.008901858358834058 4.686873931932026
390 0.9991420101058761 0.0030574643780729716 0.001107054338097102 4.68779221307849
395 0.9988025376641134 0.004335857488395156 0.005109662682790672 4.688138186895717
400 0.9988058905277071 0.004139539728260644 0.0017043742085309788 4.6873432488649085
405 0.9977391865800413 0.00857748113303991 0.007889426983407999 4.687367269339667
410 0.9991897538748947 0.002743927178144645 0.004479394073406473 4.687311490699273
415 0.9987601859207391 0.003820262258060758 0.005273067370672235 4.687673297184457
420 0.9973782211007706 0.009702561517317854 0.0014894694157567834 4.686610585171423
425 0.9985054657031401 0.005048998077392675 0.002222431019452298 4.687055498173977
430 0.9990927996279135 0.0032123670027885964 0.00032710025827786815 4.687056037797536
435 0.9967231287058544 0.013297406546215917 0.0036660921846283223 4.687088086901361
440 0.9989970391332561 0.003463183142593529 0.0008566929832838355 4.687314831752061
445 0.9954744040411871 0.017713300421119627 0.009008249108960475 4.686184168907083
450 0.9986618525853962 0.0050212613083164825 6.064270669048355e-05 4.686588487141924
455 0.998709105956106 0.004957289758395156 0.004638263737724246 4.686921724696262
460 0.9987536867807583 0.004648607393632709 0.0009746103168526421 4.686958365626101
465 0.998897397592816 0.004141114372344212 0.0018141560331450535 4.687234644142725
470 0.9980164677040078 0.007575802733920334 0.00015586699397629467 4.686377960412392
475 0.9989207710517662 0.0037753290161068875 0.005903198310391433 4.686724546942868
480 0.9984303870309142 0.005583092720589988 0.011190210064698336 4.685976412642692
485 0.998944345676049 0.0038013305915596263 0.0027541524540910522 4.686390001057313
490 0.9982740780345135 0.0066953182830546965 0.0018233184627201027 4.686569490817952
495 0.9983687740889418 0.00633872090568488 0.0006745665091614228 4.686118392297293
500 0.9976950106659408 0.008803819855202732 0.001011645361912894 4.686573407772357
505 0.9984939482754691 0.005632242382692887 0.004127211593284219 4.686955523695956
510 0.9988596495882288 0.0040162028221750745 0.003927695599274861 4.68627767067136
515 0.9989181718050006 0.003889928174943158 0.010703222906612186 4.68682273493676
520 0.9988196700456782 0.004028673858253562 0.004817746138421342 4.685813624921489
525 0.999034493806234 0.003599839769224289 0.005087987906581715 4.685684840342447
530 0.999080188401535 0.003437140769325886 0.0024242841654968927 4.686708129544098
535 0.9977023277375756 0.008427288841988734 0.003150607761993607 4.686094675464089
540 0.9974422620463204 0.010289329421361515 0.006315027119435879 4.685391285030583
545 0.9971868539028551 0.010504320564193925 0.002785348645500285 4.685275313646292
550 0.998053108367481 0.007135297813747776 0.006908906173832552 4.685837928440339
555 0.9982765167097299 0.00684335367073885 0.0021356821409062032 4.6857997900656665
560 0.9987104228084067 0.0048219552748323125 0.0015575128270377547 4.685862057332759
565 0.9980265287155895 0.007208179857249419 0.0074725626668399325 4.685801035350003
570 0.9987327991143999 0.004745044886663052 0.0025748143971218163 4.685530050241061
575 0.9986631226792797 0.00499825920462893 0.0011185969634697202 4.685817573996475
580 0.9951011139820585 0.019555675211784695 0.0023842871110155706 4.685872900938296
585 0.9986865803943954 0.004833657858918983 0.0018631410511109614 4.68552558431561
590 0.9986274582106947 0.005139804340152487 0.001849681256062885 4.686322504594329
595 0.9984382485008837 0.005899320795054841 0.001561328924852834 4.684931626392519
600 0.996973506472554 0.011993005440242399 0.003986700051706427 4.68554473516895
605 0.998527816272674 0.005811470894149018 0.00022388515467275383 4.68635067055194
610 0.998470031444803 0.005939123361428322 0.002776266786198134 4.684851672278523
615 0.9986412633915533 0.005120803394595974 0.0075736576852558635 4.6853549833067545
620 0.9958512850674296 0.01662057293976371 0.0031154780645474833 4.685122763657434
625 0.9983887726574725 0.006148045510236955 0.007289024909423514 4.685794057522332
630 0.9977383960883597 0.008700079852656195 0.007756525835599604 4.685017902037389
635 0.9977021543039373 0.008979156556880419 0.0040821929943337665 4.685107786342203
640 0.9987389535975271 0.004479560834734997 0.0066779710040754114 4.685547760629292
645 0.997733082695837 0.009227443007585379 0.007264403294191535 4.6849874326151815
650 0.9982097304967423 0.006768776478464744 0.0017211455025272215 4.685642984760054
655 0.9982319829975337 0.006602502061255677 0.006956698035088582 4.6857675126862715
660 0.9979368971537123 0.007771558793296052 0.0055833348893852275 4.685192691357745
665 0.9984643321315403 0.0059046881789912575 0.0025199609402182244 4.6847444705675345
670 0.9986122307016794 0.005322272430967168 0.00512177625495025 4.684355130650176
675 0.9981871908094224 0.0069097198713645724 0.010592961801765055 4.684376831348418
680 0.9964363007480287 0.013646164386186044 0.0019498295499134066 4.684329196024119
685 0.9980424656768031 0.00782635811412824 0.003062727796836695 4.684397621896443
690 0.99842290148011 0.006173321048167146 0.002016744347101085 4.684384430484501
695 0.9983870141969895 0.0059496133735637 0.014912409277524352 4.684453149985896
700 0.9984999731360057 0.005784800267328194 0.00253982204915304 4.684510292192555
705 0.9980524432463515 0.0074888384319447 0.001282833391789584 4.684035438973313
710 0.9979965616356663 0.007782877963859569 0.006416549592124898 4.684559459393439
715 0.997194150971335 0.01019742213686392 0.004074822623373775 4.684636356093556
720 0.9985970345022466 0.005365697861311247 0.00790521519585985 4.683822545403278
725 0.9970290474649042 0.01177584906307061 0.011826563049680106 4.6848733240005584
730 0.9981665932094073 0.007143753796100327 0.001358363498320525 4.685036547958711
735 0.997772894768434 0.008533997022404982 7.176376095574533e-05 4.684493010445026
740 0.9981765844263089 0.006900717617383201 0.0005011827627128262 4.684656714091654
745 0.9985438342113846 0.005690912199108666 0.0009218645360504762 4.684498780059229
750 0.9985141147747201 0.005613989610553816 0.003904203637647763 4.685049137079378
755 0.9982065386270176 0.006883106804228767 0.005191184276706062 4.6844306768345385
760 0.9966866889685478 0.013533172232945034 0.009495262600550225 4.683996347491613
765 0.9977406789995354 0.008449962957254975 3.67901821876071e-05 4.683673445404423
770 0.9982606187189198 0.006658416011124935 0.001885945898322472 4.684337295486747
775 0.9976439547614455 0.008992013373517516 0.002645190684289034 4.683891179741862
780 0.9982241665707312 0.006819451441860913 0.0052985372527740715 4.684409819437964
785 0.9983131746345966 0.006616916632055769 0.009450997631696989 4.684190046210762
790 0.9983392658118336 0.0064424132640583665 0.0005685299566950963 4.6841349774948995
795 0.9981934994979177 0.006667644888347368 0.001627451404198954 4.684363136611179
800 0.9966517956465113 0.012724331815999967 0.008548824235664387 4.684191676696082
805 0.9976802570614386 0.009252951455856362 0.009271687158416864 4.683790434070304
810 0.9985347329516217 0.005503708732878643 0.008891997586069733 4.684389419951658
815 0.9985332954365668 0.005617162302494982 0.008376608256998486 4.684699266087718
820 0.9981938309812475 0.006944501438365336 0.0026400553630869794 4.6843532514771
825 0.997620488893865 0.009435052869965155 5.766067990276014e-05 4.683821794076239
830 0.9971733377004108 0.011101685843850184 0.003482183839446762 4.684009973776332
835 0.9969008743948903 0.012486541517641392 0.011141511891182398 4.684278908809381
840 0.998269480270715 0.006766551784854968 0.006840466280176427 4.684316478975013
845 0.9981743279913698 0.007038313714135214 0.008005294507844374 4.683797987046049
850 0.9972870716506511 0.010951863155293395 0.008754177774339178 4.683251057838722
855 0.998188611024643 0.007144809487329873 0.0014518816640241017 4.684371567746507
860 0.9978705862709338 0.008325615834787747 0.0062591068873694145 4.683671366989099
865 0.9981655395463283 0.007282507528474369 0.006999087099319068 4.684044710525781
870 0.9971067200806873 0.011236284515152128 0.0022863578425991182 4.683846189174379
875 0.9982655446184356 0.006541249663810866 0.004852565518239649 4.684057664401585
880 0.9976979775143153 0.009172640290556089 0.010403502405350151 4.683428797909549
885 0.9982901939247327 0.006870617855695649 0.0025021421293458523 4.683669681950932
890 0.9978970912873782 0.008188120704651247 0.002875450058906548 4.6842103588407324
895 0.9979997050046462 0.007977766296595412 0.003722519708345029 4.683750188295248
900 0.998394793470305 0.006318981663031131 0.0019060419409853147 4.683167984667982
905 0.9978208889613007 0.00818404662603367 0.0016514653499011267 4.683958522190233
910 0.9982457554704713 0.006861861132809288 0.0015368712887737779 4.6831906084061306
915 0.9981398471838602 0.007180045942509317 0.012429062489472065 4.6830857199744
920 0.9982013674652658 0.006994757205761815 0.0037991380718167544 4.683578754991074
925 0.9976396233014216 0.009611667792674083 0.0003314643020631003 4.683367598073633
930 0.9973802398095483 0.010130445353312645 0.003174664507885616 4.683477373054716
935 0.9984675022121827 0.0059598347039244715 0.00022283660130173466 4.6832615299041525
940 0.9978361089754952 0.008665063562893316 0.004919441432350347 4.683366821605534
945 0.9978984822137356 0.008279389753989008 0.005835738725602724 4.683120027467936
950 0.9982353695688926 0.006802232636739625 0.006827199113645488 4.683641937505429
955 0.9983715092349343 0.0063040785061696525 0.0026850080572722312 4.683599547032542
960 0.9982138529003055 0.006995189303010463 0.0026142306987739783 4.683847306029941
965 0.9971681763211256 0.011269041277014225 0.011594575990212297 4.68320107886235
970 0.9980431293153982 0.007953743934002055 0.002756116213125548 4.683921220390631
975 0.996795331013127 0.012481737181145647 0.009436264989521437 4.683554061162685
980 0.9983851183217833 0.006285451311586421 0.0010646403689318351 4.683724698108572
985 0.9970655202059016 0.011536041487222981 0.004809766944012583 4.68276890691864
990 0.9972527810375904 0.011031740157236847 0.0070786291101516685 4.682920672177748
995 0.9975707541484248 0.009284639483096768 0.0041679553950939585 4.683380995804922
1000 0.9976149802041748 0.009317224483933906 0.010837559964651966 4.683110159547443
