0 0 0 0.27866995184463017 0
5 0 0 0.005363235727980253 10.502422444278222
10 0 0 0.002027890679993316 10.343651573346637
15 0 0 0.005572742041829226 10.302750912951245
20 0 0 0.007197069535011202 10.274145630747775
25 0 0 0.0012203931497816178 10.258004691246775
30 0 0 0.0016199163255057325 10.247193235087371
35 0 0 0.009720100434312595 10.236966763956042
40 0 0 0.008963922247966272 10.231462022698294
45 0 0 0.002530746118690974 10.230602770675553
50 0 0 0.0003913503940387031 10.2308203435521
55 0 0 0.004748969119343638 10.211599407243318
60 0 0 0.0038090752524488902 10.217166527088414
65 0 0 0.002932391854056249 10.211769521821097
70 0 0 0.0015504320325718801 10.209435694516232
75 0 0 0.0030001830421362286 10.204717230832205
80 0 0 0.0019755853862508665 10.204227697987157
85 0 0 0.006441725876821902 10.202976992793811
90 0 0 0.007385124846833069 10.20084746025955
95 0 0 0.007303420315381226 10.199429336087846
100 0 0 0.00687074981501179 10.198454535942348
105 0 0 0.004824636730346832 10.198059105440095
110 0 0 0.002494051812178988 10.198539780515697
115 0 0 0.00020565072952671848 10.196800170964186
120 0 0 0.005062453271328815 10.197604678782973
125 0 0 0.004204652402425513 10.195342575971047
130 0 0 0.00029968624077891803 10.195053334623129
135 0 0 0.006577013167140322 10.192425150814211
140 0 0 0.0020918794252007267 10.191267718133009
145 0 0 0.002786135357667474 10.191771158134502
150 0 0 0.006281216185090477 10.191298394183924
155 0 0 0.0028560341160897007 10.190636999759649
160 0 0 0.010249435514398053 10.189248383610979
165 0 0 0.001071482494766629 10.18893352984913
170 0 0 0.00021706856739234226 10.18712149196394
175 0 0 0.0036727161564986677 10.186046173461882
180 0 0 0.0018513615708650732 10.181045578254531
185 0 0 0.0022005974968899444 10.1828639903723
190 0 0 0.006222723284524667 10.17780736973294
195 0 0 0.0009388301133852472 10.167456780968404
200 0 0 0.011882907804246612 10.145050223522212
205 0 0 0.004795977519828742 10.131957043249406
210 0 0 0.005232142441502274 10.120319932225492
215 0 0 0.0018098166950955008 10.11479746079512
220 0 0 0.004770831416662569 10.10846191833543
225 0 0 0.003081955058682029 10.105404002757705
230 0 0 0.007578875767795257 10.088660550059975
235 0 0 0.006297766972249708 10.086995455282615
240 0 0 0.0015721259116170394 10.083776869276361
245 0 0 0.007543873909366727 10.07490809870493
250 0 0 0.006181865969339562 10.07218272354036
255 0 0 0.011906587073926778 10.063129057254447
260 0 0 0.006403532615321783 10.05574111177652
265 0 0 0.008437464492463631 10.058746663892615
270 0 0 0.008923992550800897 10.04765853236979
275 0 0 0.0016704731339567402 10.040356628370398
280 0 0 0.010999651964495039 10.044788809857573
285 0 0 0.011413299852387038 10.029546504588486
290 0 0 0.00782435007578175 10.033525720113174
295 0 0 0.0047621264989941015 10.016347419219626
300 0 0 0.013021089605179226 10.023520811322983
305 0 0 0.010731656311046223 10.019105933833533
310 0 0 0.010869098338556427 10.009166904560189
315 0 0 0.010063080410692482 10.011412510167862
320 0 0 0.0115284494499297 10.009395597160443
325 0 0 0.012631450127301047 10.015635917482703
330 0 0 0.009264721808416088 10.00889971915157
335 0 0 0.013087982370358908 10.006938646332927
340 0 0 0.006714864795537734 10.001862334426601
345 0 0 0.012789657874032967 10.013842206439456
350 0 0 0.011519237852053 10.004187400509931
355 0 0 0.01038157067689105 10.014357571492848
360 0 0 0.012763002099072107 9.994930802824596
365 0 0 0.015517214693404169 9.990785033259025
370 0 0 0.005474083923333373 9.992496947053198
375 0 0 0.011487100128197314 9.994476201948078
380 0 0 0.009511794329083889 9.9907760764935
385 0 0 0.011834731517747166 9.988220996120482
390 0 0 0.01353491326760059 9.99447043504777
395 0 0 0.01305300760251038 9.988573914564384
400 0 0 0.014431542124510699 9.987044199647858
405 0 0 0.015051375794084665 9.995768389155751
410 0 0 0.013132586247647016 9.984354447994841
415 0 0 0.01368536110517904 9.989852241012242
420 0 0 0.010164774016907296 9.984365116611992
425 0 0 0.010922026811589491 9.99151298196971
430 0 0 0.009824830240770632 9.991353254373152
435 0 0 0.010662001405078003 9.982188386275824
440 0 0 0.015466690924658355 9.984545376054443
445 0 0 0.013264011056279834 9.981078282416002
450 0 0 0.013723365884227068 9.98154955037621
455 0 0 0.014924439751053065 9.981698169030624
460 0 0 0.011610299154677595 9.981610210556498
465 0 0 0.012947268589353023 9.983371182087684
470 0 0 0.013924792167196332 9.98119766958136
475 0 0 0.010684170300853335 9.981323528510885
480 0 0 0.012688387050874272 9.981604893432255
485 0 0 0.012048594494924014 9.979125667440478
490 0 0 0.010121451014774241 9.979487447166628
495 0 0 0.012584407774034023 9.978876218511001
500 0 0 0.01830957083097151 9.991414072016967
505 0 0 0.010893384973594378 9.977968104390673
510 0 0 0.014019351002233282 9.980091000366563
515 0 0 0.013326765994194911 9.979123077110998
520 0 0 0.010229111362763721 9.977192181747695
525 0 0 0.01493134612430791 9.980479230866466
530 0 0 0.014354249780234696 9.976236272443254
535 0 0 0.011107656613896122 9.97816351806223
540 0 0 0.014521069509332518 9.97618924686912
545 0 0 0.012463226524831894 9.976265101972354
550 0 0 0.00978615183743381 9.978624633109808
555 0 0 0.01292304595551852 9.977513784481182
560 0 0 0.014421692111360462 9.975084442715916
565 0 0 0.012499320206672104 9.976826724595398
570 0 0 0.013383470872404546 9.981717314384422
575 0 0 0.01426763243953455 9.975419189908264
580 0 0 0.012121162737332769 9.976610266781883
585 0 0 0.013354607503956784 9.973725557131036
590 0 0 0.015001692542477851 9.978149083847851
595 0 0 0.013659011325771298 9.974971879335126
600 0 0 0.014229599976786744 9.97465893366438
605 0 0 0.014829961612321751 9.975425763710914
610 0 0 0.013224168235262512 9.97393762834819
615 0 0 0.014553069502089233 9.975388054627459
620 0 0 0.006739266732112892 9.974784026022906
625 0 0 0.01108316283502675 9.974979407195205
630 0 0 0.015926060628509875 9.974503523201328
635 0 0 0.015278237039605846 9.9760333093068
640 0 0 0.012529519220704444 9.973719016968852
645 0 0 0.014294478686131207 9.974087151587117
650 0 0 0.017266956246473786 9.975014194512491
655 0 0 0.013693334275012958 9.973320169732421
660 0 0 0.01425208990800142 9.975470234611661
665 0 0 0.016085233116063247 9.97290167969647
670 0 0 0.014241444662060676 9.975130596081092
675 0 0 0.00862741623965202 9.974198545063112
680 0 0 0.012700139646898867 9.97393203016786
685 0 0 0.013927098928908865 9.973338195889452
690 0 0 0.014195588060571529 9.974321932627047
695 0 0 0.012783555263940372 9.97342679637274
700 0 0 0.013144860489502808 9.973444768071474
705 0 0 0.014804720782199743 9.974257890858642
710 0 0 0.012000519546617294 9.973010648161
715 0 0 0.013861438683538285 9.974626618986905
720 0 0 0.013477713008623216 9.971779425492517
725 0 0 0.013451734948692007 9.974111808090493
730 0 0 0.014522028240192553 9.974127422989751
735 0 0 0.010803565241106927 9.972798893025587
740 0 0 0.01246099125171174 9.972206354848874
745 0 0 0.015861766411962908 9.973026128094675
750 0 0 0.01530444515270446 9.97227116278418
755 0 0 0.013254467942883874 9.972220107801325
760 0 0 0.012857981021636933 9.972574974187095
765 0 0 0.01494974799692561 9.972207230643768
770 0 0 0.01666872607205616 9.972665733068114
775 0 0 0.015080101559558523 9.97239647152457
780 0 0 0.01469501548654617 9.973187736067693
785 0 0 0.013940707752714498 9.972809450142629
790 0 0 0.011371514216089285 9.971808722703706
795 0 0 0.015604959939511165 9.971160366080124
800 0 0 0.014809992041733722 9.972431864016677
805 0 0 0.01252337322960595 9.973148165551656
810 0 0 0.013676734634211929 9.971046526848937
815 0 0 0.012429914848246959 9.97110204752819
820 0 0 0.012835500847055759 9.972481144698541
825 0 0 0.013119463412484489 9.970748972955102
830 0 0 0.010845698627908629 9.972937323422142
835 0 0 0.013541320078593433 9.97241763180611
840 0 0 0.013636017993361227 9.972347568351358
845 0 0 0.013316296517585036 9.972221186218375
850 0 0 0.01314828956378733 9.971715176903816
855 0 0 0.01455534246480683 9.972090677558182
860 0 0 0.012548307208749998 9.971241881241172
865 0 0 0.014314575189033674 9.970994126309819
870 0 0 0.013493360913142904 9.97089983429291
875 0 0 0.011461118790551339 9.971706807100874
880 0 0 0.012475865196408753 9.970729880373929
885 0 0 0.018844641321924538 9.970888610385218
890 0 0 0.01191464654848251 9.971307468189275
895 0 0 0.014633379349526576 9.970795946027646
900 0 0 0.013641268254631855 9.970661040808155
905 0 0 0.013802506650492763 9.97152703204001
910 0 0 0.013551856674223206 9.970207484217163
915 0 0 0.01400066604930994 9.96933795144238
920 0 0 0.013458850863356853 9.969688306313687
925 0 0 0.015051301217318347 9.970100535096039
930 0 0 0.015524100611756575 9.970869198922333
935 0 0 0.012428404523643355 9.970482670649998
940 0 0 0.014235727903362916 9.970577972281715
945 0 0 0.01343193530785003 9.969125197206477
950 0 0 0.01204742770094902 9.97001912922263
955 0 0 0.011797005823658058 9.969474233003492
960 0 0 0.015230941928516595 9.970533929000673
965 0 0 0.011804248473589407 9.970164429498535
970 0 0 0.015439027755235646 9.969916639280619
975 0 0 0.01444642513838268 9.970657490990423
980 0 0 0.015463734707029442 9.970664900569785
985 0 0 0.013448797965913029 9.969855856519438
990 0 0 0.013843455769465773 9.969887423190588
995 0 0 0.010856524131102052 9.970645864533763
1000 0 0 0.012069591021185433 9.97006153981011
