0 0.4803182554278569 1.6235788361806303 0.33432335632543964 0
5 0.9109478144547845 0.23148828400696564 0.004206710496947652 3.1786390255716235
10 0.9510355085184102 0.16194182011666625 0.0062843960678884425 2.7256487075687676
15 0.9537870128187764 0.16078879579051764 0.02391985547164399 2.7116760860617517
20 0.9546668074187664 0.15764589671814333 0.013974681666852673 2.7046232122538196
25 0.9561741092347017 0.1535195784126686 0.016634136849682735 2.7003552778233244
30 0.9565287211787215 0.1525850438336902 0.013055594721931962 2.698711071502513
35 0.9562872867687777 0.1534468015180117 0.006814693085152701 2.697192319358529
40 0.9563397675571912 0.1537162069944742 0.010939106663912623 2.695646175259378
45 0.9563034129367588 0.15393058702524387 0.014465465484674978 2.695397420938864
50 0.9573425123986667 0.1511058939500436 0.017225506132447777 2.6950089358015816
55 0.9574244383076693 0.1509015895636372 0.011460761199470149 2.6947422601975535
60 0.9574233697608986 0.15055733826405637 0.016927240319046355 2.6937363627082402
65 0.9577889486208568 0.14911036276940282 0.009605211030589533 2.6935437643377003
70 0.9576773631230793 0.14906638651817428 0.010692212200523743 2.6935018992045316
75 0.9575074589086702 0.14997173124709073 0.008716271255442942 2.6933050220868635
80 0.9574822765500491 0.14972211359785748 0.015857868111580853 2.6935406580872985
85 0.9581065501039197 0.14798788024825837 0.014568148363258038 2.692760727591223
90 0.9581516692915253 0.14777913389959352 0.009346937718133885 2.693124122797672
95 0.9581005629597508 0.14790525103310737 0.012974321855004911 2.6921931843772455
100 0.9583090898603837 0.14759876402865935 0.014120149538101812 2.6924837015945915
105 0.957952324591822 0.1491037830003985 0.020466792003696943 2.692634389563509
110 0.958010587493238 0.14831478054775493 0.011512627472609838 2.6926973031292887
115 0.9583969354335582 0.14662809660294718 0.01802845485067217 2.691987660581747
120 0.9587096385420455 0.14547924907143628 0.014092914127235678 2.6915650330154914
125 0.9587261973180827 0.14589895576307965 0.014813314972225378 2.691557785610388
130 0.9588251056240904 0.14582813544806328 0.012630538633367161 2.691843561140034
135 0.958919684100155 0.14527071668192093 0.010052640308165772 2.692099485763172
140 0.9584367448956317 0.14602776469923606 0.01681342048654244 2.691183565369112
145 0.9579764803235199 0.1490147851367163 0.011921478827538357 2.690829546775748
150 0.9590645914289806 0.1449486809992817 0.012560941537212544 2.6910981351159755
155 0.9588955659125147 0.1454686928719755 0.01722850389594055 2.691104133220966
160 0.9592975110102429 0.14347246820452275 0.011590971950840245 2.6906075518811896
165 0.9592740238669621 0.14452239639664333 0.009764475666700134 2.6908395256519073
170 0.9593719411244563 0.14434904316684394 0.007505400975248433 2.6901355052743066
175 0.959358383580508 0.14330948487476647 0.018200363639482298 2.690762725695619
180 0.9595562810685345 0.14342554998064738 0.011716265216674016 2.690361063821902
185 0.9589419351153958 0.14519755477756213 0.010512173011797188 2.6904536590788983
190 0.9592843062355119 0.1448002232342076 0.01564345925051769 2.6898589221149938
195 0.9594117813382447 0.14437815521425845 0.019822551786201847 2.6898498354479954
200 0.9592140248094965 0.1455415118317407 0.010705962758260634 2.6898128909827936
205 0.9597116083760031 0.14289993805559353 0.017421896376190737 2.689562991381773
210 0.9594801040997916 0.14389869068350514 0.012884072908229571 2.6893724719741203
215 0.9599918692829896 0.14211852059635888 0.0056473326840289495 2.6893754283407127
220 0.9596672508204542 0.14329239970301666 0.012159207221113855 2.689337395489886
225 0.9591280309846038 0.14533737980376893 0.01026067636903738 2.689813593175503
230 0.9601324167179779 0.1416596493548714 0.00405898772860791 2.688734553314731
235 0.9603584335191201 0.14058929180751134 0.010386670433784495 2.6882027636517476
240 0.9606363520240546 0.1399092967737987 0.003491933125136404 2.6890183089431012
245 0.9606760450793967 0.14082661316393175 0.01431184655965212 2.6884621135585762
250 0.9587633326717862 0.14602811286018236 0.000723265000338591 2.68785847092292
255 0.9607854928967859 0.14039312107363866 0.01101929315521466 2.6877799765976063
260 0.9600789121052317 0.14214890107279698 0.005633537652967702 2.687441209961739
265 0.9611125747035133 0.13946495521682944 0.008505665726331157 2.687667991803575
270 0.9613220078288912 0.13844790176522537 0.011709755125922205 2.6867943744968676
275 0.9598006781510744 0.14334012728791645 0.014283322142930155 2.6870711084638845
280 0.9600624059563792 0.14269188425486368 0.014997796777530548 2.686657128755215
285 0.9619433207008572 0.1356680593271431 0.0034309967192320823 2.6863621775625064
290 0.9601117603263475 0.14292145920462485 0.013939581866921458 2.68579525080105
295 0.9625117008792307 0.13390012124047557 0.0065639443178906465 2.6856719943002902
300 0.9623188725333867 0.1358564251672174 0.010609761947360852 2.684756831260405
305 0.9629738142554234 0.13278939185838068 0.017538305318700154 2.6844949140226624
310 0.9620413454021006 0.1368154907883361 0.013200075293309466 2.6846966296741077
315 0.9621965209712853 0.13615171448657293 0.003564918120618321 2.683346187396867
320 0.9640236287877177 0.12955726163226133 0.0017057713232881966 2.683135160066477
325 0.9643694411491457 0.12948875642049407 0.013210255379088709 2.6823825101639547
330 0.9634533044157398 0.13159876532821135 0.015214042863511468 2.6818227391502005
335 0.9650667016201169 0.12813348186868234 0.01734644894037829 2.680929127616386
340 0.9658365187852669 0.12469232743534775 0.008987803456613763 2.680343206558066
345 0.9662040169818411 0.12453768487152006 0.0056945527475660285 2.6789573477539337
350 0.9657725936823092 0.12517233630487823 0.005756850427670601 2.6776463354336686
355 0.966972653741916 0.12195974053285319 0.012785961202351537 2.67648306616848
360 0.9681085221070669 0.11804749524520908 0.012953602924480778 2.674856864305836
365 0.9689012273584798 0.11573225183314229 0.002978677601963353 2.674063477804838
370 0.9663824422801741 0.12439281140534142 0.0023093012740302843 2.672424758077256
375 0.9702984879344154 0.11228077920486257 0.0016240483321723342 2.670712732231601
380 0.9705708118781748 0.11132006249374315 0.0025872838426881373 2.6693267810413603
385 0.9719402767269344 0.10657704739352925 0.0030388389588160702 2.6676469720543126
390 0.9722040379392249 0.10613999764863369 0.010135265365328605 2.666362910881257
395 0.9730593011869002 0.1051938113785642 0.0037331936059281645 2.663744148264471
400 0.9741752746292536 0.10041571799309379 0.006922162819517075 2.662693180946891
405 0.9748195639576921 0.09879717618645012 0.005623142821699956 2.6611088711509243
410 0.9747279630009598 0.09949373762838709 0.0034644200374380762 2.6598906195910903
415 0.9728507039353838 0.10633225005690994 0.014468176207699912 2.6573228852794966
420 0.9764174126905557 0.09309650862957763 0.0026003067922946155 2.6561745257020557
425 0.9775879498111221 0.08971638574158591 0.00276788573343123 2.6556545113864742
430 0.9781387407962587 0.08761434187826511 0.0016008518191570342 2.652922311513824
435 0.9784392407943773 0.0880451023387896 0.0076474044823098275 2.6527758926600256
440 0.9786838856449591 0.08777787319263775 0.001963042620573008 2.651105359087442
445 0.9752562740984588 0.10080535642774802 0.007769871245027593 2.6509571033486488
450 0.979763230139115 0.08430297616631632 0.001162514511700019 2.649795869698799
455 0.9759196236072666 0.09994973076382685 0.016149429191992803 2.6493575299270278
460 0.9775038412658515 0.09403884553502762 0.006913279668227412 2.64891666475646
465 0.9804272902552739 0.08400622193231921 0.00030265857604327984 2.648235265416907
470 0.9800228303326681 0.08581017244706501 0.005847803640955274 2.6470411789693435
475 0.9810554726385312 0.08062543178319492 0.0022381285173738164 2.6463936414419926
480 0.9815422581245004 0.07931858366125244 0.0011708457889696433 2.646652701954563
485 0.9814997956128867 0.08048950495116447 0.0052741583919062585 2.645068884961322
490 0.9808552838793475 0.0828064491978382 0.002535510628301596 2.6443771051984974
495 0.9815991648225564 0.07980865504714618 0.00028376140062502664 2.6447847687789023
500 0.988587998477716 0.040329856592790314 0.01483665012821267 2.690959646972683
505 0.9948526867267056 0.013222149184692444 0.010854400222956695 2.6520115721993403
510 0.9950550066073438 0.012786393259471396 0.0022794043512062157 2.649046914527899
515 0.9963154418582029 0.008781694920601879 0.0006316777230661597 2.64785761870011
520 0.9959447900389254 0.010600916214378753 0.0045071444859725585 2.646595465067403
525 0.997043772341552 0.006897642503400636 0.0008954831202379054 2.645784646153237
530 0.9970085073630348 0.0072537009768831595 0.004301346074728096 2.6447506150365676
535 0.9938533530416648 0.019169574543616008 0.014130987158805342 2.645105868183758
540 0.9975110349203087 0.005830321842171582 0.006328560034142505 2.6455817824103685
545 0.9977282758619758 0.005360587267995598 0.008322549689579795 2.6436921295629507
550 0.9975886474333768 0.006051416423753064 0.0034861334726037363 2.643645472748962
555 0.993100127308937 0.023145619693843322 0.01512837515909271 2.643125952061202
560 0.9972688859272305 0.007526525375583848 0.00035315875030028643 2.643163117551742
565 0.9978607959530328 0.0054410213851507905 0.0005880380097480487 2.6437995653970945
570 0.997959546826485 0.00503824393524166 0.0018535383854170195 2.6431306646967196
575 0.9971799755936956 0.008176062788117111 0.005864207149786971 2.643189837767996
580 0.9960730433721767 0.012357834742649398 0.0011294198150650914 2.6431841617962006
585 0.997769846900141 0.006214093391320841 0.004214301366884277 2.642501705198706
590 0.9984402773189802 0.0037673820557251325 0.002245578600280851 2.6424951468090696
595 0.9969447290704136 0.009491871545382224 0.006752018220435918 2.64253307897551
600 0.9967229467358296 0.010407630292804892 0.005503253003281028 2.6423063206761386
605 0.9982572732876767 0.004643449627939056 0.0022730119957847794 2.642210910156109
610 0.9985435005607768 0.0036556038289319304 0.004264589000404717 2.641702624533736
615 0.9977715129338958 0.006632998370482035 0.00353399756560413 2.6422750198768843
620 0.9978746338774658 0.006301331430945467 0.002917114168456747 2.641718208263671
625 0.9986203867159752 0.00339569252621974 0.0006730648191997091 2.6415276643590833
630 0.9987092164016376 0.0031969639893825175 0.0003055425042484128 2.641571494595393
635 0.9984237017135822 0.004285078067793435 0.004688221234207424 2.641363349708377
640 0.9985711565292736 0.003845299439562133 0.0029891297174828857 2.641176521057757
645 0.9984715879125048 0.004182681837415103 0.0017329003287949174 2.641645150566576
650 0.9953121774428724 0.016411592549472775 0.0058103427870268565 2.6416303146952633
655 0.9983866907035345 0.004584094461902666 0.005689176533753448 2.6409419919307946
660 0.9986729063545723 0.0035018644158726353 0.003546043657705056 2.640152597543094
665 0.9979450126705062 0.00644077844750246 0.0026574171394215806 2.6405247879906995
670 0.9978653797905428 0.006747868846590066 0.0023120229241304635 2.6404549322996216
675 0.9989251730696379 0.0027381237644079626 0.00315395057299539 2.640711539452409
680 0.9985339389838809 0.004205439995808025 0.0001754582486181988 2.6407481548613503
685 0.9989888599117707 0.0025043381987841506 0.0022350066398704183 2.640105172422082
690 0.998755094739914 0.0033846615092110177 0.0002731554270736236 2.6409852643005056
695 0.9989358161603686 0.0028247567504995352 0.004952667046741466 2.6410549235975562
700 0.9983533612689635 0.005056266544921417 0.005801312432192729 2.6402523182285655
705 0.9968567136662045 0.010826499282082569 0.01312905854883617 2.6403406869699353
710 0.9980844555937769 0.006167978624796344 0.002802746634415376 2.6400557035122767
715 0.9977246851227748 0.00757866783943717 0.013836693843128245 2.640426678212194
720 0.9990559609473083 0.0024169279791181886 0.0025830573745895258 2.6399795049396273
725 0.9964358600830375 0.012559269328266787 0.001343506840399078 2.6399884400671807
730 0.9990736098117627 0.0023539446288420862 0.009515492390250735 2.6402595792796983
735 0.9991361392040699 0.0021414619545985225 6.09714314245835e-05 2.640407949130264
740 0.9987414936486938 0.0037186879205388657 0.003248637341932037 2.639964926779046
745 0.9989479816018307 0.002912507167393663 0.009081478564474166 2.640306313929287
750 0.9936536091875686 0.023508522787570207 0.0018302752478083217 2.639255797232127
755 0.9989631296991546 0.0029159606434041585 0.0025198015946805707 2.6398674113383085
760 0.999149622695485 0.002253373565182848 0.00018826775865510292 2.6406126316345637
765 0.9989102651378791 0.0031123725926485157 0.0017430252247914169 2.63974451905554
770 0.993429237636881 0.024524395189915005 0.001405400466470308 2.639271161179116
775 0.9991817586286926 0.0021284172892634956 0.002674111154725045 2.640015601772008
780 0.9990387847236335 0.0026832271772736505 0.0005554663426994288 2.6395118521936256
785 0.9991352484071985 0.0022924722053101476 0.00219672270710225 2.6393833996544465
790 0.9988948903512564 0.0032042711498929677 0.00517040919878875 2.639653934464607
795 0.9989222590061714 0.0032152846095088172 0.0051878604456254696 2.6397314026415573
800 0.9990004298960987 0.0028818691855616585 0.0012022987347004577 2.639462391832153
805 0.9992058593317117 0.0021024684198440724 0.0008626948551526681 2.6402358260512755
810 0.9990339516201336 0.002744452897748495 0.007073987780995772 2.6400407619936717
815 0.9992530809743803 0.0019595636820342044 0.001787224349148131 2.639834914183987
820 0.9989342727058148 0.003124129062772596 0.0027508902706621097 2.640017356990782
825 0.9990963007471564 0.0025845260856831587 0.0038153649329941697 2.639480244237206
830 0.9988181659977912 0.003671114705817935 0.0026323453220282733 2.640189993116511
835 0.999021533230108 0.002877676392086137 0.0015142381068438127 2.6393242903416687
840 0.99856820582818 0.004715663073753262 0.004365925588051489 2.6395759500649634
845 0.9985875025697147 0.0045749045019407575 0.0004721538910781309 2.6396163451455634
850 0.9990788440419931 0.0026441766031792824 0.003954907639865057 2.639255803337499
855 0.9992820572774825 0.0019123929752891122 0.002824481841009474 2.6399489035616694
860 0.9986367230800558 0.004383753921619604 0.004201622133619409 2.639370008976065
865 0.9967627006831833 0.01172903360671329 0.007102903736816435 2.6388577173205947
870 0.9987089522533741 0.004178713198228934 0.002870012911273534 2.6392252384785615
875 0.9987203229624356 0.004221641612538907 0.003658586442271128 2.639259564961554
880 0.9991862607537089 0.002377414294579161 0.005004946812274591 2.6387324299067827
885 0.9993607339797358 0.001663632358519962 0.00020543793707195057 2.639653972239803
890 0.9992297307409027 0.002156986244573833 0.0022053386589890867 2.6396971499103183
895 0.9991757092611386 0.0023798461635244905 0.0009059925136225555 2.6391610592430714
900 0.9992357504514231 0.0022159692106953344 0.002315103606216784 2.638689231110074
905 0.9993316561461157 0.0017948381731991425 0.0007131273061651289 2.6385948587463197
910 0.9986709249384063 0.0043906574812959676 0.0019688768016998814 2.6391775333057774
915 0.9989399422286973 0.003321846482457147 0.004402471273208475 2.639132217798866
920 0.9977414298346904 0.008038331624310668 0.004920008206691806 2.6383986306504403
925 0.999327352271736 0.001882980685322444 0.002085425412021946 2.638946303612987
930 0.999275226081694 0.0020638957743024378 0.00024334129232328472 2.639472182611418
935 0.9990606047080152 0.002876470874446202 0.004640339018492812 2.6391507118833797
940 0.9993976496415263 0.0015969434211915434 0.008083733016104544 2.639075349421828
945 0.9988492305405872 0.003760412317922235 0.003069122609397734 2.6387935770316933
950 0.9992849322128365 0.0020724822752598016 0.002679908721893609 2.6387190429508705
955 0.9993533798962239 0.0017703242002387043 0.0038368805294790587 2.6389141247621963
960 0.9994393038113766 0.0015078769564711436 0.00044315331450150985 2.6388528681710905
965 0.9993837857793453 0.0016723682813841734 0.0015848002270224537 2.6390200497953145
970 0.9978672615127058 0.007585519039693178 0.0006080678493776137 2.639134156873289
975 0.9994672767853143 0.0014199992136174622 0.003215220925877338 2.6390242712966394
980 0.9993827074888645 0.0017133081151778917 0.00015812435988871165 2.639185005874106
985 0.9992639938734575 0.0021802607911252103 0.0005598222722602575 2.639082032910323
990 0.9993439941436789 0.0018474552605507455 0.0003583763654824157 2.6389748520691483
995 0.9991045466494168 0.0027909389946167984 0.004781978078413962 2.638667034118444
1000 0.9982819434708777 0.005994851066525531 0.004879445339432298 2.638708866311984
