0 0.49490347796548334 1.5464721031598079 0.3618473404463366 0
5 0.9100885837970025 0.23437545952445582 0.0021431163219109983 3.1861011987055328
10 0.9525801038819512 0.15646379971176572 0.003162695962699358 2.720523262029242
15 0.9540462963199805 0.15838864115536877 0.022537772479087836 2.7110893298804455
20 0.9551285730450922 0.15673698866774588 0.019016399413729568 2.705726157381327
25 0.9562050560638485 0.15292989734077844 0.009812386315200206 2.70217765606316
30 0.9558955583437257 0.15481603359891727 0.010765188846616036 2.699232753797995
35 0.9565705932471252 0.15239568901805134 0.01244546969575322 2.6978161802856575
40 0.9547703886334544 0.15791409131025302 0.011106156106202247 2.696406839923721
45 0.957138293337007 0.15101798744747885 0.01230797099232972 2.696372461623545
50 0.9571848654948469 0.1502215436522465 0.012452387715156332 2.695814176233914
55 0.9568508478526963 0.1513822088853578 0.0097825702752814 2.695271569387614
60 0.9573660297994817 0.14992445407023958 0.016650565062535927 2.6946242345128373
65 0.9571643421930236 0.1511631255252026 0.01711553985111336 2.6944184464775054
70 0.9574255048431781 0.15075253117758702 0.014475752857307844 2.6945159903143563
75 0.9574969197792751 0.1503938361446422 0.021457391986440477 2.6941151709471765
80 0.9573516638100037 0.15078242456801538 0.01113880716817195 2.694034954537695
85 0.9575758256555695 0.15010794708895192 0.013100622675406237 2.6940602228270105
90 0.9572990161230653 0.15018829627795238 0.013562042360847792 2.693507704441944
95 0.9576050671105002 0.14967499549401708 0.008172293528340813 2.6937774533426726
100 0.9578717347974339 0.14872655484736041 0.00885026575837533 2.6932380373669904
105 0.9579152262096379 0.1486485062545153 0.004960101176587406 2.692954033640498
110 0.957912499901292 0.14852098954639592 0.015781283402399593 2.69338192845858
115 0.9560821509086427 0.15368633024089506 0.002069580146367711 2.6927661822159763
120 0.9574541689379916 0.1497842723813516 0.005634976502512767 2.693043508689064
125 0.958116002407733 0.1476310692129723 0.009218844231109413 2.692276269692895
130 0.9580576818851475 0.14846551902255944 0.013729507720168455 2.692672892311131
135 0.9580009874128009 0.14784635946468372 0.01331758901892166 2.692211246025201
140 0.9576113337021647 0.14976323035243233 0.008809438205364506 2.6923873606555393
145 0.9582120610860593 0.14804189081420294 0.006829606030916979 2.6925347554452204
150 0.9579802630662166 0.14913147443770036 0.018136778152425537 2.692191570926914
155 0.9579412707824716 0.14879724275464 0.015254673523304119 2.6912540597542507
160 0.9581176705034695 0.1475733129236403 0.008207897726805191 2.6919857532200364
165 0.9575580808268396 0.14980409305519693 0.009615962290908886 2.692215899274451
170 0.958507297778577 0.14642198580337196 0.01380006694531799 2.6919162673621533
175 0.9584941321397653 0.14675909159093914 0.018095900356917216 2.691617903285266
180 0.9583043148546518 0.1476477907903897 0.014971312481491195 2.691762639049618
185 0.9584325203914175 0.1469229582612992 0.0036240768661661704 2.6915104670648877
190 0.9585566527890017 0.14602798980980047 0.009187412205726275 2.6914980427113466
195 0.9580346109343618 0.1474651795269737 0.006850845222315494 2.6910798047647786
200 0.9580145505879565 0.14905631860682123 0.013480111643400239 2.691476680190504
205 0.9580877910989286 0.1470181409587763 0.016076634926093014 2.691205467162199
210 0.9586859180811911 0.14610690153488903 0.013741340925430556 2.6912981642451386
215 0.9586519409919224 0.14617115260463542 0.011917952304919766 2.6915817706964122
220 0.9588228905632673 0.1462031072119081 0.001964000238330099 2.6910049377785805
225 0.9587604047091246 0.14500543480859118 0.016782579285113952 2.6910693207032095
230 0.9589023625233994 0.145279584915178 0.013131795531078572 2.691232738271309
235 0.9582230566907513 0.14915122121233937 0.01271585485311344 2.6905818321880766
240 0.9576952349772296 0.15011267906961212 0.011283410295599428 2.6907746901921588
245 0.9590284254312837 0.14452169851489494 0.011416094300913393 2.690852997500068
250 0.9579330483272739 0.1477346644026145 0.014440889220132203 2.6905774123900295
255 0.9581525152890435 0.14746047907405568 0.014820581402094746 2.6907401628106387
260 0.9592148493698404 0.14436588215535284 0.010857991816374257 2.6908315396231175
265 0.9569048996544431 0.15166275829465103 0.013638701387881147 2.690405530800822
270 0.9593089985891938 0.14354599693446435 0.009866102248792918 2.6907946673103513
275 0.9574853056051853 0.1512341495300049 0.014448980066344097 2.6905741820972766
280 0.9578591198707811 0.14819524359998448 0.012676825476473974 2.690383203145405
285 0.9593195534828136 0.14405232351011898 0.01629333287640944 2.690937826515509
290 0.9592487908857079 0.1453263204364501 0.008012938551219095 2.6900192126687807
295 0.9595415769328595 0.1422295599419101 0.007818503401696208 2.6901128908838285
300 0.9596165616724381 0.14305677274262507 0.012970966175373633 2.690207187882976
305 0.9596484989952647 0.1433872318510292 0.014943762515262637 2.689955229052491
310 0.9590725049833988 0.14447787839753312 0.006887909738915843 2.6896095851294053
315 0.9597981052212452 0.1423389794234189 0.008279218822283108 2.689805926942539
320 0.958538352670393 0.14558863419578438 0.013496179952841914 2.6893423272716315
325 0.9596098399853363 0.1424439291324071 0.013312792979220056 2.6895734301092973
330 0.9599599257934706 0.14085625588644968 0.0024699704465800387 2.6892565757831033
335 0.9600781135324297 0.1404539143550836 0.014220787832303294 2.6892695505283344
340 0.9597592346176744 0.14240103586712483 0.010745452919157295 2.688955694139935
345 0.9601686147287085 0.14151822185283747 0.018715361342885206 2.688547045952319
350 0.9590887938258043 0.1447611147898411 0.009390689326994606 2.688750527488516
355 0.960203283727185 0.14127613512500803 0.0140044215704751 2.689126240782586
360 0.9605076629581595 0.14012754606203304 0.00931562098537242 2.6888345293204026
365 0.9604414845304072 0.14081660066513813 0.010989248621829706 2.688061273068632
370 0.9600294125842419 0.14079339894916654 0.0023831558627300797 2.6873850511235498
375 0.9606113016183246 0.1397508883014149 0.006970640476717582 2.6875842984199916
380 0.9607106515303447 0.13863921134297774 0.00855092357863918 2.6880262326831446
385 0.9610498500901619 0.1384962809579453 0.013945008685994909 2.687612071037896
390 0.9599736613871817 0.14123766886802036 0.015208206896661691 2.686899480751437
395 0.9611166747419443 0.1383592971472951 0.011087249012364575 2.68728838980288
400 0.9615780352226554 0.1364102149261308 0.008427222422909386 2.686771190428379
405 0.9613602004823898 0.13840533329411642 0.01472102904217043 2.685348039487505
410 0.9618112841163651 0.13702349947163972 0.014757534055910293 2.685037316594636
415 0.9593533543598691 0.1448394980571015 0.019985444180762313 2.684965354511489
420 0.9617117402654124 0.13723019780412882 0.003198542539720739 2.6847937462578
425 0.9628044922514618 0.1327428232869856 0.007758704625351109 2.684437140952335
430 0.9626481505616376 0.133878026885057 0.003026052256817513 2.6839927249076574
435 0.9633112991704273 0.13118149636715692 0.005239036197942637 2.6826572262102633
440 0.9630572691953885 0.1344294403283408 0.01171391919457232 2.6822752218746873
445 0.9641623881207999 0.12965163447719874 0.002231276862877829 2.681263975939677
450 0.9641596459241257 0.1303966605521425 0.0017584706896405233 2.680268032462002
455 0.9651064947383405 0.1269690877795826 0.012450359482533147 2.679223342704447
460 0.965847320335308 0.12401026202678134 0.009322345925946385 2.677882633941916
465 0.9667009005405574 0.12242159595568003 0.007095785817821332 2.6776760383835123
470 0.9674429927951754 0.11988390296948115 0.006534357723234185 2.6753671475115857
475 0.968234272012106 0.11702067529348836 0.00630845137772873 2.6735127022368426
480 0.969461364586129 0.11337935753910289 0.003511296731999014 2.6719005900365813
485 0.9702168519455057 0.11139973768499134 0.0031422028383067957 2.669771189962248
490 0.971270612208323 0.10868335960489217 0.00808998944717243 2.66692862352987
495 0.9728979067575159 0.10362645344340615 0.009823159058973685 2.665424231468803
500 0.9769121106070151 0.06870462873357752 0.019579534033019597 2.7173673468629067
505 0.9840052684287329 0.037501401847809035 0.023254619994478976 2.6755186790878493
510 0.9874492727682149 0.02844065578140542 0.010935475419288965 2.6675141384207968
515 0.9892431697095857 0.0245749556283803 0.00896656000620788 2.6634243655443783
520 0.9905470141574856 0.021556304968382012 0.019342068245756794 2.660269578282089
525 0.9918254027343685 0.018578215173834955 0.0017631628172871672 2.65764108988293
530 0.9930066760020652 0.016143332359709106 0.016144099279080892 2.6556646708182736
535 0.9937861112290465 0.014200199960551885 0.006829111291174694 2.6545605119714866
540 0.9938127544271476 0.014328594250039295 0.006627505007013701 2.6517045234284207
545 0.9938460097876527 0.015796531002847836 0.005588820415808993 2.6510824432568545
550 0.9949201341292406 0.011932252074686733 0.0027099098991363313 2.6502785444657433
555 0.9957416728450584 0.009868209055357458 0.0004928457665949182 2.648886921732499
560 0.9956312007163592 0.01057760836780508 0.0022718206909646543 2.647529920034054
565 0.9958396099045375 0.010341735820812659 0.0035662096557764755 2.647734407545002
570 0.9965894845843838 0.007892574736421132 0.007951110838233522 2.646602249081298
575 0.9969375132571561 0.007088592912169567 0.009885887811710514 2.645820642565701
580 0.9960403767194702 0.010546713138705144 0.007965707889953544 2.645075065826305
585 0.9966812956234882 0.008677724751019245 0.0035369748247038313 2.6452568362870235
590 0.9972714697450606 0.006461590364711167 0.008775751448847346 2.644774850527108
595 0.9965702673952895 0.00913515539195675 0.0020885733494022674 2.643964936739644
600 0.9943707974380009 0.01798786936770247 0.00016356597146249818 2.643630454082959
605 0.9976916935005218 0.005567074580722142 0.012147913294022983 2.643054150151841
610 0.9960675615461776 0.011964514359308787 0.01735176153666318 2.643774905107102
615 0.9972881198471263 0.007452456510320005 0.014038385996983704 2.6433250399592993
620 0.9965769379514164 0.010123573373806316 0.004444477761227361 2.6432508674325383
625 0.9981453028766312 0.004504108337189283 0.002819876449147385 2.6429024808055495
630 0.9978877351498776 0.005601041262292661 0.0008136798857811822 2.642394900601772
635 0.9970905402966193 0.008552417864081896 0.0009621998678870369 2.641866281097963
640 0.9978419552131488 0.005987539383891072 0.003948891925686482 2.6423118747435375
645 0.997840297033866 0.005897138882654307 0.0018018143836109335 2.6423928261538365
650 0.9977263313129618 0.006494241335807338 0.01404673643634502 2.6422006490271293
655 0.9985348773165248 0.0035582743894453372 7.471755642884936e-05 2.641792549714433
660 0.9984463739313736 0.00397859351366181 0.0034676254346532875 2.6421866404679015
665 0.9970395232262913 0.009440865717919245 0.004096185307138622 2.6419218880135196
670 0.9970867477625162 0.00917262050578005 0.010711842275170858 2.641387397915662
675 0.9983873337034402 0.004351977279617447 0.0038720373978493594 2.640862468944332
680 0.9985862884979346 0.0036514820471795773 0.0036045269337658947 2.640728560408292
685 0.9969005206044017 0.01016054949024614 0.002897417097010413 2.6415272243283665
690 0.9987996322252451 0.0029517747597500588 0.0013711902240025609 2.6406799486028403
695 0.9989126593661413 0.002597746401560297 0.00033757231632303153 2.6411461148181745
700 0.9980160034706991 0.0060491850586736895 0.00937761731767428 2.641244965594626
705 0.9985012638442466 0.004287302050529629 0.0042377444886672055 2.641039565731851
710 0.9989909070668797 0.002418564368417808 0.0020541446107131822 2.6409718331525185
715 0.9983690392489626 0.00481208222519669 0.004424450924736867 2.6407423589495083
720 0.9979449001396714 0.0064430154812566975 0.0041757771661681264 2.6405159061436803
725 0.9986242162118264 0.003874246971069528 0.0051194644806733525 2.6411430955570996
730 0.9990037634030732 0.002494398658471564 0.0006532688209810456 2.6406608350464866
735 0.9978772884928766 0.006934441595619845 0.0015473593035075783 2.64054540589899
740 0.9986341482567296 0.003954641415042204 0.0001402373480656749 2.6404618507631357
745 0.9990443374619198 0.0024460345917072246 0.0015060145579324224 2.6403840395754474
750 0.9976489557543885 0.00766880535685166 0.0027169827008228786 2.6402303248441092
755 0.9987903391494233 0.0034121969768530214 0.0020599952480113704 2.640687189838171
760 0.9991812704915704 0.0020288547224840414 0.0013134278245217068 2.6406869994505495
765 0.9961608434950266 0.013756600986424061 0.011225977457736125 2.640342303571866
770 0.9986257862788203 0.004155882289631041 0.0012144780933656119 2.639738457944378
775 0.9988645579411327 0.0032233724232293426 0.0007139492094914157 2.64015610524457
780 0.9990758460116256 0.002393271816552023 0.0012104472960423607 2.640464035754119
785 0.999011242796779 0.002738169258675871 0.0018035593917284931 2.6401904483170164
790 0.9989283779230375 0.00308679802556755 0.0003817197887723278 2.6402816551417807
795 0.9987680284131886 0.0036100594792247698 0.00033630671753814845 2.640181611238964
800 0.9991438363270119 0.0022496071168136567 0.0061415687340422576 2.639519100227692
805 0.999226955234586 0.0019886924317700228 0.002414917823261975 2.640232771083252
810 0.9991864634398078 0.0021103396675385966 0.008101978411418687 2.639958408651771
815 0.9978910124864009 0.007167678939405953 0.0011527873239287612 2.639761603332934
820 0.9985890409809857 0.0045157508529052315 0.00044678336245418393 2.639897536340938
825 0.9987352310040462 0.00390530086493035 0.007311429490431953 2.639761450803408
830 0.9993375197135381 0.0016600754714328758 0.0014214099419127546 2.6393114720257658
835 0.9988768379295567 0.003394225895119174 0.004379752624760869 2.6396317734598025
840 0.9989056414307682 0.0033401539336299635 0.0011464391600906065 2.6394745381420317
845 0.9988501340700671 0.003530077295540668 0.0026179866542010988 2.6400508668564227
850 0.9990017992300644 0.0030093897825529403 0.000914949598890491 2.6393897802926243
855 0.9992468490987918 0.0020324276798726615 0.0017241826116891623 2.640093965557347
860 0.9991559010908666 0.0024390031505934218 0.002460792739173767 2.6399040961480953
865 0.9993380565812187 0.0017132715220093964 0.0011287989316584035 2.6391860873394255
870 0.9993379029408933 0.0017144180583570368 0.0012255468036459494 2.6393876683733195
875 0.9989221056209163 0.0033393410505655474 0.004132002587819095 2.6396606862236016
880 0.9986670302365672 0.004382501585149079 0.0003088990941175762 2.6388714715943564
885 0.9993187212934589 0.0018319191834383908 0.0003205013158973369 2.639356812145341
890 0.9965620585710011 0.012633382194969567 9.44046188935399e-05 2.639157931076224
895 0.999094139555629 0.002690825880199199 0.003270067513177821 2.639164570527527
900 0.9975963376903437 0.00862130937034955 0.001968838639107462 2.639218616485311
905 0.9991239965652391 0.0026068196216399997 0.0039574676534566144 2.639531649671294
910 0.9988290795793352 0.0038448884712258824 0.0023009016728794407 2.6391531974616087
915 0.9986066114340795 0.004639268860388679 0.005939568505882287 2.639179400330929
920 0.9992873244520153 0.0019769511812466334 0.002296169438508633 2.6392710874790084
925 0.9981641624291315 0.006491416846086562 0.006894274872296657 2.638949595453136
930 0.999308883086982 0.0019139807976591428 0.005960674616206418 2.638579883097695
935 0.9993746631335743 0.0016774122952205595 0.0019407404694238295 2.6387487380855674
940 0.9993338989085918 0.0018877206490972576 0.0010805216277034457 2.6389848944369305
945 0.9994337123619887 0.0015439342995513528 0.0023269932436222884 2.63875018337656
950 0.9991496943803676 0.002635520520032575 0.007825175319362776 2.639129590454248
955 0.999249903341932 0.002222446272008405 0.0044072486464130645 2.6388726021161863
960 0.9992690001874539 0.002196300751144964 0.0026725784740200265 2.6388912664756
965 0.9994983803126392 0.0013230507934585134 3.2649765076220305e-05 2.6390510174022648
970 0.99919651495672 0.0024641660542674693 0.0005024922047971447 2.6385695418957362
975 0.9970587470102159 0.010918438955048071 0.004057298747847549 2.6385591801928667
980 0.999430209411234 0.0015378022230931876 0.0004406943011063813 2.638881110080031
985 0.9993963981471734 0.0017163963596784626 0.0008737305617727564 2.638790120685524
990 0.9979585876272318 0.007361031304419452 0.0011704566039929531 2.6388292685624806
995 0.9990721311534915 0.0030117939654839 0.0002527919849051319 2.638756067810491
1000 0.9976362399960887 0.008664190372298375 0.00019657157994945607 2.639205903897132
