0 0.7049438947278961 0.6993287142208595 0.00038878311400969423 0
5 0.7093887275055513 0.6867606384638127 0.00034724393330964887 0.6933408054036747
10 0.711412474780335 0.6810716781218726 0.0001565211413827594 0.6933405194230216
15 0.7098226015054637 0.6855354179765261 0.00012045211599098771 0.6932995809516731
20 0.7101071261735057 0.6847263227763758 1.2288995544063042e-05 0.6932794016419394
25 0.7094663378669288 0.6865252872427154 0.00010175905915188466 0.6932379997814667
30 0.7091243274481613 0.6874851754634039 0.000199803503162288 0.6932491347410344
35 0.7091588792892027 0.6873841869219004 0.0004005629715997383 0.6932717421927134
40 0.7111284704765124 0.681847188875071 0.0008454545144807035 0.6932233536164394
45 0.710342526137138 0.6840529717173998 0.00013951029404812854 0.693274877001604
50 0.7081090624694673 0.6903375964645864 0.0015008047128262092 0.6932432614802754
55 0.7109024316695899 0.6824792082795166 0.0009112973906406641 0.6932416414375911
60 0.7110046627831513 0.6821928327479876 0.000645100983678315 0.6932635458463687
65 0.7093285590777479 0.6868988280196819 2.9705996806850266e-06 0.6932596187544396
70 0.7093529582083944 0.6868286614684651 0.0005147913901720758 0.6933136732028099
75 0.7104883999893872 0.6836389461900332 0.0005897290677421285 0.69328770510804
80 0.7073254078797948 0.6925429619065269 0.00047819765658774216 0.693143300138078
85 0.7081483235454475 0.6902212201516129 0.00017822479121309964 0.6932271230716887
90 0.7090146228001297 0.6877803450816662 0.0001563799447656944 0.6932264191241292
95 0.7088680980801385 0.6881926350778214 0.0006869152800066392 0.6932435253841233
100 0.7078870015833729 0.6909564777012631 0.00011173355461546741 0.6932436827049315
105 0.7094095962801739 0.6866692362392488 0.0008431316727850469 0.6932110677533744
110 0.7062379601345338 0.6956137690714248 0.0029961801827751433 0.6931096877131931
115 0.7095964683959519 0.6861442569025109 0.0026706584944582445 0.693214031313937
120 0.7084093227087708 0.6894833874956237 0.0004586693356298799 0.693204260516992
125 0.7083869767352664 0.6895461296655965 0.0007968128382791484 0.6932161680918001
130 0.707915834699038 0.6908735969637423 0.0004334576007426483 0.6931906922517689
135 0.7078548900714349 0.6910449406684451 0.0011337471891157413 0.6932269020976572
140 0.707973156346491 0.690711182227193 0.0016270729878512524 0.6931986921749779
145 0.7070038345681802 0.6934461760750663 5.596968331911256e-05 0.6931971117631351
150 0.7071859509377505 0.6929313902316958 0.0001217902461525533 0.6932238780105671
155 0.706499351311255 0.6948714150235218 0.00042836352337749517 0.6932105518682673
160 0.7065618731716481 0.6946943221749606 4.669807146706617e-05 0.6931902159871187
165 0.7072794698016553 0.6926663458424911 0.00026349627317956426 0.6932167452797063
170 0.7063620517767861 0.6952590049979763 3.5415220245527124e-05 0.6931902980997948
175 0.7072017945848781 0.6928853307262104 0.0006967404553250844 0.6931964959519512
180 0.7066118222092261 0.694552364641847 0.0001938188273615804 0.693194043943451
185 0.7067305549584486 0.6942163669928716 0.0014576656900535667 0.6932123113837259
190 0.7063530913345604 0.6952836815964312 8.278340901668457e-08 0.6931825117203421
195 0.7064475617809294 0.6950161944050848 0.00022644676777261452 0.6931892539165417
200 0.7062270379988576 0.695640032702137 7.2603668901383145e-06 0.6931797715691458
205 0.7062069818833523 0.6956967209415326 1.2160236769420685e-05 0.6931997174078348
210 0.7064043782633433 0.6951379223953413 0.0005898839904623365 0.693208709242936
215 0.7060997125027554 0.6960001577272594 1.937118223493961e-05 0.6931739354318863
220 0.7070266388847035 0.693378369380171 0.0001882190511279802 0.6931736853840113
225 0.7064257805116978 0.6950772142453827 0.00021836658531348974 0.6931983928401881
230 0.7065695434830104 0.694670422833326 0.0010747584953907374 0.6931962055195672
235 0.7065401586961988 0.6947533598453988 0.001363389178971497 0.6931962836331205
240 0.7070129544058203 0.6934164763706612 0.002312463288825062 0.6931453171930984
245 0.7064466602588824 0.6950177438899772 0.00017731693853129116 0.6931812111627319
250 0.7064846427571916 0.6949101718349546 0.0003137006089783956 0.6931802677256271
255 0.7066339620479167 0.6944877039217303 0.0004057574398212971 0.69317755604444
260 0.7066065164163461 0.6945652455640228 0.002066258902680196 0.6931735601456375
265 0.7062076760893774 0.6956938659466019 0.0008800164310879266 0.6931717261918553
270 0.705981826547044 0.6963333920706423 7.354771820056172e-05 0.6931617562210144
275 0.7066923196719761 0.6943224360206885 0.0006657729488048769 0.6931619239201869
280 0.706484631843739 0.6949099487860662 0.0011678266339606447 0.6931569366719172
285 0.70646944449199 0.694952868620446 0.0007599292359447007 0.6931373752020715
290 0.7063410778636832 0.6953161170775144 0.0014465731052164532 0.6931863092136035
295 0.7061291023390012 0.6959162161892807 0.0006237878921381279 0.6931861400727191
300 0.706361581996462 0.6952580085813287 0.0008591312339645274 0.6931652612601134
305 0.705937287971561 0.6964594845525225 5.783467771314221e-05 0.6931586851505088
310 0.7060562368164804 0.6961225663600976 0.0001377379740088447 0.693156416275725
315 0.7061537249664853 0.695846463939108 0.000426549895842121 0.6931719940690315
320 0.70601629663565 0.6962356783134696 1.8549157921543546e-05 0.6931513843157373
325 0.7058342004259757 0.6967515284338668 0.00028227265066127494 0.693130637648791
330 0.7061858068746607 0.6957556031324392 0.00028875307587450383 0.6931779202708214
335 0.7064128894066904 0.6951126998436759 0.0019136668536452461 0.6931614722734016
340 0.7062785349942551 0.695493032557972 0.0008015713254977408 0.6931947205502276
345 0.706331021259254 0.6953444396178019 0.0006482145439236087 0.6931791092821459
350 0.706443903368035 0.6950248994398511 0.0007931227885438208 0.6931727816403047
355 0.7062332172278756 0.6956213253699328 0.0003193808186476854 0.6931562036795873
360 0.7062925323052611 0.695453372745664 0.00023881115917001594 0.6931719656614793
365 0.7061226808790624 0.6959343084039786 0.0002429661028007235 0.6931565024926791
370 0.7064024552941212 0.6951421679752756 0.0006409835040896983 0.6931581467342315
375 0.7065160658130296 0.6948205961877139 0.0018301722057268988 0.6931505695415983
380 0.7062573637275866 0.6955528974518801 9.318910269850988e-05 0.6931692767074479
385 0.7062161694342455 0.6956695279839706 0.0006594029986602967 0.6931588506951052
390 0.7059818217614965 0.6963332586246826 0.00011691569317928696 0.693137795162432
395 0.7062958131325485 0.6954440136704454 0.00025325416795907163 0.6931669556330919
400 0.7062931310236278 0.6954515974254223 0.00018254038991383226 0.6931629521640856
405 0.7063110157394855 0.695400960290864 0.0003041735826121439 0.6931638740331705
410 0.7063162297464864 0.6953861893326052 4.072150893041915e-05 0.6931674084841768
415 0.7063112790518131 0.6954002031650957 0.0005604733905923975 0.6931659531533004
420 0.7063762741722164 0.6952162017097607 0.0016531227424262385 0.6931484372097018
425 0.7061937922001116 0.6957328694815459 0.00011668779637297177 0.6931596991550635
430 0.7061981812853448 0.6957204357915918 0.0008315009415751362 0.6931626121611498
435 0.7063607718824628 0.6952600757870981 0.0005859847165724519 0.6931554534988454
440 0.7059915393990848 0.696305719579231 2.145071337222859e-05 0.6931327803297215
445 0.7062554695989819 0.6955581986736785 0.00013937090477567082 0.6931627795332389
450 0.7062066694278337 0.6956963823301074 0.001232025706501938 0.6931596163979953
455 0.7060066560700382 0.6962628967456723 7.987550700905288e-05 0.6931483337349935
460 0.7061386238773958 0.695889088104753 0.0003211998374441638 0.6931626637400405
465 0.7061129155171197 0.6959619037413554 0.00013060061461778183 0.6931488402460841
470 0.7061208799596836 0.6959393446763293 0.0010028852628374274 0.6931510352475897
475 0.7059329684899303 0.696471669528981 5.909343152543656e-05 0.693156329313376
480 0.7060267939648153 0.6962058591843427 0.0011229562520420622 0.6931557530286885
485 0.7059741012701883 0.6963551407553918 0.0002232034035944963 0.693145942389362
490 0.7060610736675367 0.6961087516427531 0.0002452061982041176 0.6931549689261753
495 0.7060661002793129 0.6960945132133047 0.0008407764797954131 0.6931564897956015
500 0.9941948299710295 0.011892599841910378 0.014857012425687932 0.919328926864057
505 0.999565273533507 0.0013232978254940075 0.0016482392713714766 0.6946549060429383
510 0.9995514216749002 0.001509605793933222 0.008669579987970244 0.6944383628107598
515 0.9998201408319168 0.0005103563794290888 0.002634755850046022 0.6944438505368854
520 0.9996960125509393 0.0010647599489949089 0.003358616910123402 0.6941793572540651
525 0.999921246864266 0.00016343923434880558 0.0006835457837459646 0.6944353839363907
530 0.999911925001805 0.0001993012445522524 0.0004182448806893113 0.6943255765118019
535 0.9998768433438447 0.0003566019156744371 0.0006357969874628555 0.6943144155105567
540 0.9993701253914115 0.002340030636961532 0.004415408805949261 0.6940915470920594
545 0.9999314007900881 0.00014422103229905225 0.0003000614312531624 0.6940980783892199
550 0.99989234166485 0.0003070118584561632 0.00324303716408314 0.6940918370178487
555 0.9998017918818343 0.0006464836128889928 0.0051817248894113765 0.6940176398474361
560 0.9996525316087919 0.0012359678003389662 0.012864509203235786 0.6946089328095318
565 0.9995976112065391 0.0014997785239410089 0.005990317049699323 0.694399214600427
570 0.9999150240343744 0.00021965290837711038 0.000932266968045159 0.694352971008077
575 0.999555078775278 0.0016209504241448958 0.0017833906929171084 0.6942276592815165
580 0.9993702011152183 0.002357757277941186 0.0008686080883348879 0.6940063900430272
585 0.9997518656370201 0.0008816105993814105 0.0039046528090147525 0.6940735565204832
590 0.9998525595249887 0.0004543562315708627 0.004845207551594566 0.6943125326945266
595 0.9998536350906728 0.0004500707712520313 0.001311764781460889 0.6940150849579316
600 0.9991807913360724 0.00318183419293816 0.004776097821738046 0.6940847269074437
605 0.9998619257703685 0.0004222731692344883 0.0007712522799132593 0.69421945257606
610 0.9990956954387753 0.0034491371064102605 0.00652184887914542 0.6941177090122079
615 0.9998845820727604 0.00033430809336676415 0.0014133414909638375 0.6940304555189342
620 0.9995396229993148 0.0017411610669326727 0.0006522162505242513 0.6942236307454399
625 0.9999416851801666 0.00011893015375630256 8.021724477424996e-05 0.6936803879965133
630 0.9997711771320337 0.0008132757703795956 4.435198981145305e-05 0.6938637177940821
635 0.9999141582205848 0.00023732693605904576 0.001797254472060139 0.6939348662561525
640 0.9997212196608587 0.0010151209694688745 0.0034767583459287543 0.6940399484113324
645 0.9999372251321422 0.000137135210010908 0.0001493346107410698 0.694040631019216
650 0.9996080092109443 0.0014715756746389586 0.003868913036109367 0.6941449744018642
655 0.9999403596693404 0.0001241073415398919 0.0003715256681786627 0.6940293422358799
660 0.999923386272597 0.00019898547830821123 0.002757879106187966 0.6939451341610298
665 0.9999063576129364 0.0002548657761971551 0.0008447259727454304 0.6938085852364264
670 0.9998572409844169 0.00044814150105532136 0.002355474542710123 0.694212784758405
675 0.9999243009457288 0.00019842928407598492 9.157714947516382e-05 0.6937563871647856
680 0.9997465676285909 0.0009183798241447771 0.00568297767958148 0.6940587931241001
685 0.9999454646602144 0.00011085580294456499 0.0001781502484272668 0.6940826082815651
690 0.999944554757715 0.00011222152978618283 4.7848011757611886e-05 0.694043955323464
695 0.9997279502701149 0.0009642178301687565 0.010663952866146298 0.6938272408586278
700 0.9991436229443198 0.003343432520803158 0.003260063607775754 0.6940144595886268
705 0.9999359364067653 0.00015558725016662223 0.0013812916484201576 0.6940467254247901
710 0.9999147766410232 0.0002423945064271571 0.0008141244357935395 0.6939060814476693
715 0.9999471238501989 0.00010776891186492499 3.3683411594265245e-05 0.6940266156838399
720 0.9999476089032111 0.00010741247225443118 4.437443815585862e-05 0.6940170229668926
725 0.9999456255778962 0.00011561893770783982 0.00046326507122396166 0.6939063937087255
730 0.9998326193820686 0.0005557808264765596 0.002811799362264278 0.6937831602350303
735 0.999856129853854 0.0004847148323054995 0.002630173474104769 0.6938600404048956
740 0.9996267787974966 0.0014098976850729361 0.005883626956817989 0.693975215571092
745 0.9998248945585075 0.0005864399107367024 0.002596246998006646 0.6938249073786165
750 0.9999442903518314 0.00012005700798733976 0.0004499470612078227 0.6941014490038464
755 0.9999400494262016 0.000139149263496674 0.0004732040496417955 0.6937286048687392
760 0.9999415491447327 0.0001376583279179 0.00039244537211136077 0.6940824634572693
765 0.9999303907453514 0.00017702883745940312 0.0007988099702689322 0.6938370533256384
770 0.9998653530015806 0.00044947769437841956 0.0033880015298721755 0.6937694595518977
775 0.9997866265148206 0.0007452754158974173 0.005066402523177804 0.6938025393899152
780 0.9998648640856477 0.00045318252852255547 0.00017584858276320503 0.693606563546412
785 0.9994007644145821 0.002318510387010919 0.0035769794163287294 0.6938310576057551
790 0.9999515669865013 9.812476684545324e-05 5.9870293430908106e-05 0.6940021948622248
795 0.9999505981930152 0.00010102500252351376 3.765783939069234e-05 0.6940461674662215
800 0.9999524965958266 9.826055553507906e-05 0.0005148773180574384 0.6938394349418472
805 0.9999426111702655 0.00013927292634874355 4.6508723683169606e-05 0.6939840426295869
810 0.9999534966356629 9.839851158166546e-05 0.00033431859687871324 0.6935893217430196
815 0.9999548194554786 9.24896351098825e-05 7.719202136247105e-05 0.6940189248397202
820 0.9999414488557707 0.0001460517054997501 0.00036569967049926433 0.6939920504558453
825 0.9999214414710007 0.0002284061714028507 0.0008096732404343499 0.6940789792618622
830 0.9999510107750772 0.00010285948543797829 6.904191600765053e-05 0.6939975832915475
835 0.9995752917629411 0.0016235050632471548 0.0051291947073773825 0.6938438783465931
840 0.9999500590845777 0.00011275598868665249 0.00029613694633945364 0.6937718119364875
845 0.9999542531489735 9.793521157075435e-05 0.00017205300190670236 0.6937763092740802
850 0.9998955179157262 0.00032409195546612146 0.001935341268087365 0.6937319074152666
855 0.9995261868956842 0.001786712473790919 0.003992739519824484 0.6938205128414139
860 0.999952564891095 0.00010458564092186151 0.0005992022012231146 0.693941610402021
865 0.9998193262721868 0.0006238012494705902 0.004650148937650478 0.6940065581985985
870 0.998722280090389 0.004987763936279754 0.003035889074922804 0.6933137672984171
875 0.9999228182328936 0.00021905832676560877 0.0010828242324989468 0.6935567091419097
880 0.9999477360470554 0.0001225825532267244 0.00127854599037458 0.6936558201359074
885 0.9999534391908574 0.00010574016209241588 0.00015768652707892628 0.6937746437756835
890 0.9997303059876405 0.0009802767035858029 0.002476334513839662 0.6938330002001207
895 0.9999077475976623 0.00029214309561842455 0.003088153339095956 0.693948540541039
900 0.9998952308767894 0.000329376549251581 0.00019844093392995532 0.6938398736035508
905 0.9990863998007282 0.003592739801958178 0.0027455639233768814 0.6937872921470946
910 0.9999161541373112 0.00024670457361553044 0.0005499881041352017 0.6937728138218923
915 0.9998441787656958 0.0005479023417699347 0.001083343291581329 0.6937847924315191
920 0.9998981581896853 0.0003326347172367683 0.0015528414981358374 0.6938249351260127
925 0.9999587404161938 8.391513019034846e-05 6.296563994356852e-05 0.6938357691918953
930 0.9998627986647928 0.00047470582843189835 0.002091389856889947 0.6937697398183892
935 0.9999572595404174 9.355077692529967e-05 0.00019541753490115443 0.6937733904347428
940 0.9997666352853908 0.0008636252742937334 0.004779426302545797 0.6937172972222838
945 0.9999462068267062 0.00013397211431576128 0.0008526223259996968 0.6936781254233337
950 0.9999559663804741 9.620601001159024e-05 0.00011886215816159229 0.693749111927993
955 0.9999492235578143 0.00012107088997181936 3.655544750769124e-05 0.6938428096034696
960 0.9999585459652685 8.780805702190975e-05 0.0003753246349909034 0.6937947293818665
965 0.9999348077737032 0.00018112304748152397 0.0017875469068284744 0.6937219338396621
970 0.999931176483829 0.00019380566159810098 0.0007794654349472241 0.6937330210057463
975 0.999919198447597 0.00024196952926658355 0.0009092194217297234 0.6938201794220435
980 0.9999590762836217 8.789309771506382e-05 0.00018499622141043837 0.6939656201143185
985 0.9999611033922703 7.989713261502551e-05 0.0003330051118601851 0.6937213637966942
990 0.9999189691189297 0.0002524895959473694 0.002445012231596211 0.6936536586933633
995 0.9999475803434413 0.0001326937870466116 0.0004659455340387808 0.6935902173589998
1000 0.9999598018574962 8.625914848181537e-05 0.0005252987563753031 0.6938380035228655
