0 0.3911627149644765 2.1309114232516713 0.2620037546040116 0
5 0.9381422761925058 0.1444446232259855 0.028024497544881566 4.844747683831787
10 0.975030286477633 0.056748824136247045 0.019862696293179605 4.753229527531685
15 0.9908194214954795 0.02744559447103967 0.009654433376828031 4.723798018025443
20 0.9934744940840818 0.018133805586630025 0.0042224351274653404 4.710570607454857
25 0.9948355061795424 0.015453515680105667 0.0071276172639822555 4.706805370807631
30 0.9968141181484664 0.009227270946540855 0.003439262847481306 4.704193912454414
35 0.9964610842731472 0.010532907785349543 0.002953519726596854 4.701452010356422
40 0.9974624784456034 0.008646232417922839 0.0005870982216475973 4.69891137333223
45 0.997485628301083 0.006742700467836649 0.0005332545119522969 4.697615728833967
50 0.9985985913137823 0.0040512526198357435 0.0014126889947125854 4.697561896373504
55 0.9974142226610232 0.006534989540248226 0.0028878068226103615 4.6968869500484685
60 0.9956927879468214 0.015148658928880288 0.004558850404370984 4.695148378610622
65 0.9970697947654787 0.009574567558499503 0.003634915872836375 4.695750558211201
70 0.9970896365893703 0.009959929642628929 0.0015380515395495564 4.694747847443377
75 0.9988287016535933 0.004114839160319406 0.00212561720527793 4.6942263568961815
80 0.9985359831703204 0.004850376223694219 0.0017379736433011939 4.693886546030392
85 0.9975446243707702 0.008790422808625742 0.0014008286020312788 4.6929546209971855
90 0.9985886446643089 0.0051274966808190214 0.0005810026797723467 4.693464349437041
95 0.9975758217060252 0.009049213081240737 0.002443545493454824 4.693560081415089
100 0.9954015207700392 0.018401138375772952 0.0013340734044957614 4.691740299906545
105 0.99828300972941 0.006086559864366237 0.0024672402918075598 4.691554351286411
110 0.9991271195869034 0.002921042231200488 0.00048684999898296333 4.691780223453966
115 0.9990294486332844 0.002758413021067163 0.0038029142239062175 4.692045488677354
120 0.9958683591123549 0.016017727970576878 0.005194061792421545 4.691926344476382
125 0.9987072553644917 0.003980181807079042 0.000641374241875825 4.691187516640897
130 0.9984689401440228 0.005089564382969591 0.002597551756892802 4.691269505785553
135 0.997399588219875 0.0077236392686028665 0.00035003227783247937 4.691473617960704
140 0.9971818588052271 0.010140050783634003 0.00044318109471874756 4.691369669984107
145 0.9986962463707081 0.004651621933595251 0.0009826158176964306 4.690421271695066
150 0.9985012266207876 0.00537843918725045 0.0029555354221180163 4.6906721557393976
155 0.9985457480969613 0.005223025693915417 0.004769957963917104 4.690452842798574
160 0.9991056995841934 0.0030489762471610504 0.004895953235576345 4.6902018725008165
165 0.9974194587434774 0.009269123902456933 0.0009692580866942357 4.690147422288437
170 0.998259183805285 0.0065280237896025994 0.0005658328583064698 4.690506901288979
175 0.9990791448744845 0.00341433264937141 0.0013509360875132437 4.689654664280256
180 0.9987242299215782 0.004208898245903647 0.00029151407348781966 4.689049760645163
185 0.9987357323730753 0.004658969057928175 0.003755697874947561 4.689399070733129
190 0.9977930990529262 0.007358829305557535 0.0022695446314240364 4.68897463050256
195 0.9984490228939396 0.0056294158916001535 0.0017124172854015018 4.689554229324619
200 0.9980187564735499 0.007540886494088461 0.0044787069123710666 4.687639547437323
205 0.9985675725844754 0.0051256366822238775 0.0023164510670603544 4.688241284041284
210 0.9993403974511182 0.0021052811753694556 0.002496064005714116 4.688878045063828
215 0.9979940101981184 0.007403697670024023 0.000589501490434019 4.689569647626389
220 0.998029103415924 0.007118549116215789 0.00015551734907881531 4.687713285889606
225 0.9984239163567282 0.005779666478162859 0.004184702122262518 4.688150467702878
230 0.9985458821224207 0.005612439342899123 0.0024485701068599486 4.688323994765834
235 0.9974829339103422 0.009623856798270047 0.002434128110936351 4.687403712319242
240 0.9990721464307623 0.003429491118633443 0.00023211377377396758 4.688777726039478
245 0.9955219555231319 0.017527266236719186 0.002394568935694341 4.687784504115842
250 0.9434340190487587 0.2952718395881506 0.0016998982806621932 4.720066570105417
255 0.9408321192155313 0.31995014698972213 0.0023636946821357085 4.694061084411628
260 0.9410512264951565 0.3165684976073049 0.001689741942584977 4.692117553642061
265 0.9400428226237978 0.32031092798914873 0.003751908540554183 4.691308297147502
270 0.94248510463391 0.3028463692063941 0.0062896857472105605 4.6915110399980104
275 0.9422847468842996 0.3077548299319748 0.00203600630942824 4.691736579309168
280 0.9440020703543173 0.29156707969876106 0.002019584300211985 4.691937090909878
285 0.9435353278536225 0.30041455964343555 0.0015249836399708894 4.690893847356011
290 0.942758111182785 0.3037208945532974 0.0016170335218566034 4.6915550663446774
295 0.9419534117048844 0.3082841475912339 0.0023604625325301942 4.690380284520655
300 0.9442568656985947 0.2918969353498122 0.0006119021885842013 4.6909739837309745
305 0.940258970866827 0.3212254164873549 0.0009949585761646063 4.691432310109798
310 0.9420087598820199 0.307691767260696 0.0022132340963676445 4.690033688526537
315 0.9458718567227282 0.28220942075523237 0.0021339365133326016 4.690491102844985
320 0.9413426789963789 0.3112267404387632 0.005071297204481073 4.691477820020708
325 0.9410596315778779 0.3148642102886203 0.002884418743292816 4.6896061125014805
330 0.9402820885370116 0.31642521831374815 0.0065508447908688705 4.690262180943298
335 0.9388050118411282 0.32889470938654153 0.0094524493511563 4.689628769400159
340 0.9419442234650381 0.30748580599103903 0.006891573510585669 4.688355462434884
345 0.9428971170447169 0.3011304571916318 0.008077304322657408 4.689436714683291
350 0.9401681117191872 0.3198191162800512 0.003643632873199465 4.689057530023986
355 0.9408301140392314 0.31609279649681987 0.0014773363391202832 4.689417422506525
360 0.9412747050284571 0.3112451773913181 0.0014479145120591674 4.689001320126595
365 0.9417896802808621 0.30864437808781187 0.0034461220154318184 4.68972977286273
370 0.9461437628461487 0.2844143766020757 0.00024117964576753081 4.689313760643388
375 0.9417655514311134 0.3074351830467954 0.008296184992750533 4.6897565745247345
380 0.9355608619178988 0.35053591069104595 0.008501739426262755 4.688771039564976
385 0.9412406374046001 0.31139747415972874 0.0002477785323109494 4.6889263935156835
390 0.9429002054547517 0.303550027034615 0.0004961262952076773 4.688075068978664
395 0.9429167735011736 0.2996150379068565 0.0051334439130039655 4.688360742479713
400 0.9402089605285002 0.3184011920585661 0.0074509020944086846 4.688463939842954
405 0.9425656755761828 0.3108116620785166 0.001585821983983049 4.688697242598151
410 0.9405404093316252 0.3185823239297072 0.009561079106923609 4.688399596210053
415 0.9440808866863537 0.2957189378382088 0.00031368765104611285 4.687990249644128
420 0.9419928423714432 0.3057441593553154 0.004951355565536941 4.688711438088214
425 0.9416168143251846 0.31274273859023616 0.00021681710987753178 4.688022178110792
430 0.9415722885490716 0.30735746984452117 0.007905424799162564 4.688221854676189
435 0.9415566360204201 0.31288498248389107 0.0028632110923803022 4.688362921685797
440 0.9392386057074845 0.323081429434831 0.010330910881857447 4.688011815927988
445 0.9372797424168845 0.34159886850590215 0.005243512070715273 4.688326469142697
450 0.9422643843442682 0.31061304800170664 0.0019404838702681282 4.688092122610678
455 0.9419590611387811 0.31169080181847075 0.0036667265133929483 4.687170300798858
460 0.942266090752554 0.3088233944482388 0.0006649332262769203 4.688095659039544
465 0.9409618753880197 0.31673121490731404 0.0008532688899336449 4.687483755896116
470 0.9417572525839238 0.314954787402276 0.00169582915413935 4.687412641090486
475 0.943228479726921 0.30139228168506804 0.0014415243699865687 4.687839122591843
480 0.9443452241647867 0.2934765257951666 0.0002091586316621541 4.687305853692585
485 0.9409696365067416 0.31621045977379847 0.012471144998004391 4.68737968894498
490 0.9409830949657032 0.31637339589122515 0.0010072702092212005 4.687122449426873
495 0.9395128928208074 0.3270738806878537 0.004854603231387422 4.6877420771235805
500 0.9450579488468502 0.28844389300377404 0.0025293489889715026 4.68690453856608
505 0.9407193967069547 0.3163386861503854 0.002231131761927019 4.68834564221682
510 0.936806955239587 0.33677028627529815 0.006301374956163119 4.686199124945831
515 0.9430400438030551 0.29873510726791697 0.010231500426423512 4.686984640592673
520 0.9444888747336939 0.2933251576143059 0.002784565320282706 4.686884112493342
525 0.9425321698021417 0.30323333488146353 0.002529873403606553 4.686912166527998
530 0.942658443871003 0.30076413610849784 0.0060522346189919585 4.6873490160066735
535 0.9388180589525861 0.3292731834671727 0.011116558972157353 4.687574757510036
540 0.9455982161462804 0.280629950441841 0.00347518769606614 4.686966514395066
545 0.9412074147256999 0.31561684483018926 0.0012632311790963247 4.686874245630303
550 0.9413888210158726 0.30865841912072955 0.007796256534761348 4.686524823936739
555 0.9424731372317947 0.3028035830990543 0.008152005088735148 4.686362912180503
560 0.9403158270188146 0.31846791066488134 0.0022758024413165323 4.68653232537425
565 0.9375472235060602 0.33787044622268514 0.004469124803127444 4.686158006748958
570 0.941701813463607 0.30866575153427434 0.0027040465643470846 4.687163272334924
575 0.9415250704179084 0.31297650260150345 0.004228241896980345 4.686536934240226
580 0.9435229238953198 0.2989723885121265 0.0010881483591276275 4.687014499224486
585 0.9406527051321925 0.3160608568854677 0.0010601891915353878 4.686391115602953
590 0.9427875034612464 0.30318798106811773 0.003663416766557015 4.686377858229555
595 0.9414950417645715 0.313438164230468 0.0046261643305749445 4.686340470507499
600 0.9415612863544017 0.31039105419522883 0.007437599212202439 4.686771950896134
605 0.9414178769998957 0.31214279839698644 0.008348865246908366 4.686326005056039
610 0.9431975300437112 0.30307092451669604 0.005839084685630436 4.685994704282404
615 0.9424063957958899 0.30828168373298315 0.006660089223580634 4.686669141134106
620 0.94007799897168 0.31907689839675424 0.0013267281133169107 4.6861745623733135
625 0.9415623198799263 0.30813154184845626 0.00887505476305539 4.686003714273412
630 0.9408960636582289 0.3169138978687167 0.01003986602097906 4.685764497682356
635 0.9401184248228334 0.3205405232313261 0.0051044772853301446 4.686095680804387
640 0.942775336891998 0.30544632159102125 0.006836811555973377 4.685480861220335
645 0.938608609144783 0.3324238925371885 0.006248741775165989 4.685855648758141
650 0.9397719018354668 0.32593153849448786 0.005303728561564469 4.685692684057294
655 0.9419616212952002 0.30844368872501793 0.004382570519689821 4.685613480116914
660 0.9435830096495093 0.2953617855386046 0.002042702739608604 4.685244111783787
665 0.9418849031350576 0.3093807820363743 0.004267146824608048 4.6863177410776355
670 0.9424943203739289 0.3070263455699571 0.0017039895742929634 4.686635520345976
675 0.9400200356387735 0.31896862130910186 0.00499690958697796 4.686369420904757
680 0.9397049866726892 0.3270907252044877 0.0055159156873128 4.686048221382952
685 0.9396410744870263 0.32670740502658724 0.002026369622566193 4.685728554345295
690 0.9397154392463118 0.3219313335324747 0.006602215397419453 4.685948133333325
695 0.94432115218489 0.29207706822327584 0.0061081547367172195 4.68632381819251
700 0.937743824596962 0.3442192098489256 0.002943920441428771 4.684824338072123
705 0.941374647888559 0.3145249307284077 0.0027209943558756944 4.685265551240724
710 0.9409087004037149 0.31443913051290906 0.004391433256908384 4.6847670475777194
715 0.9421816208557904 0.3051793308136954 0.004281271150181842 4.685339924973101
720 0.9443518038641503 0.29360307912574957 0.0073935189080904795 4.685188958452669
725 0.9413178815737835 0.31545095576346327 0.001335659081395546 4.685685562793521
730 0.9404914091736098 0.3186358654818857 0.005202363816710021 4.685294920977338
735 0.9407044123525452 0.31401363681858374 0.003372029087684414 4.685186941580939
740 0.9409063120034153 0.3195131218485736 0.002724870531566781 4.685413472360401
745 0.9453664273333438 0.2870379810634178 0.0002575490941816305 4.68572620169145
750 0.9379311947448756 0.33445726964529054 0.004920693948686772 4.68483848842823
755 0.9416503721850673 0.307338959210985 0.004771239988462295 4.685195903696464
760 0.9432468656269475 0.30243901287173713 0.0003366044824226755 4.685368884255204
765 0.9418111584873124 0.3106756640100654 0.002506660238009939 4.685719743715185
770 0.9436957753681094 0.2997618502826045 0.006096938753261449 4.68530550557156
775 0.9410842291794382 0.31114437847671095 0.0017188201059563646 4.685378046206464
780 0.9390890830623253 0.32809621049838267 0.0056367696462955585 4.684737305467426
785 0.9444287661892221 0.29521205917766213 0.004638136697129536 4.686152260560761
790 0.9407675467883976 0.3228626109251582 0.0073794301599581225 4.684676835191842
795 0.9421670511440697 0.30881988120642845 0.001746935648632597 4.685596809422922
800 0.9415062525141837 0.31450380834843905 0.000979571382225597 4.685777271624789
805 0.9399528431387532 0.3201671006287272 0.0111163507956058 4.684706418296301
810 0.942755016265956 0.3074757882669461 0.007710843621305141 4.684714241936394
815 0.9424586433424997 0.30639702773465327 0.006222385317689039 4.685316202582894
820 0.9412448001661263 0.31203930100649657 0.011503314339824655 4.684622458207997
825 0.942534710493128 0.3079799861316852 0.006884507120784367 4.685107799169146
830 0.9437123134758898 0.29610245748618436 0.004571294794639247 4.684812682663443
835 0.9409180692889274 0.3191638497339371 0.0023762556700848148 4.68473707930327
840 0.9421902124435172 0.3102376523037895 0.0007115438495159943 4.684622526453227
845 0.9440306524155366 0.2993850997923664 0.0011530528503178594 4.684192813706106
850 0.9425305395128463 0.3028256315824249 0.003704358991838852 4.684660124624199
855 0.9424221497395209 0.3027143402327468 0.007645678379893273 4.684513093614127
860 0.938811649209715 0.3280630145214314 0.005244182438029377 4.684109635020832
865 0.9397691201571654 0.32086183087459386 0.004046886673775729 4.684769751975601
870 0.9401131142152048 0.31965464701729474 0.010112395822266418 4.6848350217456725
875 0.9446642808530212 0.29194941021037213 0.008093673229889298 4.684303040037838
880 0.9444611244557861 0.29224899819673045 0.003908661548694292 4.684754193841772
885 0.943811804430639 0.29560607330017596 0.0077418466703729205 4.68490852175561
890 0.9420096455175767 0.3083321951367868 0.003578846934817914 4.684799884002434
895 0.9420736266070711 0.31079446206569106 0.004213595753893795 4.684199733684423
900 0.9444900794866262 0.29046526335774026 0.00017373535041409482 4.684142240781659
905 0.9448219727123425 0.2910591423553317 0.003957648256788016 4.684930805397895
910 0.9401045422163155 0.3270494455475683 0.008078254618455905 4.683627140081481
915 0.9415855383658397 0.31161584323316127 0.00848121504240651 4.684467774498264
920 0.941429751001522 0.31449013325306385 0.0050988272782370725 4.684400570213012
925 0.93961273634887 0.3277182998983914 0.007583873029294086 4.684663730675488
930 0.9410154046224062 0.31482198977912823 0.001675697456094305 4.684570524458772
935 0.9430061234981544 0.30356345334689383 0.001665169022765145 4.683620374044065
940 0.940450613126808 0.3225918178743026 0.006803237996159561 4.684024297794059
945 0.943033077108534 0.3040728253558145 0.0003042876506686998 4.684711661278578
950 0.9430541524992919 0.301964368744871 0.0006979132863940141 4.684263554084449
955 0.9397251888099736 0.3245969421941597 0.013300157170948568 4.684904881463986
960 0.9472411262132321 0.2777676982602584 0.007619276110272688 4.684700040537629
965 0.9386708959402628 0.32951971127976787 0.0020973649355129353 4.684184590655171
970 0.9408006404743485 0.3152333914717733 0.0076486982328827224 4.68394120577366
975 0.942624393678148 0.30850004130697517 7.610460964491139e-05 4.684695226851699
980 0.9404033240691019 0.3208282027887046 0.00526810528927224 4.683885207855017
985 0.9410517225901819 0.312951211200315 0.007458756251181642 4.684425517583299
990 0.9425347913514059 0.30468897368080405 0.00037478466046492187 4.68396418971902
995 0.9407480585041017 0.3152321685608106 0.013585288555456376 4.68448743574912
1000 0.9409878417525909 0.3141139142061302 0.0003693866217040487 4.684307983904876
