0 0.3911627149644765 2.1309114232516713 0.2620037546040116 0
5 0.9381422761925058 0.1444446232259855 0.028024497544881566 4.844747683831787
10 0.975030286477633 0.056748824136247045 0.019862696293179605 4.753229527531685
15 0.9908194214954795 0.02744559447103967 0.009654433376828031 4.723798018025443
20 0.9934744940840818 0.018133805586630025 0.0042224351274653404 4.710570607454857
25 0.9948355061795424 0.015453515680105667 0.0071276172639822555 4.706805370807631
30 0.9968141181484664 0.009227270946540855 0.003439262847481306 4.704193912454414
35 0.9964610842731472 0.010532907785349543 0.002953519726596854 4.701452010356422
40 0.9974624784456034 0.008646232417922839 0.0005870982216475973 4.69891137333223
45 0.997485628301083 0.006742700467836649 0.0005332545119522969 4.697615728833967
50 0.9985985913137823 0.0040512526198357435 0.0014126889947125854 4.697561896373504
55 0.9974142226610232 0.006534989540248226 0.0028878068226103615 4.6968869500484685
60 0.9956927879468214 0.015148658928880288 0.004558850404370984 4.695148378610622
65 0.9970697947654787 0.009574567558499503 0.003634915872836375 4.695750558211201
70 0.9970896365893703 0.009959929642628929 0.0015380515395495564 4.694747847443377
75 0.9988287016535933 0.004114839160319406 0.00212561720527793 4.6942263568961815
80 0.9985359831703204 0.004850376223694219 0.0017379736433011939 4.693886546030392
85 0.9975446243707702 0.008790422808625742 0.0014008286020312788 4.6929546209971855
90 0.9985886446643089 0.0051274966808190214 0.0005810026797723467 4.693464349437041
95 0.9975758217060252 0.009049213081240737 0.002443545493454824 4.693560081415089
100 0.9954015207700392 0.018401138375772952 0.0013340734044957614 4.691740299906545
105 0.99828300972941 0.006086559864366237 0.0024672402918075598 4.691554351286411
110 0.9991271195869034 0.002921042231200488 0.00048684999898296333 4.691780223453966
115 0.9990294486332844 0.002758413021067163 0.0038029142239062175 4.692045488677354
120 0.9958683591123549 0.016017727970576878 0.005194061792421545 4.691926344476382
125 0.9987072553644917 0.003980181807079042 0.000641374241875825 4.691187516640897
130 0.9984689401440228 0.005089564382969591 0.002597551756892802 4.691269505785553
135 0.997399588219875 0.0077236392686028665 0.00035003227783247937 4.691473617960704
140 0.9971818588052271 0.010140050783634003 0.00044318109471874756 4.691369669984107
145 0.9986962463707081 0.004651621933595251 0.0009826158176964306 4.690421271695066
150 0.9985012266207876 0.00537843918725045 0.0029555354221180163 4.6906721557393976
155 0.9985457480969613 0.005223025693915417 0.004769957963917104 4.690452842798574
160 0.9991056995841934 0.0030489762471610504 0.004895953235576345 4.6902018725008165
165 0.9974194587434774 0.009269123902456933 0.0009692580866942357 4.690147422288437
170 0.998259183805285 0.0065280237896025994 0.0005658328583064698 4.690506901288979
175 0.9990791448744845 0.00341433264937141 0.0013509360875132437 4.689654664280256
180 0.9987242299215782 0.004208898245903647 0.00029151407348781966 4.689049760645163
185 0.9987357323730753 0.004658969057928175 0.003755697874947561 4.689399070733129
190 0.9977930990529262 0.007358829305557535 0.0022695446314240364 4.68897463050256
195 0.9984490228939396 0.0056294158916001535 0.0017124172854015018 4.689554229324619
200 0.9980187564735499 0.007540886494088461 0.0044787069123710666 4.687639547437323
205 0.9985675725844754 0.0051256366822238775 0.0023164510670603544 4.688241284041284
210 0.9993403974511182 0.0021052811753694556 0.002496064005714116 4.688878045063828
215 0.9979940101981184 0.007403697670024023 0.000589501490434019 4.689569647626389
220 0.998029103415924 0.007118549116215789 0.00015551734907881531 4.687713285889606
225 0.9984239163567282 0.005779666478162859 0.004184702122262518 4.688150467702878
230 0.9985458821224207 0.005612439342899123 0.0024485701068599486 4.688323994765834
235 0.9974829339103422 0.009623856798270047 0.002434128110936351 4.687403712319242
240 0.9990721464307623 0.003429491118633443 0.00023211377377396758 4.688777726039478
245 0.9955219555231319 0.017527266236719186 0.002394568935694341 4.687784504115842
250 0.9992269290032567 0.002530435390306174 0.0009602983448813163 4.68867419102036
255 0.999071822018252 0.003547414293726625 0.006766400934868244 4.688975555598443
260 0.9989437220744635 0.003575147818809299 0.001858886652751801 4.687931120594799
265 0.9948604523315281 0.019948045477560683 0.0058301194665335565 4.688109240177404
270 0.9985837108744873 0.005090968365760062 0.004249927493646055 4.688062250049704
275 0.9993347246710544 0.0023837081210658084 0.0013599265793475812 4.688190126579809
280 0.9989845472962904 0.0034071120231100593 0.00016160977129153764 4.688455134493549
285 0.9990273027695094 0.003498686934715778 0.0019017129487797213 4.687561969651085
290 0.9987419872016652 0.0042889770128278215 0.000578262793920814 4.688168012176031
295 0.9986480368089625 0.004909164826824686 0.0011638523789763155 4.6873477947559365
300 0.9986872818298851 0.0046046135880466466 0.0034675930284275847 4.688069510299474
305 0.9988358594588181 0.004255763889452702 0.0034428079507602405 4.6880700527200645
310 0.9984356147883758 0.0056630555942494 0.0011176704310926766 4.686981262688478
315 0.9986112566678418 0.004917567418989854 0.004288075777926448 4.687314655160584
320 0.9990491046174936 0.003440826301114086 0.0012468982476163681 4.687869582411942
325 0.9972013174297443 0.010873974887568139 0.002048607380261469 4.6866793822192605
330 0.9988964953627458 0.00419732588451005 0.002418450291612695 4.687618964876928
335 0.9981786575352435 0.007055151004617954 0.005719981348222936 4.6872633989818375
340 0.9985992252056245 0.0052222376786899005 0.005380127466634743 4.686375296250391
345 0.9989564124199164 0.003766281087272283 0.0020827420563669374 4.686841280080332
350 0.9990034474292342 0.003705960713769052 0.0019101096937925721 4.687057137648354
355 0.9983968377581052 0.0060125155630270655 0.0012091870887522838 4.686729805140853
360 0.9985619314469499 0.0055445585073519155 0.0009178514701539964 4.686628112235006
365 0.9990500729662061 0.0034494966523066495 0.004048264273718072 4.686874201667707
370 0.9987919122313469 0.004002201103225467 0.005559208236810331 4.686770246559418
375 0.997964693389088 0.007201615180008503 0.00819350092641824 4.687246168328636
380 0.9974651174777887 0.01003887422189731 0.0027174678284542786 4.686769032148765
385 0.9981465475256179 0.007206776265137549 0.0014684739057475582 4.686327878965093
390 0.9991562723592629 0.002984228225706431 0.0011134379020583118 4.686169442394908
395 0.9987701383416907 0.004433628505959852 0.0035441599255738865 4.686278696160666
400 0.9981269395174708 0.006953981820177368 0.0001414259740148971 4.686001075737887
405 0.9981967815400927 0.006810942338596249 0.005496715405711949 4.686269220543633
410 0.9973120814395027 0.01036049390533833 0.008061078716359749 4.686486820799984
415 0.9984932514085119 0.005535342553107725 0.00040984367675922506 4.686124961570186
420 0.9989626907059438 0.003716187995800091 0.0004210566959641504 4.686463804142116
425 0.9982644507770742 0.006598257252028006 0.0029318427454421148 4.686078769816971
430 0.9985176273912848 0.005740451133462443 0.0007549847615677674 4.686130885486422
435 0.9982858196213658 0.006600436913358543 0.003258746019254577 4.686543212751147
440 0.9985974154488184 0.005403593393552342 0.0008319044130109532 4.686008757492436
445 0.9967565017773001 0.013143262424896385 0.0030019146402913144 4.686243074378724
450 0.9990116509980626 0.0037246029901654154 0.005325410864517988 4.685906021749672
455 0.9969393665549676 0.011630643647783323 0.00573417736581483 4.68524612455385
460 0.998878607260459 0.00413973583212357 0.0032481154792018962 4.6859027254867005
465 0.9985700918583423 0.005464214734582917 0.001149239875010144 4.6858750948474945
470 0.9985612961684449 0.005259619386420944 0.0078798966460909 4.685478365018348
475 0.9980817563123493 0.007307884962512112 0.002442629071716329 4.685966327813302
480 0.9985376198708089 0.005420700979128945 0.002729393970253069 4.684894410363907
485 0.9973247414072675 0.010482577591961473 0.001287944347255765 4.685154390763552
490 0.9986302481413065 0.005157154965082178 0.0002932565866033965 4.685361052941032
495 0.9987209558105501 0.004839244959192968 0.003922454123124419 4.6857546001400046
500 0.9452769489018262 0.2840555889647911 0.006381471402453487 4.720684656886834
505 0.9403584299005028 0.31800939858648825 0.002506047665646438 4.690121139162172
510 0.9370007306578558 0.33392084090970986 0.0037034412635286174 4.6875463743613075
515 0.9432224936634508 0.29699519878082814 0.00990483639010864 4.68832514110072
520 0.9444593539552342 0.2928177410762096 0.002328441401384662 4.687696712682632
525 0.9424034432961613 0.3062319906025426 0.0006013352785385617 4.687634085807652
530 0.9429837599626492 0.29751747070365653 0.003920982320726463 4.688022556795536
535 0.9389971269450827 0.3281023486575272 0.008550340255048194 4.688386356440949
540 0.9464809199023592 0.2749885012917579 0.0024554402681111753 4.68759932911723
545 0.9413813778659992 0.31468191361048437 0.005155331416953235 4.687490906016411
550 0.9416307703667052 0.3093973694476384 0.009073191521332236 4.687032695290168
555 0.9422178208779097 0.305024870024063 0.006816247316965063 4.686924522811985
560 0.9401982961056731 0.31977454320121357 0.001624240078063055 4.6870115423868866
565 0.9375215399535737 0.338132870625369 0.00574216780395953 4.686584067614587
570 0.9417693607270847 0.3078895058608486 0.0018559825312931544 4.687821585563477
575 0.9415875721136029 0.3110940990724691 0.004767014323680652 4.68684937203124
580 0.9434230597033951 0.2997850991696822 0.0009975076176020892 4.687157647406754
585 0.9404263276938915 0.3165967855065741 0.0018537699207685776 4.6865491719674965
590 0.9424592743214532 0.3061435757091191 0.000629778291076466 4.686687951637728
595 0.9415436839059714 0.3141462622007998 0.00429470245713226 4.6866002414975485
600 0.9419955631459707 0.30700476967137824 0.010124773642955942 4.686910260669514
605 0.9412538786692377 0.313123988085116 0.0059765743966233575 4.686397981855796
610 0.9432798598279978 0.3016395291942331 0.006284073613127994 4.686149784337363
615 0.9421988196315318 0.3100703445822157 0.0019882278702965106 4.686966536296801
620 0.940193809235264 0.3186824203725651 0.0013906995621955076 4.686424448190413
625 0.9417770375521304 0.3065984826142989 0.006523826642960806 4.686272411739955
630 0.9411831120199095 0.31481823569425504 0.007642966194172152 4.686460291731889
635 0.9399141575208589 0.32182835976025004 0.002410989482112047 4.686245626829066
640 0.9426573866085198 0.30589858320872665 0.0034101843050757807 4.685542192179997
645 0.9385655209146185 0.3331869489760333 0.006342231530786835 4.686119706056804
650 0.9402343616814102 0.3229538356381694 0.00421369401531102 4.685783953628497
655 0.9413130124318021 0.3132471689519427 0.005230593846031084 4.686089278203681
660 0.9440155758453835 0.29292644830237435 0.0012014928279262538 4.685496913432397
665 0.9419736996640522 0.30847579178015927 0.0044429673451047424 4.686506612175936
670 0.942785262243051 0.3055302165510403 0.001075080844243237 4.686847705646548
675 0.9398863332311338 0.31969699338192825 0.0074513336799792995 4.686304124677253
680 0.9397021304488697 0.3268909460180591 0.005462669123955877 4.686104010658741
685 0.9389329583126855 0.33173776607836736 0.0019474902090463875 4.685902416593818
690 0.9396209586824635 0.3226695830439379 0.007620518442518653 4.686050236565747
695 0.9442548103235842 0.29246538686282886 0.00417430442225486 4.686673338936257
700 0.937636050299701 0.3447151517189271 0.0011221261993088483 4.684955464630869
705 0.9413861274599495 0.3140910033842914 0.0025508835516228068 4.685396559037909
710 0.9411686371633279 0.31322884634766623 0.004505934666691136 4.684963254122119
715 0.9421481528671607 0.30556919120402437 0.0030373176218778664 4.685330411368886
720 0.9445117464047144 0.2928115266730238 0.004062234874937731 4.685171867698502
725 0.9416249396043835 0.3133826320595423 0.001064870500064874 4.686011658811151
730 0.9406845816508449 0.31752958756767846 0.0035036531802941084 4.6854679607091265
735 0.9406345369425514 0.315595323894029 0.0038493594061244085 4.685583986314278
740 0.9407359821687193 0.3205578603756871 0.003958309330085452 4.685698026627494
745 0.9453434613630195 0.28683363549664165 0.0006877331059862435 4.685851796834038
750 0.9378161638913408 0.33533152243386066 0.0026232056012118754 4.684877717301251
755 0.9414723700278778 0.30778895035201437 0.0052709052964245995 4.6853054054380125
760 0.9432016216141517 0.30285238966721817 0.0014687447502694795 4.685524174550046
765 0.9419583746546687 0.3099977821746078 0.002226638078323351 4.685792264511395
770 0.9436603054848827 0.2995443107737259 0.0033574742454223205 4.68557697838092
775 0.9404796098585253 0.314999301484737 0.0007921301842930273 4.68526966273944
780 0.9391867515163951 0.3270490427161965 0.005308318625545594 4.685001432552838
785 0.9439636169427779 0.2975472062940181 0.0037972485448638515 4.686191740546924
790 0.9410539148591683 0.3200387911745173 0.007365313295675913 4.684732915778716
795 0.9425719180890786 0.3055288679344761 0.002821477037710185 4.6857557259172395
800 0.9414028261110092 0.3156874231887832 0.0016563716558264385 4.685861655944201
805 0.9399788445643971 0.31957367409347537 0.011115615196691575 4.684814031090815
810 0.9433846645215046 0.30275644677682934 0.005322717410877864 4.68459192242103
815 0.943004120951729 0.3023605863015568 0.005716333253416472 4.68555098166053
820 0.9412754925737585 0.3120171616366072 0.010696889748718519 4.684571782686913
825 0.9424649672881682 0.3084404562004863 0.006278953593723324 4.6851080736881725
830 0.9437277800397681 0.2967025576519857 0.0007240905717060819 4.684955295276533
835 0.9410917836651189 0.31869952838295035 0.005255112015202457 4.685051772894579
840 0.9420041660352447 0.3119035226717264 0.0028748013285322394 4.684970973629187
845 0.9440080687825051 0.29866139546005943 0.004091121775774864 4.684128974006316
850 0.9427010102142217 0.3020529411324375 0.0035906294060084054 4.68466172529101
855 0.9421988571492466 0.30446680725123354 0.009014825394242587 4.684685758521169
860 0.9389238354142682 0.3265737558393953 0.005804101561470709 4.684219711062894
865 0.9407585984743498 0.3142990542051409 0.005991063310010869 4.684848653823531
870 0.9402110983543588 0.3193059709110262 0.008743481545497866 4.684911748196317
875 0.944988429178671 0.2898559257777418 0.007055849563355032 4.68498476069487
880 0.9440179551267358 0.29525606995854936 0.0034852030751646446 4.684912846805792
885 0.9439653150192026 0.29473494626997176 0.007348540798153724 4.685052128555432
890 0.9411892602237968 0.3124025698946955 0.0023728472856670013 4.6849504453847866
895 0.9423497759691148 0.3095374467011167 0.0023476759174545503 4.68423955897722
900 0.9444269626294206 0.29089316919804187 0.00037281920497900245 4.684358806535214
905 0.9441734755282698 0.29476450951532573 0.001412661871711185 4.685098030045602
910 0.940323886912343 0.3251187383381806 0.01062821079786902 4.6834579817475195
915 0.94197000843034 0.30892713716978815 0.010208670981597168 4.684530104865427
920 0.9411170787309138 0.31607149529880907 0.003966571740471103 4.684714270628852
925 0.9406766131085116 0.3196148745786429 0.007093585739527342 4.684700079963784
930 0.9403962379390045 0.3192808190108458 0.002137270111030709 4.6845740339816695
935 0.9436616624373071 0.300044686029298 0.0007120912143296909 4.683717076714104
940 0.9410104054976456 0.31879886890623066 0.006358431023367306 4.68424466416794
945 0.9431556929524684 0.3029978542124603 0.0008861433638336358 4.68488831284195
950 0.9425713694933544 0.3060322481742386 0.0002048410098398623 4.684316624246
955 0.9407589213484342 0.3171606297509344 0.011367632679735618 4.685067103801538
960 0.9465597547020608 0.2821366688870315 0.007417967295558547 4.684738170680511
965 0.9399932878334081 0.3205121425381714 0.0022480920594132314 4.684263374113999
970 0.9404956384044916 0.31595933495795414 0.009527486287850051 4.683941566322294
975 0.942426667118121 0.3099614462776161 0.004726553217898832 4.684593690899433
980 0.9406233852699787 0.31996402131008495 0.005114429819230271 4.684043491658951
985 0.9411879141309634 0.3122753377042411 0.009041015344465553 4.684523794066602
990 0.9425069987847627 0.3055855656542166 0.0001414949930114151 4.684115410228774
995 0.9409391823166131 0.3136607853003852 0.012041838013456596 4.684404262374918
1000 0.9412016206615935 0.31250045049139885 0.00032887792832658747 4.684499741129616
