0 0 0 0.26967000358365034 0
5 0 0 0.0001243310040255352 10.513445813470387
10 0 0 0.011415664514737633 10.346150690159089
15 0 0 0.008130298397594604 10.29476423351136
20 0 0 0.0017307122459593316 10.270844511551225
25 0 0 0.0056787777909657056 10.252267259563649
30 0 0 0.002265445376549824 10.242136567760156
35 0 0 0.004607177636138715 10.22982477442539
40 0 0 0.004039456107380213 10.229765342934773
45 0 0 0.005426743109827825 10.222365161691286
50 0 0 0.001568429591731535 10.231241743996591
55 0 0 0.005805687585510144 10.224527465217683
60 0 0 0.010082857352806673 10.218612350385111
65 0 0 0.0025903229354686808 10.217234565191452
70 0 0 0.001961014089537194 10.216092913832242
75 0 0 0.005569866484908648 10.211261295227853
80 0 0 0.0003802120065554693 10.20520340522684
85 0 0 0.0033548315408982177 10.206589024227169
90 0 0 0.006679626567640096 10.204184259513724
95 0 0 0.004456631139479805 10.205472487708795
100 0 0 0.00040820225888626993 10.202622447563478
105 0 0 0.0008588179012070096 10.200570967797953
110 0 0 0.00793887167279439 10.201074051802006
115 0 0 0.0006930594647180932 10.201958099278633
120 0 0 0.0020615223323934284 10.197639221249911
125 0 0 0.0031215387583551912 10.195893938119106
130 0 0 0.0012271486899615436 10.19412455790519
135 0 0 0.001694208004669795 10.196245880620888
140 0 0 0.0005143141831294162 10.194745627560692
145 0 0 0.003603941843264735 10.190036828168296
150 0 0 0.004280320061125886 10.19135241783708
155 0 0 0.004203735637137163 10.19267807642511
160 0 0 0.000323491703596801 10.192888664476037
165 0 0 0.002848468008879834 10.190252094144705
170 0 0 0.002356184415627016 10.189641756897961
175 0 0 0.0009156271139039163 10.191161455377655
180 0 0 0.005208381116286853 10.191604861287145
185 0 0 0.0026992082747874235 10.188454421052565
190 0 0 0.001366237338700449 10.1867391308508
195 0 0 0.0019031625810825847 10.187878869099716
200 0 0 0.005425628644970315 10.187931103989136
205 0 0 0.002891796976126182 10.186138150787365
210 0 0 0.00023228874821690226 10.188293937297471
215 0 0 0.00040933406073695444 10.188982695645421
220 0 0 0.002271043269276074 10.186241294223905
225 0 0 0.003250705691351552 10.187132112277174
230 0 0 0.0037618156424414906 10.183933594879276
235 0 0 0.011179197008662989 10.184823320971237
240 0 0 0.004024004127405334 10.182485284206827
245 0 0 0.0008334522908213238 10.18603902530341
250 0 0 0.003708053495821817 10.182530423337395
255 0 0 0.001175082444968556 10.183186657060624
260 0 0 0.004955861705951525 10.183476109393153
265 0 0 0.0060133230772474455 10.179358061094765
270 0 0 0.001636046428423743 10.180061738448606
275 0 0 0.0010397668053654385 10.177989992767078
280 0 0 0.0035750686792492825 10.175780663968162
285 0 0 0.0056572987785077355 10.176897304208252
290 0 0 0.0016790114131197686 10.174575849783823
295 0 0 0.0034079951764398597 10.172559744550972
300 0 0 0.0055834292932028795 10.1688380181451
305 0 0 0.001904808540337033 10.168503787650396
310 0 0 0.00012076964800833423 10.161298193605797
315 0 0 0.0016498480733670995 10.15146125833425
320 0 0 0.016147033688422185 10.137807905178995
325 0 0 0.000824377762097317 10.12676827717578
330 0 0 0.0007791467111595285 10.116308934605783
335 0 0 0.008267919594513895 10.11179737154388
340 0 0 0.0012213986276390365 10.103319763237085
345 0 0 0.00562417538662352 10.096098828211758
350 0 0 0.006928640018855514 10.094740403210345
355 0 0 0.0076494370353503705 10.091353134414296
360 0 0 0.0035868513142054415 10.084366131889581
365 0 0 0.00292396655591709 10.079458000033407
370 0 0 0.003822611240477558 10.06752440946415
375 0 0 0.008185156477340083 10.064190679245984
380 0 0 0.0038811465434200887 10.06290894307153
385 0 0 0.008734204017106784 10.066491370840966
390 0 0 0.005937663030896045 10.056345333580408
395 0 0 0.010427848359019887 10.048002089119112
400 0 0 0.00936222914863949 10.051432353710187
405 0 0 0.011892276151715508 10.044792319624682
410 0 0 0.008019222424721972 10.040786979932172
415 0 0 0.010272425561328236 10.036960721963524
420 0 0 0.004923857725088521 10.031750696859184
425 0 0 0.00251849976559404 10.031235799490249
430 0 0 0.010564859462016907 10.031065284704617
435 0 0 0.014521838097393713 10.023183347389443
440 0 0 0.006200510046777019 10.019966970974682
445 0 0 0.010718824693592088 10.014191566895589
450 0 0 0.014926824093054014 10.013665323434653
455 0 0 0.010773712284703363 10.017035082398351
460 0 0 0.01529569756962701 10.00982429511791
465 0 0 0.00712578390712415 10.01110982632043
470 0 0 0.013255644514726495 10.004958753446633
475 0 0 0.013125913102225661 10.010269829379943
480 0 0 0.015261569340590864 10.006987416441564
485 0 0 0.012403912323127653 10.011614921340326
490 0 0 0.015541006216321929 10.000880652373333
495 0 0 0.0067212850263247415 9.999804205548026
500 0 0 0.01245020818713205 9.977991063146591
505 0 0 0.013743532126381464 9.977649312481896
510 0 0 0.013728114887065157 9.97469524072791
515 0 0 0.01257961918270012 9.975984209328823
520 0 0 0.01356291601572246 9.975378834269403
525 0 0 0.013825195691866687 9.975490140503176
530 0 0 0.013158651514509678 9.974042362037247
535 0 0 0.01466479067692017 9.973389998165668
540 0 0 0.013983249863201319 9.976161800676755
545 0 0 0.011773215505437307 9.973909718916309
550 0 0 0.012312844215797147 9.973829586559058
555 0 0 0.012987174471429164 9.974476796646474
560 0 0 0.011882758412636196 9.974027018567135
565 0 0 0.012862318212205626 9.973707374650866
570 0 0 0.012775293470661087 9.974778867117742
575 0 0 0.011548073496340683 9.973327312404257
580 0 0 0.014277933374881036 9.97414323858973
585 0 0 0.012342172408093433 9.972163542571149
590 0 0 0.015026022289883034 9.972613163601277
595 0 0 0.014583617838445306 9.97446418969913
600 0 0 0.015076920566149843 9.972829155058067
605 0 0 0.012502776867848953 9.973965567862574
610 0 0 0.012908044470190116 9.972820636501746
615 0 0 0.01465974886561816 9.973742220859645
620 0 0 0.014046776041861442 9.973555134330823
625 0 0 0.013949931328672616 9.97294576883557
630 0 0 0.01360303867320245 9.97332931575823
635 0 0 0.012143892344165241 9.972167973976191
640 0 0 0.014856742719629334 9.971928821456
645 0 0 0.013383325060071893 9.972651817779582
650 0 0 0.015116384725992305 9.973748653342538
655 0 0 0.012067565392722246 9.97221149439553
660 0 0 0.01278986731772136 9.970562133752173
665 0 0 0.015061647536052769 9.97164988604798
670 0 0 0.013399367729146183 9.97173390666241
675 0 0 0.013207224116154714 9.971477966088509
680 0 0 0.012248288324623102 9.972263231267082
685 0 0 0.012208903133401616 9.97141933174599
690 0 0 0.012146540931205152 9.971733050235006
695 0 0 0.0125245088366579 9.97139372713615
700 0 0 0.013027622354241153 9.97055965277324
705 0 0 0.013788534424502119 9.972842916701318
710 0 0 0.013652315787435532 9.972630986751964
715 0 0 0.014061846927235333 9.970626278131622
720 0 0 0.013465487527858588 9.971687584110818
725 0 0 0.014368803565488086 9.970983238020684
730 0 0 0.015368353117545253 9.971405130749352
735 0 0 0.014561865105325866 9.971335260405892
740 0 0 0.014181318378272856 9.971237645201967
745 0 0 0.013196426098548875 9.970211173150872
750 0 0 0.015126372710207558 9.971036525608902
755 0 0 0.01431756676282081 9.970865114080606
760 0 0 0.01435641706839208 9.970111123780141
765 0 0 0.015330402098713058 9.970108027087964
770 0 0 0.013232541657344887 9.970087375151897
775 0 0 0.014965898025824265 9.97140949927041
780 0 0 0.01436144108141213 9.972035383407505
785 0 0 0.014810271255413898 9.970606410431335
790 0 0 0.011661760382429609 9.970418721103425
795 0 0 0.015202507078979632 9.970103180307557
800 0 0 0.01257376422079104 9.970688488072142
805 0 0 0.014634996435104908 9.970038202905526
810 0 0 0.012458002720211692 9.969519031900132
815 0 0 0.013227241808081658 9.971028635432921
820 0 0 0.013580592503619204 9.970862057639287
825 0 0 0.012631906983301189 9.97079391075104
830 0 0 0.013604359563551771 9.970851458291163
835 0 0 0.015448957247757189 9.970737655093037
840 0 0 0.014661663134293068 9.970175444194112
845 0 0 0.015127326291501708 9.9707232603525
850 0 0 0.015086543592833568 9.969791307821435
855 0 0 0.012112173571564355 9.971509990898445
860 0 0 0.013180561309925176 9.970493234312352
865 0 0 0.012005374760292842 9.970185646555512
870 0 0 0.014364935457638728 9.97034967663647
875 0 0 0.014103768486837698 9.969796029079696
880 0 0 0.012616025868995795 9.96970460618275
885 0 0 0.013040622427540116 9.969812901705842
890 0 0 0.014132998791717144 9.970349176298656
895 0 0 0.01422837328996951 9.970349631494434
900 0 0 0.014399054159636382 9.969513625922753
905 0 0 0.01492409249881499 9.970067614413248
910 0 0 0.014871858810918459 9.969987166465108
915 0 0 0.013927144545529124 9.969951071089202
920 0 0 0.0138786602291181 9.968555235463974
925 0 0 0.01534987235567331 9.969094440598571
930 0 0 0.015053552196378162 9.968892022108257
935 0 0 0.014220167538965711 9.969747290643749
940 0 0 0.014068658024783076 9.968561715121268
945 0 0 0.014486830230948877 9.970130012841473
950 0 0 0.014135927073416044 9.969786853574844
955 0 0 0.014395995086502467 9.968939388309696
960 0 0 0.01473736110463042 9.970222399876745
965 0 0 0.016116472034797047 9.96906333779359
970 0 0 0.013575340738448904 9.96986062177916
975 0 0 0.014286466444285884 9.96915066616712
980 0 0 0.014086077380734086 9.969219876148863
985 0 0 0.013202677002305041 9.969219947002669
990 0 0 0.012788067967537398 9.969116197683752
995 0 0 0.013112252092509102 9.96912599632224
1000 0 0 0.013730282566882135 9.969381684518797
