0 0.6730566066714996 1.1288719435155912 0.36621730634319083 0
5 0.8800078672665762 0.41000493522480586 0.11464196947815153 4.081023761394481
10 0.9869570027833487 0.0495861123181478 0.015313590416491163 3.7295558417709045
15 0.9958329870283134 0.016449646826514286 0.000905339243336245 3.671148223143096
20 0.9962683457920467 0.014682794088727746 0.0037797659108609327 3.6675185500310357
25 0.997092520721947 0.011518946707639088 0.00010542106599631396 3.665762304170697
30 0.9978393022084051 0.008511949252216322 0.0004435070284660725 3.664029002317434
35 0.9981819564558163 0.007217302854561236 0.0024285827644479063 3.6629017796612895
40 0.9985300588576947 0.005826767386792664 0.006197712179345949 3.662146593043486
45 0.9986498675938823 0.005370902804723965 0.008277921932531074 3.6611187283134745
50 0.9979686492048264 0.007994924760515776 0.00405671672661323 3.6603891335153196
55 0.9972430995520449 0.010970154948266142 0.0017239325693605423 3.6608107215219428
60 0.9985458559681468 0.005744533325454437 0.0033564753092416577 3.660333001901762
65 0.9988559165848176 0.004530245942667044 0.0015023426217333213 3.660550543635045
70 0.9969336988831563 0.012198165478982226 0.0010008844826108199 3.659781283734666
75 0.9984506105701079 0.0061739016227231325 0.000359730247619483 3.660011454210985
80 0.997767317621858 0.00880350468380442 0.0012412451034595762 3.6601925150578496
85 0.9988789262903859 0.004450118449081497 0.00020795805095530362 3.6595263921654477
90 0.9987825427926139 0.004850908596598202 0.005296478521391812 3.6596853192049674
95 0.9983612013239958 0.006491386073509187 0.001776350549633321 3.659321941489023
100 0.9985022866190455 0.005957084389516698 0.00031598094925255893 3.6602965807968797
105 0.998977110095249 0.004066310969402576 0.002364732644691836 3.659931423253156
110 0.9990280388684013 0.003874696484881035 0.002588684025354615 3.660093616424042
115 0.9990142906627721 0.003913311589148538 0.005057461401175578 3.659837747813939
120 0.9987338225830921 0.005030378285737491 0.001966244096808234 3.6590426323941996
125 0.998995710973904 0.0039770061373931576 0.0034046069163968795 3.6601416642396707
130 0.9982614858357501 0.006871694254463101 0.0021834122229664743 3.659748247732425
135 0.9955115875224632 0.01784251609290033 0.0018088279280055186 3.6592951513559795
140 0.9986792700708853 0.005236117101734994 0.003345224096137578 3.6587112192141564
145 0.9989786289954269 0.004071598778819574 0.0013196022728794166 3.6597781669073806
150 0.9987923876959861 0.0047722038087463226 0.008072632058395923 3.6591069071408744
155 0.99902894650446 0.0038657717567698313 0.005518115000222368 3.659671838599288
160 0.9977357282294189 0.00893570868826421 0.0021216493593014807 3.659342312598357
165 0.9989845018331033 0.004037518013375596 0.0030016307811771004 3.659220239146579
170 0.9988096047529621 0.004715148581678541 0.003333673507815771 3.6587257056079663
175 0.999111800674641 0.0035199256592668426 0.0007427823753478613 3.6593939957967665
180 0.9990359554848209 0.0038239500909589275 0.00044330321540297923 3.658851393254813
185 0.9963921690772652 0.014291582422933935 0.00042670262074984144 3.6594170248896205
190 0.9988387995906155 0.004587922925292975 0.001272377655592516 3.659316532938846
195 0.9991836888463919 0.0032410323057909807 0.0009757030531734046 3.659067578820401
200 0.9952656362675579 0.01874653825185213 0.0021930596591168694 3.6590203204002973
205 0.9992020069010973 0.0031779753330032356 0.0017253839703745832 3.658701549028135
210 0.9984090841082229 0.006308505203328263 0.00651991576424682 3.6592210176020403
215 0.9990298434231559 0.003860546796337516 0.0010655847624367887 3.6588919463652076
220 0.9991486193505529 0.003394633479392173 0.0038042090239316373 3.6584277654075743
225 0.9991345524244144 0.0034446481906820203 0.0033730101709015248 3.6590789815353677
230 0.9979229840062878 0.008201914791000853 0.0015800377768246943 3.6587236051600964
235 0.9992552317033158 0.002953312992005852 0.00015277368357091703 3.658650802400058
240 0.999211181343872 0.003133222082057241 0.0029853031883475545 3.6589806150774846
245 0.9992573981765147 0.002948364871981024 0.0022237481652025437 3.6588399016806634
250 0.9988987388645023 0.004357055013734623 0.001284283612956294 3.659173852547786
255 0.9978146494441154 0.008625069980821909 0.001601497570918653 3.6586517568063686
260 0.998150673823639 0.007290111720276382 0.00043085954047206165 3.65923621352828
265 0.9992137174000711 0.003132052001955987 0.0020675605331814673 3.6589487058138332
270 0.9987747185988624 0.004857060432806648 0.00031952973535487317 3.6583939882643834
275 0.9990769997348077 0.0036620553071720074 0.0002901137404531795 3.6588749682083517
280 0.9992189017152894 0.0031027766486602104 0.003754522808612659 3.658846532734478
285 0.9991975075451294 0.0031731610589273984 0.003072500416991586 3.657879940510388
290 0.9991794981205717 0.003273090553191249 0.004343083468893116 3.6584516448329016
295 0.9990934678121187 0.0035964444113574245 0.0019406082917738932 3.658712337099845
300 0.9989269792489319 0.00426822011085104 0.0010908170873185075 3.658975655227426
305 0.9984816323987413 0.005998057175952365 0.0007950642633509641 3.658864603888505
310 0.9984241914607657 0.0062313291582056785 0.0017390579064435752 3.658524396286781
315 0.999260943243945 0.0029397663071062397 0.0004691416932047776 3.658707383102351
320 0.9988727546982348 0.0044722676835218245 0.002595538114129159 3.6586561322380415
325 0.9991287858813351 0.0034577065088852166 0.0019193145664677669 3.6590390045106864
330 0.9977428447497353 0.00892025743169178 0.003430720921361763 3.658085008533143
335 0.9984640151152189 0.0060941425063445465 0.0003587377558935678 3.65871743849478
340 0.9992960077527386 0.0027896827646176625 0.002680550335265819 3.659214025756309
345 0.999109510002598 0.003533891321947813 0.0022666075577566502 3.6588086793960617
350 0.9992757533392008 0.0028722897915844925 0.001418141117494276 3.6583333091783237
355 0.9992395282943125 0.0030120268734563638 0.004677124261354804 3.6586731792588396
360 0.9993060596693153 0.0027552970022086676 0.00038871112612492986 3.658534699054369
365 0.9969470824299616 0.012082970786387204 0.0040075890956152715 3.6585359822887282
370 0.9990247780194355 0.0038634421828360743 0.0004502276824502882 3.659456082822055
375 0.9993022985029362 0.002772001361348586 0.005750940468260524 3.6582936792635348
380 0.9974298240961835 0.010174509733221093 0.005983499900238831 3.6580960265528586
385 0.9991289521066835 0.0034656274989357527 0.003588392848791422 3.6578527360169746
390 0.9991508060006342 0.003368639428951603 0.0014955459488239509 3.658506011300667
395 0.9992297877903524 0.0030589770643225656 0.0014241214715540185 3.658798586867262
400 0.9992740005903712 0.002891692213130348 0.001135537859671576 3.658797927911916
405 0.9992858814064318 0.0028299494374244283 0.002298907410316131 3.6580355785446113
410 0.9984737781494784 0.006037576841687375 0.0029800863252784637 3.658702837036094
415 0.9991281134471695 0.003450505150955241 0.0007442206324932421 3.658411892467427
420 0.9987251451264575 0.005040365429231475 0.0035418872224539655 3.6583948442807355
425 0.9991412759269716 0.0034029327197933057 6.230987918209863e-05 3.6582671213037226
430 0.9988096171374949 0.0047172333391114485 0.0004084339296392958 3.657968624418946
435 0.9989763101100835 0.004063716431903064 0.0021146838124539435 3.658537359068272
440 0.9992930470882797 0.002802640197357764 0.0012197098588540012 3.6586862381023106
445 0.9992508467619248 0.0029763503090540766 7.727431461290735e-05 3.658642797603528
450 0.9985558350006573 0.005719948947400688 0.00022466586598191007 3.6581063143026706
455 0.9992018572758247 0.003154810895326321 0.0015676749705648696 3.6586465303843654
460 0.9991450921520708 0.003402835503500068 0.004807742702811257 3.6581359699198233
465 0.999334805449671 0.0026375212231450895 0.0002769112560498943 3.6585203469488583
470 0.9988660302799957 0.004500923550109004 0.003324577526689021 3.6579035953964167
475 0.9988006566194514 0.004755337633763457 0.004653539675192553 3.658276465128184
480 0.9982868601313364 0.0067707974320376785 3.3473682421680806e-05 3.6581109647671117
485 0.9993253744254097 0.0026786651450394494 0.0007225723553865304 3.6589556976382287
490 0.9993035546183595 0.0027612512197721095 0.004356324957130564 3.6581167487571014
495 0.9981108129230437 0.007491687773015787 0.0003358995175299917 3.6583716683765304
500 0.9987380886331596 0.0049905685277567 0.006125606692259922 3.6582387762823902
505 0.9991854759449007 0.0032278246641062047 0.0015330928142014422 3.658193405516652
510 0.9985380103036836 0.005778319686108091 0.001012033719162142 3.6584574110245915
515 0.9993517679446131 0.002566734015956751 0.0008691890861087792 3.6582766122727137
520 0.9992873662667954 0.0028341799745437157 0.0006951446729044353 3.6579894212467075
525 0.9978813821946644 0.008393924770956573 0.007176657798170005 3.6580801471832185
530 0.9989933368146676 0.0039859320999373615 0.0004032328235834548 3.65829613496991
535 0.99930600056408 0.002751321440515486 0.0034443462318780593 3.6582462266629068
540 0.998916973374449 0.0042856924182710365 0.00175385698265762 3.6580245389686685
545 0.9985575775934213 0.005709834869821684 0.003514577859005108 3.6577687968016845
550 0.9991252766404404 0.0034770176346019532 0.004989517706939006 3.658150213722322
555 0.9954863040331658 0.017897467602934203 0.007163328037312011 3.657771751338694
560 0.999182139465357 0.0032394181464328042 0.0007700252197333501 3.6581369991745465
565 0.997950701977204 0.008103826159204353 0.0018642140614972824 3.6582885564176437
570 0.9992784484694064 0.0028732145523782116 0.005665767822395251 3.6579815692955093
575 0.9991152816285931 0.003507208676422291 0.005052939439090576 3.657821397914737
580 0.9974077061155888 0.010266418140791878 0.0012541601342790365 3.657375065847736
585 0.9991450868431835 0.0033914284769744896 0.004327037239856502 3.6582546223116985
590 0.9993480130405462 0.0025848106604322574 0.00017045022326045434 3.6582817086224027
595 0.9992786516630329 0.002863351289039251 0.0005684862995223305 3.65842957228422
600 0.9991258761660942 0.0034621314082019516 0.0012759077148458697 3.6585485991412154
605 0.9993547197411143 0.0025567066755272094 0.003676954059761428 3.65802375279623
610 0.9988326331317512 0.004621540890574316 0.0015032213759120783 3.6577720647812875
615 0.9982787114229208 0.006812516752125131 0.0008879182884835579 3.6580844812906497
620 0.9993445610131119 0.002603306617348977 0.0011197463054235524 3.658240886101302
625 0.9985543464995015 0.005731952066596602 0.0003668379995829252 3.65799654577489
630 0.9987805236293992 0.004823568560828662 0.003448628634195483 3.6581539535494785
635 0.9987000181756256 0.005145562805370929 0.0005393115817762251 3.65790703578016
640 0.9993559777022969 0.002558696358219148 0.001086093159437418 3.6578645270064776
645 0.9989501376156527 0.004161374127108264 9.418158273200028e-05 3.657745536658282
650 0.9991622154839668 0.00332737998234256 0.0009374609975256742 3.6582550915515384
655 0.9984312469920545 0.006203009031311879 0.005163077083640388 3.6580001609617843
660 0.999261774652636 0.0029259755821224864 0.0017829913794147334 3.6577741756844198
665 0.999372854994294 0.0024865539621536925 0.0010544876575036 3.6583737901872326
670 0.9973423560209241 0.010517012287377003 0.005554479428959036 3.657610923472563
675 0.999191127575336 0.003211764468731726 0.004379675189193133 3.6581116736128525
680 0.9993298646312017 0.0026522710588245957 0.0002659158951470175 3.6576887464490864
685 0.9987890899105183 0.0047959300741413635 0.0006971071408392593 3.657804114341041
690 0.9993190328203191 0.002700165987366887 0.0006306835780758302 3.657630047631741
695 0.999127026776619 0.003458679777839535 0.0008325796788366535 3.6579364541928685
700 0.9993233635816366 0.0026848330388280495 0.002382760352269253 3.657561030433293
705 0.9992512683846793 0.0029618898855150455 0.003665947829992522 3.6575159643477257
710 0.9993099047038305 0.00273981359517661 0.002257713731214084 3.6579579520588403
715 0.9985602536856149 0.0056961076211767825 0.00015736672045574274 3.657640839357797
720 0.9985020838985164 0.005932819468012163 0.00021932733665708248 3.6579054980840255
725 0.9982606669338826 0.0068858939424765175 0.0013919252096448176 3.657845755021837
730 0.9990442041456845 0.003786355163871935 0.0007958236588165857 3.657559426539459
735 0.9984011603471903 0.0063280501782183585 0.0032943108818044298 3.6578484874284554
740 0.9992678026174348 0.002897973288074507 0.0026828380972394594 3.657827560996766
745 0.9992215780733754 0.003080914330780171 0.003624209984605775 3.657468959669609
750 0.9992565582740736 0.002948715039090999 0.004984711913253337 3.6578204984369322
755 0.999248475952393 0.0029872557032311065 0.0015933055586863087 3.6570932502939772
760 0.9992923437725448 0.002806347430607925 0.0020320051976037146 3.6577515917173975
765 0.9983489677695596 0.00653113473372402 0.0006684963001022393 3.658265872388065
770 0.9970457645877144 0.01171604946901228 0.0051182631105535226 3.6574633772712764
775 0.9993911601008743 0.0024023820341692037 0.0010059399634441135 3.6574879338759647
780 0.9993568891265341 0.0025553481177689186 0.002835333990846456 3.657912627895372
785 0.9990769667889166 0.0036585323609794607 0.0013522880433494144 3.6578339360315426
790 0.9988251057101767 0.004660270879000006 0.0022721713983617775 3.6575964549314492
795 0.9988305093194164 0.004639792501106577 0.0012074742977670194 3.6577684571292974
800 0.9990035537511804 0.003949566178213182 0.00013957661868868598 3.657290682496963
805 0.9993433166464718 0.0026144194748742855 0.000496255258546574 3.658189058516553
810 0.9989371998762561 0.004222472464087801 0.0031685896539670466 3.657600324664839
815 0.999315362113345 0.0027182826899769807 0.005337369600711961 3.657315592637642
820 0.999374769627654 0.002479812769201395 0.0038445625851084575 3.6576684662282237
825 0.9993734110950716 0.002483069777970748 0.004276855044313521 3.657553436259499
830 0.9992832249190037 0.002837713143643228 0.002747099879521153 3.6573104617505225
835 0.9993676749090394 0.0025078038232675404 0.0019427264602660532 3.6577572255101574
840 0.9993925165427804 0.0024072539581294627 0.0009592519409253875 3.6576224273597444
845 0.9978393095700427 0.008558194188080126 0.0009710961724369582 3.6577370332452226
850 0.9993949272032311 0.002401373744093327 9.625628549203569e-05 3.6571918833609702
855 0.9991875843123605 0.00322566025001203 0.0055239051561897234 3.6574050150825657
860 0.9993569815773999 0.0025455342332025843 0.0009164696950483275 3.6575038378523073
865 0.9993041690633446 0.002759319774702007 0.004952221869133133 3.657871124146908
870 0.9992661440499159 0.0029084270245647303 0.0015906299351116093 3.6574257719965884
875 0.999090549816312 0.0036006289769612287 0.0007404259019141435 3.6575181631085973
880 0.9993853826802983 0.002439807981463815 0.002270548372809822 3.6577479077121855
885 0.9988741839849943 0.004471308414527808 0.005242011134190427 3.657715754858715
890 0.9988332970982879 0.004616188454535486 0.0010538894424434453 3.657745907617708
895 0.9994075593936411 0.00234696370636156 0.0005194781387107827 3.6573057269869764
900 0.9992285865226468 0.003063556788175159 0.0012838266282160227 3.6574954560403743
905 0.9988715749680193 0.004470890684375561 0.0020198878212769333 3.6571696752438076
910 0.9979214452861517 0.008233511912962399 0.00155524401760343 3.6574138791293103
915 0.9981096238995774 0.00749464388383192 0.0031424114417804017 3.6575527159576535
920 0.9989706149892135 0.004078568237620317 0.0006490023804357481 3.6573099974488628
925 0.9993432649768674 0.002599332372859031 0.0003435496755148648 3.657177300672718
930 0.9973895802031508 0.010349858199793616 0.0006970729147131038 3.6575429236700416
935 0.9993618339246287 0.002541264218134831 0.002770349487958512 3.657419539122026
940 0.9970073800043683 0.011861907720704057 0.001784400140582898 3.6575260006120964
945 0.9993724945278274 0.0024854642618850065 0.0009571021735839125 3.65736833856484
950 0.9992720031471314 0.0028846610330224287 0.0010097571147520412 3.657281526154898
955 0.9979726022993146 0.008019966326479278 0.005541534213260535 3.6574585919945424
960 0.998079137365134 0.007623494193519598 0.0007000336020097642 3.6571732250033375
965 0.9985607347276362 0.0057077467397745885 0.0020401876919129425 3.6577534643469183
970 0.9994201949432272 0.0023025235184661597 0.002879691626266334 3.6573577069153576
975 0.9993400606040651 0.002622029507010293 0.0010797616135345134 3.657351741705469
980 0.9993348824650577 0.0026375190862357734 0.0011497289370350217 3.6571714152557386
985 0.9971774273284766 0.011196715874808305 0.0028315943136603128 3.6569841873203894
990 0.9993135537628353 0.0027237946803055912 0.0002992736352716019 3.657601120253349
995 0.9993761568687607 0.0024787582137655306 0.0005939349878933964 3.65702488876018
1000 0.9994085310216603 0.002346089471505941 0.004736307671050932 3.657514094322617
