0 0.3546436453820469 2.3992447897814246 0.35734677999079645 0
5 0.6826397178496398 0.8202418541385974 0.08324551902771682 5.153168435617206
10 0.8968908492647836 0.23175092562987754 0.013466160952486872 4.720941730852413
15 0.9100328780941327 0.1969743723546058 0.0004674489117313385 4.709174250708725
20 0.909225613659073 0.19871259158083365 0.0008590583867404966 4.705138927060826
25 0.9142126486351909 0.18379219734613184 0.00321729568291218 4.700946206451274
30 0.9163671014883493 0.17839517641208413 0.007263563556310748 4.699350417496147
35 0.9130983756418256 0.18814492707275843 0.0015336766698132998 4.698860668049724
40 0.9158365820049428 0.17879992991870441 0.0014060585809310133 4.69815115754541
45 0.9176693679871939 0.17472744902833792 0.0016845471782420685 4.697690288022747
50 0.9178665062734553 0.17394468154931797 0.0033874227682499924 4.697505516659034
55 0.9174602166141069 0.1745100076353543 0.0012758287284362346 4.697499563903338
60 0.9181034876564786 0.17336108670930717 0.0007751630019665612 4.697600141482841
65 0.9177169910051783 0.17428361489960853 0.001725397205503576 4.697294441021034
70 0.9177445425415331 0.17370357629222077 0.0007121465604196242 4.697071230714482
75 0.9187940561179222 0.17163807274820897 0.002965801452856187 4.69587261946851
80 0.9171725741981016 0.17544243622096456 0.0021534345841023317 4.695036729979927
85 0.918506750930905 0.17238392893829424 0.0018412916033525573 4.696445514165862
90 0.9181983758186327 0.17275820438714184 0.0014321570594670874 4.69637539016232
95 0.9165007632648436 0.17773290551601129 0.0025393566929767797 4.6950501771467374
100 0.9295740629798719 0.15567460274080158 0.029160977861245163 4.84721434671062
105 0.9323922503640456 0.15398985827883127 0.017392326367696054 4.840629125582393
110 0.9330908464840947 0.15247836348532662 0.03174818692530268 4.840295092933039
115 0.9337681453737693 0.15122314264012626 0.025907063524057694 4.839210111843942
120 0.9250225294222668 0.1758296700255455 0.02061029123462088 4.838473954490236
125 0.9324683414178214 0.1548574334010846 0.01372877824460983 4.839597872848848
130 0.9258722507453526 0.1751348339273573 0.02665565095885869 4.837093163310588
135 0.9304834406416003 0.1615055182784868 0.009516779479317616 4.837329423719759
140 0.9340715531276587 0.14972256851112142 0.03077492102139434 4.835816725756712
145 0.9344426199085136 0.14905453301517735 0.023211521684605163 4.837162345071057
150 0.9349425371266411 0.14830269700326415 0.018854247875877306 4.836552623319319
155 0.9348847447524206 0.14747227976990018 0.01659008304809051 4.835877608317652
160 0.9348668661492519 0.1495464717240953 0.020929220568360662 4.834722906904135
165 0.9356059008701014 0.1465882570035122 0.0040978189455176395 4.834553252026486
170 0.9361183032641246 0.14545900145681046 0.02720362282294908 4.834069284540319
175 0.9361563861999549 0.14634333374029662 0.026459413376629826 4.834292577613203
180 0.935434901659423 0.14752313238740644 0.024758603656668488 4.832055585405524
185 0.9356900724177093 0.14702721200661273 0.017702605024958462 4.831796624464613
190 0.934665276574495 0.1504958596023096 0.012590175130918535 4.830781366234889
195 0.9355894138535163 0.1476240167347127 0.007612093293211775 4.830909312990763
200 0.9376775307528444 0.14173207083107808 0.02884950247482365 4.829338385052348
205 0.9377264980708804 0.14112073137211123 0.01901395837805886 4.828067117666949
210 0.9388314618171634 0.14018677662894952 0.0336807705795763 4.826234516029401
215 0.9381723725878068 0.14236883525565602 0.03621216609878597 4.822862332945766
220 0.9415557512533785 0.13315086308197444 0.0353594329368172 4.821676622911791
225 0.9429268618698063 0.12924488259720235 0.012811935089772186 4.8171820766782965
230 0.9443540181177807 0.12641966780006353 0.011599254374814016 4.814883168759507
235 0.9471156205419118 0.11927603958619315 0.01171120610198817 4.809473907020751
240 0.9463793388234097 0.12676134781305137 0.01089583890716006 4.803125078252518
245 0.9489902690599088 0.12094285042577457 0.004306839791780259 4.794448740692712
250 0.95258549418536 0.11473047511419487 0.03040025868915963 4.786693550069529
255 0.9624549012023066 0.08603248259320662 0.02070702238524391 4.774505208539096
260 0.9627349652408423 0.08971319831694302 0.017359942296749198 4.765815017109462
265 0.9714590874024882 0.06656431224956716 0.015557962295117411 4.75781878553059
270 0.9729743852772874 0.06495538776717513 0.003416570649338535 4.750018955420135
275 0.9773401617983202 0.05253866109359251 0.01898610719077376 4.743837538862709
280 0.9739042758114054 0.06262981114542399 0.00609505729938653 4.739610483476954
285 0.9776365707721252 0.052924928007287875 0.004625011384626676 4.734715872122497
290 0.9807134156070476 0.049226434055701596 0.004149144971690166 4.729931830999139
295 0.9861536800918307 0.035110373405725426 0.006028279359441502 4.727510262041127
300 0.9731542967145286 0.08255396222444311 0.02668443958252298 4.721961310449602
305 0.986228416382438 0.03700911866712975 0.012053056869818501 4.721672267140446
310 0.9900642332115087 0.025343062390397186 0.006912179614080971 4.716267380197036
315 0.9884911099320961 0.03200959274110282 0.007687209575362841 4.714505911659721
320 0.9842023671866769 0.04381658512014486 0.006098423938477593 4.715465945403923
325 0.9914733133414666 0.020404143857776447 0.0033817825485447095 4.713580989428529
330 0.9922349817142396 0.017952764791014708 0.008486351317290142 4.709802911243196
335 0.9921409229221467 0.01946197985118925 0.007183308213286832 4.708274236034201
340 0.9828953164871401 0.056899829173491234 0.016979755442209754 4.709135609842251
345 0.9941930993479993 0.015081646607796984 0.0030181824149868586 4.707619614957346
350 0.99446581069378 0.014447745854065275 0.01125909978232853 4.706500035437839
355 0.9938710841672581 0.017510359904514772 1.3187874718489923e-05 4.70365729004739
360 0.993595663861336 0.014992363969662748 0.003349388605964121 4.703659604119267
365 0.9934287800242211 0.018036610259112074 0.007273944524340381 4.702586067291957
370 0.992765007870674 0.02081110109759976 0.006834499548632689 4.701652731835143
375 0.9958940256955362 0.010522281363664732 0.005135852029639398 4.702496574262389
380 0.9886816488067662 0.0383046742698081 0.011953678753596098 4.701595738780651
385 0.9958376992675982 0.010591818913100681 0.0019284057115604991 4.700982350223544
390 0.9962981740653427 0.00984988219645988 0.005194713737979972 4.699730744636187
395 0.9938148181822455 0.01961051885384002 0.004672810847730524 4.698009772337336
400 0.990437798937486 0.027382403764629082 0.005649313513891974 4.700145197032191
405 0.9953475683742006 0.013468248800680094 0.008056104658751506 4.699722271573853
410 0.9950361354271657 0.013642887109102553 0.002787348679746726 4.697507836744804
415 0.9970994418671226 0.007705669322833231 0.0018544375366169596 4.698349972704105
420 0.9969504404822018 0.00857982889968767 0.003038480252736786 4.69557646242561
425 0.9968449687698122 0.009748273985596079 0.00043768075940531226 4.697956909359735
430 0.9957593983754922 0.01255373598314602 0.004212267301345163 4.698003344833602
435 0.990656310564585 0.030912344472834974 0.009816445026565424 4.69610030103917
440 0.991171299192241 0.028549753841103254 0.0023536634720162652 4.696436825739084
445 0.9958156252416259 0.011495928968544789 0.0013034865053638267 4.695475239414275
450 0.996253127289527 0.009635301686738984 0.00977120529673714 4.696971449020648
455 0.9967626341222522 0.009120619401994823 0.0023759004822765384 4.695026130431522
460 0.9959728411056545 0.013103386479828671 0.0013233526598861456 4.694596642442831
465 0.9918641976716586 0.027687458675861087 0.0062218260994142405 4.69540390496594
470 0.9973307978031276 0.006642975759815428 0.006279568940330993 4.695003034699934
475 0.9968006736614354 0.009352020677559025 0.002817404857471173 4.6929189743739945
480 0.9963310344862792 0.01183737488348946 0.00514575194184097 4.693301713944527
485 0.9970306089985463 0.007152592657577728 0.0004950844901858709 4.694363853912935
490 0.9970426845218039 0.008729842394910925 0.0027149424730852356 4.69360847228433
495 0.9978216026697212 0.0054749955558941465 0.003999154076118616 4.694127029413861
500 0.9967130345733766 0.00823938460635354 0.005431713549521211 4.693357296034963
505 0.9972424753678211 0.008629192772022343 0.003209867805231026 4.693192361899481
510 0.9956250398036787 0.014237867648870584 0.004935655317902743 4.693426410071228
515 0.9980404109213936 0.005653154775243863 0.0015263698376044577 4.692885087380902
520 0.9977284489817417 0.006242874339720039 0.0071021084375122445 4.693390333291097
525 0.9980138405794816 0.005127958717062953 0.0029784518289948103 4.693340563930083
530 0.997912854072819 0.006723621432917604 0.00044477423183097997 4.692997465499326
535 0.9964711343322594 0.011481807817991907 0.0004773599405054618 4.692656967966397
540 0.9970883957325598 0.008770001070883104 0.001436304778021924 4.691944086278571
545 0.9970418934882987 0.009804438628891354 0.0005670103182073838 4.691991421254758
550 0.9976359434551137 0.007333562075086952 0.00138122100581195 4.69122206651506
555 0.9971896463772246 0.008930041231773878 0.0032039734624498273 4.691895615376751
560 0.996309007357015 0.012503305315069824 0.0045105779517089495 4.691663505086166
565 0.9974937838004402 0.008630855268438431 0.001321074350153939 4.691835445056301
570 0.9975051179204402 0.007739800844548839 0.0008409737536525519 4.692359069800497
575 0.9981360512292404 0.00520083556024975 0.005930985998752858 4.691548985954038
580 0.998216254086095 0.004745102905424403 0.006973401576972238 4.691982182976923
585 0.998249429974406 0.004934068655534141 0.0003583209076949423 4.691229192710339
590 0.9975712680754789 0.0075601865375514166 2.3013416888595373e-05 4.69172524642584
595 0.9983936516834087 0.004216423611743458 0.0036895844185811377 4.691390328309801
600 0.9985965218861368 0.003992301891848626 0.004299144477657002 4.69101413238543
605 0.997578875427435 0.008292516171693798 0.005023318582038971 4.691300537430248
610 0.9956478195930933 0.015390862289147655 0.00897871761292457 4.691063052144702
615 0.9973277778338543 0.008708449543346042 0.0010404817084113116 4.691426007423736
620 0.9969085001738598 0.010225303002548536 0.00294193874287485 4.691433717123877
625 0.996846991435963 0.011234680730853874 0.0003855613333096919 4.6900113525677805
630 0.9977363023362438 0.006882574694839327 8.604623151109436e-05 4.690698145105943
635 0.9986088588060449 0.0037071480422703473 0.0031661121009123327 4.691201671676288
640 0.9984298194950265 0.004852457305564606 0.00032576001217821116 4.690609284111023
645 0.9982304577460047 0.005163047546055566 0.0035830880142124766 4.689937384424567
650 0.9920922817521043 0.03050704531281756 0.004542107254621008 4.68962556608922
655 0.9937993237584033 0.02324968576195019 0.0063113865198087815 4.69034794281737
660 0.9985309281730022 0.004864609907795803 0.0037480444848267958 4.690258475277208
665 0.9985797719970649 0.004174482774214283 0.0008095600306581296 4.690673466856299
670 0.9978428474404004 0.0070341613131592595 0.0010108631956300407 4.689567591907029
675 0.9981612886261091 0.0056706016001246695 0.004800772349812243 4.690645733941609
680 0.9986819892859469 0.004063945155269977 0.0010841227627791383 4.690256582865085
685 0.9973782255738393 0.008825246914674345 0.004758892983417029 4.689494364741381
690 0.9986530098551022 0.0038682402387122394 0.004582961580340106 4.689632075035627
695 0.9962238138394965 0.012686331458848343 0.002151264189482749 4.689792596768989
700 0.9986588689525309 0.004473296178669095 0.00272540402198973 4.690470561549654
705 0.9983882382273779 0.0050616805855865366 0.0006127511898983418 4.690256615970589
710 0.9976538211368452 0.0079179098446156 0.0009105669717694997 4.690225429464265
715 0.9987222424488251 0.003754950891117659 0.0017499430840424157 4.689714664196224
720 0.998704004596505 0.0037964693667600358 0.0023973002163750756 4.6897215665095855
725 0.9978442896934889 0.006702096462568363 0.0010428679826308684 4.689416472050862
730 0.998544895682675 0.004540929712703701 0.0003128256470135149 4.689240385330279
735 0.9971841663567386 0.010281919635172443 0.009495385059614225 4.689114220279791
740 0.9967214138265361 0.011451771422239965 0.0037631979721104436 4.690287860122878
745 0.9985353606919216 0.004836742689508178 0.00030862485259142147 4.689696595418841
750 0.9988608841289246 0.003266813467136309 0.00018914029907013408 4.688893023560083
755 0.9967799143728673 0.01170566209377899 0.0031083553883761716 4.6891468058593135
760 0.9941979328561559 0.021530850471418006 0.0008184764803509381 4.689825282576731
765 0.9989754522099944 0.003009446775450897 0.0006374305213328046 4.689294692223932
770 0.9988466061107589 0.003104632458332368 0.002200621411716508 4.689130840321831
775 0.9987125523361343 0.003525564697682171 0.002506364960650931 4.6894513176400565
780 0.9988329390115236 0.003490449080540081 0.0003643918792182177 4.688588961176958
785 0.9956167857456748 0.01620012064228149 0.0022636941940459288 4.689189267600413
790 0.9989063675585148 0.0034510042833177934 0.0024344970713117142 4.6889473275896805
795 0.9990618030648782 0.002558422579618913 0.004028973195925101 4.688454741490699
800 0.9989681710229167 0.0033157246555060027 0.0034761896330772757 4.688617831816453
805 0.9988650622990821 0.0035461473479250216 0.001632292743732222 4.687815683963935
810 0.9984750125645845 0.005143511494737574 0.00011499096504152817 4.688811244446506
815 0.9988026707306523 0.0038756880000372362 0.003693428504527585 4.688413130398033
820 0.9981174607434788 0.006678775993845143 0.0031191324769115347 4.68848000254655
825 0.9986779372897892 0.003558189217200969 0.0008964786123955015 4.688818551714558
830 0.9976403787467516 0.008478086907855342 0.002187271681984182 4.689180774077038
835 0.9985513728017932 0.004681501222384199 0.00430369665028052 4.689365157160448
840 0.9983006418571712 0.0056788424538778415 0.003197834523634313 4.6886875528310075
845 0.9991288738326077 0.0026091487625343746 0.0009941019020840436 4.687678194702934
850 0.9991066417164032 0.002603359296069918 0.0010480906583976157 4.688603839684625
855 0.9984985776242548 0.005082395140417084 0.001114442359651635 4.688893935156337
860 0.9984732260519771 0.005578118443126279 0.0005807045800529931 4.6886300906498874
865 0.9981781314440842 0.0061165822609980935 0.0009971946361386763 4.688916854307547
870 0.9991066915212594 0.002772529752735231 0.0005937497127208591 4.688415254068491
875 0.9985984896241151 0.004735493993075046 0.00039403288615047494 4.688599458923472
880 0.9985244397829831 0.0051223458375231345 0.000760284714160786 4.688575964941193
885 0.9990958909088656 0.0028294146781284724 3.484796664388057e-05 4.68824706162317
890 0.9991556192420538 0.002555528534580631 0.0004710083103531826 4.688877161688297
895 0.9986564075527007 0.004585649449447615 0.002023947948686766 4.6882804316277875
900 0.9991504099460001 0.002421993053428828 0.006537603681301407 4.688719223328146
905 0.9989009853144446 0.0035346138852663245 0.0013904538169446923 4.687927303349883
910 0.9986421015721536 0.0045985713091170055 0.0002426945791027535 4.688317907501631
915 0.9990611758578405 0.0030702041836443428 0.00017397027069465665 4.687670860208692
920 0.9982080021154955 0.006359896454872782 0.003881802627804243 4.687832952169788
925 0.9979980064698488 0.007450008454846113 0.0017562927260192929 4.688216797868066
930 0.9991326154963756 0.0024819875201069763 0.0009737262154299042 4.688327473047433
935 0.9991919943275963 0.0023300065410216675 0.0011991002725264543 4.688326717670392
940 0.9987740165469592 0.0038993116968422115 0.0010583837651263472 4.687935195422052
945 0.9990870371650706 0.0030009094619005694 0.0026807036253910788 4.6882003936481285
950 0.9990700670434425 0.002656835693843007 0.0010894148911275714 4.688287356652821
955 0.9990287784311128 0.0031644807683264276 0.004095334978301501 4.688196281976694
960 0.9979687965655558 0.007238019626539582 0.002422403369918058 4.6882048472138385
965 0.9989685585429624 0.0033546100223595943 0.003452717999012922 4.688205106498703
970 0.9990715718425925 0.0029663557473789126 0.001377961097682956 4.687993017218538
975 0.9993217262692302 0.002063787674360995 0.0007491686066631864 4.688757152861763
980 0.9983475251868384 0.0059884136174757074 0.003078913033392139 4.688118546815808
985 0.9974789356246806 0.008265018366250487 0.0015549976737290194 4.687890700503632
990 0.9991740783664913 0.0023701222715075687 0.0008331129074139465 4.687585555662872
995 0.998552773333371 0.004998725299411255 0.00048582878309111344 4.687828562140129
1000 0.9959860882324452 0.015346738572286078 0.005733958390664373 4.687317454518701
