0 0 0 0.4009347225959471 0
5 0 0 0.004451559547868245 8.032537512498536
10 0 0 0.0029630274136986934 7.932736465015474
15 0 0 0.009763686962619422 7.915594976786232
20 0 0 0.013464017746473322 7.896021543401787
25 0 0 0.007402266829737325 7.895340732098823
30 0 0 0.005381156509580709 7.8848530489199655
35 0 0 0.017541445166735725 7.888833298860262
40 0 0 0.012440548986942579 7.88608989031565
45 0 0 0.015719309623654087 7.884252701282292
50 0 0 0.006527417606479791 7.884944429073516
55 0 0 0.01507835239038302 7.8828701032407285
60 0 0 0.010737142262349453 7.8802360694056315
65 0 0 0.0006667941610725148 7.883570181338177
70 0 0 0.011271824878881898 7.882813890821498
75 0 0 0.00870419158061675 7.8790552297822956
80 0 0 0.005786840952006322 7.877604047950477
85 0 0 0.009141792474978594 7.877440873198082
90 0 0 0.011975240139088239 7.876837416119672
95 0 0 0.01217841226399008 7.8782695588237734
100 0 0 0.009391094841801673 7.873093651863656
105 0 0 0.00908717123142977 7.874314297478865
110 0 0 0.011255222048990321 7.8748067167699425
115 0 0 0.009377320576530401 7.875199610495738
120 0 0 0.010869567884348452 7.874773089447774
125 0 0 0.01054262363246572 7.872294581699087
130 0 0 0.01156756093375444 7.870993634556207
135 0 0 0.012300083474815482 7.868391061395776
140 0 0 0.012033745562946452 7.871807028909167
145 0 0 0.012398603408878106 7.873633337010545
150 0 0 0.013231037741619156 7.873744031191689
155 0 0 0.010110927650222035 7.871130083495391
160 0 0 0.00854191030503304 7.870897377852791
165 0 0 0.016828648973562732 7.871977196110435
170 0 0 0.009418162545785647 7.869359643574729
175 0 0 0.010795451999113803 7.872718366287116
180 0 0 0.009414387420203951 7.869869844267988
185 0 0 0.009687685039941218 7.870059770343276
190 0 0 0.013843128255706327 7.871312863240109
195 0 0 0.009006069363025393 7.869448548884344
200 0 0 0.010699709026519288 7.86839064202396
205 0 0 0.015004621266201168 7.868195586286861
210 0 0 0.009913814577885649 7.86868823124764
215 0 0 0.012113575518161168 7.868955514205803
220 0 0 0.009667475648686752 7.868161365322558
225 0 0 0.015424180299139278 7.868441003149452
230 0 0 0.006207135260489549 7.868757685031896
235 0 0 0.013848174132269797 7.867637129117392
240 0 0 0.013446486871893537 7.868866657071436
245 0 0 0.011762590483247681 7.867739356821999
250 0 0 0.008355391457596228 7.866868023494209
255 0 0 0.010075678055682546 7.867321895952663
260 0 0 0.00838698002276117 7.8677327598267945
265 0 0 0.009122063888100662 7.866289807119943
270 0 0 0.014862850515889647 7.867859473702907
275 0 0 0.011202466335398897 7.867994778359105
280 0 0 0.009340342109597 7.867210402900025
285 0 0 0.010811474310703506 7.867108594098537
290 0 0 0.014905736292920801 7.867381330709677
295 0 0 0.010651416262174696 7.865520098493372
300 0 0 0.011824110794095732 7.866680935860612
305 0 0 0.01242220436910424 7.867333080314958
310 0 0 0.009128247395284284 7.865524161722572
315 0 0 0.012015233613456466 7.865267241321955
320 0 0 0.007798114685693136 7.865669356449249
325 0 0 0.011504331399866174 7.866886820073923
330 0 0 0.012238981871504517 7.867021307798963
335 0 0 0.013509364983069316 7.866557426224898
340 0 0 0.012962967623971977 7.865810254606588
345 0 0 0.010576863628640076 7.8663546901973085
350 0 0 0.015072226542190315 7.866272488831467
355 0 0 0.011401021997663685 7.865465148416981
360 0 0 0.011233934273039203 7.865251858463257
365 0 0 0.012138096660384345 7.864307966440272
370 0 0 0.008674557828115548 7.864731908170281
375 0 0 0.01147931730153351 7.8650914795652795
380 0 0 0.01132538571784103 7.865276309779327
385 0 0 0.011561524348773222 7.865447475324908
390 0 0 0.010913666995103766 7.865804881770763
395 0 0 0.013262754584011827 7.864662787686272
400 0 0 0.011336671636067441 7.865612690986735
405 0 0 0.011578465191528942 7.8642439462885205
410 0 0 0.012840195670607457 7.863997726876381
415 0 0 0.011504394281873331 7.8643896231350245
420 0 0 0.010430810139843372 7.864312792759619
425 0 0 0.012556355294582655 7.864202146763643
430 0 0 0.012456458060069231 7.865232242748273
435 0 0 0.013148042928780024 7.865341958935932
440 0 0 0.01263957846193331 7.865369881132799
445 0 0 0.012086930891623604 7.864244231781852
450 0 0 0.012571873718145055 7.863891817519265
455 0 0 0.009173242969489959 7.865053567083601
460 0 0 0.008000056902667696 7.864516638044449
465 0 0 0.01359829132049839 7.864200966327944
470 0 0 0.015033101495181 7.86380080482966
475 0 0 0.011640514630701038 7.863761364145976
480 0 0 0.011409950011720182 7.864265102165385
485 0 0 0.01358306272164378 7.864120218850716
490 0 0 0.014530937195216698 7.863225403964934
495 0 0 0.010392278748265316 7.864168407036079
500 0 0 0.005122481564692194 8.043526660293658
505 0 0 0.004751899126200554 8.041433490063698
510 0 0 0.00510867102187329 8.03932324636181
515 0 0 0.005821148639354012 8.03896252937357
520 0 0 0.0008888661142909537 8.03975645701154
525 0 0 0.0022689568713174513 8.035861670077162
530 0 0 0.0011782852501491803 8.03614347466763
535 0 0 0.006452010517981499 8.034456874726848
540 0 0 0.0018242102281558203 8.030531672159812
545 0 0 0.005425620721188906 8.02681323591141
550 0 0 0.0006381983853680495 8.017148057849369
555 0 0 0.004505857766675447 7.99309777257439
560 0 0 0.005053681834604085 7.966159198235485
565 0 0 0.0013561181612640194 7.959224359849111
570 0 0 0.002936949767654129 7.953754894890242
575 0 0 0.007956296552392939 7.941340783619049
580 0 0 0.009727972281091901 7.934071014340517
585 0 0 0.004533057203945479 7.931324298061399
590 0 0 0.0025220230557756462 7.923314099745457
595 0 0 0.0036336639821861194 7.91927721682056
600 0 0 0.0030617699381558783 7.91790915437498
605 0 0 0.004922174206826169 7.917691089955232
610 0 0 0.006534658980641428 7.908828112464318
615 0 0 0.008217533861955006 7.900079131657745
620 0 0 0.006853470120613769 7.893529771711186
625 0 0 0.012431675488388194 7.891202679041633
630 0 0 0.008406295191551338 7.888625022054944
635 0 0 0.008069025791267448 7.890730099192864
640 0 0 0.007073616170810704 7.886951460759909
645 0 0 0.0043762263603071005 7.879485827299452
650 0 0 0.007468730302204296 7.874770032365722
655 0 0 0.013322659999861264 7.878208460405683
660 0 0 0.012464110095126602 7.879708939043061
665 0 0 0.011762894800772417 7.872962724949869
670 0 0 0.013255189449162375 7.870557751803132
675 0 0 0.00912351739051731 7.870431904169935
680 0 0 0.011289418910750637 7.873683270479903
685 0 0 0.01123094099919597 7.87812668044897
690 0 0 0.007764747245521786 7.865518845088367
695 0 0 0.011060075342109066 7.866579410171715
700 0 0 0.014196698431865329 7.864755611096639
705 0 0 0.014395746253078157 7.866132918140421
710 0 0 0.011315590564333622 7.862632515489325
715 0 0 0.01672700975932906 7.86231250220801
720 0 0 0.010949398716149306 7.863358359376517
725 0 0 0.01192986235817206 7.861106836281793
730 0 0 0.011365773527561185 7.86256539829664
735 0 0 0.010332626598707595 7.875653263403625
740 0 0 0.013274161161489495 7.8613117064662195
745 0 0 0.015389421198995779 7.857200133403703
750 0 0 0.012453489973981435 7.858343703839637
755 0 0 0.014392459023275572 7.857818053729601
760 0 0 0.012450830272491498 7.857070991162949
765 0 0 0.0021423500419446295 7.856772594467052
770 0 0 0.013343585930248203 7.858080359905308
775 0 0 0.013702888067979924 7.85747739116955
780 0 0 0.011127012486507049 7.863177059387655
785 0 0 0.012440074859037864 7.8571887021597435
790 0 0 0.014314337044521341 7.864560010525264
795 0 0 0.013557961785487072 7.855787853248762
800 0 0 0.015572792123577095 7.856582619388826
805 0 0 0.01511537169218724 7.85473077616607
810 0 0 0.013074041882926934 7.855998559744161
815 0 0 0.013054308943637682 7.857419723718805
820 0 0 0.012180984240683479 7.854721043242152
825 0 0 0.012356242958925012 7.855306674682324
830 0 0 0.01170201732888998 7.854765069929707
835 0 0 0.007712947737812836 7.855154052636863
840 0 0 0.013881232730579063 7.855613864075562
845 0 0 0.013902524578078612 7.855781644208186
850 0 0 0.013701906832902733 7.854895815770346
855 0 0 0.01282255619853867 7.855469453722801
860 0 0 0.01425238380962024 7.853883885393352
865 0 0 0.016012672637713665 7.85401196148957
870 0 0 0.01093483480519919 7.85432961252177
875 0 0 0.01604389861944111 7.854833376158013
880 0 0 0.01695605469446959 7.853792914159474
885 0 0 0.011191253286934932 7.854338521239453
890 0 0 0.011330590030234067 7.854102970082137
895 0 0 0.01573805540639528 7.85265468178272
900 0 0 0.01387638536178426 7.855370935045917
905 0 0 0.01498785231319899 7.856380113406846
910 0 0 0.013835022576434541 7.8539473601999354
915 0 0 0.01168218178915903 7.861763444551194
920 0 0 0.011485814964069974 7.852688923591784
925 0 0 0.013796799509149915 7.852832828448888
930 0 0 0.010645381791856368 7.852441205314014
935 0 0 0.011548005900835268 7.853719259973863
940 0 0 0.013038416913082385 7.8536018080947585
945 0 0 0.012178002894998041 7.8526822587043545
950 0 0 0.011814039328400305 7.852942325817508
955 0 0 0.014847196611690539 7.853476139760195
960 0 0 0.014784520411930124 7.852184778683101
965 0 0 0.011035117279600604 7.8516176937898035
970 0 0 0.012424607313179958 7.851762453924354
975 0 0 0.014369199737776395 7.851800302017366
980 0 0 0.01347560863313313 7.851471414514205
985 0 0 0.009404468208614736 7.852102255379426
990 0 0 0.01262241409954501 7.852000422941682
995 0 0 0.013769330233076804 7.851833855649537
1000 0 0 0.014659749913777276 7.852162653355737
