0 0 0 0.30387719854241446 0
5 0 0 0.009304126035377003 8.227964348836286
10 0 0 0.00434858682479633 7.926018726241136
15 0 0 0.008321312171390316 7.917081159543913
20 0 0 0.008043379041735577 7.905965015350262
25 0 0 0.01281890295090049 7.8993632273257814
30 0 0 0.008311206004369076 7.892045854910211
35 0 0 0.012785822424224769 7.888219437295217
40 0 0 0.010002221914822806 7.887301936524807
45 0 0 0.006578784173932428 7.881764693846195
50 0 0 0.010970179369371502 7.883163610859525
55 0 0 0.006861837899360568 7.882101519539315
60 0 0 0.012211588175650823 7.885460830811842
65 0 0 0.012485990222846688 7.882132263534272
70 0 0 0.012340768106127387 7.877149175958299
75 0 0 0.008884279617387136 7.878876161046701
80 0 0 0.014838272469473335 7.8786042097189
85 0 0 0.012704265224438682 7.877281444465869
90 0 0 0.01563028777105857 7.878105924175902
95 0 0 0.01298418254214595 7.875892997596282
100 0 0 0.009374269764104604 7.877475122014496
105 0 0 0.00977154125904045 7.875969010122984
110 0 0 0.01685101460936811 7.874090020316701
115 0 0 0.008832941902108482 7.873427961605768
120 0 0 0.011236492907244156 7.872826806554826
125 0 0 0.015143407095413286 7.873255937924659
130 0 0 0.012619241523582181 7.874020322198586
135 0 0 0.015631855631815572 7.873147307305668
140 0 0 0.01175718332788045 7.8725245949249185
145 0 0 0.011057004533928882 7.871572857092257
150 0 0 0.013473942712478149 7.871799093067484
155 0 0 0.010822874693655837 7.87020425071807
160 0 0 0.010481265046279109 7.869675250662693
165 0 0 0.008084646629429981 7.872382533452008
170 0 0 0.00671362621649374 7.870954319871563
175 0 0 0.013396192298411602 7.869532734996003
180 0 0 0.011554024590981093 7.868794292311666
185 0 0 0.015439192862873874 7.869811202516826
190 0 0 0.008443731727498127 7.870039998102418
195 0 0 0.008824823666258474 7.867669906394391
200 0 0 0.011543756154517304 7.869543851222457
205 0 0 0.008613260330494033 7.868491482809109
210 0 0 0.006899598369258353 7.868992099963975
215 0 0 0.012563206534228932 7.869098053377461
220 0 0 0.012612583478252226 7.86762194424441
225 0 0 0.013035452672788717 7.869506794229037
230 0 0 0.014835856730586627 7.867631525783459
235 0 0 0.014033705186757395 7.869225257220919
240 0 0 0.011432311193975586 7.8679149191094675
245 0 0 0.010453220099708282 7.867491574199562
250 0 0 0.014720629322439782 7.868135445184024
255 0 0 0.006632198815389012 7.8664830417950835
260 0 0 0.008139181196726408 7.866096003469559
265 0 0 0.010010896288194404 7.867507994346926
270 0 0 0.012284859097459133 7.8675120670048395
275 0 0 0.013092253647177365 7.867623273969027
280 0 0 0.013363339526246687 7.867188907465943
285 0 0 0.014612505875117199 7.868000445258872
290 0 0 0.008978851093513596 7.867304720823736
295 0 0 0.012220272724436265 7.866887385695186
300 0 0 0.010474369677975659 7.866650353471697
305 0 0 0.009981489012403255 7.867223769599295
310 0 0 0.01311409807633468 7.867273132898282
315 0 0 0.013303114421441942 7.8661476274181235
320 0 0 0.01540909447489458 7.8671925898168595
325 0 0 0.010766668162340398 7.8656069120768075
330 0 0 0.008098079890972887 7.8667700231676125
335 0 0 0.016041887355625617 7.86644929698917
340 0 0 0.014417405719064913 7.867094515412841
345 0 0 0.011988672839021941 7.866201219846745
350 0 0 0.010290058393392698 7.866031621443671
355 0 0 0.011159038199536786 7.866294572191522
360 0 0 0.009109571859438725 7.865888711371133
365 0 0 0.012233324338486673 7.866229374300538
370 0 0 0.015411215114880417 7.86501023453667
375 0 0 0.009364969688912206 7.865933645418966
380 0 0 0.012297095097481003 7.866249172144979
385 0 0 0.010070301241821733 7.866361795360486
390 0 0 0.011545901290404004 7.865470415860333
395 0 0 0.010879553141206921 7.866453574253447
400 0 0 0.013198811548812417 7.864941419351047
405 0 0 0.004912450446679539 7.8650353068653365
410 0 0 0.008915813617126123 7.86521276659335
415 0 0 0.017002746877211816 7.8649022197853755
420 0 0 0.01030602012669024 7.865471390812888
425 0 0 0.010787912149400558 7.866790968063779
430 0 0 0.012671556951749707 7.864995849980164
435 0 0 0.011867504505283621 7.864702492030573
440 0 0 0.012503236307936039 7.8652083492485545
445 0 0 0.010888060179007342 7.865259720630336
450 0 0 0.008995107035439931 7.865429501606317
455 0 0 0.012256962149538309 7.8651300441613134
460 0 0 0.013865935885863268 7.86532534199206
465 0 0 0.01223987965357276 7.86552325041325
470 0 0 0.012221278130446267 7.865193139912617
475 0 0 0.012486944408033995 7.864023683936889
480 0 0 0.013609191135162124 7.86474946904147
485 0 0 0.0109763212290801 7.864523364615917
490 0 0 0.008824232903858364 7.864402922731837
495 0 0 0.012573854453544309 7.864723071536841
500 0 0 0.002897608071756208 8.044790331810564
505 0 0 0.0026837258245302476 8.043661893301259
510 0 0 0.0002718834007855442 8.041758417657455
515 0 0 0.0036173371480432426 8.042727946843037
520 0 0 0.013841188117586833 8.042097900172553
525 0 0 0.0017223797780867578 8.040898507779845
530 0 0 0.004375124215326265 8.040741651615866
535 0 0 0.0034247835519998215 8.040733773044495
540 0 0 0.0008789406720142168 8.040878082875519
545 0 0 0.0018507588365259675 8.039517596899886
550 0 0 0.002574928277808919 8.041076429411529
555 0 0 0.0014090097328114393 8.03830578059338
560 0 0 0.0050245471669789765 8.038735975763405
565 0 0 0.006003211903597316 8.038733531274303
570 0 0 0.005924159962428233 8.039330231255908
575 0 0 0.0016208981252030519 8.036060425950554
580 0 0 0.0017115991068448189 8.038022453507871
585 0 0 0.0036634269378859052 8.034667431813086
590 0 0 0.000251014712244757 8.033539591878197
595 0 0 0.004025013917287934 8.033057661795688
600 0 0 0.005470238089848367 8.029725305579396
605 0 0 0.0004394644498220135 8.02312354751151
610 0 0 0.004000055818972559 8.017087504640847
615 0 0 0.0011541414153806162 8.00495653381089
620 0 0 0.00255676624914547 7.9910954611043845
625 0 0 0.0018517659913994677 7.979779147412735
630 0 0 0.004645609049470867 7.968244442262602
635 0 0 0.0040802149285121825 7.9580919056411865
640 0 0 0.000911274021288655 7.948614623560028
645 0 0 0.002411600869890229 7.946103988360395
650 0 0 0.004974511546007809 7.941121519868327
655 0 0 0.0010358292310390649 7.936049644878263
660 0 0 0.006266565402089697 7.9282060953349935
665 0 0 0.006483505215683083 7.927011086307501
670 0 0 0.006706802670588985 7.91953999299793
675 0 0 0.016882287956537567 7.91892102082115
680 0 0 0.0065463172705821915 7.911535766529216
685 0 0 0.013353768452038395 7.907544399639323
690 0 0 0.003313569570291053 7.906602795345468
695 0 0 0.008544071231440853 7.901248453791042
700 0 0 0.004370771379209604 7.894881933758282
705 0 0 0.010387515055987784 7.893048418695104
710 0 0 0.010707376380005185 7.8912575353523104
715 0 0 0.012703781077990417 7.886297049196786
720 0 0 0.00030671153910466487 7.885926590312437
725 0 0 0.009375818092724808 7.882168481056859
730 0 0 0.004504909444875915 7.879722337684521
735 0 0 0.011596813784642945 7.875975719833417
740 0 0 0.011029387166830551 7.876409803165473
745 0 0 0.01154146728239569 7.873397047085192
750 0 0 0.006517703654120632 7.871116107375863
755 0 0 0.014160881739332387 7.870602270318617
760 0 0 0.003387099543592509 7.870446004621955
765 0 0 0.012952789286746258 7.870883854977307
770 0 0 0.014297332457274159 7.868736427846634
775 0 0 0.012338887964528311 7.86740688030184
780 0 0 0.008849706449348682 7.864964456086531
785 0 0 0.012260772107280937 7.862870398126911
790 0 0 0.009985239283608838 7.865915990112174
795 0 0 0.008327689126578441 7.864496953814172
800 0 0 0.009330996173994466 7.863522266497202
805 0 0 0.011118457170021134 7.861413325812228
810 0 0 0.01517486046981853 7.860813873998779
815 0 0 0.010520582815360058 7.861878356598624
820 0 0 0.013120535745164918 7.8586910638960035
825 0 0 0.01610601052525551 7.858722088829787
830 0 0 0.01052123079990408 7.8597313632080406
835 0 0 0.013270198444178538 7.858456371097683
840 0 0 0.009340844625910893 7.859825920824091
845 0 0 0.016889311469077795 7.85823733248708
850 0 0 0.011720989161598583 7.858758888510277
855 0 0 0.01200537242768629 7.858219216046365
860 0 0 0.010925260390680425 7.8573627307313485
865 0 0 0.01099763349173899 7.8570697007296815
870 0 0 0.010270538176670119 7.856732613448838
875 0 0 0.014755699779098963 7.854804109438841
880 0 0 0.009728813804896319 7.856222082400771
885 0 0 0.011729435801595134 7.855557323181921
890 0 0 0.012343198495165186 7.854560479093687
895 0 0 0.008577085167964071 7.8551611140600555
900 0 0 0.012072968395571149 7.855086206238098
905 0 0 0.012363970310586225 7.856495974363493
910 0 0 0.014336141404264868 7.854982001216166
915 0 0 0.01092423128431097 7.855103927272362
920 0 0 0.012973337468785928 7.854464016557553
925 0 0 0.01329144527921522 7.85487146044827
930 0 0 0.010126994159138869 7.854643073667425
935 0 0 0.014090556371095131 7.854716059936785
940 0 0 0.015530227335614155 7.853358924490644
945 0 0 0.013976181315715097 7.85512001231852
950 0 0 0.014990533238975923 7.853821055211179
955 0 0 0.013990151422821784 7.854138510787627
960 0 0 0.01563915550936046 7.854518145238262
965 0 0 0.010511441313232783 7.852971225373938
970 0 0 0.013234512615440508 7.852069523160554
975 0 0 0.013581252475391103 7.8544237846602085
980 0 0 0.013990237017882157 7.852962416195692
985 0 0 0.012942239419984292 7.854182666463025
990 0 0 0.013849756571147065 7.854002857032639
995 0 0 0.009232579959862708 7.853090623686944
1000 0 0 0.014004648582335966 7.852693332702053
