0 0.4221425308321739 1.9442919256097042 0.3471913250612745 0
5 0.9473534839112379 0.12025680154870955 0.04765755905637126 3.78839318810907
10 0.9886807165295604 0.028343653041088324 0.007176024475030962 3.697017967475282
15 0.9935208560947472 0.01711576754100186 0.0017657890881142002 3.680814233216511
20 0.9927432731049582 0.02260369838902232 0.0019879944978928865 3.674019189558731
25 0.9971386954747288 0.007438299165988038 0.0027386627656773577 3.67101164698731
30 0.991643329200946 0.0298871510524652 0.002313080661976663 3.668690602101423
35 0.997377785049507 0.00904858212758386 0.002471451722434015 3.667616510112128
40 0.9958684029254442 0.015135547286427187 0.0013217155386706647 3.6648377584102665
45 0.9988086226169661 0.003455265572807953 0.0010902475542617918 3.665401427631206
50 0.9986409425867344 0.00423215800414356 0.004060817016874996 3.664650420855841
55 0.9948636432823936 0.02007769693058492 0.004185555282430808 3.664459480051924
60 0.9979041948068048 0.006887222312468744 0.0024087720777767885 3.6637552579820016
65 0.9988103374250932 0.003630068301093914 0.004546113922359707 3.6637079342579786
70 0.9985834270356893 0.004258415793947812 0.002914159165492647 3.663812291532767
75 0.9975556648714727 0.008889466123384704 0.012718790580596329 3.663552694062519
80 0.9984270936899722 0.004695243405250071 6.55543506882239e-05 3.663124624843629
85 0.9989879182082186 0.003167585529476824 0.0025028828574886752 3.6623135969582314
90 0.9989495679695757 0.003230677612481081 0.0011859107844498507 3.661171377469081
95 0.998843221210645 0.003492753458996134 0.007392012089940225 3.6619062393883843
100 0.9988892817319818 0.0033685511337759877 0.0003737289783425357 3.6612367857764228
105 0.9983005179134219 0.005950436668474612 0.0010758921852478398 3.6609178236782665
110 0.9988019982250009 0.004045676329701653 0.0028383842823496153 3.6608583308372182
115 0.998357158714156 0.00566901851782875 0.0004556329093270417 3.66039641985161
120 0.9987501302658828 0.004005455821736614 0.0022128109741228474 3.6602035492071683
125 0.9992250266474783 0.0022419047452753027 0.004968488310848729 3.660054574950446
130 0.9988017187493128 0.00402016041863007 0.0013151226792520454 3.6595883128749556
135 0.9986621601563808 0.003791759592976618 0.001463670016830898 3.6583506159460604
140 0.9980471753422973 0.007390357960150418 0.0036304205874995166 3.6597006309308284
145 0.9992417690869012 0.0024614574377190834 0.0028146159831481388 3.659496938752925
150 0.9984993927266005 0.005321373885695202 0.005283658107006595 3.658354562309761
155 0.9990285827318389 0.0030069397679133303 0.0011910762048870094 3.6590325039686014
160 0.9993460263227445 0.0020357349843371786 0.00319730056575529 3.6595222928568756
165 0.9990737831034278 0.0030551050570921667 0.0013579288270768597 3.6591423507073624
170 0.9987158992233209 0.004377629361282054 0.0014651932619107466 3.6585784001527926
175 0.9992013013461434 0.002289925571836715 0.0015038068802191162 3.658304245145248
180 0.998278277245377 0.006408312373121561 0.00015538540090398456 3.659160170687252
185 0.9987764123335293 0.004427921960004966 0.0009380290685130355 3.658130422115138
190 0.9983375531283989 0.005470942415139124 0.0005334691643106293 3.6581573076343274
195 0.9993095842100497 0.0021731968516358613 0.00023629783241108093 3.6581016677510103
200 0.9991425623896227 0.0028159322547693932 0.0016930092588300916 3.6581580137619643
205 0.9987057944813256 0.004875913559708067 0.007016667411244404 3.658318262743434
210 0.9991407326377661 0.002910066917859666 0.0010366936461925214 3.6576679333903463
215 0.9978346706478138 0.007914019760169033 0.0006611032591667954 3.657455505350069
220 0.9988148499070734 0.004297395759184308 0.0021118274101739054 3.6578546571341537
225 0.9989004787179097 0.004090148465623944 0.00023886817854323894 3.657716929633023
230 0.9982352262567221 0.006396998739776727 0.0003087743995886516 3.65803772944306
235 0.9973875975800797 0.010925293631560251 0.0014440471545915656 3.6575463312694603
240 0.999213991787888 0.00270141569708926 0.0026445016937897137 3.6578346762602805
245 0.9987415447137533 0.004677494871272447 0.00653120998466572 3.6580702727757397
250 0.9984234451998422 0.0059045445627985416 0.002291082888775442 3.6580438930758703
255 0.9993908946601762 0.0018795965498838996 0.004239742166935789 3.658070308061572
260 0.9992249989289281 0.002294780055013046 0.0018384352557663242 3.658460217157778
265 0.9992571042962723 0.0025203082978944025 0.00112058651024749 3.6574214455038487
270 0.9993944008801032 0.002208118098429246 0.0031874666771587457 3.657326060652327
275 0.9994104157130158 0.0021991325150403362 0.001040451689749755 3.6577497281638554
280 0.9990121457446705 0.00349270327532869 0.0007727353818907101 3.658021252224825
285 0.9991015329302254 0.002925065843195185 0.007045606821562744 3.6573972728521587
290 0.9993949638018113 0.002039606414755646 0.00015002292394838967 3.6575934972424076
295 0.9993958956721783 0.0020380235847823336 0.0021700436608382834 3.656663121217367
300 0.9975535119581668 0.009836107017973106 0.003490149337063375 3.6575243369447725
305 0.9993268400466129 0.002535432731066045 0.0017763345225176863 3.657346967642563
310 0.9984097485514485 0.0061337806432884 0.0023250890253700973 3.65729240161139
315 0.9978313406941595 0.008277273744455638 0.0013197599146343997 3.6572091139025775
320 0.9987474154641586 0.004648141346586865 0.0013781203883755921 3.6576520414910805
325 0.998890079601495 0.004162004278315479 0.0025100766856860357 3.657213251768872
330 0.9989696586523769 0.003915480880319677 0.0004868783555875833 3.6574590084296155
335 0.9992656298146928 0.002638242001541613 0.0021434001762321575 3.656829219408201
340 0.9976504161931998 0.009140240550908008 0.0029583724337609585 3.657125107654924
345 0.9992216171293575 0.0029359542053590815 0.001689609895585198 3.657725073358058
350 0.9989638247419332 0.003884356395897015 0.00042161070340562823 3.6569036461319557
355 0.9976282121515171 0.009358734307490124 4.3774631646398277e-05 3.656798000855486
360 0.9993351225088358 0.0024099010385638664 0.0037287956239748787 3.6574451321765777
365 0.9988483303217368 0.0044197692477174755 0.0004568950693806251 3.6564058000266417
370 0.9994272001201496 0.002156934322109283 0.0015277808062303944 3.6566979432671234
375 0.9991778114662238 0.0028384190496772987 0.005776649455459193 3.656639122682868
380 0.9988055963012894 0.00455821795604372 0.0016329744885059672 3.656492086435853
385 0.9993254334298329 0.002336395687204451 0.0028043930949022133 3.656415028746947
390 0.9993817864989666 0.0022220029208237513 0.000559560607541032 3.656961764625902
395 0.997380446820981 0.010082134151520261 0.0005712099391794734 3.656798831596167
400 0.9970048458450336 0.011996967550454318 0.00572568659713224 3.6569602068699862
405 0.9994769491646609 0.0019210418036927912 0.0032887970202108985 3.6564566836078867
410 0.9971677233659304 0.011845657752193706 0.001580643504228041 3.657028639116376
415 0.9987911372401198 0.004611122230271381 0.0003024181646049673 3.6568129320860288
420 0.9968711315200826 0.012448060910715597 0.0016681682090018413 3.6572172593412478
425 0.9981537406516822 0.007191369589178986 0.0009475454386482784 3.65643894393374
430 0.9992517680281403 0.002781437122111985 0.0006905056301163004 3.6567669956752695
435 0.9990760679152129 0.0035498689361634916 0.005675666580979399 3.6564964755264913
440 0.9990658680057627 0.0036234081792008155 0.002150279226090346 3.6566824218693963
445 0.99908371652189 0.003346204349200743 0.0016949341332115342 3.656664584401908
450 0.9993705100623447 0.0023644391073216475 0.00470747364914792 3.6564849973650992
455 0.9982255155201056 0.006750738599809125 6.631738970264145e-05 3.656136463310493
460 0.9984392196026847 0.005626715856031694 0.0007518209531329756 3.656491262288207
465 0.9994533160100568 0.002077586348134819 0.00015046413795349878 3.6565184821371814
470 0.9988777789519259 0.00427332399160818 0.0019539053919992444 3.6565090181911355
475 0.9990625625516525 0.0034852359537760336 0.0023774987296667494 3.6564841392844336
480 0.9992819280716227 0.0027355978995422525 0.005605641603036782 3.6563835979431336
485 0.9992168707525018 0.0029152517764767794 0.0002323365044099024 3.655981915923368
490 0.9991862807534644 0.0030940072118799122 0.004356923690692849 3.656261643658139
495 0.9984693891979821 0.005770981859199331 0.008373943925095384 3.656573637326931
500 0.9972014188477891 0.010782991022918686 0.004165941290310116 3.6562589787669366
505 0.999344907638879 0.0024912614541623412 0.00518881657521697 3.6565444572981005
510 0.9980790492746044 0.007553725909509534 0.009017528852362844 3.6565357065340085
515 0.9963270723361161 0.014078777210568383 0.0023387138310733135 3.6563274434300435
520 0.9986110884178419 0.005316585679336683 0.002147697326950304 3.656475916786614
525 0.9986687283493196 0.0051773070333185345 0.00015719418701265475 3.656712383764514
530 0.9992178832338767 0.0029685742072662613 0.0015989654786328078 3.656316054741921
535 0.998693021306343 0.005010318921311097 0.0008279715936778675 3.656250244729943
540 0.9993177819180874 0.0025950836235004715 0.0003045500130836043 3.6565714365829365
545 0.9987107973942473 0.0049599381810656595 0.0011021263396493453 3.6560324206142387
550 0.9994624957746241 0.0019515176933131428 0.001247724666069816 3.656284257084626
555 0.999247097978668 0.0028819744971650962 0.007231840531202627 3.6560706497304984
560 0.9992908715893826 0.0025693564706936733 7.897458206729269e-05 3.656476133751661
565 0.9987497079431353 0.004816620042631836 0.008350674471113484 3.6559318145185284
570 0.9991765995330327 0.002930667238886464 0.001588039644928818 3.655914820691411
575 0.9993600709298625 0.002218323129025368 0.0028406762244508332 3.6562119158567286
580 0.9985647835732934 0.005602895062794211 0.005601715088005443 3.6556128767731
585 0.9995247427371442 0.0017149146890877986 0.0022202743431820604 3.656301578221116
590 0.9992501936722618 0.00287044226402422 0.0012633576717542283 3.65606420215397
595 0.9994646499391693 0.0020015024550956717 0.005715531797970241 3.656419424727302
600 0.9992413054097257 0.002797942096975703 0.0018143155489978025 3.6562147927034294
605 0.9993253159336992 0.002590703258344984 0.0003082344541585069 3.656113013435709
610 0.9991177090022269 0.0033804234510035336 0.004516016638064668 3.6558072284554197
615 0.9987255056972355 0.004899961759297966 0.0007243576183617595 3.655959637030748
620 0.9995418795594904 0.0016485479375023537 0.0002153501783745959 3.6558137146808196
625 0.9993945260681506 0.002198388042492727 0.00296178860903229 3.656112729495788
630 0.9992571703847637 0.002733273090316679 0.0016548563852873954 3.6559422259482135
635 0.9992852802019297 0.0027491325203667927 0.010883927013271455 3.655857423097495
640 0.9989014204324762 0.004185076508538277 0.00045224515833752754 3.6557398079182497
645 0.9990517447515368 0.0034889786085985364 0.0034705129396570555 3.655949996179654
650 0.9991792625274446 0.003177687974132759 0.007925596689239756 3.656528546468138
655 0.9991020221229964 0.003343179466408941 0.00048365772729086487 3.655941583399173
660 0.9992349186576057 0.002901140404470315 0.0030180461330471253 3.6557634696255947
665 0.9995480580129605 0.0016635580362338587 0.001480334660442395 3.65535601898536
670 0.9994395012060311 0.002059907044780207 0.0018671514063079986 3.6559768986544503
675 0.9995855232798964 0.001486509540913783 0.00011603890160150065 3.6559183006943607
680 0.9988182174229466 0.004602709893490431 0.0015516178209395992 3.655777704074529
685 0.9982158463825477 0.006964122719844035 0.008112226997764038 3.6554225919005283
690 0.9990176087469032 0.0037565202066445202 0.0015231700324700448 3.655725653954639
695 0.9983236886561853 0.006564946017314277 0.0022399864263076275 3.6557612082647473
700 0.9988325015917143 0.004410500438286835 0.004853398326285507 3.6560086815731068
705 0.9993752162226883 0.00241256526309952 0.008281680264584423 3.6556263081501625
710 0.999265026123555 0.002595341228185166 0.0036614212596417506 3.655994655858274
715 0.9986571764000768 0.005313953391383297 0.004078616776573174 3.6559259973920315
720 0.9994936640867329 0.0018551634021823915 7.198012175657631e-05 3.655860667567304
725 0.9991002890943051 0.003439250416970463 0.0006114139466322221 3.655724173081276
730 0.9989873613441455 0.004009127665447476 0.0050780884162173745 3.6560335190587505
735 0.9988689027485788 0.004301676385018993 0.003411321553770108 3.655902233815947
740 0.9994017786221273 0.002211580240270905 0.006411170845431302 3.6563591861528484
745 0.9992301207512941 0.002831438589996793 0.005075186547750077 3.6559056215863586
750 0.9992237294186117 0.002926435128398186 0.0020913257243186933 3.6556004004526854
755 0.9993471206446015 0.0024602450606292514 0.00038849975425425676 3.6564171956612985
760 0.9993381767081039 0.0025327835465969173 0.0009575017810146136 3.655515265389767
765 0.998671780981072 0.005067297293545714 0.006562685132687873 3.655752805560147
770 0.9993368109181817 0.002577757603539954 8.735403031856492e-05 3.655250996840217
775 0.999306153592453 0.002633393031377551 0.0027161877467858364 3.6555948276982777
780 0.9991317067123937 0.003312337818887734 0.001209716937782046 3.655787045816646
785 0.999453193860021 0.0020462497169253524 0.00305247310940282 3.655590299919427
790 0.9991888379317153 0.002995796140628393 0.00031125425948475005 3.655866023191162
795 0.9987236747315595 0.004928103873816703 0.0036159284405199443 3.655992521452926
800 0.999163579277317 0.0031464719766658433 0.0033775832362568092 3.6556815222032815
805 0.9988823723851339 0.004361010726943171 0.005220817479922868 3.655466351248566
810 0.9987191786548072 0.004845840556565673 0.004559588380076418 3.6559505982066995
815 0.998708032342952 0.005002579883177205 0.006864277644338168 3.6553281360636025
820 0.9994481307798949 0.0019976633709579694 0.0055951271647805 3.6560176873769334
825 0.9989487472078895 0.004066048318016158 0.002956584738438517 3.655841782362683
830 0.9994471739153954 0.001995132823289225 0.0003449486053268558 3.656143283865118
835 0.9992669026545222 0.002737617912437873 0.0030155904063302597 3.655438249868674
840 0.9993781833223934 0.0022352637442319967 0.0014553182571772627 3.6559897873532647
845 0.9987082905473644 0.005049084572226636 0.0016616003074059194 3.655628388609955
850 0.9994584749645816 0.002039819399880294 0.0005628406282460752 3.6557382792557775
855 0.9988986306394587 0.004306415251255746 0.001188075982229364 3.6559730676069595
860 0.9993356897418563 0.0025282915542241824 0.0038016701281802234 3.6553789046403797
865 0.9988850864012168 0.0044288241683547724 3.2196105357318316e-05 3.6553203688117315
870 0.9969157171070773 0.01236223832953609 0.007556388133520331 3.6554767173428457
875 0.9991452002726569 0.0032928633037103694 0.004040314402273593 3.6555741815356595
880 0.9992854953189269 0.002704369994731337 0.007347093070949162 3.6558789383271875
885 0.9993280878636749 0.0024853849057273614 0.0016606682284290297 3.656050937350942
890 0.9994625798405419 0.0020169411538653037 0.0024490856644598935 3.6553959084896963
895 0.999305234580987 0.002618536906279445 0.003075681571708788 3.655738767354778
900 0.9992581056056997 0.002824014910163708 0.0004058002812221684 3.6557257873784432
905 0.9990548795142751 0.0037004915922542736 0.003563245942604931 3.6558352236627307
910 0.9987282636619175 0.005029340046082353 0.0016526272934234143 3.6554232617600486
915 0.9984998397492202 0.005839803689926981 0.0048122237022341086 3.6557206386082477
920 0.9994562600367257 0.0019532630669671924 0.0029566520340733593 3.6555450930678934
925 0.9992131538523893 0.0029617620898600983 0.005311298276049481 3.6552153469002655
930 0.9983806249834614 0.006400585425587302 0.005752932371168695 3.6557462743454705
935 0.9994942367064514 0.0018884274910444532 0.00253140650584327 3.6561478960519636
940 0.9984516914120618 0.006049383259369545 0.0001650171338380968 3.6551279381868733
945 0.9994658359225788 0.001958992374446744 0.004646466198945154 3.655680274032499
950 0.9984340334271221 0.006035321306029573 0.0020454084074514878 3.6560822512997566
955 0.9989627239265978 0.004094256728187862 0.0013245728895614484 3.655708835713324
960 0.9993667947677951 0.002453153889677928 0.0003200503047338099 3.6553693673114993
965 0.999258255658394 0.0028233062316038726 0.002823879362883863 3.656092951009056
970 0.9994907077676313 0.0018883378777299065 0.003839674348254274 3.655581130246407
975 0.9993480609453185 0.002405925035802614 0.002941754560783938 3.655815578426634
980 0.9994076632405775 0.002185048802227474 0.0018462357610602442 3.655465108978669
985 0.9991366172853029 0.003263861656217948 0.001219893341789513 3.6555040011045685
990 0.9989501222924125 0.004066965543151113 0.005010240092572449 3.655858819576474
995 0.9987841073649464 0.004472409719923132 0.0034102624608955967 3.6553430242823013
1000 0.9989073990196156 0.004180064611440937 0.005940701256085701 3.6551412933948604
