0 0 0 0.34139592514897876 0
5 0 0 0.019945628547935357 15.820894779601614
10 0 0 0.006288782182685582 15.67226758379731
15 0 0 0.015343184492137674 15.591651841696057
20 0 0 0.014888768380163508 15.548312880022326
25 0 0 0.021308586824659415 15.527811621576745
30 0 0 0.02134883199587767 15.470575876439568
35 0 0 0.021888389973566458 15.455997657795324
40 0 0 0.014989430528639547 15.43359733114894
45 0 0 0.026274924055787796 15.430215958429878
50 0 0 0.023635316917350213 15.408854530927194
55 0 0 0.023582695026624023 15.398573678861446
60 0 0 0.028132713571500156 15.383036487424965
65 0 0 0.026649389760927233 15.374363382599661
70 0 0 0.025944626709311747 15.38237760120095
75 0 0 0.026613315614200772 15.372608328471966
80 0 0 0.027374305670630594 15.366953640889768
85 0 0 0.028969095639819642 15.373082887245644
90 0 0 0.028034192316189976 15.361360260290486
95 0 0 0.02245014661024869 15.361509206470558
100 0 0 0.0245197069154508 15.601669046210858
105 0 0 0.02040625671468388 15.590154441713619
110 0 0 0.01918338056548463 15.581558149127709
115 0 0 0.019589222207878842 15.581578261639065
120 0 0 0.01746457424466752 15.586289875873433
125 0 0 0.02059090049270451 15.570089619413869
130 0 0 0.021338379420744458 15.575465610731744
135 0 0 0.02148158317250881 15.569670517366758
140 0 0 0.021710660014006677 15.569361220799921
145 0 0 0.019583221165767606 15.565619334601731
150 0 0 0.019882035568318912 15.562820389118313
155 0 0 0.01799239049981427 15.56447325862117
160 0 0 0.020347779574144464 15.561357461614783
165 0 0 0.019309778483644457 15.5575690307061
170 0 0 0.016775727911493288 15.554551770357358
175 0 0 0.02238083834800797 15.55848352630455
180 0 0 0.01840574698918873 15.560149845153617
185 0 0 0.02514012068204652 15.552423036500056
190 0 0 0.019409974237445837 15.554581514683218
195 0 0 0.0238743584301937 15.552377106821554
200 0 0 0.023838769590014186 15.55314905489409
205 0 0 0.023658985175287972 15.553049250287495
210 0 0 0.022831198179939838 15.55165946998078
215 0 0 0.022241784081668214 15.548207857962092
220 0 0 0.02012841043720437 15.553839968877783
225 0 0 0.0189229723499309 15.543846523992071
230 0 0 0.01580726656889997 15.547406798474208
235 0 0 0.021292925653529693 15.5445225128836
240 0 0 0.019742569718357972 15.54600770690661
245 0 0 0.019238097105346963 15.543849558966588
250 0 0 0.024921507538964383 15.546734769621093
255 0 0 0.021262334408710615 15.540474957850227
260 0 0 0.02373366320341197 15.543817245132432
265 0 0 0.021759521638536672 15.543263961851801
270 0 0 0.02473306144449494 15.54374888122674
275 0 0 0.023101281188556255 15.54139964661701
280 0 0 0.02087413270475791 15.543769700284626
285 0 0 0.021522121185161502 15.532136383551284
290 0 0 0.01640833512247064 15.536028980573569
295 0 0 0.02307980854678604 15.534283117920815
300 0 0 0.020081386182447813 15.529162739263256
305 0 0 0.024782579333776145 15.528552833503147
310 0 0 0.02465766380361223 15.524309928217024
315 0 0 0.022044831746815374 15.51211527649753
320 0 0 0.024945769726720135 15.496308612417975
325 0 0 0.025886959117742414 15.489426598488212
330 0 0 0.020695385075773176 15.479405530250531
335 0 0 0.01933593967606284 15.468585331578229
340 0 0 0.024362949437495507 15.463941271352775
345 0 0 0.026183376603412967 15.45552982295761
350 0 0 0.024008698894536495 15.443256978331235
355 0 0 0.025264784370154114 15.449697392189305
360 0 0 0.01770997031898447 15.435200957185504
365 0 0 0.025725094172887708 15.430683166699442
370 0 0 0.02205404888342999 15.423885509043098
375 0 0 0.026226229210639218 15.417039905809151
380 0 0 0.02185353925166922 15.421401604164217
385 0 0 0.023380064138359025 15.409175536805842
390 0 0 0.025492551656177476 15.408124948937077
395 0 0 0.02854104829310833 15.40043399144647
400 0 0 0.030014726085472176 15.396170469863812
405 0 0 0.025543693849006344 15.389068512808906
410 0 0 0.021867275691438648 15.38640758111959
415 0 0 0.02203375523294726 15.379574013954374
420 0 0 0.022765334379621027 15.374682308042807
425 0 0 0.024799593196588976 15.374855517688804
430 0 0 0.027553751379512104 15.374842516834692
435 0 0 0.025172054334854366 15.370039730468536
440 0 0 0.024696337873629126 15.368060527127374
445 0 0 0.02661750019366571 15.364076334308255
450 0 0 0.025596255049105787 15.361026731922177
455 0 0 0.02547601728422677 15.359720385801262
460 0 0 0.026313079742635193 15.34918792635882
465 0 0 0.024191433699206843 15.35573281502344
470 0 0 0.025770998702779657 15.353769815658652
475 0 0 0.02794906543795528 15.339785719621846
480 0 0 0.029980805018295253 15.337987401478724
485 0 0 0.025245546834621546 15.338268988450986
490 0 0 0.027982156749215337 15.3437856151619
495 0 0 0.027756117858578122 15.335433071898805
500 0 0 0.02443480759308736 15.331183897804646
505 0 0 0.027683722745006856 15.325713712077293
510 0 0 0.026876854198960576 15.326017494972177
515 0 0 0.0248380738218692 15.3330829783592
520 0 0 0.027611237819960666 15.327876538309518
525 0 0 0.026916290328789838 15.32479861526948
530 0 0 0.026609200811745337 15.323247143914262
535 0 0 0.027434105472918358 15.314109750198691
540 0 0 0.026846964985426824 15.31933043992628
545 0 0 0.027094720357709434 15.32101571980835
550 0 0 0.027388770179203492 15.319715371737711
555 0 0 0.02928338703433364 15.318164676891065
560 0 0 0.0273290084255835 15.312305395673018
565 0 0 0.027374460109114596 15.310931056141532
570 0 0 0.030187266611751973 15.317578976557945
575 0 0 0.027364693691163122 15.308662109489603
580 0 0 0.026941640043560477 15.312737626384816
585 0 0 0.02724182294357491 15.311131325713323
590 0 0 0.0258969360594965 15.307308155501639
595 0 0 0.029089798684519552 15.309148010385295
600 0 0 0.028962070637455817 15.309114843499547
605 0 0 0.029825549811204333 15.304654384607778
610 0 0 0.02814102479374636 15.305030278472492
615 0 0 0.02700167945537424 15.307844942165078
620 0 0 0.029469275918059257 15.305514847650638
625 0 0 0.02946102891677227 15.304171800628367
630 0 0 0.02844843686307419 15.300136067709525
635 0 0 0.028211756747193117 15.305338640258947
640 0 0 0.026451806535669364 15.3052055265584
645 0 0 0.028534878355206184 15.303275783964173
650 0 0 0.028723371074369064 15.30086865318031
655 0 0 0.028660817427980767 15.30438704502601
660 0 0 0.027963406999695684 15.302866607623448
665 0 0 0.028567390368986034 15.299643260837303
670 0 0 0.026271217005571224 15.300869335816694
675 0 0 0.028432043060889756 15.300800060524448
680 0 0 0.028346042711087094 15.301586844486916
685 0 0 0.030327797868776818 15.300815715180043
690 0 0 0.028371863043344492 15.301962860400856
695 0 0 0.02880155652689731 15.299385604056047
700 0 0 0.028161166014550876 15.300642451228809
705 0 0 0.029060582352425035 15.30077558448514
710 0 0 0.029045572607250936 15.299856357940818
715 0 0 0.026930444911456464 15.303775406782181
720 0 0 0.028225555587927165 15.296192928846448
725 0 0 0.030065975158448 15.300487978263522
730 0 0 0.029012283315450027 15.30025551701674
735 0 0 0.028673264269034604 15.298632256631876
740 0 0 0.027499265701932618 15.297830192620284
745 0 0 0.028359340040298386 15.297850457684852
750 0 0 0.028761231701551093 15.297901325606905
755 0 0 0.027727968403808756 15.29780404999044
760 0 0 0.03093504256899915 15.29768200595347
765 0 0 0.028509112234886613 15.302202364248267
770 0 0 0.022156692154952973 15.29826482540107
775 0 0 0.02877170721778377 15.295991490846363
780 0 0 0.02861397556297174 15.301510540995505
785 0 0 0.02854455989585536 15.298876663368652
790 0 0 0.029676578726494984 15.298321712034289
795 0 0 0.02920729879311068 15.29752682244278
800 0 0 0.029752950432267777 15.295886024852978
805 0 0 0.028088184102975422 15.298162130429771
810 0 0 0.026510430638696736 15.295763740306722
815 0 0 0.030213997311103302 15.297011850574147
820 0 0 0.0274158637741595 15.297486734034955
825 0 0 0.028933828424285046 15.29487876951278
830 0 0 0.028012190626185207 15.296210000457597
835 0 0 0.027789673034956497 15.296345739955825
840 0 0 0.029079250892044772 15.296063784216498
845 0 0 0.02733875999452584 15.298025625543469
850 0 0 0.026561355334775882 15.296811945716149
855 0 0 0.029435270267351488 15.296058235886937
860 0 0 0.028126077997104648 15.293515970661378
865 0 0 0.029105383125159312 15.29483402514098
870 0 0 0.030090487588227965 15.29392073055615
875 0 0 0.027544198345812676 15.293103309293754
880 0 0 0.027195309907622978 15.295704702035355
885 0 0 0.02856286296922783 15.295104495829133
890 0 0 0.02910732411340966 15.297162436899647
895 0 0 0.030468911050004266 15.294835228110788
900 0 0 0.030001982681383987 15.295125999697486
905 0 0 0.029287662317580176 15.292978244511112
910 0 0 0.02929818714600585 15.29616671012866
915 0 0 0.02782190551948127 15.293510886276824
920 0 0 0.02896122174644189 15.296597368375178
925 0 0 0.02970417010730242 15.294211574022029
930 0 0 0.028541674503074654 15.293184684337188
935 0 0 0.028937083963219035 15.296088299213318
940 0 0 0.027271736442955774 15.29277427698508
945 0 0 0.0273793159450475 15.296748297210819
950 0 0 0.027462973615755892 15.293405639869842
955 0 0 0.027384990058536784 15.293967468585182
960 0 0 0.029553379360820253 15.291659106717907
965 0 0 0.028444541933081213 15.29288575692216
970 0 0 0.02879561558856336 15.29322585504905
975 0 0 0.029676590929451185 15.292371300162893
980 0 0 0.029370522386820586 15.292764773665073
985 0 0 0.028011664227031163 15.292888519441256
990 0 0 0.030080945493998756 15.291586358433936
995 0 0 0.029630019239155425 15.2916636350104
1000 0 0 0.029546355571614002 15.294328682947944
