0 0.6730566066714996 1.1288719435155912 0.36621730634319083 0
5 0.998735349896376 0.005079789486784225 0.0075387684132413035 3.66888776026086
10 0.999076962828938 0.003644985933596967 0.001776335952494934 3.6678158906387934
15 0.9988829392457863 0.004540456884104316 0.006554659568737575 3.6644779328508217
20 0.9957474603570277 0.01682084687753438 0.0016494666565340932 3.6626427417234315
25 0.9990606929738515 0.003710430235360551 0.0017305365105868553 3.6635023991936326
30 0.9992085239794224 0.0031135657565912744 0.004022261586307918 3.662875489916953
35 0.9990362827658178 0.0038594477736912935 0.0003903900042083741 3.66237898387472
40 0.9991829241757282 0.0032291548051239793 0.003202897499672952 3.6625933508275916
45 0.9988998797918203 0.00441868153828473 0.003739991522697883 3.6607311400224285
50 0.9961960011928717 0.014886632086229312 0.0019827113333670265 3.661197689733032
55 0.9988413884618886 0.004595765145733566 0.0031621204435352546 3.6612986472946547
60 0.9977345916405914 0.008948862249782419 0.004426024034833276 3.6612845467767836
65 0.9986031346675509 0.0055562721960260575 0.00026391004119474815 3.661023624564209
70 0.9966574354132679 0.013599702780179967 0.002376651555439313 3.659837155479556
75 0.9987575805736447 0.004987956596392618 0.002476754734759057 3.6601310079078906
80 0.997708991338499 0.009163719229512868 0.0036087500935071404 3.6598117200597686
85 0.9995108770363148 0.0019281674218110112 0.0020552050575122216 3.6596870255688025
90 0.9987929891810117 0.00475147383654928 0.004789917367737706 3.659346183274771
95 0.9991241688829613 0.0034516051089439337 0.001670345503826498 3.6593913090531225
100 0.9989670250729965 0.004068773049914487 0.003391542937815961 3.6597726076466874
105 0.9989620676809781 0.004212029546705409 0.0012340161333561639 3.6596300916506084
110 0.9994377211164428 0.0021948887406799678 0.0010534566406674717 3.659645017281426
115 0.9991310796384225 0.003486864911543819 0.006121852638788061 3.6595068585199497
120 0.9991474558813587 0.0034206438290524943 0.00025666054773743063 3.6578184462522927
125 0.9988299601370603 0.004707129460839621 0.002086680030517707 3.6596955559477733
130 0.9990438535997561 0.003820117382267618 0.003881689732989413 3.6589062211125163
135 0.993828404138535 0.0253255428552861 0.00377080486331427 3.6587491951216333
140 0.9983731974285444 0.006480271557934181 0.00616609610167429 3.657928583884298
145 0.9993089396209908 0.0027620720741325933 0.0019352298848667182 3.6591328187159324
150 0.9987743329440586 0.004827028928258148 0.005335352394286064 3.6581733675287404
155 0.9991450835667826 0.003406839783220761 0.0003699675569219796 3.6589181647170195
160 0.9964399066358764 0.014330097790222318 0.0042081079246441 3.658081854709983
165 0.9987829017524332 0.004742624371940618 0.00048798339139266567 3.6582250853481186
170 0.9984181391251018 0.006250273685927343 0.0030661266731042414 3.657670882737184
175 0.9985902494145921 0.005629172240740665 0.0019379881300014556 3.6583027973157916
180 0.9992852896312587 0.0028068112433734527 0.0024450614506208446 3.657713083896381
185 0.9955032741510031 0.017643362985154454 0.002132368827428177 3.6579734766455854
190 0.9991070803847795 0.0035517351640406147 6.66950176555492e-05 3.6579698290570155
195 0.9994822941300436 0.0020236885483120304 0.003315036296118734 3.6577167654823133
200 0.9943599064149854 0.022623420076486322 0.002152519808106268 3.6577838871310586
205 0.9996559896336186 0.0013648650604571877 0.001133528582933696 3.657465651815354
210 0.9980754512278356 0.007734831721212476 0.00022474245793624448 3.65820063345061
215 0.9993748320190516 0.002489631796816383 0.0028671181667798695 3.657888470927926
220 0.9994128568290199 0.002323115627116401 0.0017623847499346201 3.6566805361728996
225 0.9990338098924894 0.003778556002123068 0.0014867645061715784 3.657641030112666
230 0.9972416606961074 0.011121614947604552 0.0031658562764087517 3.6575278336963493
235 0.9995076802544208 0.0019937024838894146 0.0010479452102696296 3.6569406439277192
240 0.9987975150896825 0.004712259353949033 0.001784879394732819 3.6575666388620336
245 0.9995681200331805 0.0016956824043257157 0.0010842742816814521 3.657292690715971
250 0.9987139877144382 0.005040196789113605 0.0003060063076059105 3.6577951393732504
255 0.9979290358349808 0.008129559864569202 0.0015217010208246062 3.657237115568251
260 0.9977953514220519 0.008712979248882924 0.00010777478038592747 3.657294072276565
265 0.9993661312304092 0.002499453422197817 0.003278504627302503 3.6569799745351124
270 0.9979674662162261 0.00834430445998846 0.006884201425085168 3.656147777824715
275 0.9991322204879765 0.0034431888852268777 0.0027232199468005813 3.656940544176066
280 0.9992821780843677 0.002857816090689802 0.002504948985431632 3.6572819139873074
285 0.9995660478128017 0.0016909741501143216 0.0014526690013172416 3.656155837053695
290 0.9987031494226616 0.0052351162714661115 0.0024262248822575216 3.656658170029074
295 0.9988129122467078 0.0047453125555754205 0.003982044907585358 3.6568507052985293
300 0.999014082348561 0.003959738987881156 0.002131682469767915 3.6572865101930954
305 0.9988350741928819 0.004591571195930566 0.0005252799302721822 3.6566418266385257
310 0.998222038396447 0.007032377670440404 0.0032833370557465713 3.656490139923445
315 0.9993470032767693 0.0026047455641915462 0.0003600908682912518 3.6567769101020606
320 0.9994136936296156 0.0023547190584225497 0.0025737765867661633 3.6571678438625894
325 0.9993094510608951 0.002737438533039871 0.005532935292291263 3.657518192346537
330 0.9977647385381468 0.008900946514653008 0.008752688235846184 3.6560013163493155
335 0.9980883892321144 0.007777612528918176 0.0024729446955835677 3.65706158517127
340 0.9993826463097033 0.0024413061876349396 0.0026426883428125603 3.6572106360445225
345 0.9993797893974611 0.0024734477735597338 0.0022233848857076133 3.6568698726688926
350 0.9995036919787567 0.001986428410502672 0.0016135242269663674 3.6564561705566128
355 0.9987610303310193 0.004835064299164138 0.007980271386224702 3.6566122260520384
360 0.9993038971841168 0.002785795597453955 0.0074937070178309195 3.6567003545953383
365 0.9966039603056445 0.013672270294557531 0.006223510964988632 3.6567537686697658
370 0.9990828766714944 0.003669343868702768 0.003740120258496793 3.6571976851085854
375 0.999247480183393 0.003047872850685529 0.0030846296182895916 3.656216536638322
380 0.997994447539982 0.00805122065325481 0.0021046456269069314 3.656159038079366
385 0.9991740316895459 0.003359738548967872 0.002170117257614068 3.655974169043095
390 0.9993593475425485 0.002562004418406705 0.003804779851933615 3.656378016498058
395 0.9995162525195889 0.0019309038932067146 0.002700006249912068 3.656636996170389
400 0.9994305873677068 0.0022719866288296586 0.0012470258796593026 3.656684775738425
405 0.9994108717684342 0.002373484487978139 0.0022734951714176166 3.6558297061489298
410 0.9985806935783812 0.0056074587603061055 0.006881076139547693 3.6566615545605656
415 0.9995341981990942 0.0018603788250386444 0.004519091048514667 3.656388381573874
420 0.99907658342906 0.0036939830220208414 0.008034277767433595 3.656348764148783
425 0.9994739107842734 0.0020795176923504854 0.001883595100154123 3.656068705378926
430 0.9990086156588707 0.003937798478697019 4.9491070775120605e-05 3.6557206766007613
435 0.9992411322088717 0.0030135575417178373 0.002969166210608165 3.6562663814328205
440 0.9996072483957942 0.0015559439272134767 0.0033842563735697606 3.6566020487436517
445 0.9994235365554657 0.0022830954335613107 0.004266241669123483 3.6564934201835224
450 0.998756259808617 0.004948579476770298 0.0005045671144401354 3.6556631046297094
455 0.9992831050403419 0.0028115348369763815 1.1753495228417066e-05 3.656548117564841
460 0.9992794982455335 0.0029048953773296304 0.0016181538328332579 3.6561577232981586
465 0.9995968554659493 0.001610275491584101 0.003708627958224575 3.6566469219780298
470 0.998832057606101 0.004713373382063679 0.003540454303240459 3.6555525417297527
475 0.9990351043213066 0.003826873333871994 0.004660202549928494 3.6559945966435397
480 0.9990826893775506 0.0036434764524782004 0.007847655717450941 3.6557242194841253
485 0.999385482445732 0.0024426298392352663 0.0025723009201259472 3.6565968484018145
490 0.9996486638756049 0.0014032338853944282 0.00033459599704865894 3.6561082159570555
495 0.9986936241232556 0.005214198135703452 0.00017209608100743345 3.6561846348758236
500 0.9987713503596494 0.004879750030172936 0.007652711458608907 3.6561048602876776
505 0.9995863695024272 0.0016407297148322009 0.0006776179222798273 3.6557441926752263
510 0.9989627994156157 0.00408903137501504 0.0011593280595521005 3.656191010458244
515 0.9996803851587672 0.0012740972832649966 0.0013187316225475865 3.6560872660635204
520 0.9995630529158963 0.001722204953058526 0.003217225233253851 3.655733602258384
525 0.9986497779266478 0.005386839761559514 0.006013564035179053 3.6557825064567897
530 0.999189332232319 0.003213199802754918 0.002349633356871772 3.6560366208560584
535 0.9994748552080768 0.002106711013083906 0.0024596296229308923 3.6559415347903585
540 0.999217082500851 0.0031352164616933464 0.0022145363605041712 3.655859447947053
545 0.998764273152126 0.004927350812536702 0.0035042608997435387 3.655595370662367
550 0.9991070042958256 0.003578224788857387 0.00627981905948638 3.6558499855850273
555 0.9953271394029921 0.01880673732149374 0.013003246240989919 3.6557091030457682
560 0.9993005988406992 0.002790683227000823 0.0019307646713715432 3.6558808475808906
565 0.9981345147985767 0.007403893420980356 0.0016019923995553853 3.656006085759821
570 0.9992276040023756 0.003096579206484762 0.001760345035042743 3.6557422725124393
575 0.9992057332369015 0.003182515112967188 0.0004937076262747642 3.6555691609339247
580 0.9979364798733182 0.008266092994488883 0.0005802657102409459 3.655327866478571
585 0.9993338692395595 0.002661016882230527 0.002643096284421942 3.6561397286814024
590 0.9994740118134943 0.002100043166943344 0.003986733467701287 3.655816330590605
595 0.9993822725489333 0.0025174494445270312 0.0006067971682297557 3.6561517771291365
600 0.9995204807729668 0.0019077984107624957 0.004757889409409133 3.656142027721565
605 0.999542819939869 0.0018267218003247265 0.001977184322776937 3.6557775474955605
610 0.9988626580150063 0.004528292201939621 0.0073671323215867 3.6552432670771706
615 0.9987265584076557 0.005093784446262184 0.003925314143488956 3.655902028378191
620 0.999503020982341 0.001979184963756264 0.005525398199661913 3.655795986997541
625 0.9988979948236794 0.004437203719178662 0.00021259057466660458 3.655636422404555
630 0.9988031133285281 0.004780071661847796 0.007391604170309041 3.6558859486821
635 0.9992903394104746 0.0028047023706978536 0.005659849089276081 3.655801673702169
640 0.9994691884036582 0.0021423507072970693 0.0012617575240390089 3.65530024066358
645 0.9989890831012598 0.004021616875478529 0.004140821829291541 3.655294896389711
650 0.999034952842059 0.003898621845675798 0.007136244918556356 3.6559577577968274
655 0.9989584288024529 0.004112924704672505 0.00038306450903902167 3.655907441521013
660 0.999265581510209 0.002942528589263471 7.298418417889252e-05 3.6556047117821846
665 0.9995628687773987 0.0017470466402298435 0.003936732584787883 3.6560677362813827
670 0.9978051804997612 0.008799218003437304 0.004993488899176057 3.6556665689507946
675 0.9993933283626268 0.0024372104987491205 0.0006650108927570564 3.655989522908679
680 0.9993767361495184 0.0024212404626595685 0.005489215245713552 3.655410200805365
685 0.9990410886299974 0.0038164728324114883 0.0019954271172686333 3.6555926662539484
690 0.9993131341859757 0.0027298762492455886 0.0006607413573838095 3.6554462798934226
695 0.9992416549394693 0.00302576448315639 0.001015836218465127 3.655785699263616
700 0.9995126797522367 0.0019336212557150567 0.0019832525297023285 3.655385499998126
705 0.9992595707480127 0.002906987509942116 0.005640864107944621 3.6550802005805987
710 0.9992768871467717 0.002867763370961729 0.0013890900067081713 3.6558343211289523
715 0.998971094879576 0.004058193304058211 0.0005345333834601007 3.6553371620865205
720 0.9989360352732258 0.004235534719024603 0.0044202405427109515 3.6559098580544895
725 0.9988578129154269 0.0045379006618331275 0.0030141190059951306 3.6556590281147177
730 0.9990832143552506 0.0036742254770820715 0.0029668398976385735 3.6554326061426785
735 0.9981247214627764 0.007483709025833285 0.0070724650617775 3.65559916172799
740 0.9993158964094164 0.00271912714036171 0.0005125953705917841 3.6554525348498244
745 0.9996192765707698 0.0015129487699283573 0.002346444124493363 3.6555106366691863
750 0.9986347033832539 0.005449761857540203 0.012676194063796054 3.6553461197979886
755 0.9994209420293632 0.0023109009816506543 0.0025555957351448555 3.655199455917832
760 0.9995349559913821 0.0018459458811892482 0.0029619607788935465 3.655784356071345
765 0.998781514741556 0.004848626566095415 0.0009947887149515111 3.655826633086388
770 0.9978881148776317 0.008428216874619476 0.0065536922801918696 3.6552126187753515
775 0.9995958211342533 0.001592094536612798 0.0034761137090257854 3.6553637761753
780 0.9995865669950268 0.0016465858978405024 0.0018435472605560221 3.6555990423208713
785 0.9993923197094406 0.0024193988073584194 0.0035100749115302143 3.6556675914084815
790 0.9989049200265365 0.004432256906017784 0.006496908235783749 3.6554927976573213
795 0.9990140462433108 0.004000169394859032 0.003036282132048429 3.6556781978579975
800 0.9994474460471046 0.002194474484748188 0.0003161983897579379 3.6551312894800607
805 0.9993214049991423 0.0026969319344316567 0.0017469868933159827 3.655832094162573
810 0.998811122543322 0.0047671076272335355 0.010607361787982938 3.6551372190980684
815 0.9995437888597998 0.001812244633268456 0.007713229755412554 3.655329906145243
820 0.999497281616975 0.001968833850741536 0.0010108198953655556 3.6551163167463603
825 0.9994457883911316 0.0022394967955503553 0.007823911239275061 3.655615067602401
830 0.999334005244719 0.0026249453089248753 0.002767528706855815 3.655344081499139
835 0.9994935932002293 0.002009879304423645 0.0044041322009653605 3.6553768319770996
840 0.9995431821166088 0.0017930795972485036 0.003430006514536066 3.6555725208686347
845 0.9988823226684718 0.0044117482118815055 0.0018121091036016335 3.6553743591233037
850 0.9995637784949734 0.001745089126158561 0.0024856243670428046 3.6548485485412425
855 0.9992552349250344 0.002997983089231049 1.7846190611292556e-05 3.655395457493145
860 0.9995950067512716 0.0016006159673969123 0.0023639076426240635 3.6554042237960043
865 0.9994290721942294 0.002274680954375441 0.00794663667820994 3.655773117191245
870 0.9995235272146461 0.0018868116412815716 0.0003785716948989659 3.655322979397198
875 0.9992259119809485 0.003017927330803083 0.0004857068817525345 3.6553923935887878
880 0.9994972019725643 0.0019963301141170398 0.0030090660473578446 3.655620813825173
885 0.9991996110007559 0.003220570891996122 0.004186290388036751 3.655185428691561
890 0.9989563229985383 0.004122942619523062 0.003797704886728148 3.6554903854954564
895 0.9994771059316522 0.0020797922209103703 0.0005227669452998462 3.655213227565423
900 0.9992003504735977 0.003205041023236266 0.00494504068985635 3.6551690169554747
905 0.9993503570005153 0.0025740630316226643 0.002971452764753746 3.655202889256848
910 0.998198584226861 0.0072486796606536785 0.001114418817318441 3.655075333276388
915 0.9985145190142877 0.005933899679555932 0.003487927907853905 3.655566493487655
920 0.9990104826354014 0.003930299073285681 0.000507553433444663 3.6552967294241205
925 0.9995130229383928 0.0019675751920944506 6.306244367637603e-05 3.6551414455850386
930 0.997584047096395 0.009647915597491785 0.0007438014325988895 3.655201868149402
935 0.9995394494105945 0.0018362629037995681 0.0020202381389995416 3.655234970391571
940 0.9973822376765932 0.01053872506930853 0.00342194517962624 3.6553672237200825
945 0.9991426733118165 0.0033843275910037107 0.003312958644137165 3.6550389760687296
950 0.9993702803388582 0.002473724794446408 0.0058978176736672605 3.6551445768432678
955 0.9982704499577628 0.0068935244719234845 0.0019317160760108365 3.6554184166156514
960 0.9976054696839994 0.00958935506258074 0.0016198452301443567 3.6550459936230446
965 0.9988624664730874 0.004546388508716692 0.0037466650932700407 3.65568511067293
970 0.9993453528394319 0.0026413851498943153 0.0015239110714631021 3.655046009624179
975 0.9994321637866777 0.0022713591052694326 0.005627038104897508 3.6556177858815015
980 0.9986131312991335 0.005572808401411056 0.001334219910616108 3.655007678245292
985 0.9977802353228334 0.008908784174528783 0.0003058045017130251 3.6551554658162204
990 0.9991090642481767 0.003561097135120317 0.0027359865550209417 3.655455406455945
995 0.9995562043743342 0.0017638819912706438 0.0022604110506325714 3.65535226347884
1000 0.9996030585877165 0.0015946877118047098 0.0010918851707690802 3.655593864020216
