0 0 0 0.3077311752941613 0
5 0 0 0.011384505676999446 10.236528587570506
10 0 0 4.7662518051660996e-05 10.125192025509216
15 0 0 0.0009172869916194148 10.085699145020781
20 0 0 0.008339867527992206 10.060931366513348
25 0 0 0.01331978004102341 10.053633546911428
30 0 0 0.0069174851931945724 10.043703864226199
35 0 0 0.0020908687667013925 10.038401064936602
40 0 0 0.01335423775201594 10.035009540935604
45 0 0 0.004273984005802145 10.02795406083096
50 0 0 0.006410806131246449 10.261222799397991
55 0 0 0.0003372236664360706 10.24528455201147
60 0 0 0.0018642112684605916 10.235184386723338
65 0 0 0.0044984261128531156 10.217880666979374
70 0 0 0.0055767489625553335 10.223218934842054
75 0 0 6.216251074042667e-05 10.218682573246058
80 0 0 0.0035925506571532484 10.215290422796174
85 0 0 0.004231167453740081 10.208835347505998
90 0 0 0.008967531917638327 10.201553771657753
95 0 0 0.007291150377463529 10.201485206431819
100 0 0 0.0029649029211258338 10.20020974181362
105 0 0 0.004238249009583583 10.20051230931905
110 0 0 0.0054362281983746374 10.198957270615637
115 0 0 0.004211527511287283 10.19798054392359
120 0 0 0.004329389731024813 10.200684416911258
125 0 0 0.004424396807181541 10.19714381141801
130 0 0 0.0005712697190165539 10.195611551964777
135 0 0 0.004874413946825973 10.195021439745586
140 0 0 0.00025546636917583854 10.194119273617247
145 0 0 0.003789963301259025 10.191027326932817
150 0 0 0.004602112825480953 10.194423927188334
155 0 0 0.00433189626138053 10.193570743870957
160 0 0 0.005416529318558849 10.192598921330967
165 0 0 0.0015724442932465443 10.19149391876466
170 0 0 0.0039406023764057 10.189074127674514
175 0 0 0.004541894891254783 10.190414763867617
180 0 0 0.0012209551036230781 10.19039047648814
185 0 0 0.000766824636342367 10.191747306468457
190 0 0 0.0013811814657247456 10.190290491682637
195 0 0 0.007696236766240094 10.190755006266368
200 0 0 0.0014839182547814467 10.188401709306998
205 0 0 0.006301075627806574 10.1890045736522
210 0 0 0.0012212197155292426 10.186604274046182
215 0 0 0.004347321723987774 10.190567946411264
220 0 0 0.003622789890757483 10.186337200671199
225 0 0 0.006585014379702159 10.185858389459641
230 0 0 0.004861322945126867 10.18703833480775
235 0 0 0.0013931495113768122 10.185948396622658
240 0 0 0.006093024521095947 10.183630238402436
245 0 0 0.00027867373345769053 10.183856306550854
250 0 0 0.003598497503980891 10.185394219265923
255 0 0 0.004655640007567907 10.181658041450014
260 0 0 0.003065752188260218 10.183204888338677
265 0 0 0.0007511164213203081 10.178762217627376
270 0 0 0.0059187794594766086 10.17784070356731
275 0 0 0.0012218159809358475 10.18010708810139
280 0 0 0.005538087087598287 10.176531467507479
285 0 0 0.004327337543376331 10.175824712446863
290 0 0 0.003796559935844046 10.171117244679426
295 0 0 0.0027861493565675133 10.170835009772242
300 0 0 0.004001110126271357 10.165693042685557
305 0 0 0.004445599396129651 10.163011239171032
310 0 0 0.0005148910151222541 10.157717315088354
315 0 0 0.001688552314595082 10.146943744666077
320 0 0 0.0022145430117390674 10.137730706505488
325 0 0 0.0034646006377481164 10.12352709942426
330 0 0 0.004959177442230178 10.118149751085038
335 0 0 6.844325396992978e-05 10.110305228299849
340 0 0 0.00796509827440417 10.10038885618182
345 0 0 0.006315227521167532 10.090249782961372
350 0 0 0.009524406929851903 10.08445714760213
355 0 0 0.000768203266638734 10.078945204954922
360 0 0 0.0004925293477004988 10.076416233847416
365 0 0 0.009368367610178785 10.070419793744811
370 0 0 0.0033751727266539966 10.071424280876188
375 0 0 0.005116826085766801 10.06452771376079
380 0 0 0.007929881088198254 10.06240446472664
385 0 0 0.009824857840421863 10.062752824149891
390 0 0 0.005802645709505283 10.047575320157625
395 0 0 0.011234987285850817 10.046925061456735
400 0 0 0.005947769002379033 10.042206070860704
405 0 0 0.012585692690201489 10.037315714494317
410 0 0 0.011524393517103881 10.036784430126973
415 0 0 0.005760834857715169 10.027706643751353
420 0 0 0.015592628736624148 10.02451587979898
425 0 0 0.011055520199757307 10.022757575039439
430 0 0 0.009457743122110784 10.017616143912472
435 0 0 0.015212889330882051 10.017613300819068
440 0 0 0.006290598688513338 10.013507645300946
445 0 0 0.008069163659489176 10.013320835843622
450 0 0 0.010330820446376787 10.00799770198608
455 0 0 0.007462501020275569 10.00951780412371
460 0 0 0.0100266081423237 10.00221135802212
465 0 0 0.012484207942169423 10.003915539840156
470 0 0 0.013720317775548718 10.001773291644351
475 0 0 0.01073992141902691 10.003657954896326
480 0 0 0.009691269237478428 9.999835912236732
485 0 0 0.014764040309276805 9.998894707063744
490 0 0 0.01212338804191182 9.99650368433753
495 0 0 0.01461098084532697 9.997659688313375
500 0 0 0.008484558241798501 9.992814456050505
505 0 0 0.012821860600239487 9.991275148326414
510 0 0 0.011928897932660387 9.99005280743696
515 0 0 0.01454645888983963 9.993690482173449
520 0 0 0.009751426603321622 9.99244235122796
525 0 0 0.013152890362019942 9.988402372163003
530 0 0 0.012657423154506908 9.990164697346962
535 0 0 0.014461166748864995 9.988128979116723
540 0 0 0.01415944369569333 9.990283215535383
545 0 0 0.01183100535778392 9.983926348322026
550 0 0 0.010674512102668121 9.989758356468615
555 0 0 0.01407361141349206 9.98721189339996
560 0 0 0.013948533885447034 10.014887006379135
565 0 0 0.01356421781713335 9.982988933089006
570 0 0 0.00188085190470888 9.990130400658987
575 0 0 0.01024385371284664 9.984599835713976
580 0 0 0.013487662597434946 9.982436972636872
585 0 0 0.007267405413978301 9.983016017932487
590 0 0 0.013413221564375188 9.981856870465004
595 0 0 0.009226807286050631 9.983175086619973
600 0 0 0.010825709634099123 9.979651530163515
605 0 0 0.011864964169088443 9.981863672622206
610 0 0 0.012329552410837774 9.982257927602918
615 0 0 0.010255264109163331 9.980125339366053
620 0 0 0.013237830073688395 9.978894405317755
625 0 0 0.01269014784873157 9.979707571059901
630 0 0 0.012401950965892805 9.97965762631674
635 0 0 0.010705176556087048 9.979160408980308
640 0 0 0.009641176268693874 9.978631553970699
645 0 0 0.014815944136012282 9.978010676852241
650 0 0 0.011916020782722025 9.978624467054322
655 0 0 0.014119506044864227 9.977965758963956
660 0 0 0.01296216642589565 9.97948172292558
665 0 0 0.012829906403971636 9.976665304337935
670 0 0 0.013943857005652038 9.977699758089738
675 0 0 0.011441063489147973 9.978158176241422
680 0 0 0.011929435392845411 9.977336735731722
685 0 0 0.012509076118241591 9.97781685224417
690 0 0 0.0072143096051551225 9.977197904955093
695 0 0 0.012878290725521824 9.977005739002697
700 0 0 0.015485618474779583 9.975607702874317
705 0 0 0.014627584524841364 9.977028556947152
710 0 0 0.011325045605371065 9.975170859068118
715 0 0 0.01396817854836363 9.977046950109754
720 0 0 0.011860298931098523 9.975934964919922
725 0 0 0.013975935618314228 9.975976777893528
730 0 0 0.015003437209211823 9.975457119039397
735 0 0 0.012052557330102687 9.975054229740223
740 0 0 0.007582496132963135 9.97566855998907
745 0 0 0.014582157689020159 9.976583209605234
750 0 0 0.013792154523498024 9.975238060615718
755 0 0 0.01558352407946395 9.97470272607745
760 0 0 0.01393730136625071 9.975569339111782
765 0 0 0.016770419826645844 9.973947987422859
770 0 0 0.014317070462791737 9.975537910880007
775 0 0 0.013782856838925772 9.974053798425581
780 0 0 0.013487513596308842 9.974349995149245
785 0 0 0.012151739224854241 9.974023444353843
790 0 0 0.014771023911989811 9.975194241162058
795 0 0 0.01355358094857051 9.972905829251323
800 0 0 0.008721099940927068 9.973634522215004
805 0 0 0.013647110932705653 9.973263438698364
810 0 0 0.013088821545218954 9.973786208948459
815 0 0 0.014840652318075964 9.97234687396938
820 0 0 0.014839597829909845 9.973235700308397
825 0 0 0.012893990079534623 9.973257783655114
830 0 0 0.012645241167470456 9.974510188848807
835 0 0 0.013603591431078366 9.97400650602414
840 0 0 0.012734940139638606 9.972821137685289
845 0 0 0.015813934261444285 9.97183993354002
850 0 0 0.015275283012601282 9.972379898046647
855 0 0 0.014903717379235237 9.974052539961413
860 0 0 0.013514471257318972 9.972864919898933
865 0 0 0.012968264067606095 9.973569115873506
870 0 0 0.013892475683835892 9.973180103929748
875 0 0 0.013969120320465933 9.972975415126928
880 0 0 0.014758503898371522 9.97311858052822
885 0 0 0.013049901076580328 9.972346619156912
890 0 0 0.012565634369320566 9.971826065321174
895 0 0 0.012730081529481074 9.972385546753703
900 0 0 0.014618573954412017 9.97124066050085
905 0 0 0.015259743764805656 9.971747386970378
910 0 0 0.013490122062556953 9.97221925366295
915 0 0 0.010977226358107384 9.972296871007806
920 0 0 0.01361714251198598 9.97224710024747
925 0 0 0.016193312882563315 9.971520537880298
930 0 0 0.013970299580709833 9.971443957783835
935 0 0 0.012875219350343858 9.97204390270153
940 0 0 0.013343074284090761 9.970997834692641
945 0 0 0.01426002057174336 9.971606333664658
950 0 0 0.014561662574115841 9.97105584726818
955 0 0 0.012555261329782796 9.970955477026788
960 0 0 0.011030415180475206 9.971339635668604
965 0 0 0.010959279991093585 9.971074038430473
970 0 0 0.018402111979978653 9.972186378499456
975 0 0 0.011489503369264353 9.971513149131775
980 0 0 0.014360871216061222 9.971555948924607
985 0 0 0.01281297620880073 9.971649783027821
990 0 0 0.012465511416662078 9.970514897796905
995 0 0 0.01141909723850909 9.97158810374712
1000 0 0 0.015027955616714106 9.96987736118485
