0 0.7705734537298375 0.7758834784615338 0.3851594381621227 0
5 0.9031182264635021 0.340781893053026 0.13554392065664334 2.9841324499523387
10 0.9413919676659777 0.20735420803430005 0.09815841944915116 2.857764886753015
15 0.9903234193397785 0.036649192474434766 0.026686114059984112 2.6829431490082505
20 0.9970906630247633 0.01137767775256604 0.003324960000485655 2.645935335890444
25 0.9981348312709564 0.0073360488618288144 0.010264137571297072 2.6437696498780157
30 0.9984754167211045 0.006008993988341871 0.004129220398046529 2.6425230127974957
35 0.9988611294131315 0.004515765926219384 0.0025880632357655475 2.6411554399876183
40 0.9990272063720289 0.0038677768519388422 0.00641993141242847 2.640421328987708
45 0.9984194542390388 0.00625009461789805 0.008437258655999313 2.639686089660583
50 0.9991715254342881 0.0033097756120885613 0.002076531385642122 2.6393685462644614
55 0.9993855117199223 0.002444200430546495 0.0010157325226443081 2.639150061079265
60 0.9991070207386482 0.0035467643413218397 0.002523392198769736 2.638479315309315
65 0.999447415078357 0.0021988688358121067 0.0013691817808070272 2.6384657108663365
70 0.9994300255265881 0.002269806918790973 0.0008336624401297232 2.6382259592445827
75 0.9995454362904106 0.0018128168228583874 0.0011345167495064867 2.638172987962348
80 0.9995521932760795 0.0017767663126750932 0.0032024648554613844 2.6381010564579914
85 0.9995638095584718 0.0017337856090100523 0.0038104706782828845 2.637920330083988
90 0.9995505716184075 0.0017838304040243003 0.005130237258722081 2.637961942344274
95 0.9994080464064498 0.002347672337996709 0.00018115066428125992 2.6380898811468656
100 0.9996059797905174 0.0015659309347428874 0.004944806661694168 2.6378293887524364
105 0.999592550041432 0.0016199252251465346 0.00029851631155008995 2.6381530186376847
110 0.9996232013877835 0.0014963135816272732 0.0048998591314504125 2.637948447346312
115 0.9994551981833708 0.00216019577219706 0.004372838379473221 2.6374949393951272
120 0.9996236568470986 0.0014969291298236875 0.0017052777277613007 2.6377089671345346
125 0.9994982127901297 0.0019903650074328816 0.0025349606745304065 2.6377026861103063
130 0.9995330427636452 0.0018559032654992258 0.0014114938871852 2.637458290377644
135 0.9995032103825263 0.0019757570694753923 0.006490029313298118 2.638079683280622
140 0.9996451358325378 0.001410078167755735 0.002125068447974998 2.63768080932539
145 0.9996492642847696 0.0013933391026679232 0.0032365165690244613 2.6378881037051007
150 0.999658311495214 0.0013547681789125576 0.0006819551198999907 2.6377237613993394
155 0.9996602785994796 0.0013490407679097594 0.0006879938624306803 2.637646117620366
160 0.9992435208218963 0.002991756043448479 0.0018213773491824181 2.637477235420586
165 0.999484803739447 0.0020509570506654917 0.0032913155138996064 2.6378288338071387
170 0.9996703752983891 0.0013061923525010677 0.0007333013297075031 2.637446872643727
175 0.9993137230571507 0.0027158611625353046 0.004119252915611549 2.6377171017170076
180 0.9995820914847244 0.001660280734874675 0.0030139673130828992 2.63766156132317
185 0.9993933276312764 0.002401367586865266 0.0024225894699270167 2.6374123559128804
190 0.9993998366966714 0.002387189447883298 0.0005378909508724217 2.6376770892221697
195 0.9996897545391109 0.0012280963394939448 0.002916861792005232 2.637534953732432
200 0.9996283096287222 0.0014786576704386434 0.0014532067132997373 2.637425347095495
205 0.9996825114695312 0.0012578694392804124 0.0010353095886659336 2.6374820352715598
210 0.9996606308015012 0.0013449745978104666 0.0015882324029372619 2.6375521497776706
215 0.9989964365733794 0.003970851027091271 0.0010311405396399298 2.637560155979297
220 0.999404792290429 0.0023682928079407084 0.0011360444998367303 2.637562851487751
225 0.9990720322984885 0.00369070083900791 0.0026230957594317594 2.6375367996791765
230 0.9994893871266359 0.002028060505467 0.0021709558674563034 2.637499652451295
235 0.9997030887317773 0.0011740803177477943 0.0010809366838115952 2.6377170238050285
240 0.999588607890787 0.0016326060786648888 0.002645728664599334 2.6373956994051655
245 0.9994349631498045 0.0022361531158399117 0.00017319957867201197 2.637707200853924
250 0.9996189473819228 0.001503096224396927 0.000805021184078436 2.6376202862275324
255 0.9993359566957801 0.0026246487937098273 0.0005070131721558457 2.6375325634752103
260 0.9994902386823906 0.002015180509958192 0.0036964846364648807 2.63769864226852
265 0.999661535445552 0.001341527540374532 0.0017975895124269226 2.6376351022117848
270 0.9997002017992447 0.0011904981382828694 0.0004828888580596935 2.6374935665086077
275 0.9996165871466256 0.001516619536925834 0.005702130922445869 2.63730180035103
280 0.999684578907623 0.0012455105749720197 0.001150940924561361 2.6375672046433283
285 0.9994598744110704 0.0021487497372834063 0.002735761743236642 2.637297888181248
290 0.9996081303142507 0.00155608880584035 0.0012173452688803987 2.6373729929805068
295 0.9996755377942665 0.0012794687542689864 0.0006862000752887454 2.6374638251942377
300 0.9993755707356111 0.0024827560198228404 0.000677748884336582 2.6374519460623214
305 0.999743586710411 0.0010145581811928928 0.003906170961181843 2.6374982813397434
310 0.9997402812173304 0.0010265406350669082 0.0020982091390560065 2.637408736491754
315 0.9997512743323891 0.0009811255296607868 0.0015919223615943334 2.637358200419472
320 0.9994547277354907 0.0021534137808787435 0.006671076053053282 2.637361166238348
325 0.9996414541253674 0.001421036391942021 0.001479855315727363 2.637555060073301
330 0.9997284174588557 0.0010752690426318878 0.0017884586350374043 2.6372163909193747
335 0.9997486815190284 0.0009978557036647295 0.00018197716138446118 2.6372870531030337
340 0.999642931680527 0.0014172923227024903 0.0005036674950420483 2.637515832858426
345 0.9997611977475127 0.0009424758707732295 0.0024510379474271815 2.637377062237539
350 0.9987557582758844 0.004950266143199933 0.003181792337148881 2.6372615039982548
355 0.999718752024473 0.001109907161108481 0.0013328436605832827 2.6375756093308254
360 0.9997614310955882 0.0009412549582901164 0.00013894884750809133 2.63764308358233
365 0.9996413535223534 0.0014238648908944107 0.0026741121620297292 2.63741163281064
370 0.9990817821380162 0.003648651705393302 0.002695695689784783 2.6375836368978174
375 0.9996128906450241 0.001527869431325879 0.00016051033008124271 2.6372940437839048
380 0.9997478894074294 0.0009974317473697702 0.00020506808949716238 2.6373004782620537
385 0.9997656861201346 0.0009225974516975377 0.00021984358274251825 2.6375105972087782
390 0.999635948651904 0.0014440950341834125 0.00143276421252847 2.637381793191289
395 0.9997168062494104 0.0011232247182504373 0.0007096261892924893 2.637080153588227
400 0.9996570920748671 0.0013517374599594234 0.0011491377197105912 2.6375196858491354
405 0.9997549022062338 0.0009671945752187661 0.00030647076964229747 2.6374281378051556
410 0.9995792991374761 0.0016592575387139874 0.001245621856449164 2.6373878683807477
415 0.9997076396917375 0.0011517458624044075 0.0021732875036344357 2.637207646749388
420 0.9996664587334956 0.0013267003161310242 0.0013585406305918202 2.637573820026637
425 0.9996393820353843 0.0014222446782499176 0.0017370826630582759 2.6374654246091533
430 0.999766049144956 0.0009218012492495653 0.0025582117799065607 2.637407794717808
435 0.9997433846699306 0.0010162452842967795 0.000707167086154703 2.637528117183418
440 0.9997706872836327 0.0009059340520480852 0.0031831410280147576 2.637480917336913
445 0.9997810841910639 0.0008653467092072376 0.003593366782211005 2.6372988951935703
450 0.9997758714455218 0.0008882237682446004 0.002379630181179815 2.637423897444801
455 0.9989236480375939 0.004281422268932467 0.00018371502850844657 2.637117799066499
460 0.999781208549406 0.0008645647960996428 0.005301420626816711 2.6375115406961287
465 0.9997171378830689 0.0011196219139772978 0.0037230326325052854 2.6374234724048846
470 0.9996163658937248 0.0015151557337067523 0.0009324320845880418 2.6374540009210845
475 0.9997692873911431 0.0009092568814916824 0.000696221233584593 2.637478526881117
480 0.9997530006197586 0.0009767870378487586 0.00014020253623647783 2.637497975675194
485 0.9997156545431646 0.0011199623898341393 0.0008548528994525295 2.637468370610568
490 0.9997890735147279 0.0008329218644655967 0.0030465637313152882 2.637334481081146
495 0.9990182937828856 0.003903580501723347 0.0016490834886118133 2.6372584838966593
500 0.9995529630478381 0.0017656109212071947 0.0004605325930098214 2.6373789701726316
505 0.999750104312717 0.0009911653529699471 0.002760688700649938 2.637112076590877
510 0.9997698187803015 0.0009096804030708228 0.0035552478747347127 2.637443109691734
515 0.9997756701857666 0.0008821200925415162 0.000100645750239714 2.6373619375684556
520 0.9996949124765375 0.0012091794930473299 0.002879034077619247 2.637368615322089
525 0.9997497623715038 0.0009907540295124306 0.003658819675384839 2.637391554900316
530 0.9997159745402386 0.0011177739234109474 0.0007031767122300803 2.6374356657551568
535 0.9997961543579678 0.0008053962033169881 0.0011966036564274862 2.637210360448945
540 0.9996617405836141 0.0013400021175629107 0.002758233109005692 2.6374083790703278
545 0.9997193816654392 0.0011119871092040157 0.0003255503633294854 2.6373581556175316
550 0.9994410050412074 0.0022086141288628625 0.003189540257428014 2.6369285884776357
555 0.9997224437763779 0.0011016105996866088 0.0020117012119107436 2.637483873414206
560 0.9996056807671104 0.0015653285479895196 0.0025944549364553815 2.6374399086427944
565 0.9997062494417581 0.0011628692554301878 0.0009894477406624524 2.637589718366698
570 0.9997986107059632 0.0007957762256780576 0.00019577194831543743 2.6373207329079587
575 0.9998000436885508 0.0007883225012013106 0.0012088843270290361 2.6374069055578793
580 0.9998067471505332 0.0007602246306430693 0.004986876289383213 2.6373216052218798
585 0.9997889903047659 0.0008305142136766364 0.000411717169117809 2.6372456420954573
590 0.9997266729980079 0.0010850640857893445 4.484644131430571e-05 2.6372561492214346
595 0.999795955161223 0.0008023481464651816 0.0012212307600643069 2.6372712781418586
600 0.9997508361766607 0.0009824779173293052 0.0015620987249997942 2.6372738492145804
605 0.9997691153603065 0.0009133720847249727 0.0006843720704008405 2.6371686249812596
610 0.9994888642590798 0.002017471381722924 0.0006167862870567475 2.637096687935797
615 0.9997727148837159 0.000893458148100823 0.00356612817017532 2.6373240020246684
620 0.9997660131417699 0.0009203108242399338 2.4965816004973718e-05 2.6374946172057396
625 0.999744488124989 0.0010051397318573407 0.000830795781208371 2.637293457807221
630 0.9997795888643398 0.0008696794507789818 0.00028563611229937 2.637427993472085
635 0.999395725235021 0.0024004669422632574 0.004684091152280745 2.6371978049788067
640 0.999582502507196 0.0016483650021945628 0.0008243004543653232 2.637462855650587
645 0.9998166074953222 0.0007219296539520137 0.0006411189981709864 2.637415524020111
650 0.9996832056688637 0.001248276803181625 0.0016159856031616737 2.637325746534013
655 0.9994973354510641 0.001984395317943033 0.0006067826095550455 2.6372558891470117
660 0.9997878373166387 0.0008391626870536406 0.000477031797638805 2.637469350263022
665 0.9998135854193123 0.0007323827575569375 0.0002878511856421184 2.637289843819588
670 0.9997712273497477 0.0009024948493734364 0.0008328579259198055 2.637279659218036
675 0.9997167073013385 0.001123252996146018 5.514881628831958e-05 2.637314334182057
680 0.9998167193732659 0.000720665704345258 0.0007607970018510546 2.637087031347062
685 0.9998103780935861 0.0007477314534685142 0.004266493440553187 2.6373060626024865
690 0.9997996736158261 0.0007868163049651322 0.0030175369580831557 2.6371203847953284
695 0.9998168497029125 0.0007214202933254477 0.001136762962719473 2.6371251317169397
700 0.999738800073851 0.0010299442291912264 0.0018133844740733096 2.637310464770902
705 0.9993670177554116 0.002515236106774399 0.0030830607859677617 2.637337365119026
710 0.9995520550873006 0.00177849841699107 0.0036352664183436634 2.637358902346688
715 0.9998052704498854 0.0007686675639297924 0.001154149598676435 2.637245647112012
720 0.9997111177471893 0.001143196221821352 0.0017465827171261328 2.6369090955494014
725 0.9998155720152099 0.0007275286077175203 0.0032283429768644734 2.6371452136034095
730 0.9998174103647188 0.0007172133981989681 0.0001379079480836598 2.637212262334606
735 0.9995218606190418 0.0018892871440456815 0.005464255491336223 2.637012680486291
740 0.9996634444055305 0.0013254267374613882 0.0004068637878484882 2.6371897008569682
745 0.99979704224048 0.0008017534876776367 0.0012287084773785484 2.6372330281059133
750 0.9996418048339317 0.001420189367260516 0.0008779266646559147 2.637346780335016
755 0.9998178364019281 0.0007156186193695291 9.104424480987916e-08 2.6372947414102685
760 0.9998098514677753 0.0007467706542243491 0.0005077101424519892 2.6372176255416027
765 0.9997407669209779 0.001020050964134711 0.0033420331517821644 2.6370793253739104
770 0.9995590812424957 0.00174012441110305 0.0033708034881063664 2.6371131253765556
775 0.9997339394522518 0.0010524002157694667 0.0034937532622321132 2.637047938953478
780 0.9995916491015873 0.0016128280131901818 0.00022939187054427101 2.637471085529201
785 0.9997036995265309 0.001172616043171093 0.004893423805454544 2.6373473583242055
790 0.9998118425422347 0.0007419891027944381 0.0006561590391713779 2.637212895976715
795 0.9998230445400585 0.0006959857579689199 0.0009237488054469889 2.637140579869383
800 0.9998017308929072 0.0007789294944693381 0.0008046840768380914 2.637251325862036
805 0.9997684793018675 0.0009146254350680394 0.0043396735159113575 2.6370458582826615
810 0.9998043575306705 0.0007707038165958302 0.00016933366374316527 2.6370632005744388
815 0.999809259962507 0.0007510016501077743 0.0005856388893268338 2.6369945478809513
820 0.9997794787880835 0.0008726591744769863 0.0013958577650952098 2.6370101151694065
825 0.999821068960522 0.000703899675743358 0.004201089028800231 2.637162942312163
830 0.9992246939432015 0.0030822763890663296 0.003931703636425032 2.6372049254246654
835 0.999805986836641 0.0007628405114474823 0.0009688598624750799 2.6373352603682845
840 0.9998068013537349 0.0007569127896163153 0.00020491728693050604 2.637008677757695
845 0.9995049184579097 0.001966742895112006 0.0036056361330976117 2.6372907578629086
850 0.9992883125907142 0.0028281502862035346 0.0030896602255869876 2.6370448567332314
855 0.9988441035476144 0.004599134858715548 0.006069963546091017 2.6369011999841696
860 0.999824378094432 0.0006885710884274587 0.0007004045746763499 2.6372231299655375
865 0.9997521207794726 0.0009751574130554275 0.0033556789925277553 2.6371708534171243
870 0.9997282518393698 0.0010746715030163223 0.00027959755679174414 2.6372302399000658
875 0.9996503134254549 0.0013862763343013285 0.005606302843284228 2.637107010435434
880 0.999644244340624 0.00140989599976038 0.003374122753427855 2.6373159689870374
885 0.9996111238214087 0.0015326627808169846 0.00048141315382821404 2.6372738055305818
890 0.9998261753562623 0.0006815012707810375 0.0016392027828926459 2.6372800928272415
895 0.9996781752002996 0.001272751972679842 0.002412230425665074 2.6371488981289932
900 0.9998227191964555 0.0006999723644161016 0.0004447136264655871 2.6370997354904118
905 0.9998185210825918 0.000714365378028603 0.00022659882640607698 2.6371525363502055
910 0.9997685379920654 0.0009163967973924159 0.0033872660658600395 2.6371494129041158
915 0.9996759583092056 0.001284100920376563 0.00036260505317597946 2.637127085544242
920 0.9998053772357853 0.0007683680515881974 0.0022226433362246834 2.6372145712415445
925 0.9991646945015253 0.003307096894290318 0.004810550617474263 2.637079871359497
930 0.9997948447425795 0.0008073997317490367 0.00024640069187076286 2.6372837158481595
935 0.9997588605016041 0.0009498971013219837 0.0010814604568085695 2.637203948971308
940 0.9994632328949077 0.002130657742826614 0.0009651599049924631 2.6371431397287046
945 0.9998282918960996 0.0006758675350684307 1.3708568576742408e-05 2.636937167831458
950 0.9996504631235875 0.0013785978880109795 0.0016026291789907887 2.637187171625817
955 0.999834143921643 0.0006518026432558166 0.0008757125977212343 2.637055513721295
960 0.9998324515548207 0.0006591731140503931 0.0005367953644055401 2.6370934914190656
965 0.9998343469146773 0.0006500274275271778 0.0006858555976481107 2.6371854241313004
970 0.9993031502425025 0.0027694707818075592 0.0028811211947841198 2.637174840376293
975 0.9998316121289949 0.0006603834044365264 0.0023368351495931527 2.637057876605445
980 0.9998293562666897 0.0006682413166583245 0.0044027550801766235 2.637387231240958
985 0.999774227651528 0.0008875532006151765 0.0004181564969776286 2.6370666324475445
990 0.9998310781669715 0.000661833517224153 0.004117790208555849 2.6369496183741568
995 0.9994250901584621 0.002281732211236509 0.002497257979916956 2.6370607210875
1000 0.9995853206714492 0.001634015341820838 0.0007216001980703268 2.6370763314094265
