0 0.7614666558500272 0.8123006252664311 0.33872640444943647 0
5 0.9086181574737479 0.3209140572846607 0.07931116195572363 2.966845654277468
10 0.9546130260096568 0.16190819005314117 0.06167770183987353 2.8147981598507474
15 0.9946148785145592 0.021008571547983745 0.016661679897812975 2.661928152215808
20 0.9976714806960867 0.009122976722187648 0.012246224534029126 2.6462759098769855
25 0.9981449500163757 0.0072950094837773705 0.01590567585689384 2.6439452185198276
30 0.9983780047538431 0.006395991622873964 0.004875718326122991 2.6429812836280417
35 0.9982676523501912 0.006823752676952122 0.002080905157296753 2.64189783869917
40 0.9986710097411906 0.005223811163929781 0.00590459465133697 2.6406959887944885
45 0.9990257656031385 0.003841831193248879 0.009412843390568248 2.6401887429973057
50 0.9991883603809439 0.003216793637882631 0.0007953056171612349 2.6399226187064744
55 0.9992752799054473 0.002876891743595067 0.0013821619447398348 2.639566417306101
60 0.9990374570856831 0.003813555094174248 0.00035034897400021414 2.638799889285375
65 0.9993539154110602 0.0025542703765464303 0.0028546154937902912 2.6386634599419505
70 0.9993573646957746 0.00254027176771654 0.002425728313210085 2.638716257880822
75 0.999092970411722 0.0035996889415614852 0.006249935654459637 2.6385116016971466
80 0.9993037526403132 0.002761459699151203 0.001357372511024968 2.638626188811637
85 0.9995159598784392 0.0019180177021489442 0.0020978684367904954 2.638416574909343
90 0.999468409456133 0.0020992927441705334 0.0021912977322162686 2.638488290863495
95 0.9995424992106501 0.0018071319719483725 0.0070317483095867495 2.638092793141092
100 0.9995543772502757 0.0017666267827873838 0.0010385845734928179 2.638269911142514
105 0.9992439035083794 0.0029832669410021495 0.00731866246702495 2.638452131728356
110 0.9992260555306335 0.003081535115855072 0.002226464350782109 2.6382334947100903
115 0.9994283080621125 0.002268530271534619 0.0002731728472051831 2.6381395341434644
120 0.999590510228771 0.0016172541950663089 0.0021496728981644786 2.637975378351016
125 0.9995830593549597 0.0016484354207269014 0.002861788486588024 2.637926192822064
130 0.9996073808065913 0.0015522741342328672 0.006125348449973034 2.6380406691017435
135 0.9996143916999052 0.0015222687935949608 0.0009492860375177603 2.6382264197479737
140 0.9994068680959176 0.0023560925454386705 0.0002595180898559146 2.6377327104976023
145 0.999587356837331 0.0016273854232005114 0.0007790786734094279 2.6376523147836695
150 0.9996287373290339 0.0014708982768780743 0.005895299111658536 2.6379711262977263
155 0.9995738237827224 0.0016855767042360803 0.00045247109079693537 2.637969764432951
160 0.9995266795726772 0.0018648431462731097 0.0028132409470476016 2.637559051049123
165 0.9995739984695069 0.001679484239794693 0.0022232402093151915 2.6379668716081177
170 0.9995548505820182 0.001754307050479742 0.0020227239640500105 2.6376058280416754
175 0.9996553813037194 0.001362184918026088 0.00032679564457605004 2.6379550708151562
180 0.9996087057278216 0.0015506276198151703 0.00246985099520014 2.637907092674402
185 0.9992204415710593 0.003102417715745265 3.196093924295873e-05 2.6379160208798402
190 0.9993428187088513 0.0026161169817906504 0.0030527935460851197 2.637553279326392
195 0.9992757451798799 0.0028844911301524334 0.0012469339102569865 2.637773276177278
200 0.9995621968562196 0.0017266796725765587 0.0016917793561892491 2.637800257762345
205 0.9994600696240001 0.0021479164356610347 0.0029761648773427574 2.6377542207729063
210 0.9996812116077497 0.0012624046270053313 0.0028239622785168894 2.637563782855454
215 0.9994027832401012 0.002375498949197752 0.0008806894547099819 2.637818438948397
220 0.9996456050856138 0.0013963481115668586 0.00013130905130931403 2.6377763657508955
225 0.9996037764571186 0.0015608895683523194 0.0004939776392900441 2.6380557862318614
230 0.999644852318413 0.0013995260011627764 0.000651206302643148 2.6375534853544154
235 0.9997050753653247 0.0011632491478681395 0.0007781935083595037 2.6375687626025255
240 0.9996977103263083 0.001198361309560525 0.0011752477151574237 2.637899687383661
245 0.9996964091278211 0.001204018470907009 0.0015460647400746819 2.6378138912222333
250 0.9988366883628734 0.004628148671976806 0.0006889515053440931 2.6374431049785283
255 0.9994522673197996 0.0021590358567955548 0.0011267670502126403 2.637578234063221
260 0.9983537494296058 0.006555389979814752 0.0034499194338935 2.637442337954943
265 0.9994400415179328 0.0022086522773712147 0.0020166003629167317 2.6377279052245086
270 0.9997166659669476 0.0011238830141642175 0.00048636169703475396 2.637473454199833
275 0.9990847825402378 0.0036442364994004883 0.002186807258099721 2.6376764830855466
280 0.9993767461488272 0.002479304961769735 0.0042303827827103735 2.6375959713691053
285 0.9997239869390956 0.0010921549360229932 0.0002485973892820681 2.63764617723294
290 0.9986281697037549 0.005425995643508319 0.003959574624134321 2.637516667992733
295 0.9996546793858905 0.001370189855787185 0.001787377536303536 2.6377118970260818
300 0.999697258745737 0.0011970570893473642 0.0002992478404495458 2.6375182497043914
305 0.999738962894321 0.0010288083267635528 0.0010517682096369274 2.637502723436013
310 0.9994168138799306 0.002299973869452021 0.0004226296704186172 2.6379436894941035
315 0.9995042876487972 0.0019541871731241223 0.0004627616950296787 2.63742824553103
320 0.9997410873583688 0.0010242534504576462 0.003595891832393505 2.637504645476466
325 0.999669826032991 0.0013013389733820269 0.0011430674776060634 2.6374838068156317
330 0.9995539469677839 0.001756717933859342 0.0012902325351935584 2.6376328235316735
335 0.9997508146954077 0.0009866364081476675 0.0002816740600886103 2.6375463948674036
340 0.9995650694596683 0.0017147555789023272 0.001963411458992592 2.6378090552401194
345 0.9996738872177297 0.0012870073073005805 0.004036278314648589 2.637544270654031
350 0.9986497416438722 0.005372436046997553 0.0020424214805512264 2.6374000867674723
355 0.9995285218753112 0.0018735224001358297 0.006706192275160339 2.637532026399504
360 0.99974703121346 0.0009995889222742527 0.00393609326110167 2.637379194487417
365 0.999756254230376 0.0009618422932695658 0.0014067450695238737 2.6375199767107294
370 0.9994900009134744 0.002009159134941818 0.0011251038726995954 2.637531054988567
375 0.9997634291513302 0.000933163281300331 0.0015278173028336894 2.637325379915451
380 0.9997648480529996 0.0009256946806988076 0.0011403641036944467 2.6374867695603563
385 0.9997626649158269 0.0009366362175260434 0.0010234085041105345 2.6374933839504955
390 0.9996591950721213 0.00135379470908914 0.00039992440702452114 2.6376530816384305
395 0.999682523675451 0.001258734047985044 0.003500985451648786 2.6372292413209495
400 0.9996840329232859 0.0012517257802309167 0.0027465996015230143 2.6375929653001196
405 0.9997656399302673 0.0009235625098860112 0.00270447676678387 2.637348098246686
410 0.9996793608510097 0.0012652987720600528 0.0014889175112433595 2.637616962756442
415 0.9988571495097106 0.004522647869980911 0.0026989846651555016 2.6373524580167986
420 0.9997561334305889 0.0009662329651196622 0.0002826135287168352 2.637411487762212
425 0.999686435615516 0.001243582123094722 0.0007220126611919842 2.6375715568509106
430 0.9996221488722563 0.0014882253576522508 0.0008203392427728051 2.6370593382026315
435 0.9994574569320425 0.0021403307282366058 0.005024522743879212 2.637289683869343
440 0.999752838481819 0.0009786137753402535 0.00012794090769019384 2.6373492117018755
445 0.9989069013260026 0.0043281302035209634 0.00683238104260897 2.6374142835543863
450 0.999755287128928 0.0009696942093504468 0.0037850301365154326 2.637548441537668
455 0.9996821506125608 0.0012495506408960466 0.0011305873715119485 2.6377209704995384
460 0.9989172642770993 0.004310914617739581 0.0006095266241421538 2.637517677610098
465 0.9997758866339711 0.0008816884113858059 0.003305339265813556 2.6377060219905273
470 0.9997611836386928 0.0009454231964514115 0.0008167785973816066 2.637483762294394
475 0.9997762076237136 0.0008804782603122341 0.003815675043182365 2.6373687482136434
480 0.9997851376462682 0.0008461345350854188 0.0007891348117801122 2.63757051457491
485 0.9997869585543566 0.0008377285920575517 0.00045111597207281307 2.6371314267545305
490 0.9995984114816743 0.001596848304607601 0.0018967566110790202 2.6370543832277207
495 0.9996509822516011 0.001383965182347957 0.0019300618154949323 2.6374834798864124
500 0.9995867067696859 0.0016422082365887825 0.004187495285374654 2.637414478843516
505 0.999770274555715 0.0009089696734974062 0.0005172607160321974 2.6373213833883336
510 0.9996666753007235 0.0013121379694545077 0.0005323033028683533 2.637263343975572
515 0.9997930125261794 0.0008176048271710812 0.0016631629137939807 2.6372091990669815
520 0.9997290078042036 0.0010731547665820962 0.0003632961454178574 2.6371657559003303
525 0.9997813914497167 0.0008609566069099905 2.8592752439271507e-05 2.637176895407405
530 0.9997212596524715 0.0011033798843520515 0.001283241483702735 2.637304766420387
535 0.9994740565474068 0.002077857253238502 0.004007138749180461 2.6375279606030273
540 0.9996431171602739 0.0014165401747474604 0.0022678354543419488 2.6375452504388606
545 0.9995499494902378 0.0017740445095126844 0.002663330911219619 2.6371897385189773
550 0.9996484211060106 0.0013945566086235317 0.001899565217181598 2.637250664890351
555 0.9985013485369234 0.005966937452718923 0.002958948834963504 2.6371973216813944
560 0.9994930760852594 0.001998425626056566 0.0013227028307325472 2.637286018780587
565 0.9997686236396435 0.0009159926287547471 0.002936868094001177 2.637440104234804
570 0.9997251131827632 0.0010864689837757346 0.000307215890047674 2.6372579109502716
575 0.999691261196862 0.0012162776846480483 0.0014816034408000611 2.6376523343739864
580 0.9997956226807498 0.0008031036889732945 0.0012760964616089776 2.637418726091149
585 0.999740896433849 0.0010189475527044856 0.0031953153571471216 2.637393895503761
590 0.9998012629207063 0.0007837828807133462 1.2156492374959527e-05 2.637481201654449
595 0.999759739893864 0.0009501232405733084 0.0017206085101504343 2.637563792846533
600 0.999508153792737 0.0019401639065272924 0.0014313571239048528 2.637368311276312
605 0.9997990012964805 0.0007911449487174593 0.004848346351605803 2.6373318356740554
610 0.9997710734843245 0.0008971321776507502 0.0003821081477139998 2.637101182017054
615 0.9995249811899428 0.001888182909004943 0.0007640694644734936 2.637276866718449
620 0.9997868409461489 0.0008413607681156954 0.0013179106384380024 2.6372862877843115
625 0.9997998844714928 0.0007860898589742149 2.889305948716725e-06 2.6373846671113723
630 0.9994229272268798 0.0022945740285442717 0.0003755946790726661 2.637311560482814
635 0.9998045002640363 0.0007697702961655395 0.0027987277734820015 2.637424746013133
640 0.9993111526367842 0.002724820287415053 0.0008270193680928184 2.637095002342133
645 0.9997475817255257 0.0009974770380560827 0.00019060828674888342 2.637525739317963
650 0.9992375782724439 0.0030318199053893657 0.0016940430232512682 2.6373172296175316
655 0.9998100457013925 0.0007478937503022642 0.006438246403879466 2.637337678206757
660 0.9997409790598188 0.001019071417120987 0.0026383340882831785 2.637080231143066
665 0.9997391637821738 0.0010334720758673477 0.002786646532983106 2.6372469664651903
670 0.9996317525084832 0.0014611884635367112 2.370105957716362e-06 2.6373934864368413
675 0.9998133716720132 0.000734124242309786 0.00010120666339119566 2.637400052905162
680 0.9993568159869985 0.0025561109882050737 0.0005432474664450737 2.6373770777181686
685 0.9997987041761422 0.0007910056256519304 0.0013660371983765796 2.637275028672099
690 0.9997969999165663 0.0008007767732016724 0.00023592710379105597 2.637563330177847
695 0.9998185453926761 0.0007134986839174573 0.0014209787845234079 2.637625997178987
700 0.9988997581128394 0.00437912698673415 0.004245411259870213 2.6372163231982877
705 0.9990049455911769 0.003956942390913376 0.006390234427650965 2.6371773916313903
710 0.9997703763333738 0.0009088000658303841 0.0010612036861565866 2.6371247328354315
715 0.9995823002827674 0.0016502612656470461 0.0012494110527840885 2.6373195732197017
720 0.99955755658491 0.0017594576098960424 0.0023497759366601922 2.6372559428946243
725 0.9984395041989405 0.006212301556037136 0.0010323597260726292 2.6372822367315525
730 0.9997014116685925 0.0011819457076374107 0.004432152319218785 2.6373208259571346
735 0.9997764018156589 0.0008814658254898688 0.0009359918038518433 2.637389347448215
740 0.9996928680198935 0.0012179329715427123 0.0049423099525505165 2.6372651756830563
745 0.9997607193753859 0.0009453357968509657 0.0016170342482557665 2.6374724412962047
750 0.9987645297575976 0.004919036867530924 0.0017520873897145517 2.637008417431989
755 0.999817854769022 0.00071821835526098 0.0015694929999969798 2.6373530771672633
760 0.9997644140117368 0.0009288782579730537 0.0017570561479185454 2.637586546148299
765 0.99981978435791 0.0007079307767030585 0.000125220609221266 2.637270489509861
770 0.9981490732999222 0.00737232150107392 4.3630144031192586e-05 2.6369595556253
775 0.9997550828015331 0.0009614280442846734 0.00019295746446812423 2.6373000167507876
780 0.9997046517947515 0.0011629417301839418 0.0019137682185912386 2.637203608053797
785 0.9998072514361357 0.0007573199417127974 0.0019748461323709776 2.637026151526641
790 0.9997117705282256 0.00114249016312451 0.0031072841670531925 2.637428079984445
795 0.999769544734943 0.0009050464088287136 0.001054565541403596 2.6372751614878895
800 0.9991589271902204 0.0033444422608228663 6.292810335950527e-05 2.637099279971665
805 0.9998209844702031 0.0007032746083162067 0.0024476798910040287 2.6375538305232107
810 0.9995012132514409 0.0019821650473694774 0.00286103470907606 2.637395058467317
815 0.9997405226650841 0.001027401268294259 0.0013797049475641199 2.6373285604132297
820 0.9995787250093262 0.0016710462794535808 0.003361981099533784 2.6373735379208143
825 0.9998230695549789 0.0006961921659249803 0.004988909519322959 2.6373441366102814
830 0.9996753057378615 0.0012856122152600236 0.0017275634640581128 2.6375282483761735
835 0.9997425854579478 0.001011806321672637 0.0001596307557025778 2.637241309174344
840 0.9995768602339777 0.0016818010649295445 0.002302519835606587 2.6373225604416604
845 0.9997211878272634 0.0011034537517859988 0.0026430542780409017 2.6373876205887603
850 0.9998013239344923 0.0007794384737294102 0.0022519964619729382 2.6372775502690087
855 0.9993142548196128 0.0027104318866175703 0.0025453716922723135 2.637389209268156
860 0.999778792542528 0.0008762640274384559 0.002858014788338359 2.6371834232453573
865 0.9991240270375875 0.0034816619948192518 0.00042449192267435265 2.6369904479658426
870 0.9997640489514632 0.0009251027708607751 0.000600251373174876 2.637298256163806
875 0.9997903455751764 0.0008227715242781208 0.0011937218479172174 2.637192604869216
880 0.9998194338182509 0.0007086434402938657 0.0012297301861081689 2.637036000228822
885 0.9997167102801057 0.001121921869292386 0.0013837780944350175 2.6372491549230666
890 0.9998087870591242 0.0007554306815062972 0.00261105906871939 2.637422358417885
895 0.9997684247385538 0.0009135435663640834 0.0030917882111982653 2.6372601642419173
900 0.9998329994368579 0.0006565633846871144 9.613197746660695e-05 2.637154566609453
905 0.9997447191669331 0.0010104348930650708 0.004043886073350267 2.6369817430612
910 0.999517898144065 0.0019142616116765154 0.002323296030335431 2.6371572352283574
915 0.9995522582545479 0.0017764117300060889 0.005003495208057318 2.637152693496363
920 0.9996352330146049 0.001447177032136704 0.0013464564217688935 2.6368165239022234
925 0.9998151832460385 0.0007307388209385479 0.00026751794025892117 2.6371986298880477
930 0.9998225536761245 0.000697459566226577 0.0006048103320748233 2.6374475959080916
935 0.9997444918873527 0.0010117307222623495 0.0011863785433037233 2.6373087412587837
940 0.9998247439233895 0.0006857389414793857 0.000659659393776435 2.637234724970057
945 0.999819209224297 0.0007086486698146821 0.0011446988236203381 2.637018748956123
950 0.9998337558599857 0.0006530272833020767 0.0013053544459407096 2.637070040936117
955 0.9996175508263248 0.0015069241837797342 0.0013960039327451934 2.637283441796029
960 0.9998277323534541 0.0006745306179944954 0.000520790456242537 2.6371422724952787
965 0.99983461764492 0.0006481868758076992 0.0008139887222671227 2.6372033201293617
970 0.9993725638489355 0.002494992772296367 0.0010088191932997592 2.6373686438282005
975 0.9998162094842944 0.0007198566042556642 0.0025262285335923007 2.6372402954826777
980 0.9997855052120226 0.00084861191291008 0.00036667497350628686 2.637306385734698
985 0.9996727767879084 0.0012953125478394334 0.0006093197665824057 2.637392473639561
990 0.9998170327666702 0.0007203410195479876 0.002183083952739029 2.6370962393422865
995 0.9998342232328815 0.0006526328593756681 0.0058788763264721045 2.6370608295790583
1000 0.99954762351746 0.0017966034016274612 0.002298864392489053 2.637184403513567
