0 0 0 0.22210998946564686 0
5 0 0 0.01871439844709788 15.690073463979187
10 0 0 0.021330128336645604 15.64112175524535
15 0 0 0.019742366757399266 15.60407774871125
20 0 0 0.020413645169771844 15.601288602341858
25 0 0 0.021791204708903056 15.553877762725175
30 0 0 0.01935829707492176 15.482475504069193
35 0 0 0.024657975756790407 15.435445729777028
40 0 0 0.023308749741227208 15.421645039556674
45 0 0 0.02225612854794079 15.412103457162166
50 0 0 0.027470915565079634 15.344231679730989
55 0 0 0.027452425010348502 15.32752115015153
60 0 0 0.026987548537316997 15.33543527583833
65 0 0 0.026480276063523434 15.331336044345692
70 0 0 0.027545316819817645 15.336181241747218
75 0 0 0.02940405167268012 15.326539523435656
80 0 0 0.02840809172606118 15.32769028519041
85 0 0 0.027857516703420293 15.323033388492597
90 0 0 0.030060446739213376 15.321400328688531
95 0 0 0.029950079853870326 15.322723589190046
100 0 0 0.028767297912223544 15.317427277583485
105 0 0 0.029218457147405452 15.317422217242463
110 0 0 0.029510142259748795 15.318679026556474
115 0 0 0.026151644241079852 15.318041504689134
120 0 0 0.02307390957274058 15.31422410247751
125 0 0 0.027901601242175778 15.315667042789705
130 0 0 0.028391068538691222 15.317220062594334
135 0 0 0.029260672479823446 15.31540993743177
140 0 0 0.029678952042999418 15.314324289583679
145 0 0 0.029439052283062317 15.309192324454541
150 0 0 0.027772216370212988 15.310198531630494
155 0 0 0.027969873931864786 15.310606261053719
160 0 0 0.029055503437533048 15.311440902735901
165 0 0 0.02766265429817194 15.309864258006007
170 0 0 0.026243149149063782 15.315402158775377
175 0 0 0.029694828531071193 15.305776434775783
180 0 0 0.02853749690024099 15.310387332568746
185 0 0 0.02441222541158039 15.307441079871232
190 0 0 0.027999322609439936 15.308318477572579
195 0 0 0.029983265180178575 15.307672373913867
200 0 0 0.028210353861837234 15.306947829793994
205 0 0 0.0297846367462824 15.305704883234128
210 0 0 0.02863897098942103 15.304983108832557
215 0 0 0.02906422620493676 15.303968087388602
220 0 0 0.028156857841281635 15.305285865880375
225 0 0 0.029129300282362713 15.30295669195347
230 0 0 0.02661440264174586 15.305117925342113
235 0 0 0.027345170931811325 15.30629008543757
240 0 0 0.027487642157780767 15.302378416703373
245 0 0 0.029814265537548623 15.301903311750081
250 0 0 0.02803013391665221 15.300614937799205
255 0 0 0.028000786873895844 15.30248309612697
260 0 0 0.028908173365092216 15.299894892336722
265 0 0 0.028963929633006202 15.298994967366095
270 0 0 0.027804062371734384 15.29954012262849
275 0 0 0.0283422429230491 15.302330597148842
280 0 0 0.02849639681920757 15.30199868738822
285 0 0 0.02618708690820304 15.301571172953436
290 0 0 0.026851332304203668 15.30037060235514
295 0 0 0.029154224159416264 15.30113101370384
300 0 0 0.03091052456747767 15.298865138670635
305 0 0 0.027420298953888977 15.298604199375426
310 0 0 0.0308717998491157 15.299412448215323
315 0 0 0.027485224990312362 15.300136062437899
320 0 0 0.029819853723310752 15.295868758870839
325 0 0 0.0284508990830612 15.298589233358438
330 0 0 0.025411975572389167 15.296703597762967
335 0 0 0.025619270737613054 15.298229645022387
340 0 0 0.02708695373553005 15.294519364240388
345 0 0 0.026606598711123475 15.298700917462227
350 0 0 0.025749741366878354 15.293683622423915
355 0 0 0.02614574855566043 15.29575565474406
360 0 0 0.02971275448212074 15.294789021682007
365 0 0 0.02746670944222962 15.29375894284628
370 0 0 0.026247378090697993 15.29391727988665
375 0 0 0.02775467778437468 15.293808808270171
380 0 0 0.02543922798485654 15.292879400847948
385 0 0 0.023390530455591474 15.29418380660468
390 0 0 0.028123486112442198 15.293362746143845
395 0 0 0.027494928381720074 15.294736629037224
400 0 0 0.029368692780800565 15.291853702404484
405 0 0 0.02570874708102555 15.289988600677296
410 0 0 0.028951415591229157 15.291200016717566
415 0 0 0.02493495432818449 15.29165109062193
420 0 0 0.02872543556207119 15.289319590237355
425 0 0 0.020485097532606966 15.288082711141964
430 0 0 0.026375166829052832 15.290068728882503
435 0 0 0.02815975566334039 15.28748149568583
440 0 0 0.030926711721026567 15.286666889191931
445 0 0 0.028000087891745684 15.28501514105152
450 0 0 0.024708524642153895 15.284551044579045
455 0 0 0.02596758691497225 15.284958232959921
460 0 0 0.031247184122744187 15.285837534988042
465 0 0 0.01687998285469927 15.284538950645487
470 0 0 0.025031996188271233 15.282893042783956
475 0 0 0.03651028497839115 15.28168080745562
480 0 0 0.016521756637204454 15.281442437698225
485 0 0 0.03377760406356156 15.280466842607325
490 0 0 0.025986329918452178 15.280294588208692
495 0 0 0.014074377194650989 15.275783208528832
500 0 0 0.030112843555136992 15.275713117158457
505 0 0 0.02322423933132356 15.274675601369692
510 0 0 0.0201235257468535 15.272426895460164
515 0 0 0.023808145246260848 15.273664830285979
520 0 0 0.02376446261404408 15.269255368973397
525 0 0 0.017460965522956506 15.26917707620711
530 0 0 0.021593484931197837 15.267045823803295
535 0 0 0.008503523555973835 15.263274689287437
540 0 0 0.013358536534241683 15.261040334348651
545 0 0 0.022473136190861 15.260505171985791
550 0 0 0.007845265695959114 15.257272883192474
555 0 0 0.011035043901885366 15.257026252792777
560 0 0 0.019880961232783934 15.250322130683521
565 0 0 0.017906949215596768 15.250044328401188
570 0 0 0.005713070246713192 15.245289582986977
575 0 0 0.0009348520406817773 15.242497085663194
580 0 0 0.018546564572404556 15.238984939765867
585 0 0 0.021830163230272426 15.235291557720839
590 0 0 0.01602784707298688 15.230495174243734
595 0 0 0.003478480502489223 15.226344104996118
600 0 0 0.015658167632574216 15.224531235868039
605 0 0 0.008436664481329181 15.218512520094551
610 0 0 0.008162953104994042 15.214322254159809
615 0 0 0.009946128088610617 15.210333170870097
620 0 0 0.009546529945818394 15.205547212770316
625 0 0 0.0025269949067527886 15.201153249226227
630 0 0 0.020129059077899303 15.196119067779428
635 0 0 0.010610763190059824 15.190802928385754
640 0 0 0.014705944731735476 15.184201800220546
645 0 0 0.010506227295139281 15.179471903646757
650 0 0 0.0013533192558070617 15.173636653298017
655 0 0 0.003383811698925099 15.169137617327703
660 0 0 0.008866445791240185 15.162497155928357
665 0 0 0.024065542280944152 15.158577217762272
670 0 0 0.032844116067697326 15.156275230927847
675 0 0 0.008508034516826246 15.148134898698052
680 0 0 0.007697444210400306 15.139402503944536
685 0 0 0.012849472871125922 15.134555173734139
690 0 0 0.037933074058609906 15.126401166802118
695 0 0 0.015319165751672026 15.120443942925421
700 0 0 0.003351473386283832 15.11479818200807
705 0 0 0.019899738627825236 15.110762450105687
710 0 0 0.03951258051496076 15.104151705878563
715 0 0 0.010625207967021932 15.095498342834892
720 0 0 0.02184676158469423 15.09050188855047
725 0 0 0.024238857975671158 15.086013191761088
730 0 0 0.08405143712280427 15.075349553376487
735 0 0 0.03276853390504253 15.071508531883255
740 0 0 0.05247089596867727 15.066346507535002
745 0 0 0.04082282022690742 15.061722838256424
750 0 0 0.038930891552044544 15.056430097803398
755 0 0 0.06774341891743685 15.050431883493752
760 0 0 0.058403166608523405 15.048176590354004
765 0 0 0.025552602516766054 15.039485780018271
770 0 0 0.043085249371351386 15.032358193838707
775 0 0 0.05606341056145836 15.027693945412254
780 0 0 0.055647127716307754 15.026068149149134
785 0 0 0.07323245049610239 15.016224037153886
790 0 0 0.08668074196100628 15.012851688268443
795 0 0 0.10962345129922868 15.009251738895088
800 0 0 0.071755095920369 15.003206958952447
805 0 0 0.06774346556826294 14.999167135453636
810 0 0 0.0864386215661943 14.987917423674846
815 0 0 0.04225085867185063 14.988349616905339
820 0 0 0.11921998735608663 14.982736389528966
825 0 0 0.10169825708789171 14.974039144416093
830 0 0 0.07568062416376864 14.969992278473944
835 0 0 0.12309733621457397 14.965499387689267
840 0 0 0.1161979586835642 14.958137945581226
845 0 0 0.07112721225852314 14.955251033337602
850 0 0 0.09279280577552296 14.947328831104688
855 0 0 0.15668022978638785 14.939906845705055
860 0 0 0.07001404088420182 14.939423772570754
865 0 0 0.11052930821715612 14.937515107495997
870 0 0 0.11122371696714528 14.930481908522436
875 0 0 0.09886358632325076 14.918713361872872
880 0 0 0.11174941013395623 14.916050067782587
885 0 0 0.16568298558658578 14.915793151936398
890 0 0 0.08292241301413106 14.905575605028911
895 0 0 0.1729746663583882 14.902048563983406
900 0 0 0.18233125263836114 14.897195651216439
905 0 0 0.1298490535392367 14.891318215597488
910 0 0 0.11686857796166672 14.887204548367022
915 0 0 0.16515551529055972 14.880245681770083
920 0 0 0.09831350297491004 14.877020007876933
925 0 0 0.05037850828566803 14.877755997903112
930 0 0 0.1261612296608181 14.864889869435126
935 0 0 0.12232616468595459 14.864013828889348
940 0 0 0.1690289789656232 14.859570804324495
945 0 0 0.15731170210556544 14.856768086100853
950 0 0 0.16165438682480637 14.846590090784208
955 0 0 0.11373763852058971 14.846994727703015
960 0 0 0.05896114658193463 14.836212600215433
965 0 0 0.18037692117269866 14.837670367037498
970 0 0 0.14605682386356245 14.833994281676162
975 0 0 0.16025602113826887 14.827443930679191
980 0 0 0.20003622202973115 14.825049894351396
985 0 0 0.1427706760609888 14.823665507985464
990 0 0 0.09638694669735814 14.813874070550312
995 0 0 0.128160374658276 14.814193847759038
1000 0 0 0.21478803005133207 14.813744864687902
