0 0 0 0.3847095639254846 0
5 0 0 0.008464460673213603 10.221092223781877
10 0 0 0.008985313858855148 10.119525598749194
15 0 0 2.5790147604620728e-05 10.091096835223594
20 0 0 0.013122854019947505 10.05930577201595
25 0 0 0.012080395025181545 10.049473653838499
30 0 0 0.01292492177698068 10.056929628062818
35 0 0 0.006571810668023925 10.038564247312605
40 0 0 0.008486571499738638 10.039307623482957
45 0 0 0.012765516550270473 10.032644701918965
50 0 0 0.013945956599797915 10.03450191528214
55 0 0 0.009735147868644267 10.024661137507465
60 0 0 0.012033501459212337 10.025417232788838
65 0 0 0.010152306317507076 10.023253630667623
70 0 0 0.008377205366727258 10.023194119691272
75 0 0 0.013477882749530767 10.01952426588181
80 0 0 0.0068829119029467645 10.017175497078034
85 0 0 0.008380796468114626 10.011818784929321
90 0 0 0.008234987025614426 10.016221370478245
95 0 0 0.01066024514683006 10.014171783545354
100 0 0 0.0079004917152099 10.007831750046641
105 0 0 0.011604862145516925 10.01408181406039
110 0 0 0.011622617884800901 10.01214652559387
115 0 0 0.012261510635499295 10.009927130158857
120 0 0 0.009903091490906846 10.006826338296838
125 0 0 0.014782943797444492 10.006271699356562
130 0 0 0.010721923587814874 10.011902448138507
135 0 0 0.005386443874950686 10.005198307731163
140 0 0 0.010537711187725396 10.00720255620848
145 0 0 0.006876594543655301 10.00554109174936
150 0 0 0.009370102866501862 10.005020408486185
155 0 0 0.012355469772667993 10.001838903174537
160 0 0 0.012354969618548761 10.002642113910833
165 0 0 0.013782574712672968 10.002390004569147
170 0 0 0.013892952005553072 10.00294451885538
175 0 0 0.009262533970544995 10.002788857607964
180 0 0 0.010137863532647451 10.00415970215653
185 0 0 0.014410575837196626 10.001499904594978
190 0 0 0.008177960912995497 10.000772481964287
195 0 0 0.013421084526868743 10.001911138848078
200 0 0 0.014040762881524227 10.000763891088742
205 0 0 0.011452611626644238 10.001290267641712
210 0 0 0.015450749630636862 10.002674286955708
215 0 0 0.008653814457809883 10.000063712069288
220 0 0 0.008349042341418755 10.001204795738989
225 0 0 0.013208528811160747 10.002470689259395
230 0 0 0.014386617665812507 9.999690813598182
235 0 0 0.011573774790689662 10.00006996402292
240 0 0 0.01156114446869605 10.001447406778492
245 0 0 0.007007838420726609 9.99899412738422
250 0 0 0.0102927993393096 10.000286602329206
255 0 0 0.013184783845960002 10.001163002073593
260 0 0 0.014261079285331046 10.000662639777481
265 0 0 0.009372351577334737 9.999651208032423
270 0 0 0.010913258001322479 9.998927296294521
275 0 0 0.007975416329973672 9.999741943220702
280 0 0 0.010624938737801681 9.998387373407866
285 0 0 0.008363048407850737 9.999266636977175
290 0 0 0.016057843059541055 9.999726668424007
295 0 0 0.009861471927995247 10.000118277252405
300 0 0 0.0172051649169771 9.99900266269182
305 0 0 0.011575027347738853 9.999282039973542
310 0 0 0.01130558409117155 9.99772344129405
315 0 0 0.01300305675506408 9.999166694362685
320 0 0 0.01559413731375825 9.997484581800082
325 0 0 0.013105435044152625 9.996617745635048
330 0 0 0.013461990064951967 9.999672429231953
335 0 0 0.014771255747098477 9.997566115066164
340 0 0 0.011915205015885277 9.998386796924578
345 0 0 0.012683407309431516 9.996771672173661
350 0 0 0.012422496522032533 9.996178752734098
355 0 0 0.012361082500871312 9.996449936472594
360 0 0 0.008386607841839533 9.997283251268621
365 0 0 0.010405014412491864 9.994350928142484
370 0 0 0.011641481593461345 9.997396705934959
375 0 0 0.012347716712252543 9.995281147009672
380 0 0 0.010621545723416892 9.997220942647994
385 0 0 0.01330324188537757 9.997246960878043
390 0 0 0.011570662970742829 9.996887735099447
395 0 0 0.01615378082378105 9.998368132758216
400 0 0 0.008268530383714667 9.99615150472786
405 0 0 0.012327081559324382 9.995875105803831
410 0 0 0.015249552569692515 9.994051969542044
415 0 0 0.012514686072089276 9.996131639912372
420 0 0 0.010707822639391296 9.995751773410099
425 0 0 0.011120419663716019 9.995150214590662
430 0 0 0.014629788027558766 9.995041162041808
435 0 0 0.01328671200890641 9.993787811671128
440 0 0 0.014155207886450416 9.995313930629901
445 0 0 0.01561890260527865 9.993823779760676
450 0 0 0.016064823154220864 9.993362538760843
455 0 0 0.014990966546931883 9.995931873014955
460 0 0 0.007507676052354473 9.995567315422848
465 0 0 0.012780013851922511 9.994236197767727
470 0 0 0.012086375097962732 9.994846629097761
475 0 0 0.01205271366503391 9.99398811012497
480 0 0 0.008864167958416491 9.994123560400963
485 0 0 0.014130464405002874 9.9952344891534
490 0 0 0.012001622986678395 9.993662465472074
495 0 0 0.012592323321179988 9.995092922888977
500 0 0 0.012189511764530536 9.99329623684304
505 0 0 0.014574410814102379 9.993031806819003
510 0 0 0.015660014633387176 9.993866466028406
515 0 0 0.01040123564401041 9.992675047142022
520 0 0 0.011297622441470478 9.993797238452627
525 0 0 0.013693263625016883 9.993720697209035
530 0 0 0.014002319579911715 9.991699347112151
535 0 0 0.011708471090349892 9.992195482973333
540 0 0 0.012222486262742915 9.992597428229725
545 0 0 0.012476931655917234 9.992197249543835
550 0 0 0.00972588253559703 9.99220541421684
555 0 0 0.014721210545146857 9.992836155983284
560 0 0 0.013807477815441782 9.991552862126015
565 0 0 0.014883821078848891 9.991692383714751
570 0 0 0.014572586950515554 9.990646051687559
575 0 0 0.010629304070091106 9.991362067981646
580 0 0 0.011281860843980862 9.991245965666106
585 0 0 0.012287085024046629 9.98989438964104
590 0 0 0.01142864505772434 9.991416273323578
595 0 0 0.011212889328723996 9.990661023006503
600 0 0 0.011539152180333856 9.990685829761066
605 0 0 0.009722316761318073 9.990139095909415
610 0 0 0.015549338055951933 9.990676377899128
615 0 0 0.013924672765105672 9.989984957336224
620 0 0 0.012281124405091992 9.989114851029207
625 0 0 0.014048969162379521 9.990252114347253
630 0 0 0.012989417322965435 9.989800355587901
635 0 0 0.011744740612822158 9.989416797625431
640 0 0 0.009805609448270136 9.989448418588323
645 0 0 0.01229809925249481 9.989758085563118
650 0 0 0.014201325692300593 9.987968885708579
655 0 0 0.010813265119145488 9.988766391531998
660 0 0 0.014223894323333486 9.988380763186647
665 0 0 0.011980537332556995 9.989117365792731
670 0 0 0.012264920623893394 9.987191339311586
675 0 0 0.01375492350133145 9.987559893946584
680 0 0 0.01223998735832521 9.986759630652237
685 0 0 0.013489196843557538 9.987622757902079
690 0 0 0.011795271097693627 9.98731774101695
695 0 0 0.013338201259808447 9.987638879629893
700 0 0 0.011390474731289846 9.986405758226752
705 0 0 0.012853866786850299 9.985292523316884
710 0 0 0.012242365218893214 9.985420535115232
715 0 0 0.013626529934000153 9.986145464089432
720 0 0 0.011263640628228266 9.985570163990742
725 0 0 0.01702218580560877 9.98537441146557
730 0 0 0.012874129052206529 9.986866687398138
735 0 0 0.015292821862675776 9.985791460021849
740 0 0 0.017235883854604506 9.984432780469795
745 0 0 0.013513551028609516 9.985390464109585
750 0 0 0.011848000455008778 9.983507174480588
755 0 0 0.011129162768774403 9.98506607276591
760 0 0 0.01132019081516522 9.983357750727038
765 0 0 0.01202541951020164 9.983474092983164
770 0 0 0.014690285234013167 9.983787700832409
775 0 0 0.011440795869524845 9.981657060548093
780 0 0 0.013445602206918483 9.983788803971748
785 0 0 0.012648623320873353 9.98274832155288
790 0 0 0.014938036327365012 9.981415452387706
795 0 0 0.010545901784431377 9.982788887147569
800 0 0 0.010437396595212256 9.98123204425848
805 0 0 0.013448619220528979 9.980359940141998
810 0 0 0.013395154353857963 9.980804761479378
815 0 0 0.015353940131243027 9.983008932938578
820 0 0 0.016165224681738977 9.981196735446638
825 0 0 0.013279488706199105 9.980760283342692
830 0 0 0.01081192080566229 9.979673196357508
835 0 0 0.015366786632346141 9.9797586333834
840 0 0 0.012429503901488781 9.981165429157933
845 0 0 0.012691727144768405 9.9795334353565
850 0 0 0.014513164711150939 9.979601184688866
855 0 0 0.01447433274007004 9.977863275976897
860 0 0 0.014759748016420327 9.977856712127657
865 0 0 0.014456091375066205 9.978082276933161
870 0 0 0.012669845391702905 9.979037319074747
875 0 0 0.014670603721440134 9.978742689458885
880 0 0 0.015194774554050605 9.977330092287588
885 0 0 0.012558018159578799 9.978703413323768
890 0 0 0.012213465574081983 9.977961557727093
895 0 0 0.009536093129080214 9.97786241903515
900 0 0 0.011928762448529362 9.978968163792336
905 0 0 0.014498233789241421 9.978612405079156
910 0 0 0.011864168931579933 9.978576932596832
915 0 0 0.011597454437156651 9.977931096268351
920 0 0 0.010988469764378284 9.977749501802133
925 0 0 0.01295630744551679 9.977425498695334
930 0 0 0.011594420047355225 9.978007633959159
935 0 0 0.01159209697987218 9.976551401716454
940 0 0 0.012742452982817287 9.976856482196636
945 0 0 0.013778870896890227 9.977762002901663
950 0 0 0.013848932097328515 9.976008776617007
955 0 0 0.012785083382475637 9.976329008597569
960 0 0 0.01289941200123268 9.975757180833504
965 0 0 0.013316627999574226 9.97590695499327
970 0 0 0.011744531611419085 9.974887036896353
975 0 0 0.013852797327869704 9.976345173681775
980 0 0 0.014018477528698225 9.976260873660483
985 0 0 0.01393107693710638 9.976838816326374
990 0 0 0.014204798995067769 9.975508247393535
995 0 0 0.014845272574373514 9.975435676203851
1000 0 0 0.013363590298533179 9.97565586733586
