0 0 0 0.4188926789374916 0
5 0 0 0.0039180169162205125 10.200833251427216
10 0 0 0.011174680973678353 10.098639484267595
15 0 0 0.010459507079077168 10.066415100905376
20 0 0 0.007027288145428301 10.054762443517754
25 0 0 0.0075077610267781925 10.052954908791987
30 0 0 0.010915706990258789 10.036636792877497
35 0 0 0.009416057147399126 10.032825163401291
40 0 0 0.011163120445722097 10.030095193133842
45 0 0 0.005398332691657792 10.027263214259664
50 0 0 0.012336678427635528 10.022366041109803
55 0 0 0.013658273065304316 10.023830071814647
60 0 0 0.013802376867595445 10.023335068577403
65 0 0 0.014963248807462026 10.01876063438504
70 0 0 0.011916766551259839 10.01722952672922
75 0 0 0.00819898330407165 10.020455574497948
80 0 0 0.0066202925771174925 10.016761537773299
85 0 0 0.010178431779047203 10.014940927587416
90 0 0 0.011331831742386722 10.010436875241304
95 0 0 0.013718116806562763 10.012608245049307
100 0 0 0.012313378042897005 10.013003799149361
105 0 0 0.00993264934634941 10.010443714561594
110 0 0 0.005087970235231776 10.006212311781198
115 0 0 0.009582320637486541 10.007260624133776
120 0 0 0.012713618816156735 10.007086988742659
125 0 0 0.008276169810600198 10.006385914071702
130 0 0 0.010836215716310438 10.004198032055156
135 0 0 0.010825908285754249 10.004600962222755
140 0 0 0.00543287709500917 10.008005890363831
145 0 0 0.010060613738352098 10.00567256239965
150 0 0 0.008981780627419278 10.00386340541094
155 0 0 0.0091310221753651 10.00342237189922
160 0 0 0.008679669353547803 10.00475730979141
165 0 0 0.011574132595864928 10.005804504751444
170 0 0 0.008435590168271112 10.005338813893392
175 0 0 0.015359053573301695 10.003424231173128
180 0 0 0.01065565225710463 10.000888462732513
185 0 0 0.009295530717702727 10.001542826355504
190 0 0 0.011479812111997001 10.001949055279237
195 0 0 0.012114418552113593 10.001809217372001
200 0 0 0.012241217590720277 10.000335686361487
205 0 0 0.013084177308169354 10.001582271323471
210 0 0 0.01272696395167161 10.00075671822027
215 0 0 0.008172525967079514 10.000595664211795
220 0 0 0.01170876704691115 9.997550461108201
225 0 0 0.012277383288733734 10.000674644777176
230 0 0 0.012513652651082507 10.001234284071606
235 0 0 0.013134436184983667 10.00133318877422
240 0 0 0.011531004792562527 9.999283108516517
245 0 0 0.011215098336960327 9.998336105949333
250 0 0 0.010726660027231105 9.998948260671636
255 0 0 0.013794046605625665 9.998473459302831
260 0 0 0.01628151025088953 10.001131344073208
265 0 0 0.014375308470824022 9.998073731070006
270 0 0 0.010884238412076197 9.998439806375382
275 0 0 0.01169852933196247 9.998577109657921
280 0 0 0.007858180692611683 9.998064857454262
285 0 0 0.01241753735287543 9.998078481840434
290 0 0 0.016223946024857883 9.99734071905987
295 0 0 0.013967628472156823 9.996454118788517
300 0 0 0.01190102262419801 9.998343450585498
305 0 0 0.013479350840879922 9.997120639552557
310 0 0 0.013042018953674628 9.99876901812313
315 0 0 0.015689907726905705 9.999643834584116
320 0 0 0.013648405191204471 9.995079504811436
325 0 0 0.013768513401684945 9.996948200957702
330 0 0 0.012015545686904217 9.996031597511822
335 0 0 0.010503376755039318 9.99796176008844
340 0 0 0.01033451532532137 9.997038042810429
345 0 0 0.011519893932861347 9.996810573606119
350 0 0 0.013681597833046677 9.996368034560934
355 0 0 0.01290687568060056 9.998161848981983
360 0 0 0.011948052184289848 9.995407180480976
365 0 0 0.01114188762532864 9.995304885544826
370 0 0 0.009250342716482063 9.996944905774928
375 0 0 0.008562367383730285 9.995715254088845
380 0 0 0.012589137764892566 9.997039631344386
385 0 0 0.009483370112645328 9.995406525047695
390 0 0 0.01457530842860022 9.99553570933966
395 0 0 0.010701834175419034 9.995698518379326
400 0 0 0.010600645475709491 9.996144095708908
405 0 0 0.013648866086321432 9.994164280845085
410 0 0 0.011569634860455924 9.997978975454464
415 0 0 0.010011771510968659 9.996028586123266
420 0 0 0.010757758142905915 9.996021607229391
425 0 0 0.01654831664435008 9.994094761480257
430 0 0 0.01086013746240111 9.99422771115219
435 0 0 0.01699608250000817 9.994486875479861
440 0 0 0.013771975677265846 9.99554318684023
445 0 0 0.0097439982727896 9.993855476305184
450 0 0 0.015005879270216571 9.995050224362341
455 0 0 0.012775716929506187 9.992788138432076
460 0 0 0.015622689175100124 9.992429987330267
465 0 0 0.009044517599155366 9.995235335575558
470 0 0 0.015691551580143237 9.994001898216808
475 0 0 0.012013971392077272 9.994128444006895
480 0 0 0.010909397960973788 9.99416908234849
485 0 0 0.012346149577793675 9.994183992634396
490 0 0 0.010895418142572 9.99473673866348
495 0 0 0.012100946257951106 9.993353841258395
500 0 0 0.013137126563323553 9.992380097295971
505 0 0 0.013564724652463722 9.992815525595848
510 0 0 0.011702694035049976 9.993836148674674
515 0 0 0.014965417077635657 9.991465381939564
520 0 0 0.01155865870778272 9.992249695004148
525 0 0 0.014412987145869804 9.99386026326086
530 0 0 0.010964100746695848 9.992205562617698
535 0 0 0.012709872978694081 9.99243089728054
540 0 0 0.008901919947917225 9.992076925806675
545 0 0 0.014208807059205908 9.992366885366653
550 0 0 0.013425981480315041 9.991661320286722
555 0 0 0.008323751670813007 9.989735982363422
560 0 0 0.012390867492578561 9.991223219193806
565 0 0 0.014397400292273987 9.991371388882806
570 0 0 0.01513207493256985 9.991671266408252
575 0 0 0.012378100829367522 9.990478187238965
580 0 0 0.010721280281913437 9.989892404861871
585 0 0 0.011400365878776464 9.990643936195125
590 0 0 0.01152019522613168 9.989898153523558
595 0 0 0.009717092703421804 9.989772915152798
600 0 0 0.015340552165483246 9.988302319974276
605 0 0 0.015372908172668343 9.98790156811049
610 0 0 0.012971180297068008 9.988489874724335
615 0 0 0.013812433881978281 9.988350588232944
620 0 0 0.011672726038284065 9.988290765483613
625 0 0 0.01177686792759225 9.986853516235438
630 0 0 0.011494822844458241 9.98631608869305
635 0 0 0.013267206393608344 9.98647557400987
640 0 0 0.012318159025125563 9.9865498170612
645 0 0 0.013270351733658758 9.985940079283356
650 0 0 0.01563161652459799 9.984596813788386
655 0 0 0.012901962000456235 9.984976806560173
660 0 0 0.014718459949929708 9.983718627312646
665 0 0 0.010935556622864384 9.982795266425182
670 0 0 0.01400529663090122 9.982907928128828
675 0 0 0.012171394124161683 9.98258990795575
680 0 0 0.014478905924721897 9.9818568283685
685 0 0 0.013259972037214185 9.979631222059776
690 0 0 0.012220090716420051 9.981009646078451
695 0 0 0.016057634604996984 9.979994810610386
700 0 0 0.011995560627718671 9.979351826182171
705 0 0 0.014961581828719872 9.980042711834745
710 0 0 0.01566750034364195 9.979127303421574
715 0 0 0.014133912005736216 9.979106623434753
720 0 0 0.0123257757401114 9.98133628058984
725 0 0 0.01464793013337884 9.977761644827801
730 0 0 0.016314658321445963 9.97837829243136
735 0 0 0.013525172339253766 9.976506254529172
740 0 0 0.014589687904605908 9.977673935968998
745 0 0 0.015637075147511226 9.977873513540676
750 0 0 0.015039728842739075 9.978751271613168
755 0 0 0.013956074495215631 9.978638442729855
760 0 0 0.012363456225524594 9.977123561899562
765 0 0 0.011584883545901148 9.978146357846413
770 0 0 0.01319183527610579 9.976388136619043
775 0 0 0.015367152023558095 9.977214894523572
780 0 0 0.014731117947979211 9.977054442702668
785 0 0 0.009674924215894665 9.975443531070336
790 0 0 0.01387701337233982 9.97827318195787
795 0 0 0.012422069123947166 9.97614503119136
800 0 0 0.015051362716537842 9.976777388570834
805 0 0 0.012619234611343622 9.97598407618727
810 0 0 0.009769365645800221 9.974998487976755
815 0 0 0.014305329276478096 9.976097212541672
820 0 0 0.013692461379226861 9.97608088764799
825 0 0 0.013538751965905371 9.976226144963913
830 0 0 0.015261459862380145 9.975155081348483
835 0 0 0.01090845610876312 9.975789877956672
840 0 0 0.012758743067295741 9.97567250046994
845 0 0 0.012241392734211765 9.974612670653656
850 0 0 0.011948823418452603 9.974680922257779
855 0 0 0.014364778551211543 9.97424900937393
860 0 0 0.014479035041621957 9.974309358407783
865 0 0 0.016785568280108354 9.974052679693408
870 0 0 0.01585426404134216 9.975808862602012
875 0 0 0.01475397138732859 9.974420447803414
880 0 0 0.013425717139296411 9.973956101906495
885 0 0 0.014598729374377228 9.974852347838112
890 0 0 0.01332772401051563 9.97296854478373
895 0 0 0.013456485413601449 9.975266771243659
900 0 0 0.014047269890862468 9.974226212277891
905 0 0 0.013018632819576048 9.973690793853029
910 0 0 0.015180652926931382 9.973266691132716
915 0 0 0.010994992561563777 9.974060008814366
920 0 0 0.014117098798105188 9.973238874490125
925 0 0 0.015712383072172376 9.974206221567929
930 0 0 0.012417958350697145 9.973699053082973
935 0 0 0.012043497049657903 9.972623241153705
940 0 0 0.009850266051014689 9.975311275238077
945 0 0 0.014928448241107839 9.973381602149386
950 0 0 0.01210594202024895 9.973884109899354
955 0 0 0.013990688582372623 9.972445118422446
960 0 0 0.013757792925765289 9.972604657721096
965 0 0 0.014436704152995361 9.972435332535994
970 0 0 0.014215723337883457 9.972895722755334
975 0 0 0.014730451800060607 9.973589840543552
980 0 0 0.01544512149018229 9.972921745446587
985 0 0 0.013354228528053902 9.97348598997731
990 0 0 0.014460706030462678 9.97177488186411
995 0 0 0.012251881461852188 9.973653836784704
1000 0 0 0.0113759701845364 9.972267948101003
