0 0 0 0.3077311752941613 0
5 0 0 0.01138450567699989 10.236528587570504
10 0 0 4.7662518051660996e-05 10.125192025509216
15 0 0 0.0009172869916194148 10.085699145020785
20 0 0 0.008339867527992206 10.060931366513348
25 0 0 0.01331978004102341 10.053633546911428
30 0 0 0.0069174851931945724 10.043703864226199
35 0 0 0.0020908687667011705 10.038401064936602
40 0 0 0.01335423775201594 10.035009540935604
45 0 0 0.004273984005802145 10.02795406083096
50 0 0 0.012812686580099264 10.032351514779185
55 0 0 0.00407488504263509 10.027147766240681
60 0 0 0.007054787867144086 10.024991706181448
65 0 0 0.015647348942747108 10.015347981474676
70 0 0 0.01209589255259269 10.021518954674956
75 0 0 0.011863210865924678 10.01938550933985
80 0 0 0.005490759441214799 10.017248107554169
85 0 0 0.011023021720809156 10.014626610015279
90 0 0 0.009702787550986525 10.00792956372787
95 0 0 0.011960682451598759 10.008900323253684
100 0 0 0.01417049025090611 10.008717467439247
105 0 0 0.011022006936378004 10.00904032585995
110 0 0 0.013689259767246886 10.00682193188743
115 0 0 0.01321209744695584 10.006618079768163
120 0 0 0.011211614805375136 10.008481636558727
125 0 0 0.013037455531729858 10.006523522757732
130 0 0 0.01155347598214318 10.005057577756993
135 0 0 0.013155236129956949 10.00642959748003
140 0 0 0.013959996839482347 10.004787496680123
145 0 0 0.011463705109064914 10.002353013941187
150 0 0 0.011071590802999909 10.004953464736694
155 0 0 0.013115938192014065 10.004600281749491
160 0 0 0.013869697448362528 10.00376455482477
165 0 0 0.013667299792097909 10.002763198581242
170 0 0 0.010468279370663192 10.000757054902856
175 0 0 0.016502977940379582 10.002714784074401
180 0 0 0.012286172612023138 10.00255867213563
185 0 0 0.007892552721752155 10.003323925953733
190 0 0 0.012909209125764987 10.002487052808199
195 0 0 0.013721584137390108 10.00317491957351
200 0 0 0.011275461561527367 10.000674240911904
205 0 0 0.013439352683137118 10.001733796918934
210 0 0 0.011075667165249214 9.999939935614108
215 0 0 0.015099939661459505 10.004351892569082
220 0 0 0.012182325725557108 10.000192184550727
225 0 0 0.010043319998859657 10.000413439811249
230 0 0 0.014315212473194672 10.000998442215943
235 0 0 0.009484838299703702 10.000950634971048
240 0 0 0.012549427867256213 9.999025829494931
245 0 0 0.012487544149527574 9.99955137245591
250 0 0 0.013314663623091194 10.001383088904365
255 0 0 0.010438434074985903 9.99849339462565
260 0 0 0.011067342486539733 10.000379490383803
265 0 0 0.012348528708242545 9.997304971877831
270 0 0 0.01141988623532142 9.99755748511073
275 0 0 0.012889179854497446 10.000042388646948
280 0 0 0.016050785601055884 9.998156344053474
285 0 0 0.011629977361490962 9.998836721350392
290 0 0 0.009132233334855355 9.997045547469044
295 0 0 0.010229879758717253 9.998559526833061
300 0 0 0.014672822511100359 9.996721981382388
305 0 0 0.012940961549660734 9.99838704141161
310 0 0 0.013569171208503095 9.997876546761322
315 0 0 0.013019657114527572 9.996841217133147
320 0 0 0.010979021008336698 9.99756685407727
325 0 0 0.01326335317911087 9.997970866619374
330 0 0 0.012314136262327136 9.998344554910215
335 0 0 0.00982399057940242 9.99781480872214
340 0 0 0.015563577954166963 9.99732200089689
345 0 0 0.013254358817579526 9.995161648870324
350 0 0 0.014517145320429359 9.995342868208539
355 0 0 0.0145665888523685 9.996165794211475
360 0 0 0.01229192533966672 9.996006230995617
365 0 0 0.012839009259537182 9.994777317958306
370 0 0 0.014669800967647362 9.996038330027895
375 0 0 0.012310504626466656 9.995339617706286
380 0 0 0.014278378716077622 9.995232223264166
385 0 0 0.010312972919869434 9.99711071366805
390 0 0 0.014087477204582255 9.99463725892784
395 0 0 0.010944576173594012 9.995483716350273
400 0 0 0.01393565755557491 9.99494293725802
405 0 0 0.014366823805582962 9.994139177525675
410 0 0 0.011262167916423538 9.99476295734511
415 0 0 0.009332993009834922 9.993999605893023
420 0 0 0.012664727152967847 9.993298942199193
425 0 0 0.014750350325452688 9.993564075564398
430 0 0 0.007900964030422397 9.993794183045875
435 0 0 0.012968475766147236 9.993154683316636
440 0 0 0.009861143124760385 9.992468114813526
445 0 0 0.007525015573212279 9.993360135034033
450 0 0 0.011785310169257102 9.991777298288312
455 0 0 0.014771756978969375 9.992531696220858
460 0 0 0.012351129354291945 9.991789156900863
465 0 0 0.011938748252952491 9.992161492290073
470 0 0 0.012084312493063853 9.991313215070887
475 0 0 0.011385754370696999 9.992953908239159
480 0 0 0.00864733738601986 9.99227067360795
485 0 0 0.01715677161530027 9.991671706670227
490 0 0 0.0144190457293365 9.991923720635862
495 0 0 0.014204342736601427 9.99156377583511
500 0 0 0.015865370049914063 9.990113298523784
505 0 0 0.009048722137829035 9.989057042864482
510 0 0 0.01670004536356884 9.98986546199237
515 0 0 0.015040245333425073 9.99043544246986
520 0 0 0.011310251925569226 9.989639918053474
525 0 0 0.013025454143204884 9.98887230279917
530 0 0 0.007631969606761935 9.990572685424716
535 0 0 0.01352783121918355 9.98872162919858
540 0 0 0.01480922568021259 9.989769808008447
545 0 0 0.012288408104134563 9.98830582667219
550 0 0 0.014276393727802095 9.989456704943173
555 0 0 0.01111793025329244 9.988770023163118
560 0 0 0.011970269071546191 9.98866697703837
565 0 0 0.011325634122975936 9.987758563758565
570 0 0 0.012888670915300882 9.987199969445111
575 0 0 0.010890784854740598 9.989059372576977
580 0 0 0.010081872418768345 9.988126195343272
585 0 0 0.013833065512866671 9.988175530051166
590 0 0 0.010096921544616722 9.98767028189069
595 0 0 0.008010930445478737 9.987967845179236
600 0 0 0.010754021886955734 9.985948491697696
605 0 0 0.011672679882400283 9.987790018843155
610 0 0 0.011017392388604552 9.98709339627644
615 0 0 0.01366013190614046 9.986544564193768
620 0 0 0.011359548259443297 9.985643132820348
625 0 0 0.011426009946895466 9.986375900340557
630 0 0 0.01352356198377258 9.986256781941611
635 0 0 0.009678621943226107 9.986084808187767
640 0 0 0.008939523321165321 9.985866869950424
645 0 0 0.01302069435021469 9.985111951469351
650 0 0 0.01381406250087358 9.986014221140316
655 0 0 0.013443953095622962 9.985633197313597
660 0 0 0.010426856791506234 9.98584733195999
665 0 0 0.014005758482590558 9.984010777969313
670 0 0 0.012064893726223769 9.984706037525507
675 0 0 0.014107863126206599 9.985367332077825
680 0 0 0.012481263910266271 9.9845664747229
685 0 0 0.013382591411131184 9.984356472007752
690 0 0 0.012644339816100025 9.983830086343263
695 0 0 0.013292573247068784 9.983251555176128
700 0 0 0.015145731613260605 9.982797461642235
705 0 0 0.013210948764091679 9.983791184999598
710 0 0 0.011791734309334556 9.982319448878837
715 0 0 0.013281852717517806 9.983652436474186
720 0 0 0.012638816800910169 9.982864293033378
725 0 0 0.012984223417646046 9.982329506444318
730 0 0 0.015241778833956499 9.982236954426119
735 0 0 0.011961948462345884 9.981594069387826
740 0 0 0.009713588636435233 9.981115782641044
745 0 0 0.01463895801087145 9.982993077632944
750 0 0 0.013902491537862938 9.981334948748966
755 0 0 0.016261264841102463 9.980933776448753
760 0 0 0.01262357419482929 9.98110681906017
765 0 0 0.01182934386200829 9.979805807122666
770 0 0 0.015171823786574778 9.980681354544739
775 0 0 0.013832497527725973 9.979259394329121
780 0 0 0.014315786219391446 9.97947290260925
785 0 0 0.011662440750873415 9.979477693739481
790 0 0 0.014802554137496315 9.97973521004068
795 0 0 0.015738111005660027 9.977745819937105
800 0 0 0.013758251048495485 9.978184785235277
805 0 0 0.01365781863779203 9.977874879019168
810 0 0 0.012319790791130547 9.978134970947178
815 0 0 0.012476820093695107 9.976987156233648
820 0 0 0.01406836146110746 9.977250933657679
825 0 0 0.015487125097947141 9.977180984520306
830 0 0 0.011195598112700322 9.978936120944185
835 0 0 0.01406976662298609 9.978239720695788
840 0 0 0.013694293516139044 9.97638978654021
845 0 0 0.014595743256850868 9.97647343608213
850 0 0 0.012628802141241735 9.976374071804658
855 0 0 0.01336606965424858 9.977430774322416
860 0 0 0.014976918382505255 9.976738060940836
865 0 0 0.01570001578867175 9.976975138726285
870 0 0 0.01367323066931947 9.97616704754376
875 0 0 0.01301823941964031 9.976487740374079
880 0 0 0.013424548847103868 9.976730306657208
885 0 0 0.012021373041344319 9.975786152128082
890 0 0 0.014399469961346334 9.97560745045208
895 0 0 0.011694659602653257 9.974963217624218
900 0 0 0.014397710152464827 9.974664164499524
905 0 0 0.013144585058305625 9.974869330505213
910 0 0 0.016053549904715858 9.975742065347188
915 0 0 0.012891310531644162 9.975765649935067
920 0 0 0.01300518955069574 9.975101761733493
925 0 0 0.014789719481749453 9.974537334905307
930 0 0 0.012752571350100883 9.974820659771353
935 0 0 0.013036664857014824 9.97477132758976
940 0 0 0.013823688276197732 9.974337072145872
945 0 0 0.014516829209654247 9.974563725485417
950 0 0 0.015020191585014997 9.97414209009955
955 0 0 0.013269790391984282 9.974001225093351
960 0 0 0.012706891105937146 9.974424114464526
965 0 0 0.011387015459497274 9.974249579469063
970 0 0 0.01631016800758922 9.975762345942577
975 0 0 0.013426101617768138 9.974845513403366
980 0 0 0.013677841358871401 9.974298088933184
985 0 0 0.013843974829952144 9.974277108278594
990 0 0 0.011513513175057888 9.9728980139162
995 0 0 0.012792811729554376 9.975094345680704
1000 0 0 0.013569503626468249 9.973056451503151
