0 0 0 0.2770776860166779 0
5 0 0 0.011127330936550939 27.362943324026674
10 0 0 0.015915289617278727 27.181505908684134
15 0 0 0.015192578451589167 27.08247291149675
20 0 0 0.015057775070358659 27.01252671886613
25 0 0 0.01083134561598631 26.953555971109544
30 0 0 0.014762661557509604 26.87959718205133
35 0 0 0.016681291880222382 26.808899226928997
40 0 0 0.016977241937918164 26.7389838729027
45 0 0 0.014524679675959273 26.666115113706933
50 0 0 0.018585540226044195 26.617290825299488
55 0 0 0.01621467460947512 26.57474296931197
60 0 0 0.014716520732364957 26.548326660061786
65 0 0 0.015302499890015753 26.525822843691298
70 0 0 0.018317120612836524 26.506181495128054
75 0 0 0.014378992012912262 26.48751846896765
80 0 0 0.013616500877790205 26.469338303107243
85 0 0 0.017286546857238738 26.468987768060174
90 0 0 0.01551393211908958 26.460268012851806
95 0 0 0.015289889498297349 26.455054157859667
