0 0.4392356794191135 1.85058239631831 0.36669740423114927 0
5 0.9548826258554955 0.1007950517162115 0.0324221231108226 3.7791543336397875
10 0.9828884760342026 0.04267969800954763 0.010747130146282036 3.6937442880408504
15 0.9941672755384652 0.01446644585162371 0.013780523209660833 3.680851406945605
20 0.9946144383420197 0.01342087272279402 0.010021549730022228 3.6758655830001636
25 0.9973572951710445 0.00923652948660214 0.005227071307137843 3.669027045216749
30 0.993988282127062 0.02150392996090611 0.004936433573360821 3.668273788495627
35 0.996831936296197 0.011510121148448516 0.0002252958546293815 3.6655231342452983
40 0.9975941532787691 0.007039554983139684 0.003925644658304472 3.666460652434942
45 0.998032124808834 0.006007874407861102 0.00612459725794845 3.663492909409322
50 0.9624047734394121 0.18649562501444406 0.007400463075966313 3.695334926036998
55 0.9635886131664904 0.1763685123773735 0.005911922351819143 3.6693810018602577
60 0.9626487261281623 0.1839501807692807 0.006771282209110607 3.6681394122800306
65 0.9660837695124057 0.16607143749792508 0.0035979357121680433 3.6674315873076937
70 0.9631377933483379 0.18414688866204898 0.0020060276197941818 3.6663434931864027
75 0.967804337441902 0.1597615325352164 0.0022882177670475734 3.6659697194171033
80 0.9628588154621147 0.18463457023045127 0.007926350149127348 3.665907067261096
85 0.9623344672586287 0.18881163150010627 0.003475839220277832 3.6647875022073166
90 0.963612229264479 0.18296552332513416 0.00029056778582980947 3.6655314392789626
95 0.9628456940276486 0.18163006599342735 0.006686962462005397 3.665179614640519
100 0.9593422298311445 0.20756757322236918 0.003854790048641865 3.66497832096819
105 0.9621638241178536 0.18725140811771146 0.009306064286236593 3.662917435574477
110 0.9663641187105686 0.16643965473909095 0.00011388457481742442 3.663304288589552
115 0.9612021131671583 0.1947948255910008 0.007718062990182517 3.6634452182256974
120 0.9678619101086977 0.15929256194183594 0.001295533263567794 3.663010974615008
125 0.9641382902104755 0.177838085153891 0.004198881451363157 3.6627570210493228
130 0.9655672884250242 0.17176893351427314 0.005144818590886446 3.663326987448895
135 0.9667552276185152 0.1645790479458844 0.0014579667227441195 3.6627237735248857
140 0.9643123366164642 0.17573158368119257 0.009450352986405175 3.661349862597022
145 0.9647285177417918 0.17747520878238854 0.00443481929098799 3.6621317755890415
150 0.9626096357085425 0.18822883724923134 0.014605559856826655 3.662696779253277
155 0.9638394271984514 0.18166564423879006 0.0015953023284660528 3.6623878333582427
160 0.9636938544341782 0.1814912504760242 0.011920954118150195 3.6625517171108974
165 0.9682654211584665 0.15566962471360757 0.003928008835019758 3.6622241844949097
170 0.9630687635638544 0.18646866344176782 0.0022246059196455725 3.6618862813704562
175 0.9621459384175763 0.18662548922220967 0.005800175742815217 3.660488381701623
180 0.9650415905502083 0.1725331379861692 0.006740130629048657 3.6608778824009938
185 0.9673303276254339 0.16275100842785717 0.00044535223087383 3.661177717254619
190 0.9666433209037708 0.16504120237928355 0.005594711798055707 3.6609439380840882
195 0.9666795107323225 0.16872254984826007 0.0009954534431484419 3.660153953234571
200 0.9665230594819125 0.1656670914528089 0.004336674054268741 3.659772984089799
205 0.9681553566794419 0.15612379258397802 0.005874232053022732 3.6606600348514386
210 0.9655048070430963 0.17440594141909216 0.001661505482480008 3.66006688808584
215 0.9621271357394021 0.19606508733931927 0.004358506674740026 3.6600829729143154
220 0.9692899656500277 0.15131126027181763 0.003282349731279499 3.659997929266035
225 0.9643279872122155 0.1768942052310929 0.003590064360043277 3.659707238508369
230 0.9663009281373738 0.16561622741111215 0.004162057508314332 3.66033588454374
235 0.9634579880926091 0.18226407410822487 0.0036435243392634042 3.658872719136494
240 0.9669066486548967 0.16203326424209274 0.013000317916712856 3.6590308697370126
245 0.9653999042854852 0.17244387607389555 0.004637625375983001 3.6591332525723606
250 0.9670941680969958 0.16247173800349657 0.008443742699053347 3.658999872865099
255 0.965647327858248 0.16985707677077944 0.005324599325499335 3.659370068555036
260 0.966872924545041 0.1652359540549413 0.0015830217280536907 3.6590187265492666
265 0.9661459019183897 0.16771591117592255 0.0028918360274206023 3.659503739976431
270 0.9646525927864624 0.17761387375266668 0.002906970835835132 3.6595402682718143
275 0.9674007288352355 0.16142746447703615 0.001620657674869408 3.6592939795813466
280 0.9644542847884112 0.18034394052009217 0.004738612730181835 3.6590672830028925
285 0.9691908834477699 0.15190600531144893 0.003705914174108038 3.65950495973508
290 0.9642516877685592 0.1835396346821705 0.0014987089635847273 3.659033652134383
295 0.9633125115012107 0.1837366611975444 0.0047721340818889235 3.6593257985920316
300 0.9642892230098228 0.17903003059326883 0.004367102616546603 3.6590095950097905
305 0.9664775202012055 0.16877873858795356 0.006288310499462435 3.6588774041813026
310 0.9674614562537215 0.16359990904010147 0.0010030511895890992 3.6592805626351685
315 0.9694040622584359 0.15002748210827077 0.007792866397683618 3.658962152235095
320 0.9686334543989321 0.15444605576153725 0.0014399692165001365 3.6582112144623182
325 0.9645095593969992 0.1788933550492109 0.006006562770685786 3.657954094854871
330 0.9643737312540135 0.179046758493548 0.006269449562848584 3.6590321488560833
335 0.9697219529212155 0.14961342843433467 0.0008166830875315778 3.6580197278819737
340 0.9640317167437115 0.18159816155210384 0.0017285465453207305 3.6590938866033627
345 0.9660255935019093 0.17017468384060797 0.0009655404642201493 3.658918439960274
350 0.9633718440442303 0.18888356806087492 0.004715391693409954 3.658503761623432
355 0.9686895883481866 0.15471398812034165 0.002457017186292987 3.6585923314352042
360 0.9650357561335021 0.17616333065687506 0.007024594385166338 3.6579764842221136
365 0.9639195643494203 0.18158260541207527 0.00848307494420264 3.6580454270721106
370 0.9682184733011754 0.1594413640874106 0.002645911755736252 3.6579580134445426
375 0.9674134159602432 0.16118357498076108 0.00459454244332691 3.658732460471041
380 0.9660803672590226 0.16967715809750716 0.003175633726443694 3.6583516198747787
385 0.9643158131265088 0.1805364980920765 0.0042196759346355694 3.6573997111448215
390 0.9647017202837664 0.17613139619279483 0.007375207812618578 3.6579970666837323
395 0.9668633656328347 0.16309966487929195 0.00742689825617604 3.658044435657881
400 0.9661237916866464 0.17027844455258778 0.003819550479369882 3.6581211332525765
405 0.9648825746605993 0.17542285332459873 0.006153858195191209 3.6589677527687106
410 0.9654835009803528 0.1722065520102083 0.002923950023026034 3.658108737139138
415 0.9666568516865446 0.16518261676987933 0.005438825635033062 3.658283591911722
420 0.9666112423867863 0.16505916822603606 0.0020859045131600418 3.658589524583395
425 0.9660772487069511 0.16971699338595814 0.00171402963595213 3.657942390334706
430 0.9684385728078537 0.1551047118644857 0.007008284388587027 3.6577470334455255
435 0.9674886026449865 0.16138420133853604 0.008094143966459688 3.657667758700908
440 0.9672034427716383 0.1632229180902076 0.0019236623068938918 3.6577466491400834
445 0.9670839477906003 0.16592069820231226 0.006360264905388213 3.658061874271182
450 0.9667250474064133 0.16466805690359898 0.007718390976919842 3.658196963110108
455 0.9652954814934178 0.17153743992155146 0.003901050879977941 3.6572684672392963
460 0.9672352028974325 0.16482499743324253 0.00043591506605200614 3.6582478821895625
465 0.9646177701673218 0.1763336202640633 0.012341735555355005 3.6576926485564183
470 0.9641399910494795 0.18235934411936716 0.006045636124641041 3.657900163752259
475 0.9632674825187302 0.18727871606286728 0.006497501682853013 3.657934603560566
480 0.9661489284139361 0.16852925566013255 0.0016295048003631685 3.6575655740358637
485 0.9651322509265642 0.1766072984325162 0.0023053161097184027 3.6575276416965323
490 0.961633487687996 0.19495531078607575 0.004216086335599778 3.657414335588693
495 0.9654855357488676 0.17399167418975736 0.0018298332004611506 3.657817526702319
500 0.9654498387343364 0.17492712860754356 0.002567876769995925 3.657918864621012
505 0.9665991580687712 0.16530774161229278 0.0002761163977116343 3.6580468756348976
510 0.9653130125123723 0.17322519057710783 0.003336347118767957 3.657223067490185
515 0.965769898564923 0.1734147964075392 0.0009114593911647706 3.657434190914538
520 0.9676653935706988 0.16109661218803017 0.002985660014864555 3.657550913787075
525 0.9646755987973556 0.17662380719957715 0.006944929560065871 3.6578774596624477
530 0.9686051262664492 0.15437876338251266 0.0029051764037406613 3.657875535186297
535 0.9648078737484149 0.17885548996923095 0.005034352433999523 3.6575256006986523
540 0.9662455426496466 0.16856549031546875 0.001100617644692603 3.657475403398008
545 0.9658663224555684 0.1673262582996493 0.001192531163667132 3.657486239441562
550 0.9617330408846719 0.19055872541455665 0.009010602483099595 3.657067185693251
555 0.9654277823278394 0.17357469799957093 0.0017251447253359142 3.6573677408195335
560 0.9688026224357524 0.1537642152822709 0.0012508825040058458 3.656639539412927
565 0.9648004636286482 0.1779209130181818 0.003120839437893652 3.6576831423704346
570 0.9673016379658305 0.16162648832395288 0.0003307318745087162 3.6576410486572892
575 0.9667809119707407 0.16271898597165713 0.0033446497443558876 3.657401698057912
580 0.9676906643185141 0.159113297943406 0.00041324029675449125 3.657336497373871
585 0.9650659466696808 0.17303385327940068 0.008649561427220398 3.657121688112966
590 0.9646496370142694 0.17802346321051488 0.0016194646817397906 3.6572689452869946
595 0.9642285183331765 0.17904460641064013 0.0007014850040156784 3.6573790420371988
600 0.9644905038684111 0.1771239555320232 0.006868845945856794 3.6573724637764076
605 0.967148995797154 0.16247452581227506 0.006114520548064384 3.657226682571162
610 0.9659965074859105 0.1698390670129557 0.0038951770806774366 3.657300110856973
615 0.9652992513163329 0.1742945425562179 0.0036882137323670516 3.6570033976964096
620 0.9648471548950353 0.17485833223512648 0.008836177861745176 3.6572276982365746
625 0.968045116162639 0.15597626401091125 0.0021972251215953698 3.6568291316672368
630 0.9677308836861804 0.1596577557271468 0.0009640588974564324 3.6571422804440643
635 0.9695164593984487 0.1493911681742257 0.0006780716190304403 3.6569773048870906
640 0.964443923927841 0.17529992293837182 0.009440248710015808 3.6567085238607153
645 0.9673593184845333 0.1634293825213864 0.0014454733219333438 3.65722316714013
650 0.9646015259111816 0.17719944877331928 0.004718188841898119 3.657000344328265
655 0.9661245110772182 0.1676572929923168 0.0019530240414744604 3.6563102154005573
660 0.965172190275625 0.17375070176417262 0.001101473419881538 3.657272875823643
665 0.9657440846991476 0.17194425754065978 0.0012791932894111735 3.657399463689042
670 0.9666431186847386 0.16606731870744396 0.006850571592759591 3.6568620020517857
675 0.9658205850035786 0.17084701573314964 0.0032597366237059333 3.656573181703245
680 0.9685309680023979 0.15498503964167787 0.0020271525514841127 3.6577896179936675
685 0.9650986203326188 0.17516686494502887 0.005348560680506376 3.657251926021553
690 0.9667648457403956 0.165443750092642 0.006479343822236805 3.656967487687386
695 0.967399005613178 0.16217170173595985 0.001101473340870518 3.6568137589244647
700 0.9663603837020571 0.1677428946384314 0.005485967499041733 3.65682782294339
705 0.9641628147316619 0.17926035750328984 0.017989976108162553 3.656176634430388
710 0.9674668028550473 0.1615793697553416 0.0013467619227156558 3.6570361854600204
715 0.9658013494421214 0.17139638004745983 0.003796566080503716 3.656838291037659
720 0.9646144135397204 0.17648527285536053 0.004354108053497674 3.657193028832093
725 0.9671484690690197 0.16396497089762052 0.0009448992961855751 3.6565700367522176
730 0.9655901214275974 0.17217720733974184 0.0013411769519064975 3.6571974621248207
735 0.9653550789608725 0.17510767582329034 0.0020722174766010237 3.6568052909924496
740 0.9675139087251998 0.16119125882433893 0.003574651497163961 3.6563317271871454
745 0.9646289100429677 0.17841576907499412 0.007315517231911484 3.656764266171197
750 0.9665714908602687 0.16823321011628467 0.003980486996528754 3.657308452646343
755 0.9660138441511156 0.16899524587774373 0.00793583701793743 3.6565769969054354
760 0.9665306222398968 0.1672208856308659 0.0037733825299193224 3.657010050261468
765 0.9665657998059719 0.16657117832461976 0.0009811346230450546 3.6563522836743116
770 0.9664509905223984 0.16625635644821912 0.0006286969807909326 3.657242664768534
775 0.9643876091626273 0.18245256333734172 0.0006900846433834928 3.656784595815162
780 0.9682697083792594 0.1578853833183409 0.0006443302093535053 3.6568870186130886
785 0.9687225993996487 0.15496437778600747 0.00037808843291031735 3.6569474345728024
790 0.9672510160332276 0.16072868597284362 0.0024182485033881207 3.6561204774858207
795 0.968085843351908 0.16081882543633874 0.001168995981941201 3.6562827934786806
800 0.9705697616663345 0.14335265096506644 0.00015433174012935424 3.656899011876183
805 0.9653041306046165 0.17308143204243143 0.002667172998451317 3.656825936869002
810 0.9676079693761976 0.16096777092278458 0.00016797638679544313 3.6567640535002677
815 0.9683015963099536 0.15659646245376724 0.0026215948109926668 3.656971254930062
820 0.964597666002874 0.17867014643844792 0.0038112990048551065 3.6563592698442573
825 0.9664204445975828 0.16871192648966415 0.00339818452253815 3.656147657292753
830 0.9667855251299705 0.16513732603848474 0.0035767582734684833 3.6570314997498143
835 0.9653238743462822 0.17345893488554642 0.007077770632191616 3.656741427684167
840 0.9629469998502034 0.18728813272740163 0.006009964793948219 3.656799347596399
845 0.9663325689623765 0.16788854941999443 0.006101976074430082 3.6565842692131394
850 0.9670417272938913 0.1650436914931026 0.0011577777568108072 3.6566660964942264
855 0.9653943600700856 0.17269657933907023 0.0015476448271611876 3.6559762783166927
860 0.9686292854765941 0.15717621686624694 0.0010795202170617024 3.6566522257342933
865 0.9658568875463271 0.16948665862701517 0.0017683044404395165 3.6563015609370035
870 0.9681153160385105 0.1585667011757228 4.1663346171949556e-05 3.656949467830482
875 0.9665376654233258 0.16612600577006198 0.006783333750507214 3.656771797123943
880 0.966198667037287 0.16821018498358642 0.007253734937203715 3.6568103490793646
885 0.9682792117836678 0.15779792163487727 0.00055538497884422 3.656427402233261
890 0.9689236008346138 0.15579548240865204 0.0023332213974014415 3.6566131541245728
895 0.966616002720915 0.1678025054349499 0.0010167327306540574 3.6565649864830574
900 0.9678765226508655 0.160436892930087 0.0007070241011351008 3.657063431827792
905 0.9654530359013018 0.17259393081821361 0.007601707163696236 3.6565185425463405
910 0.9629727192859032 0.18490055925228877 0.017557887419788143 3.6565321080412394
915 0.9678472037535442 0.16157837768815986 0.003212060476521117 3.656542636555203
920 0.9656619011769164 0.17261470677328594 0.003553394846037561 3.6567109246510814
925 0.9655749965925173 0.17010815853679562 0.0016938520008036306 3.6564673196010795
930 0.9650510742620912 0.1757717097506042 0.002684480234393938 3.6565331637906127
935 0.9663461186901319 0.16919618767314226 0.005067475331275384 3.656170616578882
940 0.9654204664169057 0.17214063904864663 0.010409460966087192 3.656504488313759
945 0.9667184964583448 0.16709079869649157 0.0002590195159499764 3.656293118109629
950 0.9657183843050643 0.17153717662937273 0.003948878410000578 3.6566574478749363
955 0.9647866565518439 0.1767020311328884 0.0024867926080807123 3.6562402947266803
960 0.9655687331994942 0.17255973911164046 0.0013314103282306977 3.656337034167537
965 0.9647947509109591 0.17867887928545034 0.004450033555154942 3.656826021854873
970 0.9649348776341031 0.17771788187841375 0.0049680478947711215 3.656937701054041
975 0.968102102517387 0.15893751577623494 0.003234315581661873 3.656692401284173
980 0.9634324770976159 0.18292681181454729 0.01845764775576053 3.656517660654045
985 0.9661861004797789 0.16916785330011175 0.0009969896292703062 3.655912556712451
990 0.9667628789309051 0.16776276761957165 0.0070731560691976725 3.656445721105154
995 0.966039865013739 0.1705113236764788 0.002954147717779909 3.656480972698686
1000 0.9660581310528007 0.16911706816013172 0.004584375639302696 3.6565217067662057
