0 0.4267511684670029 1.9185703947798611 0.3399184888448563 0
5 0.9454628652530049 0.12585745355813405 0.024684897186718624 3.7926645241770722
10 0.9868988841556661 0.031180231943140235 0.002703096721892617 3.7050213201673774
15 0.9889168549575773 0.027152321580556915 0.00412808125779307 3.683961066459685
20 0.9915935431012901 0.023493184635830833 0.005425419341810844 3.6740468434429308
25 0.9956815367141041 0.01133470995730379 0.005625067392672323 3.6717279192098973
30 0.996459065395872 0.009557351708037842 0.0015819108558026151 3.6687897480964238
35 0.9976176578314884 0.008190025827659486 0.0032132308667287557 3.6676177454559014
40 0.9976910592600656 0.006075354191288351 0.006311793431250212 3.6667999828862627
45 0.9982228053672211 0.0057938300187951874 0.001509683529593353 3.664455358925725
50 0.9636256884541483 0.1717296139795641 0.005726228983164994 3.693035054786258
55 0.9659537627013591 0.1644132699483012 0.00901464426299925 3.6683967068371484
60 0.9640545698224514 0.17494970846554603 0.00305497680134148 3.6677929887707847
65 0.9634017775971395 0.17863037277698401 0.0054703860251104075 3.667668834387969
70 0.9662539520745337 0.16961476439128242 0.00163126672220959 3.6661768275602764
75 0.9636671731444187 0.179730287819027 0.006432561830514105 3.666621248191551
80 0.9591713357161854 0.20365905717752497 0.017965362288446363 3.665430921466531
85 0.9655007581800468 0.17484231846136478 0.00020035641305060636 3.6650665803944555
90 0.9645214845733834 0.17650282262872174 0.0012577010845531422 3.664082319959815
95 0.9677772311016299 0.15879356255266996 0.002893610837259253 3.6642220323915624
100 0.9677521045967862 0.15966713145430944 0.0013791013085306947 3.664209443468622
105 0.9636475104719768 0.1853570537636382 0.0005103054721027345 3.6640169028440615
110 0.9692580846305183 0.15117405124639394 0.0015278570483094889 3.6638204157152456
115 0.9625985403405414 0.1879725034710753 0.009894681505853375 3.663901870638495
120 0.9661867019341138 0.1656068821324106 0.0007790285756332782 3.6609412106033883
125 0.9641882221152227 0.18016878262418157 0.0036055062191331366 3.6633434727670124
130 0.9659116636798721 0.16976024554662938 0.0007076855816010585 3.6628403127348834
135 0.9598082729185846 0.20187578031826936 4.113307624908913e-05 3.6623772478214742
140 0.9644301795501566 0.17584695880087242 0.0067136043341371465 3.6608340772920247
145 0.9642908483622432 0.17996987401089903 0.0005960948584453618 3.662297608602246
150 0.9685478799534664 0.15577193567100522 0.003441831547285501 3.6611548532551392
155 0.9655258654939987 0.1741983483287144 0.0012996572153078922 3.661828393677722
160 0.9593060764278913 0.20187342906632955 0.017161296878443366 3.6609655788243667
165 0.9677178775930888 0.15958937439747078 0.0044161002519607084 3.6613768428080653
170 0.9664285752343713 0.16601988255697986 0.0021186525696970104 3.6604562483429715
175 0.9650937651729494 0.17239521461280827 0.008129259995559579 3.6605293212577634
180 0.9674938142917586 0.1626272326339202 0.0023165861969698387 3.660294287779536
185 0.9633246991002238 0.17808671529560405 0.0027000699969792485 3.660799997421895
190 0.9659035455276646 0.17068282855051242 0.0002510966452073937 3.6603854189530707
195 0.9683582647223006 0.15504249854254404 0.0034086694641091153 3.6600528323111665
200 0.9642828495035349 0.17726181572713662 0.0003799362272915996 3.660283505030924
205 0.9685334761250111 0.1544706087385621 0.0005145063497846714 3.6594985371584863
210 0.9628738131544128 0.1890280373499813 0.00021850500120312866 3.6608440999865093
215 0.965658542055712 0.1721125772834573 0.001521412664901467 3.6604934193610346
220 0.9658868256097243 0.16954969169876843 0.004341183820329997 3.6587509007759604
225 0.9691707149166773 0.15049839137659005 0.00115475839438961 3.6597788751331928
230 0.9602453490725544 0.20338971821217466 0.009404760745162388 3.659603652665684
235 0.964320701128367 0.18089244158095497 0.00042641226146744593 3.6588348254234417
240 0.9696386287193268 0.14788738503695908 0.00041941331652672886 3.659410421787722
245 0.967859449560194 0.15958436728961312 0.0007677366706577704 3.6591007457674287
250 0.9706951400357064 0.1417927513275279 0.008757787950968154 3.6599806279051723
255 0.9665607222367703 0.1650398929099972 0.0014752052274464855 3.6595142136950596
260 0.9673097299880957 0.16280967736306629 0.00025348718770290546 3.6588224509347316
265 0.9658340100911944 0.17275887602350526 0.0017388881643520815 3.65930095205487
270 0.9628353669437626 0.1921824036152766 0.005512325251259886 3.6580391956324996
275 0.9670414882248236 0.16655683120987552 0.0005746134225668165 3.6592834289895944
280 0.9659630619910204 0.16790088904368217 0.003471178538898112 3.6584158634911392
285 0.968460861548102 0.15688397719318958 0.0004333212083069693 3.658357975527462
290 0.9664346086019011 0.16628982285743543 0.006324650743327664 3.6586088095952767
295 0.9652813526019349 0.1713987840106559 0.009874991196034744 3.6585818362444065
300 0.966368908151785 0.1660879777001143 0.0012265320653468414 3.658971479512272
305 0.9673675722425239 0.16217699020800902 0.0006492517703524658 3.659038158745031
310 0.965984669372858 0.16803103713549383 0.003972896281533744 3.6583446269569335
315 0.9649845946466965 0.1749858553800019 0.006522722288475169 3.6586662589811265
320 0.9657880651225859 0.17223500406338665 0.00011126742305478388 3.659180542348186
325 0.9662505543009472 0.16711782033492195 0.0070354980565536795 3.659258633785356
330 0.9643798024896203 0.17678509892874406 0.007051215658100185 3.658179479966115
335 0.9631904657290757 0.18754336442132802 0.005123164234961175 3.6589406087795555
340 0.9666875708083438 0.16574751842966018 0.0013671090925551077 3.6589310086757734
345 0.9655384336517039 0.17214403463194738 0.0020596510273671598 3.659056162159306
350 0.9648639220013919 0.17790858333692405 0.005831995085477937 3.6586701715279086
355 0.9693545039393904 0.14878130504059373 0.005888256342398979 3.658376788321864
360 0.9662028357525319 0.16656312703791798 0.007092374038302429 3.6586058391163663
365 0.9614331567700827 0.19559278159128635 0.008386088214699994 3.658807243413867
370 0.9647300195190592 0.17676134766667673 0.004979109839771123 3.6591162191964766
375 0.9643627565074364 0.18206949149243545 0.001394854937709189 3.6576825137261313
380 0.9652244114852607 0.1756649387893865 0.0007127342489638977 3.6582904628869484
385 0.9625358849760461 0.18975519871380797 0.0022038968513569124 3.657876142899679
390 0.9656820096722336 0.17243254464725233 0.002901826126904039 3.6579045166787814
395 0.9664410262540378 0.16663162932065623 0.002465069131516673 3.658477028278501
400 0.9656817742423254 0.17245121336496982 0.001525283428885027 3.65871155839356
405 0.9642818144048628 0.17973195000447495 0.011256460763214404 3.657340590958023
410 0.9668042187401293 0.16522758841167473 0.0035802656444301473 3.658416596755471
415 0.9651904841878951 0.17540252650988597 0.004849259397716965 3.6585258917447914
420 0.9634114487005003 0.18617244498183227 0.0008601694724821307 3.6580183424109873
425 0.9689107596100034 0.15241044142874927 0.0016734563643154843 3.657661209068889
430 0.9678783540032663 0.160482235613296 0.0004976609320102021 3.6570275741857006
435 0.9664076745368804 0.16724452111887 0.003859016384656133 3.658255745023508
440 0.966878596817305 0.16487108317584243 0.004891533041253782 3.6581131726587692
445 0.9672302626136515 0.1616396456531568 0.007335359909018679 3.658486596125968
450 0.9673245060693683 0.1618681795004009 0.00024008860133473142 3.657361866108042
455 0.9697008273028644 0.1485781706967808 0.0009352487753409022 3.658477004500865
460 0.9635720968161001 0.183554229360825 0.011093626346539098 3.658132913318065
465 0.9661643178915662 0.16743577514950836 0.0024295631729978062 3.6586042780576093
470 0.9641051117369257 0.18067246920346403 0.01225591862727593 3.6572496281250904
475 0.9653949841453932 0.17241148147295693 0.002262688945407154 3.6578697922620638
480 0.9667171853195192 0.1661812649326051 0.0007212061143604398 3.65738471091134
485 0.9689370002711892 0.15205514380516316 0.00210914296250464 3.658134473679277
490 0.9655973273930806 0.17205759749159766 0.003409573911153041 3.6581115803166893
495 0.9665523016891704 0.1658447335133859 0.0014110005737859588 3.657851236609397
500 0.9652874140463291 0.17212565636685317 0.0015719475348556777 3.657928231265917
505 0.9664416943422721 0.1676794477571164 0.00379746556934224 3.657460590858147
510 0.9687214247785688 0.15630265780780128 0.002268896903052875 3.657719929437874
515 0.9662303393305101 0.16930156617341607 0.0033801113470364186 3.6577644867838575
520 0.9680329604959979 0.15930187942664498 0.0019051368682443393 3.657497033388346
525 0.966528293005988 0.1675905204380843 0.002202103885054596 3.6577657184414534
530 0.9676694931964359 0.16172699521484413 0.0016425198694738352 3.657445467997032
535 0.9630763756379876 0.18607839006061866 0.007785624935990887 3.657074944359682
540 0.9659012662167751 0.1718455853784202 0.0009600089260823896 3.658592943172431
545 0.9668177885179214 0.16608650639074973 0.0001301557025663591 3.6576952303475587
550 0.9662871778639481 0.1671902142287971 0.00990719400325002 3.6573887564248975
555 0.9643252971577674 0.1771017016406624 0.014910824656386046 3.657742919667409
560 0.9669478757783555 0.16492420709154176 0.0015681902032236295 3.657388916633011
565 0.9665805075137381 0.16689467206802844 0.001530419076773315 3.6576020839927423
570 0.9665969368190299 0.16429855023902595 0.003797457073524413 3.657467964743858
575 0.964192115911475 0.18072450495023284 0.0006415871769103187 3.6575484203953876
580 0.964662112004288 0.17806019110623694 0.001862136265285752 3.6572689652178694
585 0.9652449334687976 0.17505663145186334 0.0031567940448029574 3.657837331768611
590 0.9651502286269911 0.17446415546487826 0.00794957345586944 3.657799351610141
595 0.9614972529895169 0.19782825295902118 0.0048981805284240565 3.6576563728482414
600 0.966237346227206 0.1684735367587047 0.0036722552893937443 3.6572964888678223
605 0.9659216520935813 0.16938902280354817 0.008534602014869774 3.657372472235171
610 0.9665889450435728 0.17061817954113412 0.0032456766236910184 3.6568729425590942
615 0.9660342594687716 0.1735598936638758 0.001988890469338145 3.657636522510208
620 0.965419064396239 0.17343225840484378 0.0021255967212796545 3.657363199199377
625 0.9642231977796563 0.17936466341966772 0.005832362234173827 3.6568815054463273
630 0.965435008751811 0.1705977582908087 0.003213277894797306 3.6573089093751134
635 0.9670390855975686 0.1632049387855039 0.003113719825791339 3.6575441108595634
640 0.9642941743472699 0.18080344561228667 0.0022379522445643563 3.657344242326036
645 0.9652238799886665 0.17335090418548393 0.005399913807390799 3.6570969033977336
650 0.9622445840913214 0.19579954219732487 0.010053996607001014 3.657297373471888
655 0.9671909261961302 0.16223189572295293 0.0008261624242886789 3.6575334876944425
660 0.9642933071233502 0.18296992310550397 0.0010528808953427227 3.65770895900407
665 0.9660031621396822 0.1694601717515707 0.00494986258695973 3.657940672391413
670 0.9635644429069596 0.1843241713030399 0.004290921075840615 3.6574231122419856
675 0.9649764858831831 0.17531806523511628 6.86596656314098e-05 3.6575155016023575
680 0.9699657296199837 0.14881888162853718 0.006806288986451525 3.6568593863566337
685 0.9664881558371252 0.16874889064684284 0.0031437368482303274 3.6570697863160393
690 0.9669939662281437 0.16256712206134782 0.0061729050709182776 3.6569394546943967
695 0.9650196706923827 0.17448361709412596 0.009016556773090878 3.657484502067967
700 0.9668558450827215 0.1658733743278078 0.0011607193595530862 3.657071197739029
705 0.9668548235897888 0.16666596421442037 0.0007371204582096169 3.6569436864620624
710 0.966632576238448 0.16417846667280855 0.0003462056441094763 3.657645907427764
715 0.9673480421389595 0.16191602745530398 0.0009994257129215534 3.657128891712629
720 0.9669525878044474 0.16455983214101444 0.004471887898452431 3.6575002317237466
725 0.9660003581197567 0.16877834513946155 0.008031213605726562 3.6570279179528393
730 0.9659025262712573 0.1736480900827173 0.0009594413890632314 3.6567404198905935
735 0.9644076524946068 0.17710574801864798 0.0024116632074868694 3.6574930814841258
740 0.9667538736248735 0.16580072228096654 0.002083772892620628 3.6571166424699935
745 0.9665123176975496 0.16913192483141604 0.00263202442417354 3.6570938752568263
750 0.9676548305776227 0.15653873645733585 0.010482782989074568 3.656893324992998
755 0.9651726134214846 0.17424929564659042 0.008717302964343476 3.6568920060554655
760 0.9665533173299139 0.16792929312128502 0.0032354763442812295 3.6575542312333496
765 0.96712298949165 0.16571733859614035 0.002813161812901921 3.6575732731318387
770 0.9637186894734413 0.1852168991584664 0.0016552043450650533 3.6566333784653757
775 0.9683231323762188 0.15821506327365764 0.00036432978678524464 3.6570515123485916
780 0.9667311950888304 0.16747185577768597 0.009358188572539783 3.656851137741084
785 0.9662868530742261 0.16938123086306067 0.002373169054256108 3.6573469620843015
790 0.9637807082126555 0.185416552967669 0.00016418682064411882 3.6566660721715265
795 0.9638794756013603 0.18432843795649045 0.000818759062829244 3.657222887886616
800 0.9664309655341614 0.1674467977644838 0.0006543007064250261 3.656823056012889
805 0.967550179655987 0.16069152396911113 0.004107113010661356 3.6568488457349866
810 0.9645573889520204 0.17440878514893887 0.005902884999230862 3.6563699452019383
815 0.9667144542135199 0.16527023793578355 0.0051540569839123584 3.656884366007487
820 0.9697486481302162 0.15041042503883162 0.003534511176870092 3.656543947406343
825 0.9646273083319139 0.1793127559608556 0.0015901878281687765 3.657180100689566
830 0.9692551761433463 0.15195230270617 0.00011677076865890257 3.656757284607238
835 0.9656303182155564 0.17428816354921972 0.003605308315361544 3.6564411003373873
840 0.969423724321451 0.15166295444236422 0.0053653305307801435 3.657074652514966
845 0.968699467054084 0.15472702763140056 0.011297761287132113 3.6560965545478394
850 0.965440448061545 0.17211514966528174 0.012655319038829216 3.656455609369073
855 0.9657011349066809 0.17182852402827864 0.004397404337456168 3.656950248092352
860 0.9669962440839 0.16304116035864258 0.004341680233413747 3.6567796429282193
865 0.9665794547666458 0.1648961808407643 0.009407357762167612 3.656927620258512
870 0.9675686282291265 0.16121929208203234 0.0035426094010040377 3.6565250311560877
875 0.9709303761043588 0.1426757689978837 0.006114787167565305 3.6566151818993573
880 0.9666945865902538 0.16712328636874663 0.0013673306335615365 3.6572615791529417
885 0.9639130586871077 0.18133982865704157 0.002271724848281309 3.656384999423125
890 0.9680280115156786 0.1590269276645877 0.01105177768445742 3.656595893176729
895 0.9668619990926376 0.16479281413030566 0.0006986048280135382 3.6563123099818635
900 0.9655864999411745 0.17082080706146208 0.008079812625190641 3.6560847815511797
905 0.9679888859299615 0.15942395997705994 0.0020259194431835326 3.656756276881964
910 0.9638442266032304 0.18184677209665612 0.002899198210789322 3.656282840228768
915 0.9666009617001581 0.1670111777705463 0.0016516229004504002 3.656841923854171
920 0.9666445696736945 0.1669499149161 0.000258562840504295 3.6565830277466658
925 0.9623375454826555 0.1940878985613228 0.006761483344939423 3.656608677263259
930 0.9679963899129957 0.16031343744609483 0.005590391436313791 3.656301374711205
935 0.9664470647230933 0.16730938910120763 0.0020108115275128124 3.656121545553985
940 0.9647174967273532 0.17870066961870767 0.001303056032667227 3.656341531696589
945 0.967176403571286 0.16328920216720766 0.0014899781597141892 3.656245000290175
950 0.9683550637180371 0.15716219645988572 0.002769288052493657 3.6565159743978186
955 0.9676389531751519 0.16135002466762405 0.002587570713404874 3.6564009601646945
960 0.9612018795646307 0.19383520106017116 0.01243844001504657 3.656196019760866
965 0.9671290800784622 0.1655328274818908 0.0045568033106822 3.6573542733957614
970 0.9642209157924431 0.18142704636595397 0.0005401485595040167 3.656233156413896
975 0.9659262495278702 0.1705715961094194 0.008939002591281886 3.656782111991963
980 0.9640266704722188 0.17940060257930357 0.007157844551774373 3.6564750170940834
985 0.9670819741913641 0.16392942471854877 0.0035955076009819287 3.6565305088259725
990 0.9649665602196327 0.17363079938682136 0.005397609510042978 3.6562674446580705
995 0.9680476237281109 0.1593925535085825 0.0022372520898961135 3.65635176588012
1000 0.9651843482203768 0.17531379908160005 0.00014350654421257936 3.65688563619612
