0 0 0 0.20759092558836656 0
5 0 0 6.309206994070671e-05 10.5024354062823
10 0 0 0.0036942016777838926 10.260391250257882
15 0 0 0.0038739346509735206 10.202560177206319
20 0 0 0.009187031996702677 10.162380361909136
25 0 0 0.006984566703664541 10.149368664771758
30 0 0 0.004896410644458227 10.1155718018285
35 0 0 0.01295669259319121 10.095687618505591
40 0 0 0.0005322670790461892 10.065766498320249
45 0 0 0.01261948915833 10.060332830522531
50 0 0 0.011254834832438831 10.051494134184036
55 0 0 0.00798843052634024 10.032496472066304
60 0 0 0.010047530813372285 10.041170585608072
65 0 0 0.013311915417853148 10.029429073602595
70 0 0 0.008903228464440804 10.024683037607398
75 0 0 0.0037921817401664892 10.0247808652122
80 0 0 0.005316483243135828 10.023409863426425
85 0 0 0.010741287647546116 10.021203671929237
90 0 0 0.010039659817987268 10.015534383039196
95 0 0 0.013802406960277347 10.01592841957946
100 0 0 0.010035958555023816 10.10356306193724
105 0 0 0.014755240711675999 9.991585560989353
110 0 0 0.014878385820147333 9.98694108662313
115 0 0 0.014460599009452846 9.987524782520909
120 0 0 0.01447783028151739 9.986389473321418
125 0 0 0.01379171000084689 9.9858753593474
130 0 0 0.012078585630318717 9.982650966343835
135 0 0 0.01334891905926705 9.982914607445384
140 0 0 0.011660379315785452 9.980032175374317
145 0 0 0.01183221333209028 9.981547560298583
150 0 0 0.01586679709125871 9.980789687802496
155 0 0 0.012924477559560499 9.98282247708024
160 0 0 0.01088282371298499 9.983715182248632
165 0 0 0.014065776551547948 9.98088726073728
170 0 0 0.013253371362565769 9.980998782731858
175 0 0 0.01411765230614237 9.981024667087024
180 0 0 0.012393928489996542 9.979008763611949
185 0 0 0.014029124814870952 9.97915529259138
190 0 0 0.013699918129268518 9.979178856892105
195 0 0 0.011310730655742951 9.978597694974216
200 0 0 0.015740504235732367 9.981130002420613
205 0 0 0.009461375136451178 9.979420826154993
210 0 0 0.012442823399596126 9.976484594338348
215 0 0 0.013665886408887218 9.978711272990239
220 0 0 0.011276303231373186 9.97619288743185
225 0 0 0.016316112700819563 9.979405423963748
230 0 0 0.016531392418913438 9.97520929414589
235 0 0 0.012205727328069571 9.976545259168999
240 0 0 0.015283443198961466 9.975885192965679
245 0 0 0.012760596411334868 9.974995336325476
250 0 0 0.008966402524013262 9.97686250564633
255 0 0 0.011006801620261353 9.975728251192182
260 0 0 0.01290498653330574 9.974928030349163
265 0 0 0.0141544252709207 9.976316174680704
270 0 0 0.01211656494147606 9.975880724976657
275 0 0 0.015207399623800244 9.973430348802857
280 0 0 0.015159832719382704 9.97638111529648
285 0 0 0.013315206444303618 9.97262165261521
290 0 0 0.012166114317108123 9.974115286588953
295 0 0 0.009987092757567151 9.973333332650231
300 0 0 0.012319211523971418 9.974747843995878
305 0 0 0.012641181555764103 9.97363914099302
310 0 0 0.016204804724810007 9.973787502650515
315 0 0 0.015884736119426313 9.973265900262636
320 0 0 0.011733435688534577 9.973263436508397
325 0 0 0.016309066959194984 9.972945576092375
330 0 0 0.010527466516281114 9.973033126900031
335 0 0 0.01124384285852087 9.971931881184249
340 0 0 0.013682967801345036 9.97346923217534
345 0 0 0.011977458637939087 9.97301614668645
350 0 0 0.015732114129113572 9.971818079627125
355 0 0 0.010323080355925773 9.972449339387543
360 0 0 0.01129643038692496 9.972548238824128
365 0 0 0.011415718744178571 9.970661169536658
370 0 0 0.0141102429953599 9.97164630627492
375 0 0 0.012777893807765395 9.972314481486963
380 0 0 0.011387067592680822 9.972345104125742
385 0 0 0.010393529931285173 9.969548276547753
390 0 0 0.011044280972686504 9.972342908283604
395 0 0 0.009543981434579685 9.971228395105621
400 0 0 0.007706538219102388 9.971324268766132
405 0 0 0.014664282185727906 9.970457679746275
410 0 0 0.007760408123038243 9.969124749642992
415 0 0 0.01646619066466637 9.968606739078375
420 0 0 0.011527530480520465 9.970213537758516
425 0 0 0.008644337830124194 9.96940863236279
430 0 0 0.008660392428504471 9.969050186596666
435 0 0 0.013147942837560489 9.969068961949672
440 0 0 0.006965675865094001 9.969056712631074
445 0 0 0.005878833421356422 9.968179875352627
450 0 0 0.013340462313012669 9.969450739223543
455 0 0 0.013708593521066792 9.969189983748652
460 0 0 0.01674311905019321 9.96782518791826
465 0 0 0.01847647183626866 9.968866077523534
470 0 0 0.013551388120720542 9.967369867284713
475 0 0 0.005731313302416385 9.967165425772011
480 0 0 0.0152937658869019 9.966351953340727
485 0 0 0.011383944709821403 9.96588194636051
490 0 0 0.010881465222626563 9.966031005540913
495 0 0 0.012942836767466215 9.9651698636499
500 0 0 0.015020951050430886 9.966270156928955
505 0 0 0.00841044752660336 9.965181212906577
510 0 0 0.018088421170583846 9.965938125386327
515 0 0 0.013470749805307047 9.964419148089403
520 0 0 0.007784361253315053 9.96447753609636
525 0 0 0.01682668254142272 9.964794596985183
530 0 0 0.003648365227328698 9.962640031929865
535 0 0 0.014229489539311135 9.963652475279918
540 0 0 0.007869677131667752 9.963188706166004
545 0 0 0.009691786615077191 9.962455547368055
550 0 0 0.011990637623918499 9.962496717940788
555 0 0 0.007292351792369756 9.960727527236468
560 0 0 0.007980866700065148 9.959452550725329
565 0 0 0.006162354617749832 9.958671714872498
570 0 0 0.009749405435320213 9.959255770315062
575 0 0 0.017147079758289774 9.960373386787285
580 0 0 0.0028732876834691723 9.957939510006304
585 0 0 0.02784994986983169 9.955836636758512
590 0 0 0.01597667085457588 9.956149022734518
595 0 0 0.011420937884951021 9.955387454903077
600 0 0 0.008810473278655362 9.954858593642621
605 0 0 0.012195637287173433 9.953962832207578
610 0 0 0.017494984735600294 9.952367737689526
615 0 0 0.0037663568798218527 9.954135361208614
620 0 0 0.014941863955025614 9.95087623427945
625 0 0 0.005317297847905911 9.951031543148364
630 0 0 1.2327699540959358e-05 9.949816536219371
635 0 0 0.004212186330301737 9.9492483673472
640 0 0 0.005238243070250004 9.947727853665269
645 0 0 0.016858246993080472 9.94553561304419
650 0 0 0.003250979353435879 9.946170548849013
655 0 0 0.010799178004841092 9.943608594798262
660 0 0 0.0055904788790339666 9.944130110757499
665 0 0 0.0035708806658487635 9.942333636416393
670 0 0 0.013484409786816087 9.940529307151156
675 0 0 0.0010750605409330927 9.937609852867075
680 0 0 0.0006099857027841438 9.937936131514727
685 0 0 0.007316228160195726 9.934939227939775
690 0 0 0.015883162643906212 9.93647272538965
695 0 0 0.003585239349107372 9.934406028971859
700 0 0 0.0006786409567089979 9.93401299550601
705 0 0 0.004959797028865287 9.931461939483842
710 0 0 0.004870527806118741 9.92937256574515
715 0 0 0.001078314920643253 9.927435773697992
720 0 0 0.0027459606446955664 9.925954487210362
725 0 0 0.0007720324547366708 9.923779349875574
730 0 0 0.007598017611694319 9.92156134352303
735 0 0 0.013559403857649865 9.918818430920512
740 0 0 0.013592490563367088 9.917866246650108
745 0 0 0.006931517130850162 9.916344761246792
750 0 0 0.011378881686350706 9.914893618314238
755 0 0 0.011486186991868097 9.912000850672467
760 0 0 0.018417283975058263 9.91002671524272
765 0 0 0.011913626741796968 9.907985627260768
770 0 0 0.009502392686605798 9.906093583874487
775 0 0 0.018698024212220554 9.904116543449408
780 0 0 0.0025878171128144167 9.902705699001325
785 0 0 0.019006453536714263 9.899594228109637
790 0 0 0.0005329358325063538 9.89558411937491
795 0 0 0.0017173639593732748 9.894152975420148
800 0 0 0.008438856296247632 9.891768599450295
805 0 0 0.02140887880796205 9.8892412734542
810 0 0 0.003762688358696975 9.888997648496742
815 0 0 0.04698015026403324 9.885277834830209
820 0 0 0.04354429981330421 9.882481023428193
825 0 0 0.008364422008297234 9.876857036805202
830 0 0 0.006653904161718627 9.878391446379448
835 0 0 0.01548775350427567 9.874376476449942
840 0 0 0.026275220851009085 9.871165553991906
845 0 0 0.025373791797511425 9.868361827596681
850 0 0 0.04060116903499211 9.865766496042877
855 0 0 0.027483742602843586 9.862830052214331
860 0 0 0.028756343968992848 9.85980361260741
865 0 0 0.050573032876264135 9.854546141681345
870 0 0 0.04700158882134087 9.854085890069356
875 0 0 0.06163509526230504 9.85209485164748
880 0 0 0.0673335935386068 9.847271580275537
885 0 0 0.030955106102075636 9.844333466632786
890 0 0 0.03488510340755657 9.843593592599603
895 0 0 0.08300381413897262 9.840726953885973
900 0 0 0.05374061793237539 9.835501828616112
905 0 0 0.048226646070590906 9.832092877032842
910 0 0 0.10830055958369034 9.832361868443746
915 0 0 0.05823795617384908 9.824483538868874
920 0 0 0.05114205046136178 9.824581396384863
925 0 0 0.06021536613287681 9.820525661964744
930 0 0 0.08318368368365259 9.82002230885944
935 0 0 0.09183685275347742 9.817130432260413
940 0 0 0.07564198401242228 9.812516401731497
945 0 0 0.061653957396996306 9.80747497824941
950 0 0 0.06322856399008625 9.804946829649372
955 0 0 0.0665194676528249 9.80304282035634
960 0 0 0.0904736650424447 9.800459478431318
965 0 0 0.07872218010157228 9.799376957455546
970 0 0 0.05793659784003058 9.796898821613762
975 0 0 0.10233766455279003 9.791625971118602
980 0 0 0.06652219040820051 9.788093410832367
985 0 0 0.09754003272684031 9.786314449648872
990 0 0 0.09036230058769257 9.783406591903926
995 0 0 0.0968970996022045 9.780967711195025
1000 0 0 0.08894203628630626 9.775969503941766
