0 0.4267511684670029 1.9185703947798611 0.3399184888448563 0
5 0.7449508367785822 0.6460655183442334 0.05665319802459723 4.373330342393638
10 0.9329025047657884 0.1565109841252994 0.014600928115326317 3.813614136682217
15 0.9364108976321313 0.1485154921800409 0.01953284820465684 3.8046176987598597
20 0.9370577528648389 0.14715975627462763 0.012367015216824262 3.7988783681332405
25 0.9390012099518483 0.14065682964298798 0.01566076965783081 3.795971539612725
30 0.9403491780874595 0.13710819509054772 0.014611568699313349 3.79382749273245
35 0.9409549487675306 0.13610178346428237 0.02911329682090269 3.7925705480831353
40 0.9412696432733987 0.1345777024354664 0.027883374250231574 3.7918156843763886
45 0.9418481309984194 0.13390133368280743 0.01753586698246079 3.790682459129861
50 0.9402349427752013 0.13722194883514938 0.027476015442378987 3.7897171047413303
55 0.9421261956648163 0.13309039125615074 0.036902498237067816 3.789949359485996
60 0.940038554357786 0.13811987632474398 0.031221744240226057 3.7892758246893563
65 0.9416545713896006 0.13411156530700374 0.02958212287726858 3.789160108376352
70 0.9415602773587639 0.13544866466283434 0.02364691769338023 3.7880087560710067
75 0.9428768951969201 0.13114136236183027 0.01938569001960544 3.788106601407767
80 0.9402601954461395 0.13770306395947873 0.02837637255213865 3.7877461345435393
85 0.9432248101042175 0.12985203922750443 0.028650003689547843 3.787007757896408
90 0.9427616519387273 0.1313769344838387 0.023801283250074468 3.786706640633098
95 0.9429055977229319 0.13015232302041957 0.0471011627576301 3.786186836894878
100 0.9342202819905254 0.14155363928358167 0.003162832796284265 3.6691243748709415
105 0.9287565908867634 0.14927066886319906 0.0011159615110274412 3.6602129514044255
110 0.9273650296556601 0.15209024929535575 0.004136100196063808 3.660241481248823
115 0.9269710023852702 0.15279575126886424 0.003024731147932558 3.659801200246814
120 0.9271963077542826 0.15269818275217562 0.002509490732585773 3.658783831964955
125 0.9272228043537886 0.15237121057380643 0.0011573365910417799 3.660082083774937
130 0.925727278694235 0.1560730450657295 0.0011938037143552904 3.6596544108513145
135 0.9196455958076297 0.1750418378119547 0.0066519962375324315 3.6591125251863366
140 0.9258652872200234 0.15568079906423637 0.00461516065403389 3.658393470326603
145 0.9276267325351697 0.1515911067376421 0.0029114859052479236 3.659661952938759
150 0.9262212608528854 0.15464436583655328 0.007351823940244584 3.658848320363079
155 0.9270019009294526 0.15287585818252314 0.00577134065083551 3.6594225096292847
160 0.9229495155805392 0.163214557845051 0.000823179692514886 3.659064573587295
165 0.9268164234088395 0.15341137891165202 0.0017184074958003226 3.658963956414453
170 0.9267316396999654 0.15380260727812534 0.0025044810645735716 3.658400869403325
175 0.9271172791164766 0.15240534390857263 0.001195337518879791 3.659126689421674
180 0.9265904314879709 0.153636538110542 0.0008000251604680653 3.658497072147014
185 0.9209946454956827 0.17015556085352124 0.0010442941096020508 3.6591663495929576
190 0.9258268548369248 0.15532033409598345 0.0009629597859435179 3.658995804975252
195 0.9266723141691854 0.1533046343040949 0.0005420524114496672 3.6587130773382213
200 0.9189299430160145 0.1756359419534519 0.0011733336046357845 3.6587310808424025
205 0.927847563211041 0.15089360190752021 0.000633168407092155 3.6583098364650994
210 0.9254223287524044 0.1572967999471997 0.005786866519513101 3.658924516337752
215 0.9268775762977286 0.15316335343519683 5.1106838440118096e-05 3.658587668447103
220 0.9269917999965601 0.1528185350174711 0.0029342751920427013 3.6580518501182127
225 0.9270345207954998 0.15271053482091057 0.001315551424013739 3.6587366954895475
230 0.9235398234677619 0.1615390743059355 0.0005613596073092975 3.6583694983372284
235 0.9272922762904332 0.15195849185237664 0.0015237757121164819 3.6582800218215543
240 0.9263562204437037 0.1539152215694708 0.0024142858133209266 3.658624334593849
245 0.9275063555387187 0.15153331857157148 0.0025107955600705 3.6584751386981047
250 0.9257968915977394 0.15539680390541388 0.0012842750851225215 3.6588411965271646
255 0.9235278807653711 0.16164742721927272 0.0020747432798031706 3.658271569078338
260 0.9236311421936515 0.1610284593116913 0.00012574548574928457 3.658913689995112
265 0.9266108607776828 0.15343590493473114 0.002869546856172134 3.6585855553505513
270 0.9268266274491354 0.1537986339837163 0.0009396406065242946 3.6580143839386405
275 0.92603943612557 0.1547407457277461 0.0004176147186496504 3.6585135190939213
280 0.9262992898780481 0.1540294402693574 0.002966179156266069 3.658502095963814
285 0.9268944344370654 0.15285914582395232 0.003229939281039762 3.657458884874963
290 0.9264819997549614 0.1537764278960072 0.0037169529181917405 3.6580629239254305
295 0.9261822753925175 0.1544483796560039 0.0018145974394656594 3.658341044213542
300 0.925678318263436 0.15572560398339252 0.000989684678695868 3.6586278749229395
305 0.9248394266458325 0.1580189145238231 0.0014314327828051088 3.6585031208602357
310 0.9246925086168428 0.15841252896817126 0.0014181573582108253 3.6581314749980347
315 0.92673776042607 0.15314583363358159 0.0005277842227455753 3.6583243106313987
320 0.9267366615560504 0.15376929176955878 0.0029227490897050235 3.6582822741682044
325 0.9264266664062897 0.15391561322567782 0.0024327545245885762 3.6586849508235644
330 0.9236950706489266 0.16131876871996376 0.004054717423880527 3.6576921276074414
335 0.9263281030658357 0.15514167354301112 0.0008187118660800685 3.6583508706576295
340 0.9266691992606515 0.15321063571414673 0.0020425812019861933 3.658864225859269
345 0.926260856284427 0.15429294007458916 0.002794814756440056 3.6584444411206594
350 0.9273184183866576 0.1519327562026591 0.0020082616681109666 3.6579510591843403
355 0.926235887078084 0.1541391923952058 0.006042592206031205 3.6582944975036407
360 0.9272047642170858 0.1521254198156914 0.0006092095022280919 3.6581548649819084
365 0.9228262000543503 0.16463691814032577 0.002968052361024931 3.658153271620021
370 0.9261882016767253 0.1545188499021486 0.00021326172895785867 3.6591127155388294
375 0.9272617545305197 0.15202188173937836 0.005239494516289911 3.657917236035482
380 0.9238931121495217 0.1617089801033611 0.005721789188270376 3.657700078775546
385 0.9274154273484603 0.15204685581619426 0.00311395242916479 3.6574545526707705
390 0.9268166394509493 0.1531012122803488 0.00030217960444445247 3.658132923768676
395 0.9272204835479962 0.15219559417162998 0.0020154546683008867 3.658419447252987
400 0.9268483255096666 0.15292075365340008 0.0001857687529758234 3.6584165583739208
405 0.9272328804160967 0.15209856934709043 0.0024632837294675802 3.6576462737624165
410 0.9251830655474422 0.15732240388968854 0.0033009864873612127 3.658328078572749
415 0.9265979820061743 0.15355701556150247 3.809668166554481e-05 3.658022942349772
420 0.9257040734787749 0.15591298174407164 0.0034688858755729246 3.6580139542412193
425 0.9267191671998836 0.1533719204984494 0.00030658974094421865 3.657881444161313
430 0.9264485590929806 0.15442700506956308 0.00023255831833357554 3.6575845204857664
435 0.9258876780167122 0.15523535298307234 0.0011979735634009003 3.658162335524527
440 0.927122307154892 0.15230750025499606 0.0009717402921343155 3.6583091598668336
445 0.9267843020816825 0.15303792321741438 7.351143816536343e-05 3.6582595487545375
450 0.9264183138013269 0.15486096570927899 0.0007824496969115469 3.657719390164597
455 0.9265719828343579 0.15356215458774836 0.001988424389770982 3.6582681268984136
460 0.9272909803145412 0.1522624675561257 0.005021667434344845 3.6577444073673377
465 0.927462662722112 0.1515464338490573 0.0005356757752883468 3.658131176063827
470 0.9260124330205595 0.15510458033919594 0.003392019551683889 3.657509586938304
475 0.9253001369398697 0.15663746262854605 0.00485599333525788 3.657871565676066
480 0.9243934706211264 0.15916376224152584 0.0002220908841785718 3.657718408950279
485 0.9271939445631772 0.15210987239829166 0.0005220408552222278 3.6585679172692194
490 0.927414785273848 0.15170321268828735 0.003525345705599481 3.657715299468848
495 0.9258876655446305 0.1565826578166809 0.00030981659350581836 3.657970967293364
500 0.9257286431239515 0.15581681315660578 0.005618744233834461 3.6578375236721503
505 0.9263493534878056 0.1539930643293168 0.0016024726421133284 3.65778749611177
510 0.924916364350384 0.1577771585909007 0.0005856128240724345 3.658056590373519
515 0.9275620581162412 0.1513139281365663 0.0011002756775833067 3.6578728660362274
520 0.9269771095171995 0.15260383693913582 0.0006097625727801148 3.657581578129302
525 0.9254366200258104 0.1577928376927522 0.005807543053894415 3.657671180194366
530 0.9263527058812268 0.1542374382534475 0.00023978943386393503 3.657890761286768
535 0.9267725848825101 0.15296326410694183 0.00269271369098556 3.657841911988319
540 0.9263367156825103 0.15434414422988674 0.001763076004470232 3.657620374110023
545 0.9262303764677458 0.15519257845872758 0.004009802996159717 3.657362220166309
550 0.9279170059863423 0.15099394375133635 0.005192657122360611 3.6577401575529205
555 0.9211819639311843 0.16994679615999164 0.006919584616630781 3.657346807703551
560 0.9271708578584783 0.15237150756379103 2.8814335306659444e-06 3.6577333169451083
565 0.9242816087982844 0.15982196578515184 0.0018411652556904468 3.6578719574186285
570 0.9268282887900454 0.1529125563328102 0.005910778250034943 3.6575629475807676
575 0.9272764579096044 0.15224687396696668 0.003911214461474355 3.657410723538369
580 0.9239044014555894 0.16139656635109212 0.0005350300494082472 3.656961264576696
585 0.9275954507000245 0.15157359220272593 0.003926271488484456 3.6578381609406745
590 0.9271675599318702 0.15209643756291857 8.892600165899545e-05 3.657865872078462
595 0.9279861309730857 0.1505326022714102 0.00014798531033921591 3.658007617965526
600 0.9272285718696778 0.15231805322676228 0.0030271894116826736 3.658136889762288
605 0.9275899993989845 0.15123181274879283 0.003295380043731644 3.6575998176495035
610 0.9270476125620906 0.15310053251989597 0.0015060452455741835 3.6573474468269453
615 0.9252399638900777 0.15741810763057895 0.0002485875288782413 3.6576545386139427
620 0.9275093698539829 0.15141135355233049 0.001354245656269848 3.6578133587194053
625 0.9261399350488952 0.1552241428436476 2.6038813171203046e-05 3.6575666442655774
630 0.926640520644004 0.15402184852834822 0.004023124068993855 3.6577191145927204
635 0.9265547470655027 0.154320753634563 0.0014178153452708564 3.6574790265864157
640 0.9279130411714236 0.1505726531259568 0.0010866162139508972 3.657427313381989
645 0.927342446705065 0.15235458653564127 0.0008249918697262881 3.6573058566349506
650 0.9274306119190585 0.15180560864571024 0.00018813211157575616 3.6578201993010917
655 0.9252371582003733 0.15720649136171083 0.005711369058750693 3.657559303617681
660 0.9280516488651508 0.1503988099554805 0.001363536113867525 3.65732564653565
665 0.9282364030670698 0.14987963622085054 0.0013694931457957082 3.657924629023052
670 0.9244867453585581 0.16047223537570865 0.005311258424271159 3.657157866377281
675 0.9279761549252044 0.15071374382475122 0.004204775950566342 3.6576638924249743
680 0.9275059530738388 0.15139392420314124 0.0002589504974876977 3.6572410673668703
685 0.9263172642887705 0.15451355155813973 0.0019632682811623337 3.6573473373554233
690 0.9275995844257352 0.15121252552091846 0.0005712386553717863 3.6571869812719724
695 0.9272840093232075 0.1520944634753718 0.0007132578222952546 3.657485965845379
700 0.928385408390062 0.1496454556231792 0.0028901718176486124 3.657098748961358
705 0.9277738173745935 0.15094370695388504 0.005146510182230335 3.657060293566764
710 0.926994811492158 0.15246206966337272 0.0020890735709262476 3.657500674731752
715 0.92575867878091 0.15599319563044567 5.4400115365282886e-05 3.6571695065602547
720 0.9259871555177186 0.15556998436939473 4.981581802931956e-05 3.6574444033665783
725 0.9263492614236812 0.15537525975342925 0.0016044464982545303 3.6573803784964216
730 0.9278381075355775 0.1511513224099037 0.0011704816534050533 3.657094529587214
735 0.9257411718430433 0.15617737403525256 0.002504271774771638 3.657378465687434
740 0.9278092709569363 0.15086297068512966 0.0024605634945400467 3.6573597508708495
745 0.9279958164104741 0.1505342923102888 0.0033380857700890942 3.657002425568215
750 0.9277861828210698 0.15088945776585838 0.0034634741982537687 3.657349946153696
755 0.9278445365321835 0.15081673619476677 0.0003077750969247006 3.656619198359599
760 0.9280875440570215 0.15022696418290593 0.0015262062779801688 3.6572753660867954
765 0.9256794195515499 0.1564016446396601 0.0011997024931986733 3.6577743755756087
770 0.9250757115038586 0.15956785716627797 0.005214435118430671 3.656995615662378
775 0.9279824322078482 0.15029642720476488 0.0014186668570070893 3.6570074758161155
780 0.9279462724321594 0.15044794718953503 0.0033255640123652785 3.657427113677171
785 0.927509397594104 0.15169213256581937 0.0019686857599650054 3.657347201709961
790 0.9282245368703803 0.15065044319521625 0.0027650345701073498 3.6571041050577646
795 0.9283735164504074 0.150353749456964 0.000961152236274021 3.6572776377788405
800 0.9270638563073577 0.15267853333398484 0.00011918259752974336 3.656800126907366
805 0.9281564557203117 0.15004310058052184 0.00114586729016386 3.6576952227053194
810 0.9271732526063754 0.1525357343888336 0.0033309262620944136 3.6571012973839134
815 0.9281161647499423 0.15011862329539793 0.006128040519223665 3.65681400329524
820 0.9280473686018618 0.15018480962662473 0.004059734597379405 3.6571690891864943
825 0.9289206772322588 0.14841724903272002 0.004578588934532668 3.6570529737838764
830 0.9281790423058855 0.15003125314972054 0.0010225686188780614 3.6568009160755715
835 0.9284811562767441 0.14931503268208512 0.001791671122466143 3.6572440399076953
840 0.9282340432453979 0.14976305129886613 0.00020352504552190176 3.6571071976365066
845 0.9264283256165824 0.15569155090819242 0.0018101364012537147 3.65723066840327
850 0.9290899357835689 0.1480222277107841 0.0004147423356073432 3.656659875266062
855 0.928971374082791 0.14860580945888513 0.005557439524036312 3.656885487668408
860 0.9283435195799077 0.14956610502116607 0.000517090004137577 3.656981380686893
865 0.9281599737054363 0.15000536138233445 0.0049267818783396145 3.6573516737901817
870 0.928935827716852 0.1485291542166114 0.0009457921784954415 3.6569090935342006
875 0.9274845431765408 0.15166371323413008 0.0003031062282154995 3.6569881732816434
880 0.9287817891625296 0.14865954045515117 0.0012702723568505103 3.657212310532366
885 0.9272912724261512 0.1523553453797004 0.005845916644867444 3.657175855300741
890 0.9282494891779052 0.15051898069390912 4.442358183309736e-06 3.6572077850640095
895 0.9287185910936209 0.14872961292025844 0.00015496013874494174 3.6567792510360615
900 0.9287937918548609 0.14882004569720753 0.001680659283808783 3.656954504451621
905 0.9273398779127006 0.15222055416130154 0.001458623594888353 3.6566333211461894
910 0.9267947251622878 0.15486242725693522 0.0013324147807174391 3.6568800653165767
915 0.9275289008596672 0.15303413330918936 0.002021114615469166 3.6570053364231887
920 0.9279748023150374 0.1508133984775175 0.0006819735957268591 3.6567610209682617
925 0.9294817847242263 0.14724475180601626 0.00042486908815075886 3.6566311393800732
930 0.9263345497468884 0.15636476483231476 0.0015908378866780204 3.6569925154722696
935 0.9293659739633808 0.14748459070245756 0.0025709032388532282 3.656870636953491
940 0.9241213096864216 0.16135262672869954 0.001000567349018322 3.656966642319761
945 0.9283525151077158 0.14949483035851951 0.0008500015366201819 3.6568001916183372
950 0.9287984760640874 0.148708228340527 0.0006202925266609594 3.6567267956832312
955 0.9268298774588721 0.15459809308598516 0.005226353072976364 3.656893583055746
960 0.9264039189425078 0.15513407410791036 0.0012272754574096378 3.656604104679413
965 0.9274661521919534 0.1524085347063444 0.0030075701265461774 3.657176041256574
970 0.9298055965334785 0.14647702574100574 0.0022126178375547756 3.656794173821837
975 0.9290872148870433 0.14802696899011325 0.001002949845810619 3.6567750033168904
980 0.92928063915543 0.14762729475595116 0.0012812452327239932 3.656604907838479
985 0.9249062401712238 0.15953886814594043 0.003207313978982329 3.656404123929263
990 0.9289964680620922 0.14823328157155613 0.0009966572233215398 3.657025299211257
995 0.9290407520823606 0.1480873755627501 0.00016211656699804955 3.6564493679988823
1000 0.9297906642036883 0.14649121497885842 0.0039048371523344727 3.656936030789158
