0 0.4392356794191135 1.85058239631831 0.3843224933293572 0
5 0.9378862465765769 0.25034847108806435 0.016315350782630134 3.7334827309467387
10 0.9348508774334268 0.25737250712780035 0.01245648770301333 3.7280355674569163
15 0.9379771800057347 0.25084103110734324 0.011043314060904752 3.7280916220849933
20 0.9364577623540322 0.25820474681113614 0.019176579885092915 3.72618874976506
25 0.9385904463325652 0.2574278694209804 0.009414468059776304 3.7211768238796066
30 0.946629716198299 0.22565966068190324 0.017803052252140628 3.70703491751119
35 0.9599195202927953 0.18640942099513813 0.007599430037521282 3.67889874018227
40 0.9643828249446896 0.1717669481310038 0.007810908165725161 3.673748909823826
45 0.9654267425630212 0.17013447587138497 8.102032905688006e-06 3.66890066122682
50 0.9612818074377153 0.1919685680160863 0.00853745614999779 3.6693982513477037
55 0.9647377266615202 0.17195509385565177 0.004460064324631974 3.6685731631591314
60 0.9627811913794864 0.18277782507909013 0.009156545042048991 3.6671115265552214
65 0.9656032792751602 0.16787511706560032 0.006729305824468623 3.6667643239999195
70 0.9625292568780685 0.18580043919465128 0.005780695999173524 3.665296219049769
75 0.9668650838801509 0.16430332592784058 0.000713568290598765 3.664930982380899
80 0.9635008626434614 0.18218041032413712 0.007713101260034438 3.6653466065406537
85 0.9626994814940191 0.18662617390797154 0.004501553180242146 3.663864392518743
90 0.9637536668264817 0.18294757329944167 4.4599919846177727e-07 3.664563236645335
95 0.9636886749753113 0.17774375138878273 0.005276466961811721 3.664320623996748
100 0.9925490353639715 0.0289655061566787 0.007800279239396968 3.6793295705907765
105 0.9955621498430571 0.015901342114802652 0.005343280331995048 3.6610053101057405
110 0.9984319448076113 0.004765690596900907 0.002602860665524842 3.660741104093106
115 0.9977022439840687 0.008227628058908643 0.008894723239227131 3.6605385816354787
120 0.9987725098979054 0.0036643693757145712 0.005757887013248197 3.6601248183645816
125 0.9971494871045108 0.010500316997033465 0.010112577821487223 3.66051116222029
130 0.9983603054206424 0.005068131129485121 0.0033732089740492466 3.6604433873615165
135 0.9986936196462046 0.0041428616155050335 0.0009262830370437847 3.660247245801333
140 0.9972400294004556 0.010244983798622265 0.004446309215064614 3.65955629016775
145 0.9984916704823124 0.005107779650960431 0.004750368000863814 3.6595142954197604
150 0.9974473337412731 0.00991644378294243 0.008561815876090062 3.6598563916377636
155 0.9981196347430933 0.006277409493366193 0.004727443176644419 3.6600213843847147
160 0.9988795989295983 0.0037965428951274305 0.005876073811207361 3.6598584173565945
165 0.9984185713874365 0.0050430119396667195 0.002795345926088766 3.65942591300992
170 0.9977428074186843 0.008493811872516854 0.003928401460310482 3.6591550090203593
175 0.9967930112899199 0.01201730881419616 0.0028077155485306537 3.658588116343668
180 0.9988693628814647 0.003737717170814836 0.002486255345671484 3.658860657245362
185 0.9983874132191168 0.00592741661265439 0.0016722402297102423 3.6588747111225137
190 0.9991582394731133 0.0024461158079147616 0.0038784438844006175 3.6587786491250354
195 0.9985165883828387 0.005021138895662691 0.002288405404888394 3.658338010912721
200 0.9991347578164111 0.0027267070333198973 0.0023699023026364507 3.6578778289492715
205 0.9986169793674238 0.004204903629962509 0.006631780332461368 3.6584453361122207
210 0.9992221868768838 0.0026170051471674505 0.0033801127001475972 3.65821055579139
215 0.998284297180592 0.006921921642129458 0.010292225624620066 3.6579274833419504
220 0.9992742360922956 0.002252561490347027 0.0029648137601856472 3.6581469708270213
225 0.9985983821581683 0.005116251593621612 0.0037348095820302074 3.657879253212596
230 0.998744980850772 0.004126056339724293 0.008013333242941512 3.6582388148960496
235 0.9984276936598895 0.0060532387435641155 0.0008871693465117847 3.657440737170893
240 0.9987094507208911 0.004513263015649915 0.011682190175862361 3.657477592460748
245 0.9983445984129335 0.0061700783322793384 0.0030266045143223508 3.65769037436877
250 0.9982256707514501 0.006507234583443378 0.006379997262892179 3.657654052148235
255 0.9983662234376026 0.006133967715971522 0.0007669993027283883 3.6578726308940865
260 0.9993417794770818 0.0022421237304364183 0.004371845609950187 3.6577909277433918
265 0.9986598675736513 0.004916836887487452 0.0018395292873198965 3.6576795851964334
270 0.9992499331014078 0.0026735294737689763 0.002300936031166989 3.6577922196088455
275 0.9990510248259783 0.0031756046351927303 0.003099040623477878 3.6575037955265657
280 0.9992873075497618 0.0025887366132453238 0.0007188534974491567 3.6576351066538946
285 0.9979571737529315 0.00681737981093633 0.0020841392519290736 3.657661509802292
290 0.9990678272786624 0.0036001004400003644 0.0007426079802157481 3.6575468482818336
295 0.9989145136243008 0.0038881990465289284 0.0011500749682282763 3.657619069483267
300 0.9979027363462096 0.00791436137333612 0.001915877043548564 3.6573428172655684
305 0.9990802049928957 0.003388139537734869 0.004957743450965557 3.6572882622028517
310 0.9992775148488451 0.0025484951980376813 0.0002709070955408954 3.6576977555505574
315 0.9991029221892131 0.0031500008502352017 0.005369396407416627 3.657409598649053
320 0.9972941072856443 0.01001642419003046 0.0063219990327127995 3.656992068561109
325 0.9989726261695595 0.003904652928211849 0.002611718581814637 3.6567196041915686
330 0.998523377526779 0.005644304956205826 0.0003865887419687297 3.657441723927298
335 0.9992808967149007 0.002458366650568422 0.003379522288871284 3.6566823658623178
340 0.9993446030777855 0.0023148743928396165 0.00016942174788381337 3.6574864127892015
345 0.9991446125036547 0.002967540927289569 0.004009045619975726 3.6574443918878994
350 0.9990253367317843 0.0036262718761252977 0.003370657988753356 3.6572276827671635
355 0.9989787466891534 0.0034768571300753948 0.0028474888961758094 3.6572901078989584
360 0.998376840178131 0.006309545686210338 0.004261217804861106 3.656677895445506
365 0.9990880185189138 0.0034537262501896926 0.0011862942025813172 3.6568494097009663
370 0.998722175494703 0.004608340942887423 0.004143466821343145 3.6567072745818154
375 0.9984844261123254 0.005553750597910412 0.0028469506864332583 3.657391904837434
380 0.9992116177485357 0.0029335099327405523 0.004107398465037937 3.6569997508681236
385 0.9992820789462052 0.0025781163734972523 0.0029960333706378073 3.65641895822465
390 0.9979936199584671 0.007750406630092854 0.0063637867769115175 3.656811062590445
395 0.9988638000397103 0.004270687792480743 0.006605415462094033 3.657012873677948
400 0.9989703750888166 0.003897885414993141 0.006529743689950296 3.6567554298072986
405 0.998777044495166 0.004705732735970081 0.00025736266631870564 3.6581405081653884
410 0.9991706480417325 0.0031356354376974593 0.0017994465136326188 3.6570954681258514
415 0.9992293256454442 0.0027463851457611987 0.00013292751833549055 3.6570054218639836
420 0.9992791332896312 0.0025510319852370955 0.002215936597395718 3.657003326740029
425 0.9989622760334367 0.0039762739423427895 0.0031044325000399997 3.6567881342602955
430 0.9991129348494797 0.0031789090368383732 0.007085938187670449 3.6567793209890898
435 0.9992544103297467 0.0025312713815144328 0.004986820008377135 3.6565435576502425
440 0.9994921659530407 0.0016930786825355426 0.0018001435854282377 3.6565769695914923
445 0.9994353152987162 0.001891994898989502 0.0037086961404746432 3.656629818324606
450 0.999007822520902 0.0037472766771662336 0.004671792342120007 3.656959421440375
455 0.9988375599550239 0.004489240778336345 0.0013126349643919344 3.6562074437141963
460 0.9986906446421062 0.00474834241799682 0.002391748069432209 3.6570109232600116
465 0.9989321191098209 0.004083330650527017 0.004084428641055293 3.6564866254199364
470 0.9991776992423237 0.003113153590284412 0.005140747177967198 3.65675919471407
475 0.9990372258295896 0.003691040216265762 0.0038581275178579677 3.6569533549020794
480 0.9992083203886657 0.0029897395093039236 0.0010552040634641546 3.656401700082981
485 0.9977928564643171 0.008755942153795715 0.0017745546987932848 3.656536571541415
490 0.9990044181590587 0.003886313681718434 0.0024448441948357047 3.6564384617199504
495 0.9993106959764478 0.0025486337290310246 0.00418438091474127 3.656614066036188
500 0.9992693130190323 0.0027551796795917127 0.004266029305621366 3.6567154728876274
505 0.9985254917719366 0.005669683429018413 0.0019730517457341445 3.656827094754797
510 0.9987109478703934 0.004943316329002023 0.0038307204042580256 3.6562335804147876
515 0.9989922813279373 0.0037967031840477894 0.001277445044922887 3.6562377133493813
520 0.9989628166226225 0.0038318443216933673 0.00044302646882043994 3.6571822154685507
525 0.9987885667305945 0.004705973377161499 0.0024631005658279914 3.656715665563206
530 0.998861738577989 0.004051478404036857 0.010203346963185922 3.656617059873036
535 0.9991081330140561 0.0033899466707660864 0.0005802991304204586 3.656413366207301
540 0.9994578846053697 0.002010606148076466 0.004879139689841772 3.6562865697416966
545 0.9963236941045123 0.014092397664380751 0.004894115024699275 3.6563076245124777
550 0.9961978796800454 0.015151723521398708 0.006673328870598461 3.6562783089293065
555 0.9995467028569786 0.0015474025110364664 0.0002998790479853408 3.656240889402072
560 0.9987661156382353 0.004007856731648829 0.0001456795832619484 3.6560152963870713
565 0.9988272641454213 0.004500729815506865 0.000197159380257661 3.6566198906530922
570 0.998768736635302 0.004443827798565891 0.0028246643853397924 3.6566782055591975
575 0.999014405768615 0.0037424681976010454 0.002499771144959695 3.656186601712983
580 0.9983744828466101 0.006215754135162399 0.0011062088849009832 3.6562925515240194
585 0.9988343944398113 0.004487796057294879 0.004727519147050385 3.6562558309916158
590 0.9988835704613498 0.004266511374399595 0.0019312375009432614 3.656121828067271
595 0.9984261622081827 0.006161793704181573 0.001637930191576098 3.656277900372924
600 0.9980870156652799 0.007250002427035884 0.0015511801206979925 3.656368326074063
605 0.9994757910111425 0.0018271247199890261 0.0034065897430612946 3.656345599026301
610 0.9990727792559624 0.0034106946759617784 0.002954448996389969 3.6564399151802536
615 0.9990341002682948 0.0037270832456739456 0.002331354835506394 3.6561477521446357
620 0.9986915256549179 0.005069610136426483 0.004474828567039069 3.656238633888265
625 0.9987998601121494 0.00436634762787147 0.001691702271466644 3.6560092019447006
630 0.9988859556120673 0.003939428308397552 0.006989303802112268 3.6562542729428755
635 0.9990820424773584 0.0033574719813942444 0.0007056609653444124 3.656101381375477
640 0.9985393178659202 0.005658067143252232 0.0019886530738602026 3.6559569187269814
645 0.9993997412447722 0.0020031919688654476 0.0012181505238391122 3.6562136201661093
650 0.9983465699246791 0.006393333070368712 0.00356559137666701 3.6563432792879733
655 0.9987362930105992 0.004841966284399923 0.0011979114759523846 3.6556262188576847
660 0.9992924236567815 0.002537373207427418 0.002125919395276954 3.65633668282649
665 0.9992531089823583 0.002781539939969324 0.0005024601327627831 3.656598455881517
670 0.9987991442030528 0.004617445671559306 0.0027422739875055946 3.6558989138832385
675 0.9992173268994096 0.0029684354364301058 0.001961671717841895 3.6558730423755263
680 0.9991134922495681 0.003216665006278596 0.0019399295924991122 3.6568943458748255
685 0.9991451431371431 0.0032759748220012597 0.003333573963143932 3.656008672824422
690 0.9989684302885651 0.003825584296853979 0.005080843386796596 3.6559301504607817
695 0.9994502073127194 0.0019620008222167584 0.0008360706166832266 3.6561143343762454
700 0.9993375396118859 0.002515740677169198 0.0028701062769542762 3.655892597823071
705 0.9982005743791014 0.006988654518601756 0.010958161479140971 3.6552106394578776
710 0.9992480051365958 0.0028390578598069816 0.0009715521743796085 3.655985706245173
715 0.9995751588279934 0.001539954819106626 0.00330865253414947 3.6560703208871366
720 0.9990752970461201 0.003590457296930083 0.0010314207410893061 3.6562389795398222
725 0.9993814917846857 0.0021868997535476886 0.0033784362623465736 3.6557461694593365
730 0.9993963415318228 0.0021199790092198967 0.0009432603411707596 3.6562586908605135
735 0.9991286196437701 0.0030600237169471356 0.0042677454174653295 3.6558861952352886
740 0.9994186901758644 0.002069741561542493 0.007227316927597371 3.6554805103321697
745 0.9990097502595434 0.0038379170223974413 0.0010647231291154302 3.6559157019596156
750 0.999247441932974 0.002802771206850352 0.000711851616150394 3.656362116842907
755 0.999083561920364 0.0035222261922465137 0.0029222485580502333 3.655643556518661
760 0.9995284079752975 0.0016417860643422877 0.0010560984525465056 3.6560801010117903
765 0.9978120897463619 0.008484215800868888 0.0012636062322639585 3.6556680387830145
770 0.9989057899188908 0.004161426196709783 0.0011499187526673449 3.656326183614575
775 0.9986601137468808 0.005366026402130686 0.00015364907611670198 3.6557861181251967
780 0.9995156394429408 0.001622649223070205 0.0013089971897675134 3.6559734413393654
785 0.9993407845169038 0.002383147912311756 0.0009387252789900824 3.6560395659945395
790 0.9985848710841543 0.005419633211676711 0.0001321489958516775 3.6553668531305954
795 0.9993916000364175 0.0022372188976556018 0.0003910443244348194 3.6555374847216613
800 0.9988338610237383 0.0041992549284115555 0.0024752431806518427 3.656063179629308
805 0.996908222340644 0.012120980708377083 0.005832114315693637 3.6558997860963105
810 0.9987196313492654 0.004871460440377451 0.0014449525246120754 3.6560638049390577
815 0.9991910701308269 0.0029291326840921172 0.00035776502976947455 3.656136966585357
820 0.9989048385713449 0.004304197019048495 0.003711591593278163 3.655614377254587
825 0.9996382068587162 0.001260747032807874 0.0034654357812982095 3.6555414908393544
830 0.9991553686172294 0.003156536299683932 0.0011357003384988573 3.6562479044334513
835 0.9985069498913974 0.00566385979454509 0.008251971164485283 3.6557513242887603
840 0.997811051795985 0.008715873913038408 0.004010175624906909 3.655929866271438
845 0.9991139066393862 0.003409593247450271 0.000969244378453249 3.6558956369965103
850 0.9993617888322437 0.0021695386037743347 0.0004981570015263337 3.655894471603781
855 0.9978935667105511 0.008070537400652444 0.00048032026286537466 3.655340003322488
860 0.999374395471111 0.002274324682872475 0.0052568432631083795 3.6559299798949625
865 0.9991524748521382 0.0031625159703105865 0.0015094779821829274 3.6554922485497183
870 0.999139970233276 0.003036536734355444 0.0030021787038456704 3.6560896547500654
875 0.9994111047143325 0.0021772117725520346 0.006760028686417563 3.655994269704081
880 0.9991801560365401 0.0031441605128366135 0.004388728144112397 3.6560967236731257
885 0.9995246298128653 0.0017141329624008605 0.000984662742378628 3.6555374839064556
890 0.9992171000794295 0.0028556543859328265 0.0021713072270401756 3.655771461043685
895 0.9993262418075064 0.0024924355719195823 0.0027355795413868123 3.655819648904489
900 0.9993354548205775 0.0024163276528792466 0.0003009085365328623 3.656248550039967
905 0.9994271185641788 0.0021163525508427483 0.0014967748470784414 3.655932509845186
910 0.9982532474040248 0.006915578474360196 0.007487146118814181 3.655808102964422
915 0.9994549791669431 0.0019222872846462735 0.004890599158496878 3.655744326036037
920 0.9990675017993988 0.003598723554053329 0.004841707835223419 3.655687409840346
925 0.9981106397328041 0.007295262627478483 0.0012359745359769025 3.655752522193893
930 0.9993813696225314 0.002344774029509278 0.003938045283309544 3.655976077462611
935 0.9992403084521218 0.0028751591388607167 0.001598679258689062 3.655474064937753
940 0.9992710571161026 0.002779414464590957 0.0032121998670875396 3.655776865610816
945 0.9992945317977021 0.0026490226241699943 5.6290402763670144e-05 3.655429720065405
950 0.9991182817563213 0.0034158383892912703 0.005514575417961298 3.6558979506976015
955 0.9986194214394819 0.005424302135249359 0.0006793265623916689 3.6556292520600953
960 0.9988414997201335 0.004495082748186441 0.00042743798654854004 3.6557230206951035
965 0.9988596321381842 0.004509713546040572 0.0017275959692171217 3.6561193019462603
970 0.9982159376118401 0.006925355930132326 0.00045978190797613117 3.6560696593099054
975 0.9989558281504505 0.003983241451471553 0.0009373534709724574 3.656004344588485
980 0.9987464880404899 0.004942165692515932 0.01331104059764665 3.6556724851724636
985 0.9992794323388341 0.0027944524928544823 0.0016191216389398466 3.655324746828251
990 0.9993017762116974 0.002607694316142606 8.732085337270767e-05 3.6556846144983712
995 0.9992291926324385 0.002901730946827108 0.0031073267411325656 3.655864745005283
1000 0.9991022748636698 0.003344312769004709 0.0015551552031236593 3.6557085344687525
