0 0 0 0.3335502214108087 0
5 0 0 0.023271210521592867 20.987473780391404
10 0 0 0.023667085180931302 20.90427716043773
15 0 0 0.023232915500430273 20.86394897538016
20 0 0 0.019262026184445613 20.84238709221792
25 0 0 0.02068259906462977 20.835275724236638
30 0 0 0.02291833506445151 20.825419170447468
35 0 0 0.02372154585029973 20.831094547408753
40 0 0 0.023378927540769423 20.82252835716314
45 0 0 0.021989100219605984 20.81511432367954
50 0 0 0.02501611914262325 20.802741658832943
55 0 0 0.02213316689246403 20.797637508261936
60 0 0 0.0251761914892894 20.79952739388321
65 0 0 0.024764483693598738 20.788855696553853
70 0 0 0.02301380058630431 20.779525592621717
75 0 0 0.026088717293827335 20.77404731136304
80 0 0 0.020904510910655816 20.771212431033064
85 0 0 0.024438980599154503 20.771993240162896
90 0 0 0.025186235028513693 20.76150414324717
95 0 0 0.024963934665995113 20.760161417220814
100 0 0 0.023768852016852637 20.759655563231068
105 0 0 0.025136576276146627 20.760537142491675
110 0 0 0.024688214342335035 20.752404058423785
115 0 0 0.023206439579117166 20.756277646632274
120 0 0 0.022958930853560267 20.75885753611577
125 0 0 0.02467176186326947 20.749732117461598
130 0 0 0.02447222628757184 20.753959161917265
135 0 0 0.02406047399929978 20.75124943374119
140 0 0 0.02400991585456813 20.748919005015555
145 0 0 0.02418091251183707 20.744821899592495
150 0 0 0.022272014593935907 20.743244715654946
155 0 0 0.02385612539620574 20.742648689527847
160 0 0 0.021614077032398926 20.748281306055283
165 0 0 0.02486229459416256 20.73755150108773
170 0 0 0.025753401882137927 20.74584340314506
175 0 0 0.024711001311896297 20.742034620423464
180 0 0 0.026321959641850468 20.740966708660217
185 0 0 0.025173830468804503 20.740743007073835
190 0 0 0.023354580740812647 20.74727963737421
195 0 0 0.024380623733439633 20.742221919712236
200 0 0 0.022488293413889693 20.73972196294168
205 0 0 0.02554088451874481 20.738489556322385
210 0 0 0.023989155552634145 20.73856748369207
215 0 0 0.023224293092171333 20.73787767495855
220 0 0 0.025622906542011936 20.73418026631207
225 0 0 0.023986192007574125 20.733684925310005
230 0 0 0.024529328468668954 20.736960985966824
235 0 0 0.024903330247687094 20.736836978408093
240 0 0 0.02238133255602137 20.740173728424924
245 0 0 0.02456171809243357 20.73733539139962
250 0 0 0.02172592726622158 20.742514025467553
255 0 0 0.022879657020901334 20.73127643497076
260 0 0 0.025834947598643465 20.73759097061298
265 0 0 0.024701030563688997 20.736851741041445
270 0 0 0.024412580842152698 20.733287872916186
275 0 0 0.024357498451644588 20.73823009654346
280 0 0 0.025179500051422554 20.734289459239037
285 0 0 0.02461248791182058 20.72853465018495
290 0 0 0.026077721887149075 20.73649073137899
295 0 0 0.02247083705640196 20.73193957807829
300 0 0 0.023397628798497383 20.735104803574767
305 0 0 0.024417393172460722 20.73427505047505
310 0 0 0.024613906919934925 20.730522762696896
315 0 0 0.025524680411513234 20.72926751193036
320 0 0 0.025311979243674454 20.728319608965606
325 0 0 0.02668157582890074 20.733862170928774
330 0 0 0.023991285566640208 20.732346253615273
335 0 0 0.02519816433654909 20.728493104587784
340 0 0 0.024474782769268177 20.728175623712072
345 0 0 0.02697650079880365 20.730345888414636
350 0 0 0.02449290675479876 20.726946459406125
355 0 0 0.025739885915027072 20.72944095107323
360 0 0 0.023263253936077533 20.725630279333647
365 0 0 0.02505378504750211 20.72740813603034
370 0 0 0.024555677792723163 20.72561053292174
375 0 0 0.023379568949681184 20.72655846842559
380 0 0 0.024890484003579738 20.72777908577435
385 0 0 0.021999456221326374 20.724759493425577
390 0 0 0.021958020233949327 20.725470699108968
395 0 0 0.025987719583414837 20.72142492496257
400 0 0 0.02435672943135403 20.724383634928184
405 0 0 0.02384582279412162 20.72601041110282
410 0 0 0.02487017398734448 20.724357411328274
415 0 0 0.026940847718036842 20.726233244203126
420 0 0 0.02415821500405757 20.722170325345733
425 0 0 0.02231918382955267 20.722137476920228
430 0 0 0.023182202539612007 20.72014493258192
435 0 0 0.023281534681230287 20.721155466202823
440 0 0 0.024325447012863544 20.722883731611095
445 0 0 0.02485083341015981 20.7217752394478
450 0 0 0.02363142817923669 20.719735177694705
455 0 0 0.02066064295601655 20.719371231718597
460 0 0 0.026473720018301172 20.717081365957615
465 0 0 0.026090300423165624 20.719855418647636
470 0 0 0.025903589435090968 20.720375451958052
475 0 0 0.02307513585852572 20.71668046227618
480 0 0 0.021242490554948645 20.718167529657908
485 0 0 0.02186895562121749 20.71507814522009
490 0 0 0.022433515008343674 20.71709355875384
495 0 0 0.022456872999575772 20.714001827321972
500 0 0 0.022002153229744525 20.803815321411097
505 0 0 0.025676171318081753 20.748546477474974
510 0 0 0.0225383814747111 20.74066098394455
515 0 0 0.026768821025815903 20.733170481929214
520 0 0 0.022556270438952808 20.728323264846946
525 0 0 0.019671687971902108 20.72993355794076
530 0 0 0.023464975473126426 20.727951705687154
535 0 0 0.022820571121787925 20.721824317729716
540 0 0 0.02575930590577724 20.723094921479174
545 0 0 0.02616750111002908 20.72524531313931
550 0 0 0.020072370730384703 20.72304170977075
555 0 0 0.02172135139794662 20.720121402870692
560 0 0 0.021725658713291907 20.714814034607183
565 0 0 0.024466188680394296 20.722693235839024
570 0 0 0.026143965186381513 20.720026908554328
575 0 0 0.02405011536195989 20.716644661639894
580 0 0 0.02584087946888025 20.717718811260987
585 0 0 0.019003709325210227 20.71918165629885
590 0 0 0.018215934847722437 20.713765419849043
595 0 0 0.02710918717289279 20.713778920479637
600 0 0 0.02411097543905294 20.71552312043735
605 0 0 0.024131894313565994 20.712855068999158
610 0 0 0.01988173787765879 20.711282188916865
615 0 0 0.022518445666418252 20.713743537915274
620 0 0 0.0215539986085147 20.710560316885882
625 0 0 0.020784482011527716 20.70785994399229
630 0 0 0.019384801950505404 20.707902306959777
635 0 0 0.025696090869711696 20.705502057497874
640 0 0 0.01829389809800097 20.704751809983062
645 0 0 0.016819827304047408 20.7052540388864
650 0 0 0.011929148011781576 20.704096688907786
655 0 0 0.018123376296097282 20.698031456700452
660 0 0 0.02569002616721683 20.698853264516
665 0 0 0.018412130164127127 20.69736647062613
670 0 0 0.017192621033163213 20.694818125381
675 0 0 0.021987969176187505 20.694305912511805
680 0 0 0.019625824148141735 20.692550717989224
685 0 0 0.016339907678296406 20.689529860284647
690 0 0 0.0221408658025517 20.688370065645294
695 0 0 0.020155768500177196 20.687942906792262
700 0 0 0.00834350976603715 20.682752416277502
705 0 0 0.019005533303771305 20.682152379259307
710 0 0 0.013705771028112324 20.678420095957957
715 0 0 0.003499646893485364 20.67537656951331
720 0 0 0.020471859802682735 20.675094150736705
725 0 0 0.01709934421323922 20.672437960043194
730 0 0 0.008931598071184377 20.66962783221553
735 0 0 0.020864544099143956 20.666521405238246
740 0 0 0.008083035842915587 20.664149003600528
745 0 0 0.014704491675473275 20.66243718422136
750 0 0 0.018036884101092276 20.659782378815134
755 0 0 0.006431574006512397 20.652114358254195
760 0 0 0.011129970177531145 20.650368197762518
765 0 0 0.014625740550270105 20.649030222594952
770 0 0 0.013499990862826605 20.64171305865559
775 0 0 0.017469590854337413 20.64396467564049
780 0 0 0.0007855482787164636 20.633200182205673
785 0 0 0.017835315131560003 20.631842578384152
790 0 0 0.0012379799844179917 20.63034781073774
795 0 0 0.002292427147166043 20.622682387112555
800 0 0 0.01823438100746877 20.62223877286395
805 0 0 0.001864266184901986 20.612029194164972
810 0 0 0.008816640497774753 20.610280393505
815 0 0 0.011760616185129802 20.605543191292927
820 0 0 0.010666350931346269 20.601286273482582
825 0 0 0.02090710931956119 20.59415283697503
830 0 0 0.022996966830488574 20.596250477837092
835 0 0 0.0857319846265272 20.58649459605928
840 0 0 0.04327647389102607 20.57936806841276
845 0 0 0.004648652733436398 20.580188135337963
850 0 0 0.03268946487472735 20.576182927538074
855 0 0 0.02905467844612364 20.565098511862807
860 0 0 0.014306129066751216 20.562924167267802
865 0 0 0.010617916089711077 20.559280485323658
870 0 0 0.0248713729856469 20.55451053386395
875 0 0 0.0031117692021831456 20.547019616385754
880 0 0 0.010192758093347187 20.536896027291462
885 0 0 0.0033751825272385627 20.535531738524035
890 0 0 0.07692229112987126 20.53121830889256
895 0 0 0.04453609929581237 20.530386186645885
900 0 0 0.05187895278850818 20.526881554283207
905 0 0 0.0373513903846554 20.5151789589643
910 0 0 0.040061350600762324 20.511891648373993
915 0 0 0.018013152744307037 20.50428335658798
920 0 0 0.02106250954939437 20.497618722618952
925 0 0 0.01925266197058928 20.493230408251744
930 0 0 0.024902429342783527 20.49412823411252
935 0 0 0.028847118922138648 20.485611144460137
940 0 0 0.058563547678809114 20.47956097624491
945 0 0 0.06410134009837365 20.475097711584223
950 0 0 0.05183123866702033 20.471539190635625
955 0 0 0.06235338007542768 20.464716928998854
960 0 0 0.009181659884926141 20.463818223712227
965 0 0 0.05203937531136971 20.447773488853542
970 0 0 0.036588311330843615 20.447662536670467
975 0 0 0.06803323735326128 20.444469675047984
980 0 0 0.05102480272065346 20.435500903171228
985 0 0 0.07571048727523011 20.430596167031442
990 0 0 0.04498621454618257 20.422921114039504
995 0 0 0.016104333248416536 20.424975607994686
1000 0 0 0.048350456944150855 20.417093951092223
