0 0.384242658251697 2.191716563490804 0.3634055261936864 0
5 0.8954325667366232 0.46492732383596813 0.013226053416149464 4.853382517432008
10 0.9097116936547112 0.40572449681030687 0.010372256982779104 4.804946992381312
15 0.912816092746283 0.39779766337637223 0.015154655420361651 4.787168691289072
20 0.9138931086335453 0.39345863448180207 0.021852243763164525 4.780231279221625
25 0.9110648502448475 0.40376456743337297 0.0026128903892659316 4.780110146029908
30 0.901756848735612 0.44174156960524424 0.0071583969055792895 4.7759333074264525
35 0.9142165735975445 0.39268502632229385 0.011626081661368692 4.77716908979489
40 0.9106391336058831 0.409841523052366 0.017485713630653432 4.7743811518380035
45 0.8919191846678554 0.4777880884777437 0.0030310816638454696 4.773712373724879
50 0.9234706971337509 0.22499902140223416 0.03191956656949024 4.941535311918107
55 0.9320961524286848 0.15799494455970198 0.019569718409015557 4.843932091809837
60 0.9319150201872946 0.1562575475788277 0.02346163324309103 4.841072222090919
65 0.9335745619475444 0.1520676524557203 0.013524234741351338 4.839561965712405
70 0.9267613492874298 0.1710298479082626 0.028514584546929678 4.838630073652072
75 0.9334373997116716 0.15138870782612557 0.02288430859164281 4.838811928838077
80 0.9329092644217506 0.15396755227847692 0.01846734125313354 4.837992761847797
85 0.9303889996737174 0.16133311037458853 0.02775986358632876 4.837620563079858
90 0.9336217527881401 0.15124521755905818 0.01818921336268997 4.836533629092008
95 0.9343843417352455 0.1493494994799418 0.025934770867479973 4.836786661520466
100 0.9346673376551846 0.14894786024133122 0.028269650415156278 4.836467890904614
105 0.9332549640297885 0.153427100808452 0.021166393239684167 4.836677340839005
110 0.9351384027773342 0.14820241651807908 0.02046047840671017 4.83575435082374
115 0.9352934196842893 0.14784205488520819 0.03229013345801901 4.8349638458145465
120 0.9337232419203048 0.15267513044065595 0.029442793302007386 4.835904056979365
125 0.9317435469879961 0.1571073453139613 0.023287513153232187 4.834811975684865
130 0.9302942176683694 0.16220955323601327 0.023843492977518643 4.833577115060725
135 0.930459808129044 0.16244806089515595 0.024271588550943246 4.832436680644633
140 0.9357792431823246 0.14555612202011758 0.015744456726348277 4.832984015316353
145 0.9356908237888344 0.14598127480219336 0.016761738874803367 4.832029584450144
150 0.9359581017906623 0.14576731554200073 0.014282607698457683 4.831443365446478
155 0.9273208260593009 0.1721444238610701 0.024537391609382952 4.829540097026284
160 0.9361583892467464 0.14595183470545336 0.02733107728057127 4.828757782759595
165 0.9270022640560142 0.17460288671578006 0.030964573871018475 4.827573731917089
170 0.9392851203989636 0.1378698054666172 0.026261255111198922 4.82693076442017
175 0.9387339573381841 0.14168044143460534 0.014428456189749639 4.823792571593009
180 0.9420146088776856 0.13208416073115714 0.00043236613538555346 4.818715393419209
185 0.9395711538630664 0.14112747943754123 0.018755602639002777 4.8132983020915905
190 0.9399303943574104 0.14274947199140353 0.0122506264761586 4.808093926774077
195 0.952163202763213 0.10860220176965907 0.005271569241345642 4.795853236629095
200 0.9563719132357226 0.10033422589222507 0.0003759503648552709 4.785071110792315
205 0.9641919550045637 0.08094222435713938 0.010702283116392985 4.772436983524146
210 0.9695257691438206 0.0732333314417577 0.004380711618521271 4.76246582170122
215 0.9522680421288872 0.13808625198654045 0.014109887562085088 4.751148701234466
220 0.9763484925218061 0.05601664717583521 0.014859075326715043 4.7443067833484935
225 0.979438091928277 0.04984791339985151 0.01859553619760712 4.73606255149482
230 0.9796208293919038 0.049924435653228016 0.00022480100330901642 4.7348244868766125
235 0.9831644716496477 0.04372459464069944 0.004608717213630431 4.729138395958909
240 0.984675462327874 0.03461345424350082 0.004922052227504414 4.725069778606086
245 0.9875721393277067 0.02940186708453485 0.0005204071040441072 4.721860303424384
250 0.9875519348745386 0.029149048524018895 0.0002657366428391317 4.719892889322834
255 0.9894684107495217 0.029043907797736246 0.0003527168368750999 4.716929335592147
260 0.9821118550303508 0.04253001802211731 0.009009335558356923 4.716062610853766
265 0.9908410122758231 0.02102681104902082 0.003241807715663514 4.7135049894132885
270 0.9894877678927703 0.02452478619081866 0.008875247760350202 4.710286542674181
275 0.9930534591299175 0.016875899692787577 0.004120332182200981 4.709313680736177
280 0.9906117402758079 0.03070645591197696 0.0015976404984123782 4.708019635222151
285 0.9942890842088579 0.014554426015839006 0.006513995745941026 4.707772778998646
290 0.9924267234260149 0.020245417359487483 0.004882284141068505 4.705267780539024
295 0.9939969390443719 0.01576279218337806 0.0006763511118881294 4.7046428967449065
300 0.9949112927215047 0.012243177215408352 0.0048801432540663825 4.702841723710728
305 0.9938061069386154 0.0164148912250468 0.0025110937911951847 4.7034139817485086
310 0.9931991861878812 0.01913884458432058 0.007226686383256853 4.7017331181371285
315 0.994594809011051 0.013788499558152978 0.004881580471233438 4.7018738184730555
320 0.9958540021664024 0.009846407386335798 0.00020928281338927768 4.701278365756795
325 0.9954128965503812 0.011927006403948504 0.004778637439479594 4.698202740631607
330 0.9941440177994227 0.0179233282120288 0.004273134457507766 4.698170636697026
335 0.9961785799755905 0.009193092620510157 0.0003787018008925003 4.698164310563463
340 0.9956301425416764 0.009983474656286795 0.001462361452340355 4.6989284173308
345 0.9966924438631022 0.007864487116827412 0.0005360520096464594 4.698212951923114
350 0.9957574947766118 0.00965159197402965 0.005085656957467988 4.698615097383973
355 0.9970901481019658 0.007896861865473781 0.0012270689862368123 4.6967821563255345
360 0.9973854092121212 0.006963828896909163 0.0018981348044371238 4.6964218171260335
365 0.9963866207763817 0.009566718277695507 0.004247555082112386 4.695194113784174
370 0.9860293511915689 0.05039471012111463 0.009913932238571066 4.694991448032251
375 0.997354743422187 0.0066133183157530695 0.0023006186339999957 4.695292239613572
380 0.9948244406459413 0.014573757332175141 0.004309587904855583 4.695065673488659
385 0.9977581824093611 0.00640404672843875 0.010059974546218209 4.694582406653271
390 0.9978038973611351 0.005559145838594404 0.0028792097471834754 4.694595036541215
395 0.99599613380014 0.012326156988391013 0.0007560507435369068 4.695113145076122
400 0.9972198938619325 0.007008799964000723 0.0005429766113684842 4.69348446590462
405 0.9975039074498036 0.006637430540371803 0.0025030548179019174 4.693443272866548
410 0.9972052651255742 0.0075410107134281645 0.001198213538615489 4.693639579126963
415 0.9967946505525895 0.007500996709131513 0.0014778429336579357 4.69310978629596
420 0.9980640860855281 0.004650902381764688 0.0026471242166832276 4.692927792943215
425 0.9979072899020791 0.004986279610321276 0.0006401040877632713 4.693279244144996
430 0.9984240434534053 0.004302077719581909 0.002121329560289098 4.692329035941786
435 0.9948490214337768 0.018085960670918944 0.003672596803873107 4.692659436480899
440 0.9966747651189146 0.00990925077907523 0.0005934868585968367 4.692455395408409
445 0.993183519236009 0.024392107975696575 0.004947215318761078 4.692510749245727
450 0.9983395232519676 0.0044362354267359905 0.00016065072526760815 4.6916698632687766
455 0.9983920968743862 0.004456153892657966 0.004733903112957849 4.691921056280422
460 0.9966033353193331 0.010606498356027672 0.0073077696086758515 4.691521853844059
465 0.9983896870921489 0.003933170684199183 0.005583202980129043 4.691420414863077
470 0.9984758112935137 0.004203016671941562 0.0008215817746473064 4.691404863311511
475 0.9980346048037587 0.005282449712754378 0.001277175926500007 4.690308203159989
480 0.9970179120876543 0.008751304395878456 0.000965050092816 4.6901904457200825
485 0.9958676814251763 0.012333469358297933 0.001686609990572574 4.6912741249567365
490 0.9970268016420205 0.009714613001316152 0.0004831410018446558 4.69160092000782
495 0.9986711109493891 0.003831461329826702 0.0003755535908371854 4.6900601553307055
500 0.9971568784004884 0.008151000208863834 0.0004570144321540681 4.691342460631674
505 0.9972093326497933 0.009514039402949592 0.002808503911045257 4.6908553764158745
510 0.998652377888188 0.003313251380684612 0.0009839462911531704 4.690869978768836
515 0.9987923722205571 0.0031289385490271826 0.0005022150398505953 4.691074576819941
520 0.9986266706410319 0.003748188268973607 0.001411604740734429 4.690356285375954
525 0.9985733235424668 0.0035537779372232237 0.0015211349678616592 4.690564526567312
530 0.9988070806661997 0.0029720641580937013 0.000161802755982432 4.690840354109024
535 0.9981448428376416 0.005260577530985522 0.006079642632179638 4.691011208366758
540 0.9976680779237124 0.00807352653622928 0.0036717259994383245 4.6896176974273285
545 0.9986323144740819 0.004057093635530862 0.0011790271889318138 4.689175497638342
550 0.9971353021531664 0.01014567226264429 0.00017004382447827204 4.6901005415227015
555 0.9985007477610357 0.0049490893266535 0.0009900233205941689 4.6899265809862065
560 0.9988909917996796 0.002883987362682028 0.002218103203607269 4.68955681519881
565 0.9980082025438834 0.006645789098127075 0.0005133830258918781 4.690612924351343
570 0.9965041927079978 0.012883242971951425 0.005395122681028486 4.689312633005302
575 0.9989057588018468 0.0030691794575092857 0.0008613569176287861 4.69005636596123
580 0.9951344915016141 0.017984626840998885 0.0012992762691221849 4.689303841261975
585 0.9979916284529639 0.0061098437654631965 0.001670236172248929 4.6886389265742086
590 0.9987641052410212 0.0030730092330841785 0.0024824135170304906 4.69012182546617
595 0.9984777852468418 0.004530999981608552 0.0008610259081200944 4.688873375853605
600 0.9956799541574537 0.015412998944279721 0.00459708480425558 4.6896555766993
605 0.9986301188024199 0.004221608333765836 0.0030524185975431273 4.6902538031530865
610 0.9986932961750372 0.004398301143701211 0.0004452901236757789 4.688354313527031
615 0.9989381933496688 0.0033005158765506692 0.0026390332401924343 4.688842106102796
620 0.9946260039835717 0.02134806478147766 0.0008923088391568079 4.689069771790002
625 0.9988942909455683 0.0028515248126605997 0.0005204631002437843 4.688961515843237
630 0.998079397136072 0.005501722774946316 6.526412504848089e-05 4.688289583303466
635 0.9971527740684415 0.010089904189598542 0.0034873111073880914 4.687875752220351
640 0.9991169771347916 0.0024326649996480043 0.00116242653726073 4.689385246618624
645 0.9984246476983513 0.005411808468894108 0.0017714145546094962 4.688907596998046
650 0.9989259274170719 0.003355712879058892 0.004884239715384764 4.688746811143317
655 0.9990649346790725 0.0026290411198086616 0.003423586627550046 4.688797010142519
660 0.9982158630484042 0.005400465775040608 0.0010364717460320527 4.688446863645587
665 0.9990211908292408 0.0029279359925844517 0.0007450793047620863 4.688734401469599
670 0.9989723122493949 0.0029310868061989126 0.0021793815756734336 4.687853782035055
675 0.998915357734114 0.003317292488683954 0.0013105795407635235 4.688459471727693
680 0.9992197101139388 0.0022286865076219797 0.003310006823279643 4.6886772261779335
685 0.9991767613717635 0.002162189807092929 0.0004825233027514475 4.688342332601263
690 0.9991521254724761 0.0021302831323684046 0.0015521048500259926 4.68838442716511
695 0.9988448682460156 0.0030216624382557455 0.0015104659188709402 4.688047576337263
700 0.9993037475912475 0.0018979696761594056 9.309564933190906e-05 4.68861582834935
705 0.9986862845204992 0.004155278020385289 3.313440495067432e-05 4.687560672011261
710 0.9987427358282704 0.004113178475180668 0.0007774837479737062 4.688417949500609
715 0.9988136976800055 0.0032352310331269507 0.0020871212362216784 4.68813401888018
720 0.9993362768713867 0.0017630044173522208 0.0035050332352764 4.687550706046174
725 0.9992242471242072 0.0023962681129159336 0.001365146821617813 4.687924699081003
730 0.9993701318620557 0.0017056749365078616 0.002034680763517649 4.687769384600157
735 0.9982033950840171 0.005565916228613688 0.0002797755004924074 4.6878307636007
740 0.9982065275003744 0.006270889509448985 0.0016343545479284849 4.687938511749708
745 0.9992617579014416 0.0020665817991369906 1.3014757185292325e-05 4.68826727414814
750 0.999394675593676 0.001685805435347909 0.00044443118015524696 4.687915424163795
755 0.9988251852896514 0.0038905882690976057 0.0036943835965432825 4.688374217745412
760 0.9963523135062156 0.014138047503626794 0.004329113493430459 4.687828448812337
765 0.9978881783782384 0.0071847216324760765 0.0028688702177492864 4.687405743314553
770 0.9984093922788598 0.005488389765461399 0.002882937601457858 4.688238934061476
775 0.9988177672617875 0.003534176436534864 0.0006320744982146742 4.686677702581301
780 0.999259347852156 0.0019366096361661533 0.002115732300803419 4.688267059487871
785 0.9993176301460056 0.0019648644893219824 0.0016771402643445121 4.68765248580674
790 0.9993603739118081 0.0019326746343102386 0.0009388790115296697 4.687494447393848
795 0.9991112164253402 0.002747243215922346 0.001328366636218048 4.688331633524021
800 0.9991461057506271 0.0022313834493186135 0.0007934850680824113 4.688062747144446
805 0.9993128112959885 0.0019265249122941697 0.0011698091629386287 4.686817633994922
810 0.9985689726160585 0.005057127406743689 0.0003849879285571234 4.687429625829025
815 0.9990299246687291 0.003248322344875376 0.0004848372839019177 4.687876275204802
820 0.9973923777260993 0.009625630448405254 0.0031282342289169485 4.687187285185777
825 0.9982846061307649 0.006244379795927735 0.00254923654890038 4.688029718751957
830 0.9961915139032933 0.014526747841086873 0.000647642966360884 4.687499117800305
835 0.9985461487691532 0.00537733193590384 0.0008439063387579715 4.68755873872701
840 0.9982034888433287 0.00646110315720172 0.0005831105904963163 4.687341026523573
845 0.9994431576793741 0.0015685998512937616 0.0009838205255312538 4.686897502107744
850 0.9988326660741766 0.0040682708935788625 0.0047226117409562285 4.686476880186188
855 0.9994035351648846 0.0018817268217903305 0.0016458419242830757 4.687482131828286
860 0.9993581598088109 0.0017079209603103607 0.0031269590350317955 4.687260365683006
865 0.9991294024892581 0.0027173524924419823 0.0013287903533989454 4.6873641023801715
870 0.9991393984126118 0.0024525087027384984 0.0011433328706182966 4.687301680318026
875 0.9985774411353197 0.004905223973175943 0.004576452753914273 4.687476165574349
880 0.9944330923630302 0.022046184825282644 0.002508214413224241 4.686293991246559
885 0.9993275392310994 0.002105013735927308 0.0013203626218272202 4.687465392028741
890 0.9987890497068113 0.00411584244276586 0.001913899405141084 4.687601746350319
895 0.9994368827346036 0.001708970234610696 0.001897279614431202 4.687287634509222
900 0.9992963743341081 0.0017326746457673181 0.0005449216703965476 4.687238862955493
905 0.9992015096083597 0.0021429544529505407 0.0008850744713160275 4.687358755384533
910 0.9990077720798857 0.0032463561380637884 0.0007843505467817202 4.68635746803152
915 0.9982043107713976 0.006242719624474979 0.001951961805616298 4.687396876356556
920 0.9994102889197357 0.0016937285253950662 0.001982631805585111 4.687426717217925
925 0.9993232815217457 0.0021880838857297746 2.3334864665436328e-05 4.687068638089538
930 0.9985037829544372 0.005471734992774202 0.0005131887747455988 4.686513313086992
935 0.9991618062077011 0.0025819192334903818 0.0011359543953195494 4.686676846606036
940 0.9988634940387505 0.004046833243099179 0.002224117135340986 4.686973111483856
945 0.9994417212576587 0.0016210518002699459 0.0007519270345031082 4.6865401674891825
950 0.9994128481954131 0.0019140594260864674 0.00028771121964732416 4.686715051150721
955 0.9994052160369329 0.0016020980579041222 0.0010786925243575496 4.6869540494213116
960 0.9994422138344345 0.0014819148334588306 0.0020293709728957943 4.687412737796088
965 0.9964328570571035 0.014387002050532338 0.005838716555595758 4.687140320510422
970 0.998986755737314 0.003642226795610881 0.0007288344409555059 4.687209023432554
975 0.9954862608356505 0.017750437705910116 0.003693449370617108 4.686486661395364
980 0.9969818421050178 0.012017858850881247 0.0024425067019333557 4.68665033158598
985 0.9992390966197071 0.002528564913280462 0.0014481755652462347 4.68622147906685
990 0.9975306478653433 0.009676384303789476 0.005344467189572155 4.686380354487569
995 0.9993059872027438 0.0022033121798248345 0.0018824886342538871 4.686555404034239
1000 0.9993506138366028 0.0021199795896160722 0.00115691361835224 4.6866412114886105
