0 0 0 0.21437670511158302 0
5 0 0 0.01596667819706843 21.77889909273164
10 0 0 0.013847389394169962 21.60852704797811
15 0 0 0.016060617652887466 21.514250967304342
20 0 0 0.017278170719045916 21.450243171428966
25 0 0 0.022159481979772133 21.388920065397006
30 0 0 0.01725083567551855 21.3202185165331
35 0 0 0.01618734093724772 21.27275981790654
40 0 0 0.017594870390451822 21.222929067740374
45 0 0 0.018770169181093976 21.1783707123994
50 0 0 0.02043140403155541 21.154342513614115
55 0 0 0.016009063388202405 21.12496527531593
60 0 0 0.020531170607238636 21.115189735787613
65 0 0 0.017939809659159867 21.08711633931645
70 0 0 0.016790787307888966 21.07624357919935
75 0 0 0.02216485803779311 21.081925814151358
80 0 0 0.017682157702534784 21.056016964685046
85 0 0 0.019029404196000854 21.065080800529916
90 0 0 0.018770550911487938 21.04755727404664
95 0 0 0.018265856517617918 21.043774287554143
100 0 0 0.022811467165126942 20.78828654827849
105 0 0 0.022657381731108428 20.79334606049034
110 0 0 0.022513530001734505 20.78895339790545
115 0 0 0.02207159390820168 20.785132030546627
120 0 0 0.02288244368648673 20.786787760412693
125 0 0 0.024765898766045735 20.780741919461505
130 0 0 0.024476418451715443 20.78198070872768
135 0 0 0.02356669095529096 20.785074014698456
140 0 0 0.022501648615504966 20.779867269473552
145 0 0 0.022441230294772296 20.780617220124917
150 0 0 0.020985587516069826 20.77951202537759
155 0 0 0.02166455390698019 20.779114778765994
160 0 0 0.021080805909112765 20.775872291945905
165 0 0 0.024350489042892942 20.773691945786837
170 0 0 0.023510943941695617 20.777836748940828
175 0 0 0.02536247229426314 20.772571319128065
180 0 0 0.023314496378431304 20.77647911812928
185 0 0 0.023679550382396553 20.77280027127509
190 0 0 0.023304761532274343 20.773747487761497
195 0 0 0.023387849865134314 20.77592080820533
200 0 0 0.02397748492135232 20.77132428002794
205 0 0 0.024876360343474957 20.771128709993608
210 0 0 0.024467929275078015 20.772628924515764
215 0 0 0.02414034292074696 20.77316595913697
220 0 0 0.023597284553565245 20.768339875977382
225 0 0 0.02308933967566751 20.7697195509408
230 0 0 0.021473440944832944 20.76938733084025
235 0 0 0.02613309867628555 20.769200728253303
240 0 0 0.021729820956732704 20.76961502914196
245 0 0 0.023164989798217572 20.768646200034663
250 0 0 0.020703889497128758 20.773198178728222
255 0 0 0.021950436033942644 20.766549330904123
260 0 0 0.024695580825664143 20.769070721266313
265 0 0 0.022253523607058456 20.76912243560443
270 0 0 0.023770672113758717 20.76772833991492
275 0 0 0.024126334326637133 20.76732603166797
280 0 0 0.02180891659989137 20.76407814572603
285 0 0 0.023073835996542336 20.764021594760774
290 0 0 0.024015646860224393 20.765937748440802
295 0 0 0.022090619563003067 20.765279184614588
300 0 0 0.022702128354595175 20.770500032605035
305 0 0 0.02355796651680997 20.764905449451067
310 0 0 0.02481141339255366 20.764403911103
315 0 0 0.02389899036510701 20.761365121467506
320 0 0 0.024755761264486864 20.760865857849147
325 0 0 0.026153068759318332 20.760433965627957
330 0 0 0.02276298554835199 20.76124786059945
335 0 0 0.02178263971789085 20.75981339707094
340 0 0 0.024842313520228698 20.76081714068635
345 0 0 0.025147478837289183 20.7611473163219
350 0 0 0.02319375782054589 20.7597786759975
355 0 0 0.022794694324420828 20.760750299898362
360 0 0 0.024313759798841872 20.75843457112438
365 0 0 0.023563026092793482 20.76019260688247
370 0 0 0.023186235118551224 20.75677796516312
375 0 0 0.023824149446775467 20.757168051913695
380 0 0 0.02450229897317424 20.755573390951636
385 0 0 0.0219117553230479 20.75570088191619
390 0 0 0.021717272556564637 20.75695560860355
395 0 0 0.024014954290467294 20.75479317202545
400 0 0 0.02522262576549883 20.753820254803703
405 0 0 0.024452488576504505 20.752442834571625
410 0 0 0.024131202312233313 20.75150120163084
415 0 0 0.02595045197848922 20.753993152741664
420 0 0 0.024445664002689993 20.748707686696154
425 0 0 0.02415724511867623 20.74879311773629
430 0 0 0.02343606894158401 20.748732510370196
435 0 0 0.02217441485437277 20.748191796243695
440 0 0 0.024260980516673136 20.74806212263189
445 0 0 0.022937321757980023 20.745656629376764
450 0 0 0.02527058853882025 20.744066542123974
455 0 0 0.025629344446819635 20.743504928304805
460 0 0 0.023372109346487147 20.74172952918015
465 0 0 0.02609722911908019 20.74601757939238
470 0 0 0.02494548401587382 20.747943522440327
475 0 0 0.02283729868263773 20.74338822617672
480 0 0 0.023164970447075106 20.743416618026654
485 0 0 0.024327039897560132 20.735747540163793
490 0 0 0.026276560436435226 20.741014535382092
495 0 0 0.02493703088560606 20.738143025466396
500 0 0 0.02528184780382703 20.740267295892842
505 0 0 0.023938837982181438 20.741926110911237
510 0 0 0.02418372206710373 20.736941751135724
515 0 0 0.02477225181785836 20.73873307967081
520 0 0 0.024370412841691724 20.73945272552537
525 0 0 0.02305914622719918 20.738275860874193
530 0 0 0.0242316659230144 20.739950358091146
535 0 0 0.02453109769705719 20.73537404442277
540 0 0 0.02600314692523842 20.734587117711936
545 0 0 0.025431016240501148 20.738601748820045
550 0 0 0.023727005578352944 20.736249946966215
555 0 0 0.02533199913023143 20.733349140966162
560 0 0 0.023650297429079536 20.729718481562323
565 0 0 0.02548082846219657 20.736020985848896
570 0 0 0.026164204225655574 20.73656625566725
575 0 0 0.02366557428113536 20.73539740610188
580 0 0 0.024963367272571313 20.733513248699087
585 0 0 0.024829863753537573 20.732191040059423
590 0 0 0.024303679637809106 20.731817047087443
595 0 0 0.026569680313617505 20.729997216952043
600 0 0 0.025014828869417194 20.731774262873483
605 0 0 0.02568450170879566 20.7329966482151
610 0 0 0.023637939535839037 20.730854707488085
615 0 0 0.02554107279395934 20.73077914625422
620 0 0 0.026107422148309523 20.72937045467378
625 0 0 0.025377148002864836 20.73125876652677
630 0 0 0.02535751577667078 20.72899793869527
635 0 0 0.025020273892102374 20.730030425605165
640 0 0 0.02418632981157054 20.72927614950354
645 0 0 0.024720756218515882 20.72971207004718
650 0 0 0.02417151891796654 20.730656927399288
655 0 0 0.02395097890318887 20.72949409891922
660 0 0 0.025456729075282958 20.72865014118028
665 0 0 0.023703814200949802 20.730163934780514
670 0 0 0.025746464707884442 20.725324124569983
675 0 0 0.024981427097074516 20.728517302325827
680 0 0 0.024863636393661848 20.72653417229458
685 0 0 0.024397075199269702 20.72618329368228
690 0 0 0.022832186556593026 20.725403267344568
695 0 0 0.024342018583281 20.730064826405645
700 0 0 0.02365985920359548 20.725879138177824
705 0 0 0.02606586991008286 20.72795780639591
710 0 0 0.025360436652689833 20.726205371353707
715 0 0 0.024383340002332998 20.726450758981297
720 0 0 0.02501808316490517 20.72728079111674
725 0 0 0.024814957768473533 20.726353885799877
730 0 0 0.02355427516706854 20.726594164753347
735 0 0 0.02570640062261731 20.726190658019554
740 0 0 0.02505646304190856 20.723897968803467
745 0 0 0.02533121400797933 20.724861959324286
750 0 0 0.023683332085091546 20.727579455365877
755 0 0 0.024801042332167844 20.724595284344336
760 0 0 0.02471832059089074 20.72527435583384
765 0 0 0.024611496302318514 20.723453319598384
770 0 0 0.025183006355528503 20.72179219015608
775 0 0 0.02389772611658003 20.72701051267238
780 0 0 0.026760540277028122 20.724690003543042
785 0 0 0.024807416842468788 20.724925537127387
790 0 0 0.024470659008355877 20.726008901747107
795 0 0 0.02491093526798993 20.722879123161025
800 0 0 0.024363818547746385 20.722764056042365
805 0 0 0.02469294399958688 20.721764730283684
810 0 0 0.023293379323681807 20.725620906391818
815 0 0 0.024315660737195266 20.722507775067182
820 0 0 0.02517513667283211 20.723796305004484
825 0 0 0.025299007371005988 20.7235820925784
830 0 0 0.026498234834261503 20.723389538588485
835 0 0 0.02392742237932377 20.722769488308487
840 0 0 0.026251967147524535 20.72153024640097
845 0 0 0.023954315297136652 20.72273996366635
850 0 0 0.02572661951684707 20.72500418148356
855 0 0 0.02348175848298628 20.722317207534847
860 0 0 0.024965858622555848 20.721641300141428
865 0 0 0.024024063858130607 20.722451574621573
870 0 0 0.025940148108617445 20.72098533830391
875 0 0 0.025367260707679362 20.7212709806919
880 0 0 0.02494654331604207 20.721281426685735
885 0 0 0.02583445519374572 20.719575097768598
890 0 0 0.02517259854877829 20.718587258195857
895 0 0 0.02612028778644926 20.721667942379153
900 0 0 0.024859173104914367 20.720325634128443
905 0 0 0.02606677550974479 20.719508207093064
910 0 0 0.024381243560587684 20.719032814005843
915 0 0 0.024458121589296278 20.72088993513348
920 0 0 0.024770674473825638 20.71728866338705
925 0 0 0.02473461094497309 20.71836906497052
930 0 0 0.02550351209508883 20.720511269306158
935 0 0 0.02551007642989589 20.719565762897183
940 0 0 0.02659065363201707 20.72003616959886
945 0 0 0.02531332460166147 20.71997199646648
950 0 0 0.02560741277447498 20.719510161957974
955 0 0 0.02551043304884626 20.718961262190252
960 0 0 0.025294902912952777 20.72005574640239
965 0 0 0.02546674879241162 20.719044067235195
970 0 0 0.026139425252115878 20.718105319648522
975 0 0 0.026139843381364436 20.719980100042175
980 0 0 0.025673073783106792 20.717424263496056
985 0 0 0.026447814653958845 20.71828385983943
990 0 0 0.026320639635932785 20.720927540104398
995 0 0 0.025538490081277843 20.718563019606368
1000 0 0 0.024216691918648614 20.717418739871345
