0 0.4803182554278569 1.6235788361806303 0.33872640444943647 0
5 0.9289597147304408 0.1493557500992635 0.003736059852267326 2.6427224399808886
10 0.9301481943075992 0.1459625006965064 0.0027952310034855543 2.643283221365747
15 0.9252111071032473 0.15709406902865863 0.0030128965746647474 2.6418105525405116
20 0.9269826604466529 0.1555130331510277 0.0045270689037686385 2.641645092493336
25 0.9278876905338707 0.15005129855848542 2.7249189871847435e-05 2.64054688557269
30 0.9292588730003155 0.14738022833637343 0.002879220898947432 2.6414785617322294
35 0.927478192263125 0.1522846128255111 0.004813673672151353 2.641270531309903
40 0.9283321124871544 0.1519206563613178 0.009284279379981664 2.6402222105926296
45 0.9258008411738698 0.15699000578917266 0.002012793061898277 2.6405170271251275
50 0.9295289203623923 0.14642492457097678 0.0007420054420228528 2.640319787490478
55 0.9373901987807036 0.13096312838821822 0.004180108903888646 2.640405326822724
60 0.9341679236862739 0.1370376498821595 0.0023312851656756006 2.6398161705160477
65 0.9334618488364 0.13835141210157698 0.005649756086558266 2.6398627767556695
70 0.9307255032279526 0.1444510336368876 0.007252574746107632 2.6398700440562037
75 0.9291671704970181 0.14771666865194533 0.0007067294775433552 2.6397201024947172
80 0.9280386513775127 0.15142025648936164 0.00979026051782328 2.63996539789966
85 0.9330216861592255 0.13961052315219025 0.0025304010783742115 2.6394600707377753
90 0.9332337300053475 0.138892996325918 0.0015998572191284754 2.6401552708192564
95 0.9334611411368963 0.1387273027318794 0.0027255859442107955 2.638965129611037
100 0.9333882843890127 0.13840802534727414 0.00019714889973831973 2.6394979926445212
105 0.9354721666031385 0.13510237627794508 0.0036483759971106533 2.64011646632856
110 0.9310122912154974 0.14371815631234375 0.001330775254052119 2.639713309118045
115 0.9324285712571196 0.14103408809632034 0.0011222829984076643 2.6394722694054327
120 0.9277614655262671 0.15081360549519607 0.002761591180178158 2.638986341451468
125 0.9283934609612661 0.15054471940504266 0.006630548134995307 2.638903418980695
130 0.9352394991704757 0.13460215001957465 0.0021363847720723417 2.639528144936408
135 0.9326447057072124 0.14032182853581787 0.004071483632916317 2.639571996021159
140 0.9258068817755187 0.15480378108772497 0.0001682548967982811 2.638935911776932
145 0.931105089167628 0.1439653824313547 0.001199830602994556 2.6386636055619483
150 0.9373855427437152 0.13034893834980954 0.0011056075220170491 2.6390735866865196
155 0.9321328016058297 0.14148006838560612 0.00046795451359460394 2.639196422830417
160 0.9315695805671178 0.14211788200379338 0.0027835184583802075 2.6385999007975895
165 0.9333799301604864 0.1383761308414706 0.001053297838815137 2.6388989075093563
170 0.935689001984317 0.13396473017862398 0.0022856202277956594 2.6383417026413376
175 0.9323797184659937 0.1406008043372311 0.0026573230158757344 2.6388750826149137
180 0.9346431773191923 0.1360102195540689 0.0009061004312158616 2.63899195082693
185 0.9313503954335638 0.1438559557170218 0.002184872268087501 2.638919604842445
190 0.9352634466887579 0.13528666801217382 0.0006633418102246491 2.6386978784544857
195 0.9338441120878401 0.1387089345322532 0.0004845522202192587 2.6385182746498117
200 0.9348476141502289 0.1361818876394607 0.004954112380376019 2.63872797849361
205 0.9298311163046076 0.14635548827111045 0.00018164107191043222 2.6387177837904257
210 0.930059877431745 0.14584511955846313 0.00023898825138046753 2.6385439830167865
215 0.9350975936208147 0.1353499028901255 0.0008294602429073095 2.6388323475316025
220 0.9336180940330727 0.13850971440225557 0.0027623433814856213 2.639011953123204
225 0.9324495441781145 0.14119897491578026 0.0009979416608179026 2.639143485119703
230 0.9344549701431066 0.1370435628283584 0.003473684808744437 2.638483552291327
235 0.9319189316880749 0.1417012119551928 0.0006062136400184492 2.638346347951418
240 0.9351486975118151 0.13516302877193498 0.004262915671739753 2.63896066526934
245 0.9348046306905307 0.13570773632744748 0.0018182753941771157 2.6385662200629207
250 0.9546425027977848 0.10877575925206973 0.029315352238850956 2.742306662506325
255 0.9944186662480328 0.017583843868717697 0.018850475841472925 2.6525605364716496
260 0.9970294391763828 0.009280016676767922 0.0007525421047780423 2.6462976685580504
265 0.9979816557968688 0.005355393723391 0.010022878974447202 2.6444526484068156
270 0.998315965117966 0.005206918497985491 0.0006296203542204282 2.643117700594419
275 0.9969209167781364 0.009550849681292828 0.004060711431758346 2.643241953145676
280 0.9941827497774063 0.021556708037937966 0.0084895643455285 2.642861498482166
285 0.9975057383375767 0.007354289591635421 0.0007883285959982 2.6425827604428083
290 0.9967548436713527 0.011788278308661138 0.004378916537909783 2.641824148035309
295 0.9987273576614862 0.0036601482484930337 0.007578358010171593 2.6413210309654125
300 0.9989487414684423 0.0033518554058962202 0.004300851047323695 2.6411364724613673
305 0.9980919198318216 0.0067093860232629865 0.0002238550337987366 2.6408625484869734
310 0.9973900611870576 0.009982643400676672 0.005656568844513821 2.641775998143931
315 0.997436160080828 0.009077681304349383 0.002503192633345863 2.6410065978313084
320 0.9987524465055204 0.0036998419103664304 0.0010354562760876984 2.641079358786493
325 0.9992248965196335 0.002279656510317807 0.002374486287242794 2.641095873152862
330 0.9975889275402533 0.008936748727238264 0.0031971910328898456 2.640682465727932
335 0.9993410065383754 0.0021124831434220503 0.000740055188280353 2.6405959373039973
340 0.9993573740361832 0.0018288184697619059 0.002928277744916663 2.6409026396233672
345 0.9991181835060507 0.002378598155927225 0.0017519447147378298 2.640847489791702
350 0.9973217415919347 0.010112941675893605 0.0029933167445348463 2.6402906513830002
355 0.9989147771425856 0.003554804618061347 0.003993345518561897 2.6402802894901947
360 0.9993482234975624 0.0020743707616168727 0.002593288558769835 2.639778875133717
365 0.9992234080408902 0.002236640641338994 0.004318703855388906 2.6400406093714723
370 0.99828966492023 0.006454882050794808 0.003360826362308389 2.639975909604372
375 0.999489575842524 0.0014804478692176382 0.001990975053589361 2.6399478924090563
380 0.9988343633187338 0.0035864662819422577 2.8339253331788328e-05 2.6396288722171075
385 0.9996485258891852 0.0009056377495966217 0.0019717893352477756 2.639655110839826
390 0.9988368406345738 0.003370829949393972 0.001344598246633577 2.6397682124609134
395 0.9990880427753335 0.003175787561679133 0.001970879666586489 2.6393792836539105
400 0.9993981580767795 0.0019060381580264796 0.001053550728391306 2.6398266388197045
405 0.9996435599422311 0.0009527750099027621 0.00024214146470824538 2.639610804395642
410 0.9990624387183218 0.003348172084904455 0.0031149692241065896 2.6400034564772468
415 0.9961317311949021 0.015508293414210339 0.00488910138401244 2.6395323707992446
420 0.998948278520325 0.0035410171678624813 0.0011680215241980374 2.639286543671358
425 0.9994116511177963 0.0021057743051566824 0.001977095592737399 2.639910924496157
430 0.9993087699785246 0.0021387393814231714 8.828862721022013e-05 2.638838433185665
435 0.9994490352049483 0.0019478449740080173 0.0035407694976699045 2.639556793939878
440 0.9994603658002432 0.0015911957869541027 0.0029051944327393997 2.6392185204779053
445 0.9971683287182986 0.011178178811214856 0.00869578921189662 2.6395903852046105
450 0.9993474817550183 0.002218594039937738 0.0028156910531718093 2.6395782041503173
455 0.9989452548698794 0.00393001498300416 0.003935324131906892 2.639790102864877
460 0.9977716186104294 0.008623162713481847 0.001305275184890986 2.6398572085411383
465 0.9994724027199127 0.0018724506700027455 0.008925841236146814 2.639553848545327
470 0.9992446355673097 0.002164804942113463 0.007014426378551208 2.63888952950033
475 0.9994079581017282 0.0019543089810767356 0.0030979289323882497 2.639067738414831
480 0.9995703075801443 0.0013935446377066896 0.0011417670944082747 2.639677127616541
485 0.9996735780796859 0.0009806820257169946 0.002862490159980524 2.63871501389463
490 0.9991542696696513 0.0031733013839811974 0.0011725001306270855 2.6385411541043897
495 0.9992999868480544 0.0024811187972382243 0.003368555761806169 2.6388017641674164
500 0.9993255086879592 0.0022502607899776983 0.0017949022048662222 2.6394909659122594
505 0.9997557965427036 0.0007458589715709785 0.0010027775136369765 2.63883937116715
510 0.9995295921604939 0.0015526728754968744 0.0016299882040384794 2.6388069948896034
515 0.9996392937975692 0.001007915310552665 0.0009710095422399423 2.6389971107935337
520 0.9993129005862703 0.002585536892568019 0.0019498726248958764 2.638931121586022
525 0.9996793524912997 0.0009264286658332566 0.0016472330610539654 2.6387827520350142
530 0.9988342129420839 0.003938111377680187 0.0013437155662534561 2.6387023591036165
535 0.9981650442177354 0.007326064428039292 0.003123525027663554 2.6393033472018943
540 0.9994329962289047 0.001942835074114413 0.0004043370744959418 2.6393620460946194
545 0.9994658753221307 0.0018794764154925758 0.002383348467292379 2.6387842902291516
550 0.9994396871348895 0.0019802181150163634 6.682040206862361e-05 2.638741236004269
555 0.997291826410371 0.010434904180809834 0.004701225120408159 2.638778252805281
560 0.9989971938195993 0.003523649861091105 0.006276845076705451 2.6386445415025213
565 0.9995210612238214 0.0017217362964525584 0.002101070005504635 2.639007361075411
570 0.999364056138853 0.0022398074881433416 0.003119550182061115 2.6388225130346745
575 0.9993168542104125 0.0024663392670913886 0.0019322304616145036 2.6393131959622558
580 0.9995903719494222 0.0013606982657532463 0.0032040795166086156 2.63879364453177
585 0.9997273106755173 0.0007212044308935184 8.229587629426938e-05 2.638857577230686
590 0.9997161444284989 0.0007961319395608513 0.0005467681664217405 2.6389702621639493
595 0.9991875461870876 0.0031155472786341676 0.002476361541126515 2.6389548879815776
600 0.9990982826450646 0.0034385137238595043 0.0019860268320157637 2.6388181394872596
605 0.999588285600886 0.0013194429073766223 0.0016055294532388853 2.638693014856606
610 0.9992214259167109 0.002653618533251745 0.0015299011705256493 2.638033980743599
615 0.9989765823358163 0.0038451696023864557 0.0016439665797911562 2.638667276785591
620 0.9996247096851462 0.0012170430556763812 0.0028748860598921677 2.638740205563137
625 0.9996878041833719 0.0009542419864461138 0.0014953442672824835 2.63870860895945
630 0.9991879640668765 0.002841247633337929 0.0005240563191721836 2.6386028806488753
635 0.9995962450408464 0.00134556995539592 0.001538567763247789 2.6384329143472467
640 0.9988884642370417 0.004287956779398527 0.0010952650659283858 2.638487654952597
645 0.9997106652556417 0.0008676802183882337 0.0013343592463332943 2.6387187196668207
650 0.9989989712145736 0.0037480511409135886 0.003236503744162844 2.638429611719387
655 0.9996879320591348 0.0009908091724879498 0.0002802219996509425 2.638594379057618
660 0.9995051125546501 0.0016432011679703429 0.0012840224010828294 2.6380250518178623
665 0.9994938633239255 0.0017146628102526762 0.0013999831294395637 2.638779766911357
670 0.9992422630867133 0.0026479054310191152 0.0019412166219063831 2.6384887595606403
675 0.9994432505757662 0.0021752968505808212 0.0020655132997562387 2.6383996939527514
680 0.9990268055493254 0.003351887310122148 0.0001919338249869451 2.638204907401741
685 0.999694766912814 0.0010075692260311797 0.0010613409927662243 2.6386052222490677
690 0.9995959507307858 0.001331553396558327 0.001613218351143697 2.6385439613382897
695 0.9985833276073155 0.0056011864981404536 0.0029129023928764486 2.63893041148099
700 0.9986544074847181 0.005198850319808823 0.002920534154994936 2.6384408723411634
705 0.9988886332081519 0.004193118981203892 0.0030468777247250056 2.6385304121953315
710 0.9996826405497786 0.001092411243249547 0.004949235170979449 2.638324878950554
715 0.9993905092202914 0.0022574844337746036 0.004351910679105897 2.6384677417770335
720 0.9992699543500378 0.0026455735902328747 0.001114189494203055 2.6385077414237865
725 0.998579683811577 0.005418635730195742 0.0032589890607839234 2.6386877850300565
730 0.9993188364774427 0.002460824863718347 0.00036265375653976584 2.638294791925215
735 0.9994360305570619 0.0019091387001219928 0.0019484088482202289 2.6385667600496303
740 0.999163144642564 0.00302510938818612 0.0008717728903102628 2.6382678854569974
745 0.9994184581631691 0.0020857388029700275 0.003979865044758668 2.6388267715563063
750 0.9986395703281173 0.00521304958133495 0.0022103043030736735 2.637957488806827
755 0.99933711857213 0.0023086167780852485 0.002153407228153048 2.6382036512285167
760 0.999479295913719 0.0019884133527221515 0.0020027689144022087 2.638664546687278
765 0.9997994369453385 0.0006690885445137518 0.0004332949863028457 2.638372538743826
770 0.997973956097048 0.008033236282199763 0.001987140725422165 2.6381785469229597
775 0.9995047791347729 0.0018452015236625208 0.0014650531913245057 2.6381996150951066
780 0.9992803576978249 0.0026675662241890663 8.816756742802134e-05 2.6382134719164214
785 0.9995143473194328 0.001803217262650314 0.003390533387694683 2.638283300266163
790 0.9994977219950181 0.001796359696712102 0.0024449973485118903 2.6383489813348238
795 0.9995102564537186 0.0018569210349625997 0.0008373312002922795 2.63809626374898
800 0.9989759167757986 0.003989012456354413 0.0029006434473426435 2.6381183333494134
805 0.9993932231876839 0.0021899400099645305 0.0011732705206750627 2.638740264216777
810 0.999281461079913 0.0026703013998568004 0.000547358132279463 2.6386209147776922
815 0.9995688070703428 0.0016503769397888668 0.0014390503550034683 2.6384906958556877
820 0.9987743993131144 0.00465045213559101 0.0045403012902052176 2.6383835396875654
825 0.9992932664153459 0.002765925518028567 0.0018119984991247229 2.638514359510933
830 0.9995856318288441 0.0014757684456294662 0.0020295294641314854 2.638480883409372
835 0.999741972806771 0.0009086909898075035 8.975162566216e-05 2.6383045898024733
840 0.9990637705647385 0.0036441995115970016 0.0015907333907729804 2.638499581453226
845 0.9994623524326396 0.0019457940244698158 0.0010333507945325948 2.638499000857125
850 0.9997135170363607 0.0009876079094648382 0.002135606545200508 2.638011161597441
855 0.9991227043687789 0.0032539417784844815 0.005142138458269274 2.63826172492619
860 0.9994104774724684 0.002247793833188183 0.00571704301583198 2.638053492343813
865 0.9987789857389233 0.004861445160316169 0.0038946553964680497 2.637896944747851
870 0.9997115750694656 0.0009890083288750517 0.0018385391210047342 2.63843508148474
875 0.9995857904568497 0.001562688685293523 0.0013244129033345153 2.637932790223951
880 0.9998049444660322 0.0006500334692383092 0.005387365986308623 2.638193919262376
885 0.9997070443791802 0.0010727177072733518 0.0016200894635742813 2.638347456953475
890 0.9997081005621156 0.001022893600545416 0.0009135521940504265 2.6384653105763083
895 0.9997045734354126 0.0010113717777135989 0.0013724661523961679 2.6383314226101646
900 0.999799585770057 0.0006790159321674594 0.0011234408940226093 2.6380190888293957
905 0.9994854380750898 0.0019276389368778624 0.00026257530907392024 2.637940581935564
910 0.9993757660236097 0.0023690116803520844 0.0033393268880377303 2.638215849992075
915 0.9993234937154334 0.002567326322004515 0.0013062511097163831 2.6380690012261265
920 0.9994311392439895 0.0021556577918806497 0.0013285602282055997 2.6376856225879477
925 0.9996642358629849 0.0011590666428307195 0.0025734160657189253 2.638119532381148
930 0.9997791486800762 0.0007379912115426102 0.0011036476024972597 2.6385887075877306
935 0.9996991814858804 0.0010498778129837127 0.0023461393056543045 2.6382332153445818
940 0.9995890380739986 0.0015132491916993729 0.00043830095072583397 2.638038990498905
945 0.9997166486217335 0.0010523374587489975 0.002057907714576368 2.6380200525050306
950 0.9994065364942797 0.002224452159501844 0.0028016775190844445 2.637906415851053
955 0.9995592607829225 0.0016354550756059183 0.0031078041089023234 2.6381338119385647
960 0.9995272127268078 0.00178670119346247 0.0023020487210796414 2.638015027771859
965 0.9997899070280372 0.0007260944102944755 0.0003669388605471724 2.6383390676650693
970 0.999165284523793 0.003306343158448133 0.0011646909916080972 2.6380888059644865
975 0.9995072237778916 0.0018510430897653585 0.003918594633625316 2.638038244442936
980 0.9992375622110602 0.002948873814815123 0.00026688536347996283 2.6382098189567955
985 0.9994171528764013 0.0021626145255000395 0.001524096926638574 2.6381521737592926
990 0.9995224470131934 0.0016790205600143437 0.001205561163594382 2.6380358951521674
995 0.9993347000486297 0.002593217741286402 0.0054055775291332875 2.6377382422953826
1000 0.9992959128359651 0.002774562563135241 0.0066043925521011015 2.638096103767382
