0 0.4907271918873092 1.5660553457298243 0.3851594381621227 0
5 0.9202177525139835 0.17115851801483917 0.003674729460648729 2.644030272388954
10 0.9298811201303258 0.1468878717955362 0.0017800131729248658 2.642506143452779
15 0.9353251486006995 0.1351747572048132 0.0023587741681396768 2.641668385429577
20 0.9294965785159557 0.14835707177071633 5.760034486801402e-05 2.6414584788279516
25 0.9296988781334818 0.14669658317143286 0.005854792036559919 2.6412450760234543
30 0.9178981699721253 0.17572998803365003 0.010769188119060358 2.6417374238350595
35 0.9352275077882852 0.13528352794241183 0.0005391823699063547 2.6403951916617516
40 0.9288684022600917 0.14813787296957281 0.0027850059941456617 2.6404796101956736
45 0.9254151190728056 0.15822267329227468 0.002203872267942275 2.640176507391699
50 0.9310151222011261 0.14411090400423943 0.00028994940536075653 2.6398099771471415
55 0.9357176084007733 0.13373083121479956 0.0027407628817142093 2.6405073187371353
60 0.9272901280179272 0.15318110210631541 0.0030450704856936905 2.640296739047871
65 0.9327548346847632 0.14043360556937756 0.0035164451662295093 2.6405804824817274
70 0.9336862268794943 0.13960866220394497 0.002584954677841811 2.640292690577575
75 0.9313953792827836 0.14289874494049348 0.00035403961323776656 2.6398301195681904
80 0.9312719748528038 0.14387862389014572 0.005208747591846752 2.63966801810144
85 0.9320601043717534 0.14143163614948495 0.00304365420778141 2.6394668739607816
90 0.9364839112101387 0.1324657913946541 0.003051236668894619 2.6399487468615983
95 0.9252357721007343 0.15599673879347753 0.00020545551638462278 2.640139193869044
100 0.933532893990706 0.13831819439277826 0.0009174438964636433 2.639350557443086
105 0.9325907081472897 0.1401533006713045 0.001525693054329258 2.639931381710337
110 0.931368501651819 0.14326995164522005 0.009969791197207867 2.6393005080778993
115 0.929090291653602 0.1475853366277904 0.008327195106529128 2.63866130862377
120 0.9366475952981395 0.13216090178397 0.0012974629219888456 2.639235711239155
125 0.9312344635424571 0.14352759251260183 0.00251981135436119 2.639048026424578
130 0.9283647757649103 0.14914742972858486 0.00010906079948003189 2.6386411359216306
135 0.9305241098562376 0.14463394556975384 0.004760979402730348 2.6400853322028928
140 0.9351104522968103 0.13521870659717417 0.004545642114483162 2.6390916420778097
145 0.9341764669412473 0.13705112764944127 0.00044775370635385947 2.6397179969643987
150 0.9348937274503694 0.13572225425265794 0.002298611065109313 2.638913629584796
155 0.9387558135845235 0.12777123378928357 0.0013865986157723942 2.638613613729238
160 0.9320541231485746 0.14175327960572792 0.002903504018360481 2.63865082872346
165 0.9355172877645992 0.1344159444233739 0.002239222469858637 2.63937636039674
170 0.9298404918748292 0.14574998914256998 0.0015628359859320984 2.6385486237296347
175 0.9343260716054791 0.140113993234098 0.0042821064181230994 2.639023432814964
180 0.9348678764996485 0.13550509226455754 0.0027781819995789103 2.6387797283212255
185 0.9314939879117217 0.1430763012113454 0.00249413291914502 2.6386287210237627
190 0.9264852971280177 0.1539960903411246 0.008464049818596386 2.6391037008976053
195 0.9319945209906223 0.14140853599690129 0.0009081488290818562 2.6386987827662063
200 0.9318390082356899 0.1419605096089862 0.001263895989189301 2.63845284246297
205 0.9282055253771941 0.14932619879712172 0.0004825023335799372 2.6385214082435744
210 0.9333469434009887 0.1391155261797863 0.004129291013645675 2.6386443780330846
215 0.9289772735784412 0.1490394975144067 0.0026601252641795803 2.6387621145037112
220 0.9299254779753741 0.14694123222753808 0.003413324798530848 2.6384748155208184
225 0.9284009350551963 0.1508199458056203 0.0012686076208121566 2.6385910548944467
230 0.9291412976318295 0.14816185166016238 0.006633942134016246 2.638352446910771
235 0.9336574129739418 0.138208818689582 0.00027586146899438724 2.639103550113154
240 0.927822507935907 0.15154732581278418 0.004535738559977132 2.6376958615490422
245 0.9339718274552248 0.13963145978343672 0.002556578703235113 2.638902506658175
250 0.9306065161525476 0.14433353352593814 0.001298557026803815 2.638785418691835
255 0.9300565242060901 0.14722259127149462 0.003207966490296865 2.6388165734276434
260 0.9308230777057475 0.14539136263282249 0.0024411720212726973 2.638819989233665
265 0.9317575591124152 0.14222101770717144 0.002234955765653357 2.638692708050329
270 0.9325018235975078 0.14073921724696703 0.002720264314951315 2.6385114410165516
275 0.9333137899939205 0.1402217108028987 9.728556517463183e-05 2.638193612794532
280 0.9284295519525001 0.14943023608939798 0.005411843210994638 2.6388462517760893
285 0.929206268114164 0.1482684178875182 0.002356727797655056 2.6381432179316313
290 0.9331870098363262 0.13895633730027113 0.0010512860037399374 2.638390051126083
295 0.9328844210636078 0.1396089031512484 6.113163245857756e-05 2.638369460790796
300 0.9311825271409657 0.14375683548882634 0.00035138539688728265 2.6384616985805835
305 0.9347404859763984 0.13591707590029634 0.002317607190250426 2.6384140211463336
310 0.9338412574613137 0.13805139959508939 0.006645394474604105 2.6383421676617793
315 0.9300890726706736 0.14582792736596284 0.0006425175643502978 2.6381713657053036
320 0.9344822943998657 0.1373437960709274 0.010811673082749218 2.638317009025601
325 0.9309673470457448 0.14374165993346866 0.0025718755723205255 2.6386614375181785
330 0.9317793352134816 0.14210921585501168 0.00018136245331246137 2.6380473329543834
335 0.9353926053865055 0.13453531866528667 0.001604583522719416 2.6379650421270555
340 0.9260654796752636 0.15442529122376492 0.0020073750456701678 2.638406104663316
345 0.9326633049063766 0.1399991768863722 0.002045423163718807 2.638124291542265
350 0.9231122174402764 0.16314847973797653 0.007512323160935086 2.637857659911762
355 0.9348892820178348 0.13587582489479288 0.0028111617376986864 2.638564457455983
360 0.929747750455534 0.14622543681418376 0.0012236300453913884 2.638568620679046
365 0.9339753250464014 0.1385387298602212 0.0028016522187102044 2.6381884418769164
370 0.9302478796257989 0.14635199728771342 0.0012002480001687132 2.6385095531023945
375 0.9313438750009497 0.14333967588161522 0.004074653759711833 2.638139059304505
380 0.9316857125276359 0.1422718892958028 0.0032267080403778348 2.637997272730609
385 0.93194696858956 0.14206309483381707 0.0011682096017573418 2.638317222012231
390 0.9263321435566487 0.15357664413462935 0.003477489865288508 2.6382875421674497
395 0.937143866905485 0.13149757157492825 0.0006139832651121946 2.6376734122269583
400 0.9312177794331837 0.1438830750407205 0.0010237650921356423 2.638257207190762
405 0.9328833119638298 0.13978510309080416 0.0006987126096014151 2.6380407833362667
410 0.9334049836826137 0.13957492950469685 0.0024507011110650456 2.6382222524677816
415 0.9311913905559346 0.14323390576574413 0.0009552146386953009 2.6377120225721837
420 0.9268279259827894 0.15383543509647302 0.004890988202510549 2.638190029468244
425 0.9338783838528506 0.13841966262477667 0.0010890611791323224 2.6380250283464433
430 0.9336002527987242 0.13864035547219622 0.0038423474781912326 2.6380727424925725
435 0.9293009966083615 0.14738031989431377 0.004489541358289939 2.638338482640637
440 0.9319604984229164 0.1420012700391493 0.001189341120904297 2.638187372864372
445 0.934550132696772 0.136891261684696 0.004295724422676672 2.637871342437709
450 0.9314294267615841 0.1429849603218245 0.00564078662337919 2.6381442099792447
455 0.9292045600205858 0.14836079139806158 0.0010056983349107096 2.6377814128387587
460 0.9261828127153126 0.15371631960691845 0.0019177456238486101 2.638164768681589
465 0.9316707521776759 0.14221656144523642 0.0005868812175986449 2.637990573384286
470 0.932781272004501 0.1407734673947605 0.002166131045395092 2.6382575714689342
475 0.9297581216593989 0.14618245668990104 0.0014646624534846442 2.638089921477695
480 0.9287928050247614 0.14820248637135824 0.000752070326839327 2.638202406289714
485 0.9307713849074876 0.14437663325264305 0.004926908490162196 2.638178423155844
490 0.9288593649978198 0.14890337778520157 0.002258745071984869 2.6376811557989646
495 0.9249423025237221 0.15755365882178385 0.002282570459497757 2.6377799649267786
500 0.9579269518235609 0.09840743013408026 0.03058276468090626 2.7444250992480272
505 0.9962867183923139 0.008999623321073624 0.014627775413729172 2.6498325877762827
510 0.9983403177184276 0.004100597827971786 0.0020413180137925924 2.6452340591707313
515 0.9985558729738602 0.00419579252028246 0.0003339606537147155 2.643480574887926
520 0.997911537493199 0.00603683131413657 0.00011517085261170124 2.642515359012111
525 0.9983991336420897 0.0052512983773800315 0.007596680999389482 2.6422952909883817
530 0.9984741901391205 0.004883783045019463 0.0011400804743357806 2.641864825897784
535 0.9992224701936153 0.002249601643954602 0.00230429101320917 2.6408682273364548
540 0.9988700686462745 0.003473577828283947 0.0027328856331207962 2.641062138299519
545 0.9990895017821761 0.002858216452082729 0.0004200732638242055 2.6405131254822503
550 0.9985374279282586 0.005239845631368034 0.0029303341204618416 2.6402170217722647
555 0.9994350728477048 0.0015615140820632867 0.004120396172874186 2.640806802607774
560 0.9981063502475321 0.006316556636926762 0.0007219154306585818 2.6402245595565335
565 0.9976963338829988 0.006621577021924008 0.003817285833478179 2.64082123893267
570 0.9991938106614318 0.0021398995669486 0.0031854599201641687 2.6401552794109513
575 0.9989886343230807 0.0036800110372241512 0.0001623451348753413 2.640540766960731
580 0.9993196798931704 0.002078550673565882 0.0008136907203739607 2.639853287406784
585 0.9994096692652953 0.0018314626278388424 0.002434450617878836 2.6398773947684266
590 0.9994111167148855 0.0020254723907568994 0.00463739065676827 2.6398048459290195
595 0.9986834805502309 0.0049129997109669254 0.004438661593521687 2.6391185881234343
600 0.9985616792122594 0.005524133484890115 0.00361196313772294 2.639578947221638
605 0.9992208708892747 0.002465014236164631 0.0003419754931703878 2.6395622088343176
610 0.9986234918032998 0.004915081851807113 0.003641771493867463 2.6392050158061626
615 0.9993454593972966 0.002023297610514785 0.0035729366378018934 2.6396747656872703
620 0.99958448178238 0.0013812120515592774 0.0017075009408074049 2.6401626667374543
625 0.9992318937912714 0.002086453763784135 0.0005376429859003107 2.639728258873424
630 0.9992843889094527 0.0024408658730608046 0.003857631262859096 2.6396860252801044
635 0.9976219536390323 0.00776803094703693 0.004503129895640612 2.639101812542242
640 0.9982451945476208 0.006680381511421807 0.0034548332302895 2.639793470160666
645 0.9993809956488452 0.0021412335456472142 0.0039060509732948834 2.6395521828330835
650 0.9993623483315254 0.002149069721846697 0.0024575717539274677 2.6393109549878795
655 0.9981293314748448 0.00715043949680938 0.006317255163384994 2.6395058212979423
660 0.9994909053703631 0.0014539663742603182 0.0026153979199257105 2.639683450140818
665 0.999604893740243 0.0011022083331062582 0.0009721197685772509 2.6397100049871756
670 0.9988914521467813 0.0036659380804020536 0.002863288233353023 2.63918909285677
675 0.9994512931190254 0.0015541065691446754 0.0005183488700690742 2.6393088043332016
680 0.9991309541623521 0.0032939313931028558 0.0011508924409477927 2.6389576441205893
685 0.9996136227923238 0.0011431205333543026 0.009087036114396208 2.639584889613877
690 0.9994850869483201 0.001656480359517154 0.0018666753185307972 2.638965267406756
695 0.9996834971762157 0.0008613440651865645 0.0030401857852384584 2.6389941005587936
700 0.9993518716168474 0.002269860621318731 0.005003513547962912 2.6392202801366476
705 0.9990387552717034 0.0034206015860429595 0.0037929074422491382 2.639421566858896
710 0.9993566370232176 0.0022197729087616302 0.004141684175652083 2.639316207974399
715 0.9995287097050525 0.0016065183320961296 0.0019608662497578866 2.6393527626988798
720 0.9995729484319434 0.0012876025491497245 0.00018439035060002773 2.6387394613829263
725 0.9994840516088837 0.0016675219929132012 0.0005405810187784077 2.6390780822656574
730 0.9992348892906329 0.0023692863825468535 0.0056835247880748785 2.638952898680181
735 0.9964076037200252 0.014014389115621473 0.006587735682367812 2.6386368578990855
740 0.9995703554195012 0.0012679209950556825 0.0021307149688867266 2.639058261411687
745 0.9992407179932337 0.002569788728770117 0.0036403730194944917 2.638908105208951
750 0.9989939550009249 0.003414915760615589 0.00256517144411772 2.639305803403133
755 0.9994244838919254 0.0018826908944467036 0.0003971088942142931 2.638988823360785
760 0.9991546839143323 0.002511941190345812 0.0011011957385778093 2.6387408692734686
765 0.9993081243344248 0.0022980543893313943 0.006284749091354902 2.638666544600901
770 0.9991913304858344 0.0028470926558998855 0.0021852588497710546 2.638994349002943
775 0.9992291776167759 0.0029109632086199433 0.0012208646012463742 2.638188614214164
780 0.9992498663988706 0.002597001239999841 0.00022782324351955374 2.6392061885453613
785 0.9994886699762286 0.001678642041616385 0.0031585784679901696 2.639137156457331
790 0.999718861073795 0.0008052204469337632 0.0021910386438370733 2.638666239002088
795 0.9994293964425371 0.0018778619736599111 0.002555739719475314 2.6387206621258525
800 0.9995113503887414 0.001664792411867122 0.0008149440393436791 2.639137138541992
805 0.999344449980714 0.00224204864484312 0.002892191280526868 2.6384087994319123
810 0.999595475176842 0.0012228765538955244 0.0022397107515270687 2.638500362165463
815 0.9996545876456211 0.0010699261254849546 0.0004818927058194422 2.6386541253122187
820 0.9992965042348695 0.0020815349719778276 0.002184288639909715 2.638535869577443
825 0.9994396676403453 0.0017097276757449542 0.0019058014626096575 2.6384426067684204
830 0.998286179313798 0.006690693695153627 0.00028518570484381556 2.6387112508166997
835 0.9996419603590381 0.0009682016810592664 0.002413742541890196 2.6389102439842262
840 0.9994901454594588 0.0017568459367809375 0.0017399255885923726 2.6382598770407015
845 0.9988915549279189 0.0037419196454857584 0.0019164328268217456 2.638737718330227
850 0.9986514927074079 0.005077015636651527 0.0002537824827792967 2.638416536126824
855 0.9975606992851878 0.009431997004599957 0.00870990664801452 2.6384027919250492
860 0.9994956880163242 0.0016206180763740363 0.0017208480358483769 2.6387567401101766
865 0.9993011844576175 0.002708505723446386 3.1753769692999256e-05 2.63848933498098
870 0.9992923513041991 0.002616006284977157 0.0030276082172842056 2.6385454059627964
875 0.9993162114432166 0.002468066663583901 0.003066131003115702 2.6385885979475243
880 0.9993891312939885 0.002184050753942124 0.00034933671924441967 2.638714432595644
885 0.9994563236187535 0.0019077024341540572 0.006360251029428499 2.6387977464576835
890 0.9995642475139007 0.0014466338788547972 0.0021868807247977795 2.638708979007033
895 0.9984243105904651 0.005339184518123208 7.882452859342415e-05 2.63836243099385
900 0.9993746454136737 0.002361961203974694 0.0014401380343640469 2.6385163769211495
905 0.9992372010154029 0.0027148138288755064 0.0013688376488600884 2.6385160624690034
910 0.9991881815776975 0.0028292244230176955 0.007031012567023209 2.6380733613925185
915 0.999515636554879 0.0014660320336932209 0.0019860753230975803 2.638388675320197
920 0.999392939232266 0.0022713404914989077 0.0044361545311286665 2.638320908539194
925 0.9983853862028254 0.006295252900192505 0.002667640657572301 2.638562621267454
930 0.9996387896391161 0.0010057059849404304 0.00047423365582766053 2.6384441216944974
935 0.9992138754686966 0.002758593828481093 0.003558148313729026 2.63808204571277
940 0.9992156491542261 0.0029684958086986235 0.00015373050923828124 2.638499540566678
945 0.9997474710652395 0.0008682723625370592 0.00156385522988578 2.6381703054860552
950 0.9989140798244611 0.004212653101159702 0.0023450967940730205 2.6384517458046237
955 0.9996148605429888 0.0013906734035331603 0.005050976882891467 2.63834893756607
960 0.999600550137844 0.0014627220199683322 0.0038475177522367954 2.638444983672943
965 0.9996747131497641 0.0009358360866777993 0.002195651627672879 2.6384643640311434
970 0.9989452814583222 0.003859109599305466 0.0008571402294808017 2.6383709973253353
975 0.9993086974976575 0.002455468733246313 0.0011954223466679181 2.6384228496782316
980 0.9993147896487523 0.002281566182011474 0.00192032200647696 2.6385973133818923
985 0.9995500515767817 0.001528884399553121 0.0028134374070019064 2.638485227048464
990 0.9997029269298121 0.000980612275266246 0.002886006594428503 2.638217551447211
995 0.9987200769235839 0.00481463508679969 0.0006480664206256481 2.638021289995669
1000 0.99915756923134 0.0031971971268478505 0.009745450396658972 2.63833509855947
