0 0.5118185301759763 1.4593611876809596 0.34082418256978964 0
5 0.9284232689755069 0.150318440020333 0.005238345039468406 2.644334794397953
10 0.9263639623237454 0.1539367810587522 0.004498715301523015 2.6427325915501596
15 0.9247532056020944 0.1610873107417543 0.011671055591706114 2.6420350187822983
20 0.9301569888293422 0.14666009339966024 0.0012053592442238248 2.641961488415258
25 0.9173305539758272 0.17682562060846863 0.014149864976261473 2.641346517469886
30 0.9277296823677188 0.15081611271725803 0.0005411971366124924 2.6409207163627313
35 0.9316632857791414 0.14226543957665472 0.0022690653786137105 2.6409731399636165
40 0.9300624150563446 0.1465502904986451 0.003651401132221954 2.6409021925953136
45 0.9318574735696203 0.14198542452042195 0.001524974375448629 2.639920967132938
50 0.9321769566635343 0.14122596484639383 0.006372563855192803 2.6406500798259804
55 0.9270583727921251 0.15220114801657614 0.004405793999541663 2.640378354867894
60 0.9309930243048931 0.1456719813084435 0.006164533789048798 2.6399609906909256
65 0.9265992999832189 0.15328673134847515 0.004346347722136379 2.6396187283024743
70 0.9309122623927246 0.1437147176073088 0.0014899279420974576 2.6396419054993654
75 0.9268982857566423 0.15573460167357744 0.0019735950326589258 2.640328020361113
80 0.9368632724220751 0.13171867068926124 0.0015248692424540966 2.640269246008876
85 0.9345222031393003 0.13689081095232636 0.00015549939438064264 2.6399966639719215
90 0.934136997541898 0.14339415138538802 0.0030637003408700014 2.6394475242202535
95 0.9290524832783937 0.1505666791980378 0.0022663079592855073 2.6398571606186216
100 0.9241870284460056 0.16026984900281294 0.0020215104236058767 2.6400937669562956
105 0.9324659947579315 0.14161674789871714 0.00019109394282446068 2.6391521940602845
110 0.931151622115665 0.1436566477447001 0.00036283691659777517 2.638770392603565
115 0.9337423268121596 0.13768653770681416 0.00018687034581632567 2.6396047469540753
120 0.9319440302987674 0.1424158130324611 0.0003970569270805857 2.6392513884033932
125 0.9360453134649357 0.13345365001767906 0.0019788477562194817 2.6396003856155414
130 0.9333046172016265 0.13883983680336298 0.005081669812137202 2.639445353520454
135 0.9303436129869853 0.1450783354169336 0.002760819976711515 2.6394716510762506
140 0.9355627450539159 0.1378982172622778 0.005432245311196349 2.6389595350352137
145 0.9358499258919166 0.13439171199316924 0.003915175350307498 2.638629006954894
150 0.9258664169261557 0.15667356933497523 0.0011401213706745406 2.639035414789348
155 0.93164672272955 0.14236651049042726 0.003218903843136056 2.6391086438181293
160 0.9321051768115347 0.14345042755122694 0.0026681810905948566 2.638549781997205
165 0.9334704438704349 0.1387250574286023 0.000524822750991083 2.6392725735624514
170 0.930370061999837 0.14592704701507353 0.0009858962432696128 2.638758133469135
175 0.9395951740370103 0.1277546184841465 0.0021840452060573057 2.638396222549464
180 0.9363581433080417 0.1336225433877236 0.005355510122036833 2.639354423980871
185 0.9291962875658903 0.14802822599908438 0.0018234589022467773 2.6386103100784197
190 0.9358707966850768 0.13479897310405375 0.00748876509052443 2.638887320819545
195 0.9348558132447262 0.13569508339022462 0.0008343373948105359 2.6391115532322247
200 0.9350293559392464 0.13541959445429574 0.0006360312675195434 2.6386217424463028
205 0.9337621095845141 0.13783097326822435 0.0023766657462676033 2.638491771626762
210 0.9360618301604139 0.13294376853814782 0.004927733792000177 2.639170045745777
215 0.934648070062023 0.1359629279355148 0.0007447307250152413 2.63906936511368
220 0.93096370048235 0.14507328040852574 0.0026442876032226614 2.6390306554663936
225 0.9326855200758657 0.14412991040367507 0.0025100805371620627 2.638456282853407
230 0.9372589313959134 0.13091794500127563 0.009583871132495814 2.6386404149991374
235 0.9311882670315558 0.14335326347895005 0.0021255226728220666 2.638538647935221
240 0.9338526851011368 0.1376660736894384 0.0011387059044143388 2.6380969997508092
245 0.9292201636914561 0.14901491159181646 0.001831785821966303 2.6381713741004558
250 0.9345933444445644 0.13621787131176388 0.0028242198759154125 2.6384371062173453
255 0.9282259505099841 0.1498364271760706 0.005117940935378762 2.638379667602879
260 0.9329885138241291 0.14106750577606997 0.004071677869504464 2.638227979031015
265 0.9349223786812328 0.13557363172189696 0.0012094685550911866 2.638671463175423
270 0.9346972625653616 0.13619508751565323 0.0004732047399962358 2.638204045293447
275 0.9343072851943548 0.13646856723847556 0.00168918843895427 2.6384103143426176
280 0.9266391051327052 0.15396879078185988 0.00010498258432334318 2.6382761676410196
285 0.9322155395215952 0.1418303344063001 0.004021223455021206 2.6381749589550947
290 0.9335391782067882 0.13807430932152842 0.0028203200667624717 2.638533261733237
295 0.9353430127742228 0.13453692148002716 0.000259536632547297 2.638491567694917
300 0.9354660001217185 0.1345281980755062 0.004969473740475072 2.638312249799516
305 0.9313576532570302 0.1428137320778018 0.004640613362272283 2.638476758194496
310 0.929916813825914 0.14870907849933968 0.009374356355481561 2.6379117649969777
315 0.9326498806968245 0.14047515459643156 0.0006803115166709173 2.638599777312344
320 0.932228146290068 0.14105879590461345 0.0011772144824560016 2.6379738023633195
325 0.9323744204981019 0.14080145730416893 0.0020130932899549148 2.638408346311161
330 0.9328951297731203 0.13938179777444493 0.005006146928462796 2.6380577719004874
335 0.9313859965084554 0.14298690745111786 0.00264281914975828 2.6384692010233817
340 0.9331832882559679 0.14036661450055554 0.0052354488378696384 2.6381536342800085
345 0.9318529214468556 0.14150617404374222 0.002083603032953185 2.6380064948302997
350 0.9329220419016131 0.14029035833551617 0.005590534429150695 2.638302975863637
355 0.9330501068977124 0.13929273581998824 0.004999039740216871 2.6385748837605694
360 0.9304266348375747 0.1480788734603169 0.00470150574475614 2.6381731580539376
365 0.9325435911436895 0.14011320741055666 0.0010247221188099953 2.638148166073222
370 0.935371248566921 0.1346217902319058 0.001371897846750736 2.638485255760213
375 0.9323249078528251 0.14169125683218686 3.402910716254759e-05 2.638255460169262
380 0.9326597906494074 0.14036424663915392 0.001184199950982734 2.6387631141226593
385 0.9305619421466504 0.14531089636649197 0.0044382109071783304 2.6379974109449824
390 0.9326635369264724 0.14010931566257367 5.4593640360423024e-05 2.638190370747515
395 0.9293048218207502 0.14872750508176624 0.004033423723027063 2.638056481020476
400 0.9329795460015793 0.1392138219879211 0.001834655738379043 2.6380712663315347
405 0.932705040061524 0.13981642173535302 0.001513109851962513 2.6379068666914587
410 0.9352070264062892 0.1352850486262409 0.002980920584328084 2.63778908849192
415 0.9338685638220374 0.1379344071416595 0.0010295334793295474 2.6382669415907753
420 0.9384588655139849 0.12847438860975968 0.0016620556801938413 2.637835178166432
425 0.9327639852317031 0.13994413645428905 0.0024303440458537384 2.637895172831897
430 0.9337716795031605 0.13799599772938764 0.003729431547671025 2.63793600371819
435 0.9323971748095476 0.14081680437127408 0.0041083893537607885 2.6380340833198117
440 0.9323344156091837 0.1411510571563399 0.0014745510801630335 2.637963391575022
445 0.930180678517065 0.14511065777145893 0.000937625281059784 2.6382772294573407
450 0.9330539224719143 0.14006146185774382 0.0013526296255559345 2.637847174707365
455 0.9334829439317142 0.1385477508076196 0.006794772616903533 2.638144434211566
460 0.9353978787549551 0.1346607647017768 0.001772407027322176 2.63777411359572
465 0.9310284390814968 0.14362903390238912 0.0025277897584736753 2.6377917169502005
470 0.9305276247678752 0.1447843319167319 0.0020924882618125196 2.6378065045680676
475 0.9312492784883424 0.14374988733983463 0.0029165038693375056 2.638071847602996
480 0.9319794826874999 0.14148644416704093 0.000746822402641234 2.6379482718642904
485 0.9332968699764106 0.13868860010042816 0.000716462994514222 2.6381212768266304
490 0.9354500569235698 0.13459568581978854 0.00014934294569046713 2.6376887834844167
495 0.9324094837171751 0.14053342959153792 0.0014532797777582207 2.6377917682299725
500 0.9588030188933607 0.09542934454078456 0.026070059701448933 2.742390085563805
505 0.9951811179178203 0.01284838949688405 0.00777906727060218 2.6499775460131434
510 0.9982424801855905 0.005195760584632225 0.00204827919871442 2.644880052852693
515 0.9967882810700228 0.0107486457238406 0.005329376916562767 2.643650763508216
520 0.9982242971809572 0.0053097345092183446 0.004390664090185181 2.642098362873538
525 0.997885309146453 0.006541792098177179 0.001044469912814483 2.6425306126050017
530 0.9993631372270311 0.001740472070143273 0.0040469573440005124 2.641947289769973
535 0.9991334010970546 0.0023837487278144387 0.01334030766346217 2.641512762696515
540 0.9991655753275278 0.0022398855015959285 0.0005127583435398098 2.6409344327237885
545 0.998155789627353 0.006530903150811618 0.0010736758256282286 2.640765129009753
550 0.9994167441221802 0.0017564074888047898 0.004586478166924923 2.6402713743006836
555 0.9988745456202921 0.004100593198252511 0.0056296418432606465 2.640955225723459
560 0.9982279889088432 0.006453023033649696 0.002323427634758568 2.6400718670793704
565 0.9984895188024043 0.005263062937647778 0.004234767054140498 2.6401591482452096
570 0.9987757793935286 0.00413207002321192 0.003844840735456767 2.640081768027265
575 0.9994263261301065 0.0018793569164734514 0.0025895756232523492 2.63992860570346
580 0.9981085966432485 0.006464305473063092 0.00032351413791054107 2.6401247242074386
585 0.9993571885727313 0.0020031698602589465 0.00026317845832868336 2.640060712177796
590 0.9990053438765499 0.0036975835042492022 0.004288362039723825 2.6400646110216686
595 0.9990031504897985 0.003618677831853656 0.0008726599907107335 2.6397263063727805
600 0.9980267393395673 0.007200892105382994 0.0011732639843413661 2.640051585060574
605 0.9992640510512373 0.002235301796046585 0.00038706787069875404 2.6398201249730597
610 0.999106749238283 0.002812621428039286 0.0006691823998665747 2.639751227185008
615 0.9983127525287416 0.005947580099978644 0.0025712004299058844 2.6393952318586567
620 0.999177550965393 0.002222360584451799 0.0009084020151481909 2.639765071756764
625 0.9995039499667259 0.0016479792822634565 0.0010739671268245043 2.639774230359535
630 0.9990780430552728 0.0028203015372296747 0.0015369720295324019 2.639638169656493
635 0.9991292856143172 0.0024598403030258176 0.001107136044276702 2.6394037651978004
640 0.9992743026466939 0.002481032037262576 0.001955043572358761 2.6393188267397987
645 0.9989700449152495 0.0036109389919496415 0.0018635183670412392 2.6390023573525965
650 0.9994667787319647 0.0015769969628789404 0.0030710483996660987 2.639038813827607
655 0.9990039081735523 0.0027352608016393276 5.096200222576286e-05 2.638971768460766
660 0.9993799287724675 0.002187977362848148 0.00017060155457726545 2.6389019466962464
665 0.9984544425053032 0.005888807176081645 0.005415185085274166 2.6394199495594033
670 0.9992271222728375 0.0025215299515961576 0.0026909834495449925 2.6388230744807624
675 0.9994980838175502 0.0015805232308809813 0.005732810062197391 2.6395270025363207
680 0.9979346511114044 0.00797620978312219 0.0017605470922881228 2.6391284704041764
685 0.9983320262770365 0.006176255571424871 0.008128906414382575 2.638554994033399
690 0.9986235397611616 0.004684008904380921 0.00027760928954978503 2.639024801960187
695 0.9993782586574224 0.0019452292658317383 0.003272247071690826 2.6387726874900483
700 0.9979440587566286 0.007500005240801411 0.00024555465990228065 2.6391813519184035
705 0.9992586255217859 0.0024761315320214194 0.0073876322074679646 2.6392846724515544
710 0.9995333819637766 0.0013565441257079591 0.001574141582915356 2.63905253298567
715 0.9986350621389798 0.0050277216930210145 0.005529588139042252 2.639246612741851
720 0.9993963294701129 0.0022564757760696885 0.0024474415552571127 2.6393249254071494
725 0.9994760732281959 0.001747399717997311 0.0021594939515672262 2.6384613520907476
730 0.999099234926359 0.0034030071211272883 0.0012877326450999593 2.6386792931555845
735 0.9993625712643701 0.0021914222737833278 0.00032321578405203333 2.638743616071457
740 0.9993188863122314 0.0024084472953367353 0.009018889092113236 2.638921868648527
745 0.9981293257316759 0.006556321639849205 0.0031257459893740958 2.6388690563237804
750 0.9991759017455083 0.0030521508407663767 0.0011472669764442944 2.6388748321047917
755 0.9984466416886224 0.0058136060816140755 0.0016016562344998153 2.6388478041367005
760 0.9977346592482452 0.008730339371303852 0.002027838467349774 2.639009207566035
765 0.9993061247940279 0.0021083028869952614 0.003954284657398555 2.638905181062985
770 0.9995892012044227 0.0012897701246918913 0.0015490909781021855 2.6390890431179646
775 0.999140938784937 0.002637367897079468 0.003052838604621355 2.639164106858617
780 0.9993568026913917 0.002093347225442521 0.0009018133002627327 2.6389782986588703
785 0.9993173158054085 0.002433656828223274 0.0007273482062470915 2.6385587953507628
790 0.9993742617124701 0.002174248853667571 0.0010297401378687177 2.6388171362853687
795 0.9996905238536095 0.0009885438442380767 0.001641117037497919 2.6391181045471326
800 0.9984499132749391 0.00590384449982384 0.002528752523236255 2.6391940118641433
805 0.9993656623173077 0.002134825067753532 0.00938768665385159 2.6387951124414726
810 0.9987274304155883 0.004882993405700198 0.0009991643388838067 2.6388960403258244
815 0.9994702306550877 0.0014464150984681012 0.0007048863429111041 2.638710073264031
820 0.9994861288289116 0.0018006577755995679 0.005731649823254026 2.6384308750364496
825 0.9995009707698385 0.0016745773058439717 0.0018032884690193374 2.638613261890551
830 0.9992426509103116 0.00293464537913124 0.0041922624117345375 2.6387611438076233
835 0.9996654623631445 0.0010477194506908205 0.0008161066014651386 2.6385372581119704
840 0.9994286567622996 0.00197134868481319 0.0013385597490003232 2.63925853871786
845 0.9993056671698732 0.002383501963973078 0.0022479681388967165 2.638247516060024
850 0.99974050415864 0.000742705611667116 0.0018057829357591704 2.6388936760147805
855 0.9991638260439931 0.003059253627122338 0.004952408377231654 2.6385513341821722
860 0.9984639764708706 0.005634707929610183 0.0019340091579516105 2.6380990631699337
865 0.9996317258066132 0.001245679827821089 0.0020619888424875388 2.6389424411249904
870 0.9990014957029071 0.0034855532021511593 0.0033335051633962554 2.63881250717006
875 0.9991008257103948 0.003217607701894387 0.0023130441389984657 2.638775122591065
880 0.9981040674003585 0.007212811522455009 0.003240267738760627 2.6385022283732287
885 0.9993975905657323 0.001882975173743695 0.0025759305561321444 2.638834657375789
890 0.9994812558624606 0.0018301004306136015 0.0043615534434779946 2.638378666144251
895 0.9994111306574486 0.0020920609484815778 0.00025371212684333067 2.6388056738657815
900 0.9996626645808638 0.0010751560362654011 0.0016809446470722467 2.6384819880807866
905 0.9987060063197172 0.004983237060837364 0.001751774054836508 2.638249112922204
910 0.9992766860998148 0.0027083857394973876 0.0016597072462605222 2.6386325727442697
915 0.9993983493683388 0.0020550498603779666 0.0027935792371589496 2.6383156952243167
920 0.9996707189496147 0.0009288091860835124 0.0012404918465438453 2.6383061994012844
925 0.9996295258528847 0.0012506338472970668 0.0041297729940599215 2.63852769286316
930 0.9996358725696926 0.0011829956737505753 0.0018379164854862573 2.638381244080995
935 0.999198197675364 0.002924173450099765 0.0012919038948404626 2.6386949563214865
940 0.9997125503750631 0.0008644473912964301 0.0011458728244686522 2.638960354058129
945 0.9995814504317502 0.001454897339115302 0.0007588944210719095 2.6385862962814226
950 0.9997190289776456 0.0008511524880434607 0.0025410649648907047 2.6386018837498444
955 0.9996018175586582 0.001231016388043571 0.001161994460278093 2.63861009684311
960 0.9981685833229665 0.0069814692628455965 0.005771863652215492 2.6383295431182576
965 0.999701820436139 0.0009284051144331507 0.003999970763484351 2.6386319095416892
970 0.9997202740463966 0.0009739453153994049 0.002419700854465745 2.6382908941474916
975 0.9997251679571816 0.0008867814241959593 0.00152771637735305 2.638502948288555
980 0.9996331406028716 0.00119965280186074 0.0038031944025707087 2.6385432942135507
985 0.999525323707371 0.0017300509733839675 0.0019030114773865847 2.6385436937431517
990 0.9996450343970307 0.0012464453573084455 0.0035787398602353804 2.638476841099287
995 0.9992843292640133 0.0025056868373822816 0.003711498086431897 2.638166365209666
1000 0.9996263909249279 0.0012097361268925688 0.0007793231090313935 2.6380329726932352
