0 0 0 0.2870585405606836 0
5 0 0 0.020879759976691004 16.08856163669786
10 0 0 0.01633768883689557 15.918833695845342
15 0 0 0.014121877350702139 15.840052784827515
20 0 0 0.014485388518971076 15.79131008154424
25 0 0 0.015811530229877135 15.745499932211619
30 0 0 0.01714853169037278 15.71284935454262
35 0 0 0.019324325350604354 15.681892425827066
40 0 0 0.022675555155982297 15.654417525549391
45 0 0 0.02191570092679207 15.636168846484232
50 0 0 0.01921760950683349 15.630652597034711
55 0 0 0.023369088182192632 15.61612289132715
60 0 0 0.019388308549152633 15.604032549984824
65 0 0 0.014608947324722399 15.600244652373519
70 0 0 0.01991585593737133 15.590403687000528
75 0 0 0.02093045050969433 15.594072392206693
80 0 0 0.022672736489567358 15.585843116755541
85 0 0 0.02118919860858748 15.574019432663208
90 0 0 0.0169829984150498 15.575936720184417
95 0 0 0.01796143342990497 15.578807478660632
100 0 0 0.02163426173431593 15.564257201949836
105 0 0 0.0189891881601556 15.576260997299155
110 0 0 0.016015752809602102 15.570681643038288
115 0 0 0.019341738452266277 15.569338857793625
120 0 0 0.023082319268118656 15.56672150404849
125 0 0 0.016790691111819633 15.56104200167267
130 0 0 0.022695099743979208 15.568167164675254
135 0 0 0.023179274088384272 15.562533181748433
140 0 0 0.022083609485159306 15.564509456503346
145 0 0 0.020361680386325798 15.561758080193457
150 0 0 0.01881540893304412 15.564402580646025
155 0 0 0.019353444760598082 15.556848795370456
160 0 0 0.02401902588649696 15.560827440933283
165 0 0 0.0242277235514039 15.557822141718441
170 0 0 0.02316773034554176 15.551647780601238
175 0 0 0.023280316126347955 15.555580124690437
180 0 0 0.021573107865262564 15.555232513605702
185 0 0 0.024668269473596682 15.550537063234456
190 0 0 0.020347615206437242 15.553508252667628
195 0 0 0.02621005477712246 15.552798653115481
200 0 0 0.02268161718407935 15.546951474194472
205 0 0 0.02173935727576448 15.549998790982416
210 0 0 0.023539630837934755 15.550600802971987
215 0 0 0.024106104399110206 15.549139710605168
220 0 0 0.023848873249856517 15.546955033015045
225 0 0 0.01659415054310065 15.550085096647992
230 0 0 0.021465332710373097 15.54729623993756
235 0 0 0.01694811129990126 15.547282477153173
240 0 0 0.027014465289897593 15.544618699556176
245 0 0 0.023897912351132033 15.546204095933284
250 0 0 0.017597812083155917 15.54510082266046
255 0 0 0.022795805141167635 15.544237575381391
260 0 0 0.024267503967009052 15.540178101673066
265 0 0 0.018482455289496436 15.540911864008628
270 0 0 0.022538228170692953 15.541248636412076
275 0 0 0.019754468416820048 15.539960697923178
280 0 0 0.018840309017889467 15.539016220490707
285 0 0 0.022011127434643285 15.53615528961668
290 0 0 0.021256718376474915 15.539030680297865
295 0 0 0.02205955906913437 15.536456951628297
300 0 0 0.02173207136539701 15.538074391733124
305 0 0 0.020825186193067058 15.537788535406015
310 0 0 0.02230448545472896 15.53391842432738
315 0 0 0.021363914108438742 15.534677438227323
320 0 0 0.023228541684034543 15.532625036822
325 0 0 0.021286970240715464 15.531959055268576
330 0 0 0.024464406812236383 15.534975526872836
335 0 0 0.018764475729434293 15.532723551451332
340 0 0 0.016840537620576246 15.529895458495833
345 0 0 0.022337112152911454 15.53046271962733
350 0 0 0.02286033870939419 15.528335649292737
355 0 0 0.014855094367996147 15.527929545394745
360 0 0 0.02331469058013469 15.522525801494696
365 0 0 0.02326171940142574 15.521449140642622
370 0 0 0.018776690789958028 15.522751542692623
375 0 0 0.02073005278909723 15.51780468520196
380 0 0 0.022934226093600518 15.508395409602114
385 0 0 0.021859999794459517 15.50882278239026
390 0 0 0.020603760757229583 15.501253047263493
395 0 0 0.022233783879833435 15.492742568352325
400 0 0 0.02544555305553442 15.501302840301932
405 0 0 0.022176962088504615 15.471480928844347
410 0 0 0.021762451059063714 15.468383695925775
415 0 0 0.02516203615042123 15.46932073451879
420 0 0 0.027288963464125127 15.451787573884955
425 0 0 0.021386109253517915 15.457659856102095
430 0 0 0.027259420342200524 15.438071740525848
435 0 0 0.020170086040103286 15.435199978099156
440 0 0 0.01783728670926754 15.432150792696671
445 0 0 0.019776460695102083 15.427437006100138
450 0 0 0.024543144766375535 15.417390643052222
455 0 0 0.019931353259866613 15.400761228688346
460 0 0 0.02540754828460856 15.40907862885547
465 0 0 0.026562954356152524 15.398599282363469
470 0 0 0.02642630638788357 15.389446596529753
475 0 0 0.025612412165536114 15.38134234652761
480 0 0 0.025481775544191843 15.372522032395626
485 0 0 0.021849955990118852 15.373267204870608
490 0 0 0.02747385755556464 15.364713628818116
495 0 0 0.025819607894960406 15.358049507128765
500 0 0 0.025456235885076506 15.305016496943455
505 0 0 0.028930153390589464 15.306006124057342
510 0 0 0.02839540355385828 15.303268327960934
515 0 0 0.02885794257743468 15.301657578172948
520 0 0 0.029169266777630876 15.299252295668117
525 0 0 0.029008304348717484 15.298804880614991
530 0 0 0.029374304151613906 15.300984165226746
535 0 0 0.02949591013554742 15.297343651797046
540 0 0 0.028489349870103542 15.298590409863094
545 0 0 0.028860312920535147 15.298128741577806
550 0 0 0.026922775332104187 15.298684747946206
555 0 0 0.029404145752039312 15.29627040111763
560 0 0 0.02759674200560669 15.297272737460172
565 0 0 0.028610293306921664 15.299292519857358
570 0 0 0.0294765738126197 15.29804846192909
575 0 0 0.028155901873885947 15.296507482524465
580 0 0 0.02632244601117062 15.29804740080451
585 0 0 0.028765148224913606 15.297448605504995
590 0 0 0.029798676160400772 15.295985911983403
595 0 0 0.02837406646128149 15.296287268019633
600 0 0 0.027705759560584076 15.29524629631908
605 0 0 0.027900406825415835 15.295076033068867
610 0 0 0.03037840909217282 15.297180771433807
615 0 0 0.02775222635180108 15.296859735472276
620 0 0 0.029188874143199373 15.295502548319318
625 0 0 0.02949900372259462 15.294021203676953
630 0 0 0.027697630320878908 15.294651340300867
635 0 0 0.028260452792289392 15.296869271477053
640 0 0 0.02886673417267782 15.294837520640968
645 0 0 0.029298735360610673 15.29576086916308
650 0 0 0.029138312002993105 15.293814320863296
655 0 0 0.02734546009916028 15.294069467006164
660 0 0 0.027843001352598318 15.294380766553926
665 0 0 0.02877767234624895 15.294547673659132
670 0 0 0.029841644566091396 15.295184179265588
675 0 0 0.02890398948934325 15.293823835593383
680 0 0 0.029561261794087468 15.294202552483414
685 0 0 0.028758251125769352 15.295665105439166
690 0 0 0.028916425595348016 15.292786558132404
695 0 0 0.02751607318872562 15.294480452516066
700 0 0 0.028697694692426 15.295067107578769
705 0 0 0.02939960571457756 15.293643621300182
710 0 0 0.029326607460213205 15.291047665342422
715 0 0 0.029288823024609112 15.294779123081069
720 0 0 0.02803583011955313 15.293915616741035
725 0 0 0.028662518355151878 15.292487694913062
730 0 0 0.030122507853938885 15.291914063957272
735 0 0 0.027568750642238182 15.293101683766121
740 0 0 0.028359853451952466 15.29462750536539
745 0 0 0.0289017172491417 15.292819655756317
750 0 0 0.028306730189201268 15.29284099743606
755 0 0 0.02770525334852958 15.294341914765642
760 0 0 0.028466828235135022 15.293046978100254
765 0 0 0.029161543390542555 15.291506446225542
770 0 0 0.029645018914995713 15.291732356268092
775 0 0 0.028296926443593495 15.291683495897692
780 0 0 0.030751495167677056 15.292808651212049
785 0 0 0.029124299636560824 15.292520157087148
790 0 0 0.027345018306272895 15.293989119208275
795 0 0 0.02843505319745132 15.292271844432827
800 0 0 0.028856742657612955 15.291785197683934
805 0 0 0.02958663846484577 15.292454855456853
810 0 0 0.030625771882124342 15.2915617832968
815 0 0 0.028919644873304673 15.291553335435815
820 0 0 0.02932826271973976 15.29080824348563
825 0 0 0.028647598181064104 15.292047492180508
830 0 0 0.0286126011410186 15.29148512384421
835 0 0 0.02887003415260203 15.291902235293467
840 0 0 0.029783627703539484 15.292286150971782
845 0 0 0.02900257705585796 15.292077303086703
850 0 0 0.02866501794362697 15.29095906851388
855 0 0 0.02987338736258427 15.292240799465752
860 0 0 0.028429072733571203 15.291965821216818
865 0 0 0.028671565056207937 15.291583475932963
870 0 0 0.02941314089101632 15.29051465959633
875 0 0 0.030360487790314306 15.291640962007461
880 0 0 0.02828330088268638 15.29070066172754
885 0 0 0.029244688954581877 15.291104594276264
890 0 0 0.02847112244542993 15.291113294235597
895 0 0 0.02945739025704741 15.291089381743296
900 0 0 0.028565656915141124 15.29098548739175
905 0 0 0.027519013374764034 15.290916036775783
910 0 0 0.029552062624540687 15.291713554269956
915 0 0 0.02810369026471804 15.290601899386674
920 0 0 0.028076418724141128 15.290700984693746
925 0 0 0.029281407275032256 15.290347399776936
930 0 0 0.029618865665934635 15.290095504521219
935 0 0 0.027640427824768166 15.290585833280847
940 0 0 0.029418639923605827 15.292134373256593
945 0 0 0.03014147388082078 15.291293609444667
950 0 0 0.028043461984643026 15.291315085413551
955 0 0 0.026591175473511974 15.290400077706925
960 0 0 0.02859634395759003 15.290615276706783
965 0 0 0.02665837310652308 15.289737218594949
970 0 0 0.02956258992015326 15.290506176909926
975 0 0 0.028824831297876052 15.290714218830992
980 0 0 0.027740643694638578 15.291498329701506
985 0 0 0.029477231050763164 15.291733670646543
990 0 0 0.028224242846860204 15.288472110919816
995 0 0 0.027285256154445214 15.288549645037506
1000 0 0 0.02961518136062513 15.290816746451046
