0 0.6939696095196195 0.7306851052538987 0.5188912864537275 0
5 0.9996780981327116 0.0006884343527362446 0.0014925324292702769 0.6951739296430313
10 0.9991739224695871 0.003033377524244152 0.008708882427860276 0.6948967615712935
15 0.9998375648971485 0.0004062075394966058 0.0019499289200919367 0.6949387274985791
20 0.9991121988561602 0.003380075433427998 0.0032051315114252077 0.6946399195719459
25 0.9998878004195704 0.0002669591501969215 0.001111011153960506 0.6948776507988764
30 0.9997465118017332 0.0008506973080570912 0.003016906405658548 0.6947096234605341
35 0.9998719040301189 0.0003545224286353177 0.0013823882047024894 0.694553258082585
40 0.9992926892565992 0.0026922445720857224 0.003167197850732051 0.6944168186232925
45 0.9997834368073075 0.000723711636795854 0.0021433185176631397 0.6941615767897157
50 0.9992491735036886 0.002857940994039909 0.003183484166928263 0.6945700059955767
55 0.9996187148069617 0.0012495392013900375 0.0016715217243805647 0.6942903368326424
60 0.99967448984248 0.0006774272000071857 0.0004742673588422619 0.6941977929036601
65 0.9992714744730642 0.0017131781187865736 0.00011708301329660387 0.6938585661040936
70 0.999182117760064 0.0016532155835006224 0.001151538712751532 0.6939559101634808
75 0.998484915864425 0.0031402960435544802 0.0021260161096654517 0.6939583034436494
80 0.9982164416683732 0.003789480117483146 0.002474756838034775 0.6938645322971035
85 0.997465726947578 0.00527671955966913 0.0030585107473239947 0.69401539489673
90 0.9963714267803202 0.007367291546532151 8.40487864288697e-05 0.6937014391314835
95 0.9953616010143784 0.009666584422812319 0.00044963207199932853 0.6937776499011514
100 0.9913242605011273 0.017565374815484036 0.007078594533679428 0.6934810779028312
105 0.9923306781600136 0.016211789858609604 0.0016586252593442374 0.6938229517968523
110 0.9898301208331995 0.021001366143159728 0.0007313006595444094 0.6936625061217491
115 0.9877544786321799 0.025388176781519833 0.0030489808953257924 0.693762474993122
120 0.9828572141054879 0.03476179904990773 0.0008903899926516745 0.6936606242657346
125 0.9813728733845208 0.03825578334400659 0.0011441890548472555 0.6934625884184836
130 0.976351773622439 0.04826817055934751 0.00017343180289430826 0.6934988447441551
135 0.9732134579439811 0.05496416994666986 8.146887227300503e-05 0.6937157780489167
140 0.9667220900678106 0.06818431037306816 0.001655360249958937 0.6934428977259592
145 0.9636102096826964 0.07496152608634243 0.001306989721832963 0.6936151676263743
150 0.9657221325496392 0.07224851502501095 0.0015076820492362364 0.6935370519429382
155 0.958749683507382 0.08631670288034698 0.0006282856954391569 0.6935766849937812
160 0.9553750644345599 0.093885436460307 0.00016713807982338125 0.6935730999531532
165 0.9480696165893683 0.10912529292411244 0.00018198965142790513 0.69351972499285
170 0.9426711452225083 0.12084517854973931 0.00011562320332370035 0.6932877409084287
175 0.9472420302041953 0.11356559937088395 0.005561684295296465 0.6933990682406909
180 0.934295360598992 0.13979838837749847 0.0001842982360633627 0.6934754233910002
185 0.9354298422780108 0.13906484125402296 0.0014158729512345758 0.6935242783180118
190 0.9242590423681104 0.1623744929782449 1.5993609933984132e-05 0.6934098194936865
195 0.9133586417268679 0.18582115402123012 0.00027748939357641333 0.6934135357157417
200 0.9223542775593501 0.1687880515618836 0.0007679486128410185 0.6933946324650114
205 0.914380071520328 0.18598715834637014 0.0005075806152139428 0.6934277960007789
210 0.9086498774790468 0.1987905872468937 0.0010775133666350856 0.693424466557763
215 0.8985144081423244 0.22091804473288124 0.0009365529435519937 0.6934254165525272
220 0.8996815027286308 0.21960721278957784 0.0002089761699217707 0.6933399365782442
225 0.8964424727341728 0.22745544294727327 0.0008432038970893618 0.6933756011410983
230 0.888558175319492 0.24490440691445536 0.00023730609714289752 0.6932499660793277
235 0.8988544140564374 0.2247272494963526 0.0036839940590309705 0.6931867371447332
240 0.8761275415349197 0.2731849635724055 0.0021378218318235387 0.6932785447090976
245 0.8856030932617109 0.2539894474631248 0.0016921791684672005 0.693311350333617
250 0.8801236490351942 0.26637663589289495 0.001129209808104048 0.6933146186482627
255 0.8750778465093068 0.2778189300979699 0.0008214826814352261 0.6933926466361104
260 0.8697822907069703 0.2898294283516236 0.0012429041033034105 0.6933560046243464
265 0.8605305510150181 0.3104926203513312 0.0009947154240683709 0.693304370788376
270 0.855732622527969 0.3215948775842965 0.0013899169494078212 0.6933043008094004
275 0.8572723238636986 0.31876783937832065 0.0003797348814105206 0.6933101812780642
280 0.8593472046767892 0.3147794511236319 0.00048118059433321925 0.6933385843031362
285 0.8519273139568144 0.33146966891221497 5.714843447801599e-06 0.6933258326004502
290 0.8545809000164113 0.32612092373129564 0.002718370296386885 0.6933589290358004
295 0.851433416755208 0.333425942662273 0.001689572477066248 0.6933128610904502
300 0.8427927952766694 0.35288349661401597 0.0008647539507138369 0.6932745449303331
305 0.8491025526760598 0.33932980764824716 0.0018993171909387208 0.6933429108464639
310 0.8447128993453245 0.3493143853731071 6.725524231443458e-05 0.6932508520133607
315 0.8412713265197066 0.3572868365704056 2.2070531632945034e-05 0.6932960807755442
320 0.8448573384817135 0.3496903347452107 0.0001695060540497506 0.6930689617757432
325 0.8385847507127456 0.36384628177688416 0.0014974925690516283 0.6932817088199903
330 0.828816149582622 0.38610599343297514 0.0034125200869583594 0.6932702756259963
335 0.8347203339829095 0.37302437799330157 0.0010243127846611966 0.693312016301578
340 0.8318150422739512 0.3797696895925926 0.00012652494586629093 0.6932822696528116
345 0.8298021743762822 0.3844869921309162 0.0008407769092764195 0.6932413573287451
350 0.8273196789378059 0.39029391975786165 6.8075243568888055e-06 0.6933029757901993
355 0.8204529279657586 0.4061223818962265 0.0019240706535053054 0.6932140719667018
360 0.8264454711291844 0.3926554644290383 0.0004941456970034563 0.6932839487878595
365 0.8234350588178504 0.3996359693925502 0.0025366456965062456 0.6932917924569493
370 0.8229488498184865 0.40091663466390925 0.0005008559200446738 0.6932924572561387
375 0.8192131225105124 0.40957757679208484 0.0003769422866846117 0.6933070436900709
380 0.8123172503473444 0.42556194519102686 0.0024828060608905744 0.6932403764013887
385 0.8165411184250285 0.4159217749287305 0.0002879624459000141 0.6932046461272294
390 0.8173467796414303 0.41419882580768297 0.0015297391112544245 0.6932221998637539
395 0.8126027705490293 0.42519518580125704 0.0002683062854045293 0.6933234032552152
400 0.8141110852518174 0.42185113318066425 0.0017458952866420407 0.6932766245159435
405 0.811087022154972 0.42890292308332123 0.0019044485363648445 0.6932251350053049
410 0.8114702895084154 0.42813469914179736 0.001177578648542621 0.6932151675457235
415 0.809709062543508 0.43230995352803947 0.0008857890120671508 0.693252783706185
420 0.8054766615091304 0.44219301310589954 0.0001892150666635839 0.6932570612405207
425 0.807588975207036 0.43738675430879104 0.0005878806478833987 0.6932719774403704
430 0.8014022383213064 0.45186481912887366 1.2459744972215248e-05 0.6932350193211413
435 0.7974138391292072 0.4613247706326764 0.00026081721069637354 0.6932033217752525
440 0.8020970682981228 0.4503776752906723 0.0009832940407521473 0.6932218947404788
445 0.796820195719228 0.46283816050063376 1.8072744478736524e-07 0.6932290014083975
450 0.7974307448509699 0.4614293653223003 0.00043617987823307836 0.6932240394336595
455 0.7959666629641918 0.46493018106092454 7.429633264099955e-05 0.6932180135721534
460 0.7980384975080225 0.46012148388015217 0.0021266031326487855 0.6932039822381438
465 0.7934582443784379 0.47097284004122697 0.0007914611478974098 0.6932205978027794
470 0.7938339678002264 0.47011517018023996 0.0013068582990758415 0.6932237522315734
475 0.7888435242124263 0.48202736308916827 0.00011289311114315304 0.6931938717446227
480 0.7929714196214073 0.4722361131789057 0.0028287036364104123 0.6932287809434324
485 0.7937970411167987 0.4703332818640531 0.0007200421637759691 0.6932181940398556
490 0.7830526988553312 0.4960353282512777 0.001089500551344047 0.6931864071175045
495 0.7857144578308582 0.4896247322233671 0.0002613286973320861 0.6932079537337029
500 0.782716882599942 0.4968733460770536 0.00011062168587550048 0.6932752556559423
505 0.7839482834544768 0.4939179622050669 2.6535151230744347e-05 0.6932304204632057
510 0.7821481109868351 0.49827410626212076 0.000429904816750204 0.6932037239802443
515 0.7795083624338881 0.504686849101948 0.00025731139619555865 0.6932142398837327
520 0.7833186947029627 0.49548873052796827 0.004689152283032461 0.6932138438857558
525 0.7810708970875748 0.5009289391028848 0.0008783013787907468 0.6932161704754877
530 0.7768050401799544 0.5112937363228611 0.00021711662086554284 0.6931881358831984
535 0.779512260089904 0.5047272370552891 0.00037435235677452106 0.6932140019466957
540 0.7765001525340735 0.5120531332691418 0.000638030692055036 0.693213678591895
545 0.7740288562194027 0.5181046604415089 4.269578984239519e-05 0.6932255026428303
550 0.7792449232551912 0.5054288455405853 0.002194769716140854 0.6931279562960004
555 0.7753315063912083 0.5149379714574074 0.0011322803320537034 0.6932211173652282
560 0.7754964932812947 0.5145411842378143 0.0024170224059391066 0.6931977617233528
565 0.7743159375290234 0.5174252071788907 0.0006213759623148185 0.6932234049795428
570 0.7713766946644518 0.5246378455571836 0.0002973922169046128 0.6931953660489887
575 0.7713661656615276 0.5246695999428872 0.00024304651421469536 0.6932295802048166
580 0.7691448301061887 0.5301504043908882 4.3563172307692355e-05 0.6931879964384848
585 0.769684063744673 0.5288184519027763 0.0002838237231983509 0.6932222975422185
590 0.770062442472907 0.5278859564512581 0.0016334571609797344 0.6931952575273682
595 0.7672247309054245 0.5348998730406729 8.300284468631958e-07 0.6931993421938152
600 0.7690576211915229 0.5303718020431982 0.0009277051286926685 0.6931999329567108
605 0.7674157341931267 0.534430153641265 0.001195214839678771 0.693206499962736
610 0.7644759855142642 0.5417352049731599 4.792554361054968e-05 0.6931806845675161
615 0.7663725185899777 0.5370183737215362 0.0008867217701251651 0.6932237364207645
620 0.7635768700683925 0.5439703832086691 0.00021620045052883619 0.6931919239027502
625 0.7636685696098187 0.5437317489003299 0.00011833203850475371 0.6932122677348177
630 0.7615996009708252 0.5489007130511072 3.8462401029448756e-05 0.6931775596047143
635 0.762803295631982 0.5458894177493976 0.0007158419474424527 0.6932036749773502
640 0.7615109791860109 0.5491157960997566 0.0007684328753163605 0.6931883341191372
645 0.762297214220133 0.5471462935694225 0.0005655900896095467 0.6931875448517192
650 0.7632989153349238 0.5446475104947632 0.0010130883944490243 0.6931628004510688
655 0.7581184859649959 0.5576175049745351 0.0002891186650387789 0.693163267468075
660 0.7604543875792311 0.5517413381205376 0.0009499112373032581 0.6932125196461112
665 0.7590940623993443 0.5551578819196612 0.0004755436435774918 0.6931874120255357
670 0.7587465727470315 0.5560330859844096 0.00011802645721858962 0.6931748760017993
675 0.7581613863064058 0.5575032768496637 0.0005168058397838626 0.6931990154722909
680 0.7590898804322573 0.5551567763454586 0.0006891592473816655 0.6932002896450493
685 0.7554927847618986 0.5642352327785944 6.583493769052318e-05 0.6931298877789053
690 0.7577030699701017 0.5586352534595198 0.0008344864799227913 0.693196489910994
695 0.7578038319649236 0.5583891691402347 0.0016091670870170827 0.6931949134500789
700 0.7557254134375332 0.563635702742967 0.00022073928028698564 0.6932071167001275
705 0.7563797377284072 0.561970747673143 0.0010462953465778524 0.6932062540659338
710 0.7555359179297407 0.5640980577948818 0.000801015067344979 0.6931842115842052
715 0.755367951052252 0.56451906175639 0.0009428549824391785 0.6932034915665972
720 0.7509727250500187 0.5757242397935372 0.0008493349939275863 0.6931024579873956
725 0.7553952064844831 0.5644476217357595 9.264943721731811e-05 0.6931640666389637
730 0.753197772048256 0.5700194431628174 0.000309317876246773 0.6931871082969876
735 0.75271031097644 0.5712594101508413 0.0002321803325853189 0.693202485173955
740 0.7527258366189473 0.5712138988762867 9.247824810187932e-05 0.693181677067365
745 0.7516398818104633 0.5739797264149855 0.0004810934921666288 0.6931752248955353
750 0.753263067902849 0.5698404078548771 0.00017462028799575258 0.6931745518345046
755 0.7523230940855758 0.5722270763354262 0.0009389521013002389 0.6931900862243352
760 0.7519792569772006 0.5731014915036683 0.0007946347747062044 0.6931804769545684
765 0.7522038867074472 0.5725262429418754 0.0014966616634120022 0.6931693972971033
770 0.7494202684709097 0.5796338771018741 6.7939360341995325e-06 0.6931877834187952
775 0.7481317880853364 0.582946033309016 0.0005756414490909467 0.6931505233535316
780 0.7501712521487012 0.5777008350122228 0.0010886744813882743 0.6931787979806245
785 0.7497053209856334 0.5788900301311399 0.0006904350802896531 0.6931797643592329
790 0.748109535869731 0.5829785127776468 5.245549915000591e-05 0.6931693169114513
795 0.7473992520757703 0.5848024068388957 0.00010667001824971045 0.6931494617369984
800 0.7481957736683833 0.5827473336315205 2.9698570111591494e-05 0.693182305616762
805 0.7482862007887492 0.5825118479953182 0.0010664883633275668 0.6931924578616631
810 0.748271452067332 0.5825475173792829 0.0016892851317167334 0.6931848168371342
815 0.7462049578419538 0.5878665127085689 0.0002624796490655612 0.6931681264747742
820 0.7470053724901276 0.5857974383941786 0.0015126971807991607 0.6931664004813366
825 0.7461728439729178 0.587936531853968 0.001824094626973416 0.6931849451378731
830 0.745710754526335 0.5891230315702578 5.436296959193676e-05 0.6931720596885743
835 0.7432747092962398 0.5954332234569701 5.961019966305159e-06 0.6931828074344698
840 0.7445879336441843 0.5920185807629279 0.0002602734682539687 0.6931571592042114
845 0.7425379303004778 0.5973396957482717 7.024428421487094e-05 0.6931664313949564
850 0.7430504305542441 0.5959949329925647 0.0004976388733077819 0.693201512132723
855 0.7427265511737426 0.5968323248563911 1.8881585343244467e-05 0.6931910554093325
860 0.7415961834403311 0.5997735335779304 0.00026315249616970515 0.6931750630333542
865 0.7415523937734649 0.5998815121468724 0.0004951247036018014 0.693174903455986
870 0.742211327887038 0.59815706904392 0.00104699652101381 0.6931799926030837
875 0.7421108998332039 0.598412199754893 0.002101274358592198 0.693162355559075
880 0.7406134061776696 0.6023135800332802 0.00042578953532323993 0.6931828612175975
885 0.7400907745076071 0.6036756227862783 0.0013198583806208752 0.6931800261800517
890 0.7405637900575638 0.6024324781770347 0.003643410967322014 0.6931794749088961
895 0.7393494488206456 0.6056070191605865 0.0002457480402430212 0.6931802215979037
900 0.7390927625218349 0.6062741483457486 0.00040078929496401017 0.6931821765832612
905 0.7393455138115059 0.605606169389548 0.00037804017751019714 0.6931697905487414
910 0.7380329651420663 0.6090483241293825 0.0008814108315291502 0.6932004999363477
915 0.7380186721238374 0.6090801681744886 0.0006972341901934076 0.693181831268852
920 0.7381737268821973 0.6086692594188556 0.0011466042681778088 0.6931899500454907
925 0.7379841654082923 0.6091623031734343 0.00033698312291519095 0.6931711137427619
930 0.7372129036481403 0.6111883425448241 0.0010960624608298275 0.6931804894700976
935 0.7392283144194771 0.6058923227569541 0.000616945602600838 0.6931207123941238
940 0.7361663117342587 0.6139426407321973 0.000546330856941446 0.6931725383637553
945 0.7365919487161147 0.6128144221011849 0.0004942891152599493 0.6931785763377829
950 0.7353002424779644 0.6162234550418182 0.00022972181483815746 0.6931581788615879
955 0.7360699305667207 0.6141841036307447 0.000491994625267278 0.6931794598011314
960 0.7361669601851781 0.6139251259170884 0.000172488789962566 0.6931498307211768
965 0.7354906689725187 0.6157068648155426 5.854132725113814e-05 0.6931661546321279
970 0.7338203750259702 0.6201288001641965 3.247045408460991e-05 0.6931615311742385
975 0.7338332081843301 0.6200911193481535 0.000131942295460874 0.6931779424612633
980 0.7338581414273455 0.6200206298944222 0.0006096305356873 0.6931743497206917
985 0.7341360934509719 0.6192791683743608 0.0012845713119364888 0.6931634031125207
990 0.7332595952562333 0.6216026104069594 0.0001128556090509436 0.6931748775785793
995 0.7330196690939427 0.6222382681486729 2.4158498281856566e-05 0.6931734533379852
1000 0.7324894873677329 0.6236459040295588 0.0014719889050125445 0.6931817486033548
