0 0.7049438947278961 0.6993287142208595 0.5005290754783204 0
5 0.9996625013088521 0.0007772825142473572 0.00020187603634713724 0.6953135308861685
10 0.9996390898191942 0.0011828339743693572 6.163208021314759e-05 0.6946581500367176
15 0.9994772816539716 0.0018338388421819118 0.0004516744149476448 0.6946681182655198
20 0.999829769084978 0.0005061054511479313 0.0006970216612591784 0.6944824335434224
25 0.9999069443010924 0.00020247052889710293 3.022532890195606e-05 0.6945320109259717
30 0.9989196353864767 0.004093462919847468 0.0031754807176882505 0.6944407961207273
35 0.9997935564619057 0.0006484317592738709 0.002305587020791089 0.69444127852422
40 0.9998717736206253 0.0003695375000686285 0.0010697426838159885 0.694523415964634
45 0.9993263728867713 0.002568941378695011 0.005949015718091477 0.6946162729536148
50 0.9997976597400023 0.000619575787776272 0.0027785557883572842 0.6941003095415289
55 0.9997116583726325 0.000874515778020557 0.0012726866856385133 0.6941959181319199
60 0.999525349180789 0.0014208938086193168 6.475856793364265e-05 0.6940734197651655
65 0.9993906160579928 0.0016162664964080031 0.0015825610255387756 0.6941640109724139
70 0.9980816105542234 0.005131677959649195 0.005709287935936613 0.694185308675775
75 0.9984067804364873 0.004549815007405034 0.004616153129207934 0.694101182383133
80 0.9978040770704001 0.004418413798426002 0.000437666615260901 0.6936495013433713
85 0.9972687762378775 0.005627256131753078 0.00019957603234654897 0.6937471486584069
90 0.995251962997483 0.009577132792169207 0.001149720177095137 0.6936779011096113
95 0.9943083110316187 0.011431751337352636 0.00037412186604313113 0.6938974181357108
100 0.9897190141039702 0.021126855784313836 0.0018008426117410714 0.6937142679749578
105 0.9920808742875562 0.01673853200459907 0.0009278454660355262 0.6937515654944574
110 0.9854321679282989 0.029379288969183515 0.006138680328546253 0.6934655694046049
115 0.9886666246482749 0.024822044651318986 0.006557160470948231 0.6936808618186288
120 0.986477587724506 0.029584467270751258 0.0011561845447563002 0.6935314991884574
125 0.9792997663679035 0.042436496411190516 0.0005684464198585371 0.6935765849212416
130 0.9773236101460083 0.047032545556050076 0.0016333974019704378 0.69343297162518
135 0.9723756229662512 0.05708675182204903 0.001426188575338827 0.6936795149050821
140 0.968307927011401 0.06570461421370855 0.0013781585075081093 0.6935659063331212
145 0.9639613248730347 0.0750434462123385 0.00015610111618769018 0.6936182582914224
150 0.9625184630499242 0.07907959078898164 0.0004691093584663353 0.693475524450458
155 0.9521685457125384 0.099923622110903 0.0007567876002940732 0.693543904904491
160 0.944834077197747 0.1154105927999668 0.0009878446793538664 0.6934372752160088
165 0.9491306730779481 0.10817592813805565 0.0007904174148698484 0.6934525197325995
170 0.9342635099496406 0.1386129892068131 0.0006884319228197544 0.6933699676331428
175 0.9388546720060202 0.13050812793553646 0.0009706103161526425 0.6934360367664283
180 0.9263380471972618 0.15662685513619967 0.002333135069536474 0.6933739334539033
185 0.929985418062661 0.1505416390946941 0.003936052426849468 0.6935099972632867
190 0.914693347306864 0.18277369819246636 0.0013014795175573246 0.6933990613958314
195 0.9220545344990054 0.16897473550125497 0.0009694398892414746 0.6933945173296755
200 0.9128009840931024 0.18890263120163964 1.8467136618349755e-05 0.6933824246790978
205 0.9046503370517532 0.20684449091966295 0.0009694271929072684 0.693320856016729
210 0.9042271034853604 0.20893131994217518 0.00031334143286465554 0.6934858450974136
215 0.8991910525849359 0.2204039461185463 3.825435496551677e-05 0.6933447337441199
220 0.9015769796011873 0.21651623562617095 0.0011598219804282994 0.6932954948435066
225 0.891475055861967 0.23852580746533936 5.281030359727268e-05 0.6934090643418475
230 0.892648750901361 0.2369839910805145 0.0026484900120777866 0.6933896134874034
235 0.8888717492715005 0.24592065612027914 0.003804477291603714 0.6934060871294389
240 0.890344813217276 0.2439252127469742 0.00702919667076396 0.693253415310948
245 0.8789659235745635 0.2686256062225594 0.00041823151018638427 0.6932887923232639
250 0.871805432740137 0.2847661680704059 5.969333917110742e-05 0.6932940332615829
255 0.8711005391659201 0.2870724396954263 0.0005027745001515704 0.6933149972935874
260 0.865978468680175 0.29885514901726595 0.001874086784554585 0.6932405167529749
265 0.8553184717192566 0.32282854723940413 0.0023628218654205835 0.6932237789243161
270 0.8537871804526644 0.32677229815595843 0.00036629014399347515 0.6932485731602712
275 0.8610710769959877 0.31146108534323425 0.0019116952783391206 0.6932453687183626
280 0.8480628779517277 0.3404293561494198 0.0003144636023133529 0.6932455222814333
285 0.8462920114212658 0.34483848322652566 0.0001852085444312701 0.6931568746888626
290 0.8446995826062011 0.3488787798058042 0.0019258488186426614 0.6933404081471569
295 0.8357755100461026 0.36927330578918705 0.001501254798767393 0.6933183181258264
300 0.8435881354959477 0.35229467053373487 0.004566700705066373 0.6932049634284442
305 0.8292921597692435 0.38459991692241413 0.0019244413331209742 0.6932243561527508
310 0.8277120823654412 0.3884694598475493 0.0008216377534497887 0.693258164472281
315 0.8236412061241247 0.3980128585563154 0.0012297777373102559 0.6932625777979426
320 0.8215937639508144 0.40290961380735646 0.0006239961118499338 0.6932034901504626
325 0.8155989794229053 0.4169584035863083 0.002454165500717531 0.6931151813230882
330 0.8203993063291468 0.4060641095338169 9.372417367958796e-05 0.6933026019464853
335 0.819930503187895 0.4073236720722113 0.0016661209382400344 0.6932379303415713
340 0.8181997046165631 0.41145863326174914 0.0013199135093866499 0.6933512820236184
345 0.8164422560990112 0.41566832381051544 0.0011507495780890276 0.6932990308383086
350 0.8151189067380195 0.418871579401626 0.001082513663294149 0.6932790849740562
355 0.8068532592434847 0.43814987118030335 0.0007455167816734498 0.6931584821547081
360 0.8076829652227945 0.43632803261863207 0.00013877066462297805 0.6932691973982605
365 0.8037467473840387 0.4456260429188794 0.0005271204542127705 0.6932170536797696
370 0.8053066474009055 0.44208234045412054 0.0008008555408676177 0.6931999125902943
375 0.8058262169864241 0.44096681681827543 0.003810281136081395 0.6931968518308304
380 0.7994470546709325 0.45597321843625527 8.115966338984038e-07 0.6932736012309454
385 0.7977635236512463 0.4600228233055601 0.0003529486850544217 0.6932182919197915
390 0.7917211001374957 0.47446705945897527 0.0012608922469308226 0.6931677715807257
395 0.7957214257837145 0.46496814441904366 0.00028051356350144996 0.6932682745866154
400 0.7947324164470375 0.4673582166385124 0.0002616543155964379 0.6932378130479628
405 0.7932215606695141 0.471001702496024 0.0003964807096238365 0.6932506768172786
410 0.791647381093181 0.4747971717684494 0.00016893830411612853 0.6932681107994477
415 0.789343070702165 0.4803537482344966 0.0006809876230813305 0.6932536884914222
420 0.790967798215664 0.47652307490414336 0.003478222560607258 0.6931904675880449
425 0.7827600854547623 0.49628218965425175 0.00010831413576073423 0.6932398046662409
430 0.7826615805075219 0.4965382669624976 0.0003783955101670511 0.6932420608408417
435 0.7839065045477673 0.4935609923218287 0.0007933135708790839 0.6932370522485337
440 0.7753392269229343 0.5144641930778777 0.000717899514527276 0.6931421494218013
445 0.7803133858222313 0.5023124241977022 0.0004399136863412201 0.693241709852221
450 0.7782797440711011 0.5072814074869367 0.0015107000105312185 0.693214825779386
455 0.7721665174082246 0.5223107823931263 0.00034627588566626955 0.6932005025642245
460 0.7739517028946791 0.51791274636275 0.00025161290463215913 0.6932395087936887
465 0.7732211325621838 0.5197208783794429 0.0001648970429315444 0.69315337515744
470 0.7711991712759863 0.5247146185911808 0.0005208623417604086 0.6931892704814043
475 0.7663959153702319 0.5366605498916006 0.0010400525044715891 0.6931965790918513
480 0.7684862464718201 0.5314486726601855 0.000898616314669809 0.6931937492627614
485 0.7662765040865227 0.5369508258028999 2.2602168064933537e-05 0.693181224785654
490 0.7662932925597898 0.5369099868558445 0.00028951491234829874 0.6931982596671722
495 0.7660817210463851 0.5374370256872125 0.0014282953115508645 0.693203816800374
500 0.7634775719136173 0.5439400313705458 0.00048576981849390855 0.6932188342473325
505 0.7644688286123615 0.5414566797798637 0.0003661991302252865 0.693200481727966
510 0.7610093795454225 0.5501302097513958 0.00034456479734479295 0.6931980495207719
515 0.7624238173757262 0.5465691980315492 0.0011836138576883926 0.6931659662568832
520 0.7573909102000693 0.5592675089454913 0.00046492448274615406 0.6931619177373382
525 0.7599729066509943 0.5527225992521092 0.0016656258019552839 0.6931931891692876
530 0.7593743189725305 0.5542241876657328 0.000393191134148152 0.6931931549166651
535 0.7583604885294675 0.5567793156075815 0.0002505440835571804 0.6931942694569997
540 0.7544067631945182 0.566825068759716 0.0003008656018173017 0.6931298493948616
545 0.75640445430288 0.5617267529565417 0.000424092383634056 0.6931857873212722
550 0.7549540975780091 0.5654077588325068 0.0010218853317838228 0.6932104215963623
555 0.7549657788516235 0.5653705965418072 0.0011789670894599702 0.6931944219809857
560 0.7540934294207843 0.5675883908656301 0.0023412141311909274 0.6932146210160924
565 0.7543385555183233 0.5669583588092717 0.0012153170014771453 0.6932032020332269
570 0.7530637729567466 0.5702058201492666 0.0006270136327031217 0.6932041092644574
575 0.751341300519359 0.5746109829978039 1.1310961154142873e-05 0.6931997778423447
580 0.7508487997729985 0.5758699764978414 0.00010021595216758161 0.693182165730023
585 0.7507802022260686 0.5760415963328052 0.000952629775411884 0.6931964557825622
590 0.7483498879392567 0.582296062036558 0.0002927935609187138 0.6931819659007421
595 0.7476147645346792 0.5841920939428173 0.0002092812105656261 0.6931109729371654
600 0.748773653511364 0.581192876091545 0.00011157810547479663 0.6932062825784527
605 0.7470931735245807 0.5855314205313877 5.633144863237405e-05 0.6931604998430276
610 0.746998186827728 0.5857740221388115 2.4118418246787954e-05 0.6931880588601227
615 0.7485326281568838 0.5818078621730645 0.0006381525424170587 0.6931620416001795
620 0.7485138620853871 0.5818554374720226 0.0005148938652306256 0.6931971876347872
625 0.7469085103963655 0.5860010484441514 0.00020528069186875886 0.6931766763119522
630 0.7465524573042637 0.5869220750470261 0.0001311641311554368 0.6931821379575116
635 0.7447117127202629 0.5916989966643946 0.0002821722773620472 0.6931487987290247
640 0.7469083401000033 0.586001153276571 0.0008371127015969204 0.6931882466556212
645 0.7461962445559571 0.5878437673015007 0.00011863844192916417 0.6931943056246026
650 0.7464958367798786 0.5870694329799901 4.5657978137159105e-05 0.6931936966698369
655 0.7451026002063211 0.5906817307120735 0.0004673719827912315 0.6931940138761816
660 0.7435467064518255 0.5947311473110362 0.00024355307873014098 0.6931805746599405
665 0.7450163991560763 0.5909106076522357 0.00014413989307748842 0.6931931887062588
670 0.7428535449020589 0.5965427087052724 0.00019749393249046676 0.6931644453398359
675 0.7452077059543087 0.590420612180333 5.512462397083695e-05 0.6931308764587918
680 0.7447402612137995 0.5916372647899464 0.001900098918308446 0.6932023331226657
685 0.7432477401989122 0.5955208516018533 0.0005774475615036856 0.6931808002389229
690 0.7429088809143827 0.5964062487680033 0.000283924671725444 0.6931872297096686
695 0.7437293941483484 0.5942719998718689 0.002513648955390746 0.6932018222594994
700 0.743117736022919 0.595867341435276 0.0006889953481896693 0.6931786558527321
705 0.742408959386154 0.5977173426288123 0.0003893597671027482 0.6931987373460773
710 0.7432045985304396 0.5956466384773393 0.0007569681445591669 0.6931776508489758
715 0.743146399584065 0.5958006791871617 0.00011800318756127748 0.6931810761813143
720 0.7424895836925653 0.5975146435321772 0.00020191193200891355 0.6931921563994602
725 0.7434643563911398 0.5949784723298304 0.0013694313003111969 0.6931597049242595
730 0.743316752550258 0.5953643056001736 0.0013716171930913124 0.6931783728450704
735 0.740014988251532 0.6039936039332803 0.000720351308120204 0.6931735678311937
740 0.7416409310938747 0.5997366799706472 0.0001906592038137811 0.693165510412505
745 0.7416486194071493 0.5997186802398875 0.000118296666529627 0.6931656933947101
750 0.7429881979784118 0.5962281370249214 0.0010954309124094896 0.6931777547961583
755 0.7413602189011155 0.6004762168050675 0.00033565607413654774 0.6931668741375657
760 0.7415531285859809 0.5999734354137414 0.00045815744231858524 0.6931925317763291
765 0.741231074884229 0.6008159280547443 0.0005251706719632265 0.6931859941339807
770 0.740736229680482 0.6021092415603388 0.0008505440488848492 0.6931814834159252
775 0.7399495080767524 0.6041689852070173 0.000751212962095682 0.6931832900873842
780 0.7403769653514739 0.6030502336620307 0.00013510618655376838 0.6931899344933872
785 0.740622437441437 0.6024088317704281 0.000873541894262253 0.6931813937874197
790 0.740110232747123 0.6037512895657846 0.0015093137187291994 0.6931838434310226
795 0.7395773887208361 0.6051486196165576 9.361699284093916e-05 0.6931810813809186
800 0.7402669004997648 0.6033435007729748 0.0014606216183965515 0.6931767222456852
805 0.7400822783124823 0.6038273637908231 0.00016518567420997776 0.6931754321619118
810 0.7399258032114597 0.6042376692160398 0.0007477479425932465 0.6931739016325035
815 0.7391151373187677 0.606363312230894 0.000247313902119517 0.6931894884188181
820 0.7403278876785603 0.6031867711760368 0.00043357216145478716 0.6931733822517963
825 0.7389968774229319 0.6066748969656819 0.0003756426701371218 0.6931903120293395
830 0.7398949310624745 0.6043205539660339 0.0002765196851217677 0.6931780202820258
835 0.7382332519447914 0.6086808635104266 0.0002868875103350099 0.6931657964801018
840 0.7385671611387045 0.6078027942989896 0.0002466300228152196 0.6931757922747929
845 0.7391659024468231 0.6062334906263418 0.00032853322546200214 0.6931746185554064
850 0.7393785629421322 0.6056758752377833 0.0017162443255750448 0.6931768351536559
855 0.7386045401732911 0.6077054107801507 0.000955607238201539 0.6931745185542788
860 0.7395443894567734 0.605243025205934 0.001412172278314694 0.6931725950886032
865 0.7369122113592655 0.6121611788947234 8.413128145456916e-05 0.6931668644769465
870 0.7373587593479258 0.6109860756735213 8.09741893417204e-05 0.6931520902237872
875 0.7360703545275531 0.6143856400102954 8.269770561186718e-05 0.6931582360038678
880 0.7390562072238374 0.6065262263625864 0.002789722216802293 0.6931374161140931
885 0.7380378964745861 0.6091983016608435 0.00029093134107038843 0.6931716366391646
890 0.7364665611402684 0.6133351192675836 5.046455872514954e-06 0.693184945799267
895 0.7364371135645604 0.6134105697717953 0.0006373362037319641 0.6931801863997151
900 0.7360619195156912 0.61440039908006 9.123589775894558e-06 0.6931731671038094
905 0.7377243415078059 0.610018997566065 0.0023527349979133305 0.6931507293437573
910 0.7343492258267574 0.6189320793667368 0.00012325526034828727 0.6931363569451803
915 0.7358758171212166 0.6148882480505231 0.0002668548454023423 0.6931793401867669
920 0.735660294965464 0.6154573978126907 0.0005211724878718682 0.6931757460820491
925 0.7346349043018265 0.6181717959629607 0.00017450216510439542 0.6931684734431188
930 0.736327952744803 0.6136930916136882 0.0008897676008567945 0.6931525031002488
935 0.7355027521041462 0.615869955934828 0.00036235171530774046 0.6931597037074568
940 0.7344530399570239 0.6186484337536977 0.000565495419956763 0.6931680817060282
945 0.7348213544658653 0.617670640153337 0.000920873834045044 0.6931779456154387
950 0.7343471243755381 0.6189251271019622 0.00024766407634135845 0.6931748124991469
955 0.7342415916214081 0.6192032255187003 0.0001066738094017694 0.6931727241149916
960 0.7330581235543292 0.6223467480419034 2.177561626681701e-06 0.6931596955335982
965 0.7339921424284689 0.6198620127009251 0.0006992075833920364 0.6931612158618953
970 0.7330848617526617 0.6222714076517226 0.00011609947355628591 0.6931499797704151
975 0.7324325982752826 0.6240076264588668 7.29328749496938e-05 0.6931314357988143
980 0.7335232219679 0.6211017508253964 0.0002316083966271698 0.6931824188627118
985 0.7340120437676767 0.6198027987318353 0.0015539715103395357 0.6931673577719054
990 0.7336563246055774 0.6207456280445114 0.0009494243003502767 0.6931640899752729
995 0.7327655053502871 0.6231143037378213 0.00012750660704385908 0.6931573936006536
1000 0.7329880070215693 0.622520397272887 0.0007187471283491842 0.6931725635261872
