0 0 0 0.22315372810069567 0
5 0 0 0.01644686485272895 26.707647226135794
10 0 0 0.015337453523766698 26.598970274441452
15 0 0 0.014624087426793997 26.591509368256794
20 0 0 0.01528191480950114 26.5627774134382
25 0 0 0.01514497357383271 26.53135494695359
30 0 0 0.015462163288962882 26.52632527139569
35 0 0 0.01712376238483926 26.502581529958796
40 0 0 0.015089577184888903 26.495086943414943
45 0 0 0.01509016871533908 26.479355505303214
50 0 0 0.0143265846194911 26.40990462395666
55 0 0 0.014610362323863146 26.344848759634218
60 0 0 0.014011855949241703 26.326758652032698
65 0 0 0.01928488952392149 26.3106769662654
70 0 0 0.013712843648900241 26.297269459708637
75 0 0 0.016927828592081307 26.29015313111229
80 0 0 0.019815121516068013 26.274432271036847
85 0 0 0.016791746757953474 26.24682411472578
90 0 0 0.017668532393914305 26.247919848903
95 0 0 0.01732775738942416 26.223517704644205
100 0 0 0.017628317756473777 26.20391042832283
105 0 0 0.020041705947894783 26.21475254892851
110 0 0 0.01617903956710731 26.183494367037174
115 0 0 0.01868794342250979 26.20602429507297
120 0 0 0.019956662077183385 26.18740854416356
125 0 0 0.019756487047785987 26.183207291152627
130 0 0 0.01862646659472067 26.189175557851705
135 0 0 0.01820182309699958 26.171476620500776
140 0 0 0.02121004075729882 26.171707602517873
145 0 0 0.018236837156974772 26.17870821360343
150 0 0 0.01808117103613327 26.17171869283386
155 0 0 0.01986805617788523 26.16688251165333
160 0 0 0.018376765823572727 26.176189138420582
165 0 0 0.019022904664400153 26.14514957450832
170 0 0 0.02178133638802504 26.168057239841644
175 0 0 0.02041417460216577 26.151486259614497
180 0 0 0.020175454526761172 26.155159867110925
185 0 0 0.019148786058905243 26.160018823007977
190 0 0 0.019396804573207582 26.145572393363462
195 0 0 0.017073534787386047 26.1491624115275
200 0 0 0.017761736235378578 26.14259161146393
205 0 0 0.02016654022537101 26.136741443695318
210 0 0 0.019236083466489973 26.148042837705056
215 0 0 0.019838267404299614 26.143585715398505
220 0 0 0.02003070576953969 26.140243925412182
225 0 0 0.01900639715142427 26.134707681492042
230 0 0 0.021014306543786665 26.13530859603991
235 0 0 0.016275997074129744 26.13327946305422
240 0 0 0.018942948523744008 26.131854178422376
245 0 0 0.020725732150788545 26.128652686678553
