0 0 0 0.20861850674960358 0
5 0 0 0.0062657797863674425 8.065055475824902
10 0 0 0.008899511359212298 7.996260293765824
15 0 0 0.006256365646658102 7.981778528252923
20 0 0 0.008114271134660012 7.955436278224986
25 0 0 0.012235804081349055 7.929790875836338
30 0 0 0.004018127639703106 7.909045948780316
35 0 0 0.007987375618147219 7.904631442165275
40 0 0 0.014311686193220208 7.897819889702535
45 0 0 0.010570191198048917 7.887622658430355
50 0 0 0.004131780418171305 7.89149219849561
55 0 0 0.011474566286898247 7.884192191406344
60 0 0 0.01419905634708174 7.884237741696551
65 0 0 0.026026976092247356 7.888107062246679
70 0 0 0.01406998996738551 7.876442516896141
75 0 0 0.00807742133482292 7.878779811500052
80 0 0 0.01337935218116626 7.876725745541501
85 0 0 0.01994892876166099 7.880560930330971
90 0 0 0.013490513383048963 7.878677135470223
95 0 0 0.010730071531191765 7.87356591732457
100 0 0 0.007909342089884364 7.945662616787311
105 0 0 0.011421746167857183 7.865796288706406
110 0 0 0.0138966303396304 7.859919610162341
115 0 0 0.010506936860421368 7.860420801936989
120 0 0 0.013502988280196249 7.8585223040729115
125 0 0 0.015178781059451474 7.857717114275491
130 0 0 0.013492626821896003 7.85737597139249
135 0 0 0.011594939648144731 7.857572275944936
140 0 0 0.013388448335564407 7.857189932142494
145 0 0 0.013823629571526608 7.85761234366086
150 0 0 0.016318214379724694 7.857545724866912
155 0 0 0.011994317773137642 7.85604616747112
160 0 0 0.010863906471493934 7.856606825036489
165 0 0 0.011830714541552156 7.856510498748052
170 0 0 0.012640715826029103 7.855922250423618
175 0 0 0.01556718017117209 7.855712700668298
180 0 0 0.010267721338358848 7.8540913147642355
185 0 0 0.010425025710758984 7.855364410944924
190 0 0 0.008696276690290272 7.855434629771696
195 0 0 0.009897346025491194 7.853625787389295
200 0 0 0.013208987262637306 7.8546521126510696
205 0 0 0.011974100644105423 7.853758500972999
210 0 0 0.013293112132237273 7.855532370144697
215 0 0 0.010508755289402982 7.855198194547087
220 0 0 0.010964622329304508 7.854033402939386
225 0 0 0.008317705934364872 7.855158081721556
230 0 0 0.01271252576002313 7.8541563162594885
235 0 0 0.014560034351733808 7.854841027634842
240 0 0 0.014190802581544926 7.853284825439581
245 0 0 0.011523458477736392 7.853175609184936
250 0 0 0.012252610209518622 7.854704329739402
255 0 0 0.009845358798670434 7.852926221420959
260 0 0 0.015187325352682413 7.853136298472277
265 0 0 0.011505734903498377 7.854278766578061
270 0 0 0.01179678030111564 7.852820656421925
275 0 0 0.014933388006586945 7.853422248413847
280 0 0 0.014165586397136387 7.852759332942893
285 0 0 0.012659261745806782 7.854197096383997
290 0 0 0.01471848662017905 7.853064678926825
295 0 0 0.010383028156647267 7.852181244132383
300 0 0 0.012492871889612012 7.852460712866977
305 0 0 0.010635971651080212 7.852555710952787
310 0 0 0.0072681796881362 7.851642369273561
315 0 0 0.013994798446961276 7.852469267661108
320 0 0 0.010938703879300515 7.852711189612539
325 0 0 0.008557736595939502 7.850576884331279
330 0 0 0.011758230108181777 7.851726421339427
335 0 0 0.014086694331781446 7.851049970706941
340 0 0 0.011284075092371948 7.851971265856399
345 0 0 0.012045488816144756 7.851514225170394
350 0 0 0.009177129632313097 7.851186759620866
355 0 0 0.014931179335566869 7.851912317946736
360 0 0 0.010410362538125106 7.850730973161667
365 0 0 0.015080737342993755 7.851633338269497
370 0 0 0.012695223218483376 7.8503614553578664
375 0 0 0.013650397725303298 7.850741923414051
380 0 0 0.012787106187129194 7.849557845667147
385 0 0 0.014004118296990775 7.850514281837954
390 0 0 0.016603041424969378 7.849536331641973
395 0 0 0.009223013374446865 7.851565682281038
400 0 0 0.011673809939101165 7.849960750950625
405 0 0 0.006114345663082998 7.850015678206381
410 0 0 0.013637110288141852 7.8497874005475206
415 0 0 0.019695889490909835 7.849739315310147
420 0 0 0.01189543376171387 7.852077126632626
425 0 0 0.012249055090172822 7.852077215821704
430 0 0 0.0059659421756976805 7.84852474453409
435 0 0 0.012632007894811004 7.848622195365098
440 0 0 0.013980766091927777 7.85372339973411
445 0 0 0.014765965261242853 7.849667631460732
450 0 0 0.011421009326019638 7.850027774039464
455 0 0 0.014396655468777553 7.849106590323772
460 0 0 0.013600296402255685 7.848484416706345
465 0 0 0.014022693716253976 7.847249149898073
470 0 0 0.011090346676275953 7.847738627484679
475 0 0 0.007239521572897756 7.847852062627149
480 0 0 0.012281260173197195 7.847648531431516
485 0 0 0.008129647624738112 7.847058748540637
490 0 0 0.013571191830233698 7.847271515490422
495 0 0 0.010257704448026095 7.847012487986343
500 0 0 0.010710867878700236 7.847312251213725
505 0 0 0.012487645441042972 7.847425427831671
510 0 0 0.01129705785875057 7.845251953622957
515 0 0 0.009044998863449782 7.846675227239306
520 0 0 0.01644566298446004 7.8452155796044485
525 0 0 0.01479407016370704 7.845160201786841
530 0 0 0.010905634329327452 7.845783873519832
535 0 0 0.010564503179255391 7.845201083121505
540 0 0 0.008396182198366242 7.844680826251786
545 0 0 0.00538119092609457 7.844601094513377
550 0 0 0.006502595679499512 7.844160051120058
555 0 0 0.009325482579775723 7.842709283131178
560 0 0 0.01281933950073011 7.843965741710886
565 0 0 0.00978188211997777 7.844745815213498
570 0 0 0.013158283681683702 7.843767973390182
575 0 0 0.01048167379415954 7.842357095266687
580 0 0 0.0031211015043888235 7.843593709651936
585 0 0 0.011380259483732225 7.842047085414425
590 0 0 0.005093829028856911 7.8416089633512165
595 0 0 0.009768158755109502 7.843176352955748
600 0 0 0.0003932915644202506 7.842422726669591
605 0 0 0.014269955051973815 7.8411050929481565
610 0 0 0.009541073737015848 7.842047349676348
615 0 0 0.0017949073163276985 7.841076611919077
620 0 0 0.008623348844021494 7.840026438422411
625 0 0 0.010240129583757085 7.839791898235691
630 0 0 0.014416625145675432 7.839841750581079
635 0 0 0.0030387270063785277 7.839783378649802
640 0 0 0.010882330051599887 7.838682262253842
645 0 0 0.013118116496636523 7.837779338864177
650 0 0 0.011946712749305144 7.838591868566891
655 0 0 0.016788115672394133 7.837917483083658
660 0 0 0.0025764922006772384 7.83683103207154
665 0 0 0.004728230242144749 7.8370952644854945
670 0 0 0.002011338886558134 7.835129116128317
675 0 0 0.0072139685323102665 7.835145822260359
680 0 0 0.027283918353647074 7.835072897422432
685 0 0 0.015815958647998674 7.835070341486055
690 0 0 0.012145808343205777 7.8356495144809415
695 0 0 0.005482708226688837 7.833252672697007
700 0 0 0.006062698749958129 7.833381272259703
705 0 0 0.001276987080872205 7.832536658798406
710 0 0 0.02409643251062521 7.831800687113502
715 0 0 0.0002910082124827351 7.830417413080928
720 0 0 0.0021992720045145298 7.831234082335954
725 0 0 0.0021560696603186713 7.828928220590639
730 0 0 0.005341295689659242 7.829063701318624
735 0 0 0.007765593643580537 7.8278136409538766
740 0 0 0.0009335390459201953 7.827993547053841
745 0 0 0.02589417512112102 7.826998740795761
750 0 0 0.005018963060268389 7.826245940397508
755 0 0 0.005235922784387448 7.824885320956252
760 0 0 0.002709620115463718 7.823760012127412
765 0 0 0.0014023247687309226 7.824510808513152
770 0 0 0.015623459626108893 7.82312968987726
775 0 0 0.0300304333071737 7.82264461674858
780 0 0 0.004145870586823364 7.821751557518305
785 0 0 0.019503388394182197 7.820455244503843
790 0 0 0.020124188859358183 7.821647139570525
795 0 0 0.021833477665660128 7.820051285644857
800 0 0 0.014965549752454343 7.818268334083212
805 0 0 0.06144773955696903 7.817515251851708
810 0 0 0.01277560015485002 7.816867035318278
815 0 0 0.006868603781898797 7.815423329228372
820 0 0 0.013538760105412218 7.813769077501672
825 0 0 0.026572824163495934 7.814190866521368
830 0 0 0.0016197706164111647 7.813055732883579
835 0 0 0.003836382938378735 7.81336498819443
840 0 0 0.008855118517423932 7.811226520340203
845 0 0 0.01891358611520433 7.8110691314520455
850 0 0 0.01938607161996475 7.810047889195771
855 0 0 0.0027925416501366485 7.8088316228528045
860 0 0 0.025857592971644916 7.808074124261772
865 0 0 0.010625765182475932 7.80498737004068
870 0 0 0.003412923085798436 7.806295948074422
875 0 0 0.02944151170689513 7.803084064171269
880 0 0 0.007244193775730157 7.803350240802249
885 0 0 0.0003069494320584454 7.802967038680266
890 0 0 0.035713645407657646 7.801008546509348
895 0 0 0.010771903490944812 7.800525738053656
900 0 0 0.025052802032494492 7.799491039071886
905 0 0 0.014630253095943457 7.798533197875335
910 0 0 0.01970222390335641 7.796718835812703
915 0 0 0.007618644133821517 7.796175565343604
920 0 0 0.0028678022449057927 7.794256686167065
925 0 0 0.013884386595079512 7.794316197600091
930 0 0 0.008176942656937136 7.79258556178272
935 0 0 0.010146197896558018 7.791931209174138
940 0 0 0.007224354818788026 7.7899505730770455
945 0 0 0.008482843839687781 7.791260082929596
950 0 0 0.0015751170482889432 7.788080645770456
955 0 0 0.0008775368530931082 7.788197175312698
960 0 0 0.018127439823822256 7.788892253839823
965 0 0 0.05429728694542879 7.787015695464168
970 0 0 0.0007748541308105761 7.783662383200579
975 0 0 0.02227498835987829 7.784852972714707
980 0 0 0.019450534069719305 7.782355806050395
985 0 0 0.008381319187512837 7.783326310699502
990 0 0 0.013601920325687189 7.7816122248640855
995 0 0 0.01518290690295232 7.780300424748186
1000 0 0 0.027507660515662335 7.779522537956483
