0 0.711279333701627 0.6813933244036616 2.3122207139625317e-05 0
5 0.9997320140932149 0.0005417110415528725 0.00015950861017899332 0.6950618626758485
10 0.9998229151234743 0.00042539949803233057 0.0005292478731894201 0.6946340014767839
15 0.9998307508823944 0.00045604149009448314 0.0032183453909970794 0.6948364597553534
20 0.9994978276604058 0.0017907650423265586 0.001793495697098857 0.694774760694417
25 0.9997663508713525 0.0007795589233210443 0.004316717487552468 0.6940791864419147
30 0.9998390043298264 0.0004934376234813076 0.0003403934831271993 0.6945796946002932
35 0.9998745818708706 0.0003365990032138111 0.0009341901462867064 0.6944668501827708
40 0.9993007798140437 0.002667708264709745 0.00031422454883545115 0.6943998056036993
45 0.9999000224071304 0.00025885865933195085 0.0007958998312795895 0.6945546923380337
50 0.9998235740723934 0.0005452887655462701 0.0001707610143623084 0.6944388925774638
55 0.9999200526966024 0.00017592430101265322 0.0007394732166118301 0.6944520327157236
60 0.9998693178691465 0.0003679265588774072 0.002263173459575718 0.6942422809111293
65 0.9994505881110793 0.0020213114747744676 0.00908976423443808 0.6943434140962146
70 0.9998731719924987 0.0003737588823705673 0.0028150581828717547 0.6948257444145866
75 0.9999216062334477 0.00018021218731778532 0.001174691351735646 0.6944215021670963
80 0.9996548651706072 0.001262619185951941 0.00937618520023975 0.6942509367704787
85 0.9993490819395844 0.002491427603619867 0.010041672476172048 0.6944457673597104
90 0.9991486350330785 0.00323427846797264 0.007901831730399933 0.6941371730972054
95 0.9996130200060205 0.0013942078519484369 0.005220251408000198 0.6942957612828832
100 0.9998242602067304 0.0005654996831130354 0.0007415179015087814 0.6944323079072232
105 0.9996647725483508 0.0012279073990797418 0.0045494818992122266 0.6936698040279957
110 0.9998097534398886 0.0006441513960842027 0.003363512790699019 0.6942870923934099
115 0.9999045034567957 0.00024921180063286474 0.00109377807616029 0.6943756677728762
120 0.9990936804841284 0.0035242825479906426 0.006513945644828989 0.6939610968302686
125 0.9996149480333371 0.0013943974689579752 0.002244991609376301 0.6941473512737407
130 0.9999360379809051 0.00013418957179422986 7.960641612436703e-05 0.6941623913839653
135 0.9990829464827027 0.0035121868454996985 0.0032036653687528283 0.6941061380046678
140 0.9999219896214424 0.00019130531339461854 0.0008654501273348547 0.6941651147807647
145 0.9987649475941682 0.004851734134013741 0.002808960072705924 0.6939398793160535
150 0.9999111786566001 0.00023292721678780381 0.00010808032126186085 0.694157265581
155 0.9997594773715939 0.0008582726372253768 0.006229984821449985 0.6941950846887737
160 0.9998904348773257 0.000317481517606244 0.0013825425114820655 0.6937556846651932
165 0.9995426418548788 0.0017341052882431374 0.007359994246692647 0.6939537794205181
170 0.9999294166488057 0.0001687264948209144 0.0014890631413084776 0.6938985089991567
175 0.9999423996035446 0.00012154567130306937 0.0002813046076424186 0.6939213877588231
180 0.9999442738337693 0.00011563002600167849 0.0004739597790337502 0.6939301860820589
185 0.9999199047396674 0.0002151165807204869 0.002745113569281976 0.6942307102648512
190 0.9998030170340437 0.0006884020742436991 0.002641482766346792 0.6941739431409621
195 0.9996278544527031 0.0013931618705491644 0.0027779143809010254 0.6941869820879853
200 0.9999370792978682 0.00014528338201080793 0.0017428884482091345 0.6943942448529812
205 0.9999353794636288 0.0001487172940755066 0.000548893327563249 0.6940313428650425
210 0.9993411761355624 0.002501122830978475 0.0023650002430366523 0.6939606204992989
215 0.9993780893059567 0.0023525976072886756 0.012872008166422644 0.6939383049644112
220 0.9982212477570696 0.007048154551523522 0.007223109425395613 0.6939392692120001
225 0.9998330595202183 0.0005727206607505364 0.0035584381858564385 0.6939341862039796
230 0.9999219342359865 0.00021268481714520338 0.00018687154878482826 0.6941296609454081
235 0.9999375614995518 0.0001522535904624478 0.0009701939061059761 0.6939953083310738
240 0.9999443480088923 0.00012574564609857397 0.00011893091102943565 0.6938771093916496
245 0.999854635180557 0.0004723433099863561 0.004658798276730103 0.6940743681323518
250 0.9999197369284007 0.00021769916643166187 0.001084757125203728 0.694138370494768
255 0.9999374103632033 0.00015563578648036813 0.0004908447546192463 0.694056661611536
260 0.9994094813470455 0.002282659014789523 0.003529043049443459 0.6937904112188292
265 0.9994495654205973 0.002122109000602279 0.0017944209239237896 0.6940213945790211
270 0.9999510458818245 9.937925567460315e-05 0.0001157529192139517 0.6939253864515041
275 0.9999374107476524 0.00015243401349063213 0.002500250014985772 0.6939447338568249
280 0.9999018272903824 0.00029212570583636577 0.002533500321374671 0.6938485013759318
285 0.9998988866831858 0.0003170606412908894 0.0019325559180081164 0.6940464588508832
290 0.9997346594459471 0.0009536828271122788 0.004086434395173866 0.693959429844911
295 0.9998777828170491 0.0004030316113357024 0.003197935568968524 0.6940134433551463
300 0.9992720933699102 0.0028390543866397833 0.0012765849691631637 0.6938512699837045
305 0.9999390558891719 0.00015573242720079428 0.000978807573357665 0.6938412869643389
310 0.9998328108966692 0.0005679935309743644 0.002294231897317367 0.693879989979128
315 0.9992197401815723 0.0030046429540562247 0.0028866302357868356 0.6935875637840259
320 0.9996808816384908 0.0011716970922035497 0.00014144581303487946 0.6939035358965969
325 0.9997293614383568 0.0010048874613330927 0.0025165630017092155 0.6939307968355252
330 0.9990703941540617 0.0035993566640437624 0.004869735342351467 0.6939155591192165
335 0.9999355413304434 0.00017699536249271564 0.001822623739625051 0.6938126068347578
340 0.999942064024449 0.00014629506204544285 5.836458774477471e-05 0.6937998278559353
345 0.9995917926622864 0.0015609532019826844 0.001786261319165261 0.6940886691813958
350 0.9999556581638538 9.085232153405176e-05 0.00034509576802366215 0.6938230095850835
355 0.9999559397963806 9.095923516233562e-05 0.0001485456404899388 0.6941417468239928
360 0.9999562147537346 8.919643910831887e-05 0.0002229434657021745 0.6937521062841447
365 0.9995446567887181 0.0017193888969180282 0.0027523427551925383 0.6937015675571202
370 0.9998855436932708 0.00038167725117421725 0.0006817885156800152 0.6937716817496893
375 0.9999555458679505 9.42538208834609e-05 8.926209020843068e-05 0.6940059278659851
380 0.999921474191493 0.0002394517954973363 0.0001980498623587179 0.6935629451093729
385 0.999959624239183 8.233004493263252e-05 0.00011577733254564126 0.6938444177615034
390 0.9999385217324874 0.0001614285784509173 0.0016340529856166963 0.6937719869245956
395 0.9991918544474405 0.003172560405908964 0.006362006566628664 0.6936820406706973
400 0.9999307979679963 0.00020304845829066664 0.0005102242979938554 0.6939052951063305
405 0.9999059669156001 0.0003034190801922687 0.0045014088706920585 0.6939606757135625
410 0.9998754514493767 0.000413336682338894 0.0006954540703497658 0.6939310499917118
415 0.9999592134984574 8.497342673763342e-05 0.0002395228550893247 0.6939992120967095
420 0.9988922910520566 0.004376886709440364 0.01987831594420908 0.6937685699089429
425 0.9995736613740085 0.0016088843966969302 0.00700793008598799 0.6938175993899058
430 0.9998787665692486 0.0004160215425008662 0.00454561893578842 0.6937853125618914
435 0.9999543588427301 0.00010471377203824517 2.4383176424391806e-05 0.6938123034799534
440 0.9995262050295751 0.001833964317916159 0.006533357375445137 0.6935997286169734
445 0.9996025029506267 0.0014983668767964975 0.003525147532734918 0.6937937661608298
450 0.9999469850728826 0.0001415483625835101 6.855680387363172e-05 0.6937022853069539
455 0.99938402513023 0.0024056992513965536 0.004507665270746197 0.693869436062081
460 0.9999268846715568 0.00021562840858568855 0.0011846455145824164 0.6939710882496073
465 0.9998878075454366 0.00038311243853939025 0.00018703988675705663 0.6938406849719612
470 0.9996611557810167 0.0012685244731076573 0.005621887139529491 0.6936778084977812
475 0.9998412948624542 0.0005708198486344962 0.00013092860185859312 0.693530248386118
480 0.9999227802347646 0.0002412852891553463 0.001679333137323713 0.6939133661340244
485 0.9999630681023093 7.727586021477606e-05 0.00017254195225036018 0.6938686202053255
490 0.9999418820349388 0.00016642444844539028 0.000461822111370358 0.6937428484144939
495 0.9999567039285864 9.937880920918296e-05 0.0009745641056577714 0.6938272754243253
500 0.9994884445932597 0.001956782823806069 0.004245354874929719 0.6935179658131565
505 0.9996809400274624 0.0012159764561567865 0.0011533647186936502 0.6936797321647948
510 0.9997458832422759 0.0009563773270462317 0.0075643968643042125 0.6938263656547474
515 0.999940087341098 0.00017105257522653794 0.0007484651273298448 0.6938646028407086
520 0.999944250135059 0.00015539340157455506 0.0006984260636450079 0.6937190326074378
525 0.9999581452795676 9.660217273066429e-05 0.0006594330467085685 0.6938020037174495
530 0.9999099603187263 0.00029518930215366446 0.00022774067280129096 0.6936787669503401
535 0.9998072094592374 0.0007109812469365817 7.195910743607037e-05 0.693664112890409
540 0.9997882957614985 0.0007703392571422052 0.00897872498289809 0.6936581921913025
545 0.9994307082016359 0.0022247799648418276 0.000852020050992941 0.6937374675134729
550 0.9998193787234386 0.0006631921344033564 9.231215162086581e-05 0.6937419684552072
555 0.9996803929891617 0.0012229044925544663 0.004062134639799986 0.6935602558956567
560 0.9998864073518148 0.0003945430012227691 0.0017301343907618616 0.6937322002279934
565 0.9999426584263247 0.0001677509974956637 0.00047229227375567007 0.6938746163688989
570 0.9999599205415992 9.361661438167523e-05 0.0005837152810306279 0.6938377935391802
575 0.9999365057839604 0.00019307478703467496 0.00244726512452631 0.6938219961799069
580 0.9996846102488757 0.0011865360500663558 0.010197681093691124 0.6935922424724715
585 0.9999635535438425 8.11274363050618e-05 0.0011777406913637822 0.6937146726750392
590 0.9998939356392338 0.0003659775988105185 0.005130772969576314 0.693691261035221
595 0.9998647864795742 0.0004846960379696341 0.000741712080210899 0.6937713139987359
600 0.999694342921331 0.0011472216452710349 0.015584279396194112 0.6936575839800235
605 0.9998957811596998 0.00034903213997816707 0.0007509388631803393 0.6937550321485744
610 0.9998047274871597 0.0007262445179944121 0.0015260610940071029 0.6937113746935178
615 0.9994189266572551 0.0022764648579075564 0.009792104677652569 0.693538062281021
620 0.999714618010267 0.0010892586472232013 0.012864772486813836 0.6938258436618877
625 0.9996979111108181 0.0011565181094450594 0.0017156732344423276 0.6938080755430545
630 0.9998836446802584 0.0003987038235060414 0.0001839599138709902 0.693642347800013
635 0.9998723113169051 0.00045663319817923487 0.0020973598989832976 0.6937683403905893
640 0.9998893770581818 0.00038847180114309765 0.0023935400015391295 0.6938584893214056
645 0.9999453318997482 0.00015625746062863932 0.0012604286959284616 0.693379813371058
650 0.9999168208413883 0.0002773383837471055 0.00019957032808581854 0.6936231281841142
655 0.9999544043064219 0.00011948938813510779 0.0006783377663683865 0.6937336617414716
660 0.9999320397025442 0.00021564106863591892 0.00015696201061810022 0.6938448192888085
665 0.9999692316348476 6.436820720923109e-05 0.00020510884956048692 0.6937600765747155
670 0.9999634126526422 8.599403440778808e-05 2.3160438473723843e-05 0.6936707154197137
675 0.9996295776275601 0.0014336310207484493 0.004930698419964963 0.6937758915180438
680 0.9998059067230156 0.0007261061015424453 0.0007947981152401917 0.6937524246808167
685 0.9998240982920207 0.000653914225787755 0.0014800703745402322 0.6936656928367829
690 0.9999073502340037 0.0003090930436959738 0.0019691130326426887 0.6937466787678029
695 0.9999423901551108 0.00016983839829765035 0.0019390012485374086 0.6937338167780647
700 0.999926818044329 0.0002407739086927041 0.0005724606420332012 0.6936423234931145
705 0.9999712207658191 5.908643300100991e-05 2.2093415226631663e-05 0.6936221627854191
710 0.999814083937488 0.0006945431351907949 7.434107066528473e-05 0.6936531181339948
715 0.9996026319380541 0.0015223215801996037 0.0017826035194762335 0.6934097086387692
720 0.9997665712035102 0.0008865052979317722 0.0016183324712389924 0.6936481016711368
725 0.9998700256584638 0.0004596363169744322 0.005468840065641745 0.6936458155482232
730 0.99995579862391 0.0001248761037695445 0.00040440693133514394 0.6938864245813238
735 0.9996969855128617 0.001167568499424787 0.0036150047824112796 0.6936284817299081
740 0.9999412438993458 0.00017813130825183876 0.0014224487822857013 0.6938001643371082
745 0.9999208270305648 0.00025920235322562934 0.0005992726031495144 0.6935003407246922
750 0.9999419886374431 0.00018190994221445322 0.0011572095257296189 0.6937559888609722
755 0.9999728681560092 5.64231683507499e-05 7.861327928915252e-05 0.6935439027566029
760 0.9999688678528986 7.337988028188747e-05 0.0003573772019379584 0.6937342389768127
765 0.999539401755795 0.0018006375329556734 0.01124488318074568 0.6936153149162341
770 0.9997107701308734 0.0010959810543134108 0.0019418174460648085 0.693605660654331
775 0.9999620885876177 0.00010244339204845687 0.0007553294106148467 0.6936805226704363
780 0.9997988675746416 0.0007593095278044526 4.301321110045109e-05 0.693567014711349
785 0.9999669797184072 8.217925714548713e-05 0.0006474098942257367 0.6936725362439436
790 0.9998667344409826 0.0004757014831937578 0.00535272364626993 0.6936993525647905
795 0.9998936530382188 0.0003784183347614878 0.0017232412985523915 0.6938130000017649
800 0.9999690061973983 7.20759554984074e-05 0.00013669273604866028 0.6935142681176016
805 0.9998524161684097 0.0005451004374086299 0.0013952691482325141 0.6935409406736247
810 0.9999298913265449 0.00022644113475478456 0.002042614451454594 0.6937121843106437
815 0.9999724043201212 6.060093117010723e-05 0.00015504229466845043 0.6936397404194209
820 0.9999579240120929 0.00012147562532760503 0.00016811704857899734 0.6936631559416244
825 0.9999619995312299 0.00010130135738450896 4.812281386112893e-05 0.6936074077045633
830 0.9998515456686468 0.0005507531964581425 0.005591924912464297 0.693604113683392
835 0.9998451170989462 0.0005767310358578692 0.003381399258061135 0.6937433778021846
840 0.9998611069040451 0.000502146521308422 0.00015130956166631293 0.6937595384709965
845 0.9999162789704925 0.0002911031626966487 0.002410800212704012 0.6936541027083806
850 0.9998362240796231 0.000614127025993727 0.001246491465771049 0.6936045974544534
855 0.9999315636488117 0.000223735462856256 0.003132434657698635 0.693536500801689
860 0.9999752607339183 5.209379688975169e-05 9.111698865094109e-05 0.6935825766844953
865 0.9996942405850435 0.0011837846921649575 0.009375766728333845 0.69352187665123
870 0.9999744343261183 5.5121317694806216e-05 0.00027090521752182184 0.6935693927683135
875 0.999928789695643 0.00024048599227510792 0.0009872119292800852 0.6935370502033483
880 0.9999654644199177 8.983197649214958e-05 0.0014529350211922587 0.6936046532768455
885 0.9999144603058598 0.0002924628409701757 0.0001981789704856851 0.693478909811864
890 0.9998570291968418 0.0005309612980606282 0.001736838146894737 0.6934958499852567
895 0.9997559972261661 0.0009215062359901882 0.004958351257088767 0.6936191479863909
900 0.9999030214445845 0.0003465665609581059 0.0022714389197244778 0.6935834100347396
905 0.9997874945502083 0.0007986881260106937 0.0038877691351495436 0.6935721951792531
910 0.9999701937856109 7.572830103375061e-05 0.000801181061500511 0.6935044798450967
915 0.999891105518101 0.0003951635407102305 0.0030068704707566507 0.6935759940329962
920 0.9999082716580523 0.000318822544534747 0.001194829721593571 0.6934661643874523
925 0.9999201317200692 0.0002720639689222093 0.000199440458946043 0.6935331324484804
930 0.9999727366033977 6.627121865598884e-05 0.0004975958378419243 0.6935970002125823
935 0.9999769073806339 4.9135105624986686e-05 5.575292515480612e-05 0.6936130328828639
940 0.9999493105180395 0.00015759475878907026 0.0010764208600232417 0.6934801314858748
945 0.999940219948674 0.00019334699578199555 0.004574363728681474 0.6936727396360004
950 0.9999720278882707 6.814789977760416e-05 0.00011052496108465704 0.6934712240953332
955 0.9999779522653451 4.563275493940644e-05 8.688793510058801e-05 0.6936230698719515
960 0.9998733683782077 0.00045973191601500485 0.002702873899628866 0.6935262111027801
965 0.9998223790245561 0.0006737679300669042 0.006491757410541421 0.6936090133959932
970 0.9995116399455184 0.0019207664551477155 0.004258572701759 0.6934849897275148
975 0.9999768434825875 5.039074149082445e-05 7.308024689645087e-05 0.693260866160766
980 0.9999548417039665 0.00014084394559421565 0.0023452205934559878 0.6932958274703458
985 0.9999543046845798 0.0001428601415432995 0.001234469128315041 0.6934470742974471
990 0.9999590901943849 0.00012084790407640433 0.0016457013655954977 0.6935211617248891
995 0.999881322948432 0.00043735985425863433 0.0035504817234779384 0.6935858698276295
1000 0.9999319648139898 0.0002288502443861251 0.0009485365852166527 0.6935690237618524
