0 0 0 0.28683118722638645 0
5 0 0 0.002379512368183345 10.510755483697778
10 0 0 0.0026721612636335657 10.35791203895154
15 0 0 0.0016601659111097344 10.31961249068911
20 0 0 0.0005990323149869248 10.275383640226858
25 0 0 0.0015411778552176791 10.261581305634067
30 0 0 0.0003074441519854698 10.26538901248886
35 0 0 0.004297566805161024 10.24025435879942
40 0 0 0.0011427099528940055 10.24104172210283
45 0 0 0.0075981616639764216 10.229402556419203
50 0 0 0.0017369697472173762 10.230650634551546
55 0 0 0.0031030935464440024 10.219512151392165
60 0 0 0.003837695120456619 10.217607013160636
65 0 0 0.002102240843238512 10.21582945323808
70 0 0 0.0028470667710507325 10.21249576792059
75 0 0 0.0023589349743549093 10.210074800621916
80 0 0 0.0009286840970239574 10.205893116957155
85 0 0 0.0031490318167384235 10.200776369925578
90 0 0 0.0009467080639133929 10.206083161570248
95 0 0 0.0016532447671739892 10.20317615727623
100 0 0 0.0031756839076166887 10.196148468091033
105 0 0 0.004711043622870559 10.202444951478702
110 0 0 0.0012974607167952623 10.201428356422433
115 0 0 0.007874398134043004 10.198735097630248
120 0 0 0.0017773681049877421 10.195729555892736
125 0 0 4.361430994004323e-05 10.19568465620594
130 0 0 0.004554407785032577 10.20164703547905
135 0 0 0.00013721255129972576 10.19419515044297
140 0 0 0.0018705050782967803 10.195880567489116
145 0 0 0.0016217583102475785 10.194782667321121
150 0 0 0.0006017694432309817 10.19435306659738
155 0 0 0.0001875017908732346 10.190754090898697
160 0 0 0.006221579057475557 10.191565876033518
165 0 0 0.003990364862133777 10.191359889899829
170 0 0 0.008535304365519636 10.191520893594442
175 0 0 0.002639182438978427 10.191559215763593
180 0 0 6.97446689579273e-06 10.1929761588589
185 0 0 0.00010182125283497712 10.19026484473856
190 0 0 0.0031530674630595446 10.188543030705286
195 0 0 0.0005679536130069884 10.190390757832768
200 0 0 0.0020838406779799534 10.189044092905238
205 0 0 0.0028167793434448196 10.189653571359917
210 0 0 0.00023736874514268536 10.19059217499064
215 0 0 0.002734905560968226 10.188287662173334
220 0 0 0.004096639303809102 10.189026895977618
225 0 0 0.006446090144164751 10.190270981042769
230 0 0 0.0023976244760950394 10.186900901817559
235 0 0 0.00031205379485199636 10.187574850168664
240 0 0 0.006506507604737699 10.188795230869493
245 0 0 0.002455732622415052 10.185711781722341
250 0 0 0.00899258007547954 9.999448839090174
255 0 0 0.013323255780928855 9.998025646077684
260 0 0 0.014135421411785254 9.997725605778918
265 0 0 0.009762091232226933 9.99683275008859
270 0 0 0.010565423250858297 9.99611387040628
275 0 0 0.006917367173675526 9.99664781470894
280 0 0 0.011125079195825505 9.99577501755464
285 0 0 0.008907853990228976 9.99631539831268
290 0 0 0.016177514993521047 9.996705914245377
295 0 0 0.009111626566544295 9.997118022387474
300 0 0 0.016829653181995585 9.995903594579136
305 0 0 0.010691665597468925 9.996258770145014
310 0 0 0.011943081870658734 9.994758126749785
315 0 0 0.013035361565779668 9.995934894760559
320 0 0 0.014434864952315163 9.994693627755844
325 0 0 0.01193924672478408 9.9936352452057
330 0 0 0.013626153271557806 9.99635471890993
335 0 0 0.014821511669895981 9.994557081207626
340 0 0 0.011478168299148717 9.99512416621385
345 0 0 0.012908087878566565 9.993652663787929
350 0 0 0.012572828399294966 9.992933807910324
355 0 0 0.012159659888838492 9.993262919334994
360 0 0 0.00914482001025152 9.99389110177039
365 0 0 0.009358642811449602 9.991124280446844
370 0 0 0.01175363550408215 9.993806123483731
375 0 0 0.011571426847303057 9.991906135113009
380 0 0 0.011522641909312403 9.99346630414362
385 0 0 0.012876885323673593 9.99339504526599
390 0 0 0.012077126171835761 9.992841372894407
395 0 0 0.01622166342675757 9.994234894927182
400 0 0 0.009221709589675386 9.992106108151134
405 0 0 0.013098242620125156 9.991594311639721
410 0 0 0.014965096711806014 9.989889194640192
415 0 0 0.01284614822998309 9.991809802725914
420 0 0 0.010578829797001532 9.991305848169514
425 0 0 0.011280241664015866 9.990683674002462
430 0 0 0.01536483985789805 9.990248113244501
435 0 0 0.012746221385051326 9.989157913647569
440 0 0 0.014020606672060065 9.990455056488722
445 0 0 0.015413666139232562 9.989090242350716
450 0 0 0.015960289417748408 9.988566277863642
455 0 0 0.014881994884612615 9.990692479320069
460 0 0 0.008364700870112207 9.990258191587445
465 0 0 0.01164448327058043 9.988958285962962
470 0 0 0.011033385634361847 9.989479058285243
475 0 0 0.012390904614659082 9.988584723051412
480 0 0 0.00970198479931117 9.988536763918487
485 0 0 0.014046022966624827 9.989375615623473
490 0 0 0.01301732616056439 9.988069224754387
495 0 0 0.011912889862971232 9.989221689925989
500 0 0 0.013804991324437799 9.987360517903156
505 0 0 0.01446274812072379 9.987119333676056
510 0 0 0.01496959450083235 9.987864267331457
515 0 0 0.01226662009286672 9.986365583491187
520 0 0 0.012134782434815916 9.987515683234971
525 0 0 0.01158112842929282 9.987281062515038
530 0 0 0.013792628034498211 9.985080531054876
535 0 0 0.010867152078286368 9.985548171597328
540 0 0 0.012263392018132535 9.985914050703567
545 0 0 0.011205734503622722 9.985316452558653
550 0 0 0.010834418758043807 9.985504683099425
555 0 0 0.015660438681680988 9.985695417906754
560 0 0 0.012563375670436416 9.984232440712075
565 0 0 0.01457477527638873 9.984161505938344
570 0 0 0.01608652336688654 9.983070775508542
575 0 0 0.014003063508598812 9.983793279193755
580 0 0 0.011248505132158026 9.98330508930866
585 0 0 0.013785944348895018 9.981715178580043
590 0 0 0.012996852717097607 9.98335667204176
595 0 0 0.012208881575003439 9.982549661735547
600 0 0 0.01280215698367293 9.982175664720698
605 0 0 0.012131094877343873 9.981354541890243
610 0 0 0.015204686131119027 9.98217557210639
615 0 0 0.015140179909415519 9.981121473115474
620 0 0 0.012228600603866324 9.980367259962149
625 0 0 0.01460857857457487 9.981143232235205
630 0 0 0.014360243119029281 9.980835954843835
635 0 0 0.013538820949804187 9.980621354694712
640 0 0 0.012381473498852102 9.980464602457888
645 0 0 0.01408496778983559 9.980736416535033
650 0 0 0.013708484518210051 9.978624650970827
655 0 0 0.010725686432725423 9.979446056657919
660 0 0 0.013139511685192229 9.978805898704952
665 0 0 0.012375008649763375 9.97978854702997
670 0 0 0.01259313925346972 9.977806734673864
675 0 0 0.014489927964723925 9.978041642227659
680 0 0 0.011915211333278553 9.977716707733547
685 0 0 0.014484830149838146 9.978074138415863
690 0 0 0.012074038019713296 9.978021024648017
695 0 0 0.012851327085759312 9.978711026625227
700 0 0 0.011845899334653742 9.976860395573022
705 0 0 0.012223186088242466 9.97601550840932
710 0 0 0.011800124576111015 9.976590792389619
715 0 0 0.014065853879776435 9.977465602843822
720 0 0 0.010716789156958173 9.976761534965535
725 0 0 0.016481154977404877 9.976831940430698
730 0 0 0.013317338082878383 9.978347745044786
735 0 0 0.01402691832460623 9.977608897313619
740 0 0 0.01689074973340743 9.9763559022094
745 0 0 0.01570688890897065 9.977283308621084
750 0 0 0.012345800293210196 9.975560865329607
755 0 0 0.011479875930537675 9.977393231095217
760 0 0 0.010434712959484838 9.976090035000567
765 0 0 0.013779687732368817 9.976011170897163
770 0 0 0.013884453142270381 9.97648637247702
775 0 0 0.013003964189418404 9.97437087577422
780 0 0 0.014904007099940442 9.97700940508626
785 0 0 0.013410591144994655 9.976268185453549
790 0 0 0.0137209837571175 9.974727553464874
795 0 0 0.010621724953707057 9.97651870607851
800 0 0 0.013184765071331928 9.975179225293244
805 0 0 0.013918761355991016 9.974478623679454
810 0 0 0.0132160877749683 9.975307184654616
815 0 0 0.018812596713519314 9.977480922363556
820 0 0 0.01631498385371377 9.97576948696447
825 0 0 0.011812831512481914 9.9757441509361
830 0 0 0.01089119668587668 9.974922727522676
835 0 0 0.01569033252430918 9.975148313559965
840 0 0 0.013130495541648468 9.976511151101011
845 0 0 0.01316112931047142 9.975022526579433
850 0 0 0.014236653773455732 9.975464478955407
855 0 0 0.01562144998786441 9.973877258058538
860 0 0 0.013023597821845367 9.973760805053171
865 0 0 0.01552239594681537 9.9743335348279
870 0 0 0.011989124474043766 9.975197995046608
875 0 0 0.014244894521066032 9.97524446412789
880 0 0 0.014844098643747472 9.974079686640271
885 0 0 0.01327546803412627 9.975084728306141
890 0 0 0.013018967689931493 9.97459267337504
895 0 0 0.010433715590967507 9.974540543377739
900 0 0 0.012589461810383895 9.975615947667727
905 0 0 0.015532093334132746 9.975304157819274
910 0 0 0.013276752702140904 9.975388197959607
915 0 0 0.011838065876862425 9.974890787496285
920 0 0 0.012021812191602255 9.97483281769693
925 0 0 0.012571394848174489 9.974610609326271
930 0 0 0.012137389434698553 9.975017202781777
935 0 0 0.011228345146135243 9.973943503903445
940 0 0 0.012897357703719248 9.974187636888157
945 0 0 0.013278013693765356 9.975017532370652
950 0 0 0.013343486941219895 9.973464676820491
955 0 0 0.014458667959840188 9.973878831275487
960 0 0 0.01332298727964365 9.973173824473514
965 0 0 0.013475893069017086 9.973381460490987
970 0 0 0.012723877982207643 9.97276869887519
975 0 0 0.013374753515745574 9.973807009231795
980 0 0 0.014453513064151213 9.973778361591654
985 0 0 0.014703866785322317 9.97427086566468
990 0 0 0.01363032225991656 9.973244633790282
995 0 0 0.01464363864083773 9.97314209185503
1000 0 0 0.013673052267606511 9.97342289023564
