0 0 0 0.2870585405606836 0
5 0 0 0.019497010979422136 15.732484723951181
10 0 0 0.021810404313111764 15.640930455980715
15 0 0 0.017103155888301247 15.631588349853844
20 0 0 0.02084153062164873 15.608470458438426
25 0 0 0.020646285477659676 15.597209543464562
30 0 0 0.024565887382403062 15.526518651272916
35 0 0 0.023768412533131222 15.480117815668805
40 0 0 0.02599994577293896 15.436428795492782
45 0 0 0.023638971992990365 15.409402818824432
50 0 0 0.026283606790675984 15.403402358068249
55 0 0 0.02376070857484791 15.380536792444778
60 0 0 0.026382407347540715 15.372408737053252
65 0 0 0.02653228802566643 15.367068975778436
70 0 0 0.025187422982134722 15.35668921873106
75 0 0 0.02791028760703096 15.355356764015136
80 0 0 0.026358738092350897 15.353457949032613
85 0 0 0.028762616951905073 15.345047277271146
90 0 0 0.026812451654400382 15.342184628061567
95 0 0 0.027755812075060282 15.335308019603001
100 0 0 0.02510757761472382 15.330840032903184
105 0 0 0.0288478480781984 15.330308407141436
110 0 0 0.027657068874817003 15.334385791275473
115 0 0 0.027677135242952122 15.326004429234825
120 0 0 0.028342395554341593 15.33352151788363
125 0 0 0.026489652877694114 15.321233470250686
130 0 0 0.02828376427990209 15.323112830076198
135 0 0 0.027898297032083352 15.326892879537324
140 0 0 0.029080151466472914 15.330350607556067
145 0 0 0.027696261667757627 15.319723824356004
150 0 0 0.029537596015189127 15.326322131916275
155 0 0 0.026009016313663924 15.320159240595604
160 0 0 0.029385259609267633 15.321162856824866
165 0 0 0.026597444321824648 15.317541068515085
170 0 0 0.02633644487292286 15.312716865553057
175 0 0 0.030157677992888043 15.31540104584675
180 0 0 0.02652091398970935 15.316245508676893
185 0 0 0.028743427477178063 15.312534907824741
190 0 0 0.02868642508942343 15.308941741213035
195 0 0 0.027328979481277438 15.311435892030936
200 0 0 0.02819175538312435 15.307475896547993
205 0 0 0.03108038571282501 15.309280837949679
210 0 0 0.023698767644551033 15.308707353274134
215 0 0 0.026616536603164986 15.308662416961857
220 0 0 0.029827666381164963 15.305110778021126
225 0 0 0.027109940550921863 15.308405710495137
230 0 0 0.025048095971019313 15.30602463677442
235 0 0 0.027160916370208232 15.306737566537032
240 0 0 0.029737404296945824 15.307635746335936
245 0 0 0.028212748332308024 15.304237503892796
