0 0 0 0.2503023674106589 0
5 0 0 0.01798505377267956 15.733005930745929
10 0 0 0.022621489352877555 15.654130890437978
15 0 0 0.019809145407803985 15.63386381763445
20 0 0 0.021668892296598852 15.6149768892816
25 0 0 0.020218311382073306 15.600435295364676
30 0 0 0.022774297406200628 15.588745094754973
35 0 0 0.022126199584585615 15.50069380563615
40 0 0 0.018994710752889166 15.47136255860917
45 0 0 0.018289717755848756 15.443657341054456
50 0 0 0.025079707365882387 15.421395165221286
55 0 0 0.025558396739910894 15.40740560870978
60 0 0 0.024872948771904824 15.398634527934268
65 0 0 0.01466933088138922 15.386947646844357
70 0 0 0.02634008430210888 15.373709259110564
75 0 0 0.02885742229640398 15.369038648057671
80 0 0 0.027032057875778337 15.361816453144552
85 0 0 0.027023357976191154 15.347352383060636
90 0 0 0.029006185807587404 15.351923674683471
95 0 0 0.02720192930284515 15.350011698381087
100 0 0 0.029215256182436145 15.346037386722887
105 0 0 0.02616201633125015 15.345489507360723
110 0 0 0.028574018190371087 15.339350490479665
115 0 0 0.02625712715663009 15.335273538591526
120 0 0 0.027372437694665352 15.33218303687591
125 0 0 0.027354812349699165 15.332974918260685
130 0 0 0.022368560344870003 15.322079361693206
135 0 0 0.01784738412241249 15.32249606848076
140 0 0 0.028058273466652572 15.332991926816858
145 0 0 0.02895994004618707 15.327363082060801
150 0 0 0.02869620195263778 15.328801743997694
155 0 0 0.027259595047138596 15.326309714016753
160 0 0 0.028961818414616092 15.313403668864877
165 0 0 0.028439291773405984 15.318638430176478
170 0 0 0.027822268951275708 15.318185677349932
175 0 0 0.02884139841760125 15.321222806221668
180 0 0 0.0272931225875106 15.322611310815775
185 0 0 0.027417161409173607 15.316329331684603
190 0 0 0.027957003371174016 15.313446785260151
195 0 0 0.028789483659960036 15.316052369890446
200 0 0 0.028263830309257054 15.315609435027914
205 0 0 0.02796227901307824 15.310632515795914
210 0 0 0.029722148146258398 15.312900588034607
215 0 0 0.028589041337379717 15.30854116184832
220 0 0 0.028152067787806434 15.309782480428334
225 0 0 0.017194095874572213 15.307287261886161
230 0 0 0.028545810046990416 15.303670596163023
235 0 0 0.026634758717896112 15.309235018527236
240 0 0 0.022154835420856056 15.307143985665453
245 0 0 0.028603298802335697 15.305899249647343
