0 0 0 0.23696897630007763 0
5 0 0 0.0075369367780449 10.514908627085342
10 0 0 0.007504416577917228 10.360759658829824
15 0 0 0.004708834545558149 10.307481328114731
20 0 0 0.003853285825141217 10.27589550163608
25 0 0 0.00408271457365883 10.26249507185849
30 0 0 0.003977847985785932 10.24688933614477
35 0 0 0.0025709703785756766 10.237041490871752
40 0 0 0.0023520526187499335 10.233483699051714
45 0 0 0.0010717490715295153 10.224650010029421
50 0 0 0.00649276071099969 10.226708573733575
55 0 0 0.0013863847736026447 10.22086328483043
60 0 0 0.0025813518283996917 10.216654139936315
65 0 0 0.005175845938232504 10.204425208927969
70 0 0 0.0059004653908130145 10.21040072825603
75 0 0 0.00047212610628832863 10.207454683457684
80 0 0 0.003276183830206225 10.205702820893835
85 0 0 0.003977669323151245 10.201909427527134
90 0 0 0.009063980793879045 10.195840550271265
95 0 0 0.007664677591922908 10.196738880739913
100 0 0 0.0017945193311281749 10.195469303286753
105 0 0 0.003708189356130598 10.19610684649374
110 0 0 0.0037194026835305483 10.194959905913912
115 0 0 0.004288659103600212 10.194585180487694
120 0 0 0.0031030134151146527 10.19708111532203
125 0 0 0.004580328089843544 10.194176556843765
130 0 0 0.0002703803646451064 10.192876731519966
135 0 0 0.005160437363558756 10.192543523251874
140 0 0 4.378938973825797e-05 10.191911612125038
145 0 0 0.0031608450371425345 10.18900401660768
150 0 0 0.004759343577786179 10.19219320686475
155 0 0 0.004195556740973938 10.191398637083308
160 0 0 0.005065511302946968 10.190539335915943
165 0 0 0.0014081406939430163 10.189476700855172
170 0 0 0.0043127058466569945 10.18720429871757
175 0 0 0.004857995737215459 10.188571226151812
180 0 0 0.001518328612532871 10.188390152796893
185 0 0 0.0005204506593146085 10.189566831914757
190 0 0 0.0014852205755300218 10.18819059210032
195 0 0 0.008309627348756843 10.188522973486112
200 0 0 0.0014555838811571853 10.186266704119124
205 0 0 0.005009184510309961 10.186775474603188
210 0 0 0.0003149394918897652 10.184330053260076
215 0 0 0.004239948870591093 10.188129845181074
220 0 0 0.0034802336192227834 10.183673268090551
225 0 0 0.007253496214039812 10.183050330077528
230 0 0 0.005980757530622327 10.183972457673601
235 0 0 0.0007104315279760076 10.182584169173264
240 0 0 0.00642348434561546 10.179910525270042
245 0 0 0.0017451760160271945 10.179649974893788
250 0 0 0.03888485387682361 11.786056790070527
255 0 0 0.011512030681939844 10.582584987187902
260 0 0 0.004170667407959572 10.382051261710128
265 0 0 0.003245102952599499 10.270979013841904
270 0 0 0.008113842791463544 10.20394964202575
275 0 0 0.0018629689913540748 10.195048811835662
280 0 0 0.004060168215806126 10.155949824546624
285 0 0 0.006454567552686585 10.143847917560601
290 0 0 0.004074771749617678 10.111497393851083
295 0 0 0.007802242314283614 10.112777803192662
300 0 0 0.015501014180756112 10.095676713743217
305 0 0 0.01441754764025105 10.092410773350117
310 0 0 0.011263075318503457 10.089206562109844
315 0 0 0.013250922886876015 10.082640095505415
320 0 0 0.01237076411313387 10.087107809653604
325 0 0 0.012181808461881882 10.082630640480424
330 0 0 0.012487129104490569 10.08489831943581
335 0 0 0.00785270029877605 10.078693521040613
340 0 0 0.01410276512902997 10.070177106652757
345 0 0 0.008866126017029075 10.065223061091077
350 0 0 0.014164550122037323 10.065799150541975
355 0 0 0.01205751911023567 10.06356987856649
360 0 0 0.008437523053695717 10.06517710086282
365 0 0 0.00943361065438908 10.062393558687399
370 0 0 0.010246431689477031 10.067521576298802
375 0 0 0.00923277361257635 10.060411455950934
380 0 0 0.011172279763307591 10.063543461130529
385 0 0 0.011271236331863888 10.068547898595675
390 0 0 0.009830727967266473 10.060441301546726
395 0 0 0.009468774720843287 10.062185395784157
400 0 0 0.003800304409868227 10.061260953823382
405 0 0 0.011447807576756563 10.056300211965308
410 0 0 0.005815928508016821 10.059272655342777
415 0 0 0.008172991492360282 10.057840682378114
420 0 0 0.011535674025322296 10.056779252333477
425 0 0 0.00980927713523827 10.055724135168134
430 0 0 0.009779452761410123 10.055485973959982
435 0 0 0.011630675460066575 10.054579654975731
440 0 0 0.012672163244352275 10.05372001754943
445 0 0 0.012232415033110122 10.056327654663441
450 0 0 0.010263425290064854 10.051240328341393
455 0 0 0.009193088151950635 10.056442452673881
460 0 0 0.014202911937454932 10.052862617926294
465 0 0 0.008103752793561458 10.053805811117776
470 0 0 0.011694503939539747 10.05066349466609
475 0 0 0.008902952935756714 10.05711480943906
480 0 0 0.010341376733396634 10.053774256745937
485 0 0 0.01347294792139131 10.054430024869324
490 0 0 0.007618431936487591 10.053148165823584
495 0 0 0.007492823257264636 10.053478524768089
500 0 0 0.007790981382238549 10.049032704880512
505 0 0 0.009410333189090458 10.047949547676424
510 0 0 0.00802941501051091 10.049890793325613
515 0 0 0.010468732883657683 10.051295204109898
520 0 0 0.005472420958257951 10.050482449389818
525 0 0 0.007247190674714465 10.046970142439728
530 0 0 0.01519113517414672 10.052690745842646
535 0 0 0.01186948120746334 10.047662851836098
540 0 0 0.008822202104599608 10.048457788840732
545 0 0 0.010765688004744867 10.047122506612679
550 0 0 0.013049413499115037 10.048781896565977
555 0 0 0.010725180458438732 10.04816034485945
560 0 0 0.005926068499081394 10.048004508493124
565 0 0 0.013370891076096347 10.046970512770805
570 0 0 0.014266568530892254 10.044933461798115
575 0 0 0.007792818700102622 10.048793566899427
580 0 0 0.009252598117656108 10.048518810606168
585 0 0 0.012840874635981825 10.048041794026922
590 0 0 0.008900622251693413 10.046888631891212
595 0 0 0.01211949279858282 10.047986394481024
600 0 0 0.011135227839748518 10.043591045958536
605 0 0 0.008900122458379789 10.048600645895927
610 0 0 0.010250658589201933 10.04713602091235
615 0 0 0.007595479700020835 10.045646470232853
620 0 0 0.006269974802294076 10.045196774691158
625 0 0 0.0049948740883052345 10.045407012035625
630 0 0 0.008372997772921886 10.044551207474946
635 0 0 0.01338406511229362 10.045008481083482
640 0 0 0.008421666599372601 10.045041456313282
645 0 0 0.012751817201279936 10.042861490001396
650 0 0 0.008972442515542411 10.046007144644419
655 0 0 0.007731000035763325 10.045112736893177
660 0 0 0.010758404050091652 10.045858608394546
665 0 0 0.009942722048781771 10.042232790914586
670 0 0 0.009812989771264435 10.044586109819623
675 0 0 0.011768755173929835 10.045117452341886
680 0 0 0.007884949810890829 10.04362842291477
685 0 0 0.012468083477058967 10.044557922523456
690 0 0 0.012513266497722997 10.043306762105749
695 0 0 0.011575636741704809 10.042890967452673
700 0 0 0.012092015886836949 10.04191808281317
705 0 0 0.014511392992608618 10.04525001030492
710 0 0 0.013887740295579709 10.040631494603264
715 0 0 0.010920216479242573 10.04519657618988
720 0 0 0.009925770423258928 10.0431283873166
725 0 0 0.009021924093217448 10.042233325494674
730 0 0 0.00854780727716653 10.042851397869452
735 0 0 0.009511428366213881 10.041689465311597
740 0 0 0.007790124593380243 10.041696666423324
745 0 0 0.0072555003216017155 10.045334034133505
750 0 0 0.012077697896477169 10.042298604751721
755 0 0 0.009970186864881825 10.042509193635109
760 0 0 0.010308061449075812 10.042680831692659
765 0 0 0.014557743159357761 10.040507646458689
770 0 0 0.011473402662089738 10.04330793525714
775 0 0 0.010687416891481005 10.04056063599014
780 0 0 0.00987930190712194 10.041749510369012
785 0 0 0.012393513491887997 10.040967101255566
790 0 0 0.012875871229020897 10.042111536159334
795 0 0 0.006689309779159824 10.040064725232101
800 0 0 0.007821230468131768 10.039997339697793
805 0 0 0.012217584543130489 10.040014812426511
810 0 0 0.010196818654925943 10.040955343426303
815 0 0 0.009019630737909345 10.039356299214747
820 0 0 0.007389313893499061 10.038941036720312
825 0 0 0.009113631105521547 10.039522675268552
830 0 0 0.006197584024941083 10.042682596149739
835 0 0 0.010128981748307009 10.042147804982386
840 0 0 0.013637829474130836 10.03963053746122
845 0 0 0.007969010053778813 10.039711043954897
850 0 0 0.012369989048372387 10.039071034091322
855 0 0 0.008714667337836213 10.041946206195842
860 0 0 0.011623954858849483 10.041077241671436
865 0 0 0.009177706526485085 10.041109407287866
870 0 0 0.011348792228032423 10.040226875478742
875 0 0 0.007895239079025007 10.04082911199459
880 0 0 0.012808169779975564 10.040892944633963
885 0 0 0.008844497708249577 10.04012282279011
890 0 0 0.011789411483865253 10.038494767685405
895 0 0 0.009413316574502506 10.038791801274714
900 0 0 0.009497131574923712 10.038366503177098
905 0 0 0.013275064696722128 10.038654664800438
910 0 0 0.010163960863715626 10.038588163960048
915 0 0 0.0111614779212732 10.039370898327611
920 0 0 0.012265535567242525 10.03859413913078
925 0 0 0.009829488843915435 10.037814516551876
930 0 0 0.013327766661623386 10.03820539815822
935 0 0 0.007771600309452342 10.037913230742907
940 0 0 0.008409814870784293 10.037842920441713
945 0 0 0.008525748324079485 10.038595641972917
950 0 0 0.003923067381224943 10.037867778425
955 0 0 0.013242740816718834 10.036735982730226
