0 0.4976774235027739 1.4877067424652166 0.36899128528673697 0
5 0.9877671926183436 0.028810448945799205 0.010159680723029751 1.6651117715465904
10 0.9926952387079081 0.022229913979092464 0.00848817507819799 1.6455517800410862
15 0.9973803730999473 0.007074161442006233 0.0011351316755257024 1.6411919417516319
20 0.9989674945177441 0.0027381057838931078 0.006223854986936894 1.6402058574502922
25 0.9985210381971447 0.004321713844006592 0.01098774275057579 1.6387512491353333
30 0.9970803895400911 0.009957680488179799 0.010253968851067885 1.6386185817902368
35 0.9964519577445584 0.013433570088587254 0.014468285995974606 1.6369975759684863
40 0.9984979862443253 0.005438414925406088 0.002165262392078926 1.6377630682062425
45 0.9991389662563597 0.0030481820612699995 0.0070709875477299455 1.6366081595778206
50 0.9987142530035262 0.0041609731918423876 0.002740179704314727 1.637348327566213
55 0.9978148405280266 0.00803314520493581 0.00853987042218396 1.6372771506824835
60 0.9991133770328385 0.003249887832186049 0.003112629127909994 1.636763990456307
65 0.9977327598741198 0.008486385000241903 0.0044023357222671144 1.6365648923705987
70 0.9981528214352364 0.0063120415245174755 0.001653683879652812 1.6363853819449656
75 0.9974302468261959 0.009793704076454413 0.002452803508495194 1.6368140500870598
80 0.9996318640565127 0.001038692430429533 0.0032796913439685493 1.6362362762374665
85 0.9990088271423985 0.003453366201360275 0.009147891443329392 1.6356159442261815
90 0.9992133496530967 0.002759659341651677 0.005382358566368151 1.6365673268755823
95 0.997031431563822 0.011674473561331666 0.002587639693436561 1.6359215322927632
100 0.9989554336562625 0.0037805977201543772 0.00880912695825975 1.636028690884555
105 0.9997749258547295 0.0006207662614960974 0.0019544524247114836 1.636008795223829
110 0.997750643046085 0.008701168453729036 0.013204118508099327 1.6353363856856573
115 0.9996131605480179 0.0011981585384504 0.005326331024011921 1.6355816034823345
120 0.9996407859951607 0.0008609357118618544 0.0008059589686084667 1.6354798114689375
125 0.9986026222333806 0.005329195247378182 0.007808907602886883 1.6347394880688801
130 0.9987514742678947 0.004497612328094869 0.0005933830445681298 1.6358291046266473
135 0.9980330676473231 0.007536782853636792 0.0033832486625566816 1.635336160715118
140 0.9996846163125128 0.0008122682045574869 0.002800082617405497 1.6348576084145299
145 0.998997812830815 0.0030045112851273537 0.0019207373221439283 1.635589184944765
150 0.9992521514197121 0.0026927762774948683 0.0051234871760694745 1.6352680700752726
155 0.9996640462477006 0.0008133545769384298 0.0007649696191376343 1.6348276487082518
160 0.9996525411997471 0.0010759816699681402 0.0021363369201070626 1.6355365563518427
165 0.9996948506884296 0.0006876140682332554 0.0016354865937795449 1.6352383447371162
170 0.9994978642097059 0.0014361839291738843 0.002059894437733245 1.6350289409937313
175 0.9988621391822576 0.004313953062485609 0.009852998696866733 1.6348167753204936
180 0.9990665364030302 0.0034085631478242284 0.0037367416325417846 1.6351967198569346
185 0.9991058873489735 0.0032401627726137416 0.003955019193093268 1.634864689770264
190 0.9970294084666563 0.011621902837640308 0.019824647699104858 1.6352315667246824
195 0.9990745564562208 0.003257870740720925 0.005461410148417611 1.6347928855698521
200 0.9997320351005851 0.0005755264852869146 0.0001818731357425829 1.6349252716187528
205 0.9994675417659915 0.0017764945346094851 0.0040849210172853034 1.6353065884972404
210 0.9984992024389543 0.00530083598919151 0.005326815032157484 1.6350871856350735
215 0.9995579499707131 0.0013173920097542258 0.0035949027701689396 1.6346236875046207
220 0.9993678333003111 0.002345543600427824 0.0016005711314734938 1.6347995090771597
225 0.9995786506732406 0.0013706175720316072 0.0056811109218051214 1.6346458209650871
230 0.9995894449713325 0.0010084990069998412 0.002816683422893096 1.6347862228496342
235 0.9994507342696783 0.0016708594355003825 0.0028508861157450216 1.6349930543827569
240 0.9994963864577584 0.0016394930405896346 0.0037638011136031935 1.6342680106979077
245 0.9993807556224389 0.0022241386682639863 0.0032041808784564196 1.6347248839254656
250 0.9990202498519496 0.003508005377528267 0.006930179395924441 1.6349457968818515
255 0.9995605962132316 0.001311735888637644 0.0026073021608445934 1.6344782132400184
260 0.9995362534100098 0.0014428859745716505 0.007042136870930582 1.634865880910899
265 0.9990839900455972 0.003171435898113195 0.002639855237850819 1.6340476261104815
270 0.9997534952208185 0.0005813846599338479 0.0014865133938775088 1.6345269135679195
275 0.9994828154964388 0.0013342114804135718 5.118070806142683e-05 1.6345297104485303
280 0.9991618502127202 0.00293637166945504 0.002480494829133484 1.6343346351626942
285 0.9994493988954545 0.0017946847245167152 0.0015213726598108934 1.6343184170986294
290 0.9989592573033496 0.00382278924272339 0.00907420794965752 1.634400245522873
295 0.9997002639140331 0.0007269583202442753 0.0007350903872829218 1.6344578156300185
300 0.99925882681386 0.0025924936262071707 0.00045054744375350175 1.6340380115333024
305 0.9996582618507004 0.0008848117999493699 0.000520500072695107 1.6345806793349058
310 0.9995826546581332 0.001328167388238155 0.004156892297831671 1.6340965466562034
315 0.9994646130526839 0.001667186676490351 0.0013444799445254674 1.6344583977686287
320 0.9996672632373373 0.0010405699066380336 0.006780168603610637 1.6342795317483418
325 0.9989457976825697 0.0038263192612051355 0.0011062960915702025 1.6345435447424395
330 0.9994732338646527 0.001843847470617721 0.004171158663750951 1.6343103896645301
335 0.9994765855111696 0.0018327517868430565 0.004003155587510854 1.6343918689180805
340 0.9984796434670666 0.005920290916149762 0.023875057912109643 1.6340997076489816
345 0.999702028334311 0.0009536023958844897 0.000914232570998541 1.6337342266847281
350 0.9995737387866688 0.0013445944588794667 0.0016869140570405783 1.6340875089426552
355 0.9991436211502309 0.0028956067996646073 0.001811296423001263 1.6344168082719188
360 0.9991136037860602 0.002989369648354945 0.008875614266121268 1.6340066574122671
365 0.9997548389021791 0.0007006293354430149 0.0019372341622063693 1.634134067961193
370 0.9993914591175962 0.0021875533112367673 0.0015873703360238522 1.6339736242371865
375 0.9988869931940727 0.004241808670053082 0.0024434212369071062 1.634169256962245
380 0.9991160568139592 0.0033422031514342976 0.0013654966714147232 1.6338506043650955
385 0.9995775681546616 0.0014074918618345311 0.0009577047256739135 1.6343093590705584
390 0.9994836426963759 0.0018452148328635953 0.0014345449131432098 1.6342775087219028
395 0.9997928715031854 0.0005384302036168798 0.002760625493988922 1.6340352062479289
400 0.9996975724773318 0.0009875416233038337 0.0008771949896360098 1.6339533338847343
405 0.9995551659074914 0.0014708077456697666 0.0007443382894967154 1.6339463338811098
410 0.9997284496273946 0.0008322067009138845 0.00444651754646741 1.633983636467302
415 0.9994417275420684 0.001805682976041334 0.0005901997716151186 1.633564981915381
420 0.9995435425280119 0.0016595267017698312 0.0012818992773020454 1.6341889030088665
425 0.9996571344523595 0.0010915813203653535 0.0012727806839605282 1.633978104184287
430 0.9997723738495962 0.0006500502845177003 0.00017346243793636695 1.6340341402203074
435 0.9992022314491572 0.003032809219041699 0.0007023921530839861 1.6340239415953104
440 0.9993514349976922 0.0024561062959833624 0.004047272533552304 1.6336743875115678
445 0.9995403637744462 0.0016444132384418886 0.0021502711088614568 1.6338795185673618
450 0.9994711665371012 0.0017801690827548011 0.0030788734567077647 1.6337030445685883
455 0.9990304531051175 0.0035065957316033902 0.00030678731700883866 1.6336309852351407
460 0.9991400665244168 0.003308198117316641 0.002102828216900443 1.633983066631089
465 0.9998353890006145 0.0004592659303304103 0.004600156737763816 1.6338317336245465
470 0.9996464957935354 0.0012649536466409206 0.004484050740998224 1.6335334908431707
475 0.9997997464644572 0.0005942017020814649 0.004522080825325014 1.633686943947456
480 0.999810329019263 0.000570959354179168 0.0008325847472376857 1.6332760309695376
485 0.9995379615569245 0.0015668293839450342 0.0006758093195009529 1.6335071457494663
490 0.9997470222064087 0.000799108366256629 0.0016528432863793796 1.6336301026000075
495 0.9998090560731256 0.0005488264516144703 0.0009444104867006864 1.633467250720846
500 0.9996010294651059 0.0014709005996074165 0.007789646270830897 1.6335409442980833
505 0.9989148825188865 0.003908614307750691 0.00596641926762409 1.6335116024079566
510 0.9996483036570384 0.0012246157388280388 0.00042549353332521633 1.6335711882478292
515 0.9996835290196817 0.001066436113001057 0.0028004484673405106 1.6338952401048366
520 0.999038791403497 0.003685271789612976 0.003645414296147287 1.6334880880920721
525 0.9990992447173461 0.0035376217057385695 0.007551310926597665 1.6334659311305577
530 0.9992366477327981 0.002905950779394484 0.004157710870028808 1.6337053059101205
535 0.9992557982799631 0.0026508783776013622 0.0007961778413672072 1.6335955003915392
540 0.9997129462149907 0.0010176371045425014 0.0015837794383766202 1.6337245863116
545 0.9994905176973743 0.0017951261761133264 0.0019349589090971175 1.6336242400793701
550 0.9994003814807335 0.0022675848166207047 0.000862548163289123 1.6336262221780617
555 0.9998187086259152 0.0005947794099578907 0.0035445280394801326 1.6336388621346223
560 0.9998737931711075 0.0003874417915699091 0.003393868681410339 1.6337581154146341
565 0.9993564338093646 0.002439692848187347 0.0023723328707889735 1.6332757253100336
570 0.9996982838385096 0.001061779981560651 0.001281883069753631 1.6335943190928017
575 0.9998768427660407 0.0003779329819673105 0.0022532420332335157 1.6337298515512484
580 0.9995873838702635 0.0015540795191035794 0.0015697559051242038 1.633187774126444
585 0.9992620069445943 0.002851014585899758 0.0033444545632468348 1.6333235834511952
590 0.9997418161578504 0.0009509186313412243 0.001602562125774032 1.6336940859171694
595 0.999868734411258 0.00038572179826790176 0.0003816021627680577 1.6335305702974199
600 0.999843120371861 0.0004984726989780697 0.0017970205490596136 1.6337136442390814
605 0.9997239670052137 0.0010053792067048484 0.00033672990209532294 1.6334191933434163
610 0.9996843840819727 0.0011745208358096004 0.005050260675380613 1.6337573749725107
615 0.9996510856458627 0.001232378134275569 0.007937453044118747 1.6333819476242095
620 0.9998284267268636 0.0005953808941701055 0.0016600239908823866 1.6332271454528255
625 0.9995091286196376 0.0018751314854721368 0.008546773170331257 1.6335545091326409
630 0.9995520055212592 0.0017064536446966816 0.0021990587678646367 1.6332568629989155
635 0.9993949844422597 0.0023144137117416808 0.008932099549854966 1.6334946681467515
640 0.9998227459936251 0.00063557842998474 0.0015443545120339408 1.6335985619475633
645 0.9998564431866499 0.00047680776175407225 0.004079637194104535 1.6335113090898532
650 0.9994165833069065 0.0022783132283556995 0.008346256696753152 1.6331826023271505
655 0.9996199733786739 0.0014351261178395802 0.011064289656550486 1.633531940297453
660 0.9991248785490596 0.0034119933023915028 0.0007430063674132015 1.6333395718964656
665 0.9998447199537375 0.0005324715776500177 0.0014978712697315544 1.6334864118117551
670 0.999665857370899 0.0012985366721056657 0.00042551780722455135 1.6334081018932354
675 0.9997984215073757 0.0006730339126146401 0.0012779290141244903 1.6337214161058105
680 0.9997471833975544 0.0009013570528981774 0.004636844664980266 1.6333593247909513
685 0.999737274295135 0.0009868181452710179 0.001738233628401531 1.6333774251863258
690 0.9997391599875884 0.000971892491432147 0.00014740091487430718 1.6337180322527987
695 0.9997398191583502 0.0009490496871149556 0.0003385978110999055 1.6334082697885826
700 0.9992027716750145 0.0031523538559634634 0.008763272098346153 1.6332803599895878
705 0.9994573294098196 0.0021202349861650926 0.0021413385800221896 1.6332694271599257
710 0.9992264552100336 0.0029600263299329743 0.0011656292890587228 1.633164135250945
715 0.999862694194731 0.0004735722510340601 0.003402931225476191 1.63333524858572
720 0.9991800428342343 0.003191543563572319 0.00367966322470048 1.6333325004384143
725 0.9994189181109971 0.0022836078636934154 0.008651034435420035 1.63335001057242
730 0.9997159872766049 0.0010781693517234459 0.0022430736733076717 1.6334057971360838
735 0.9996823626991549 0.0012134039735842705 0.009699010878707615 1.6334623691901506
740 0.9995094373902823 0.0019144865268603262 0.004023147598787968 1.6335374111407301
745 0.9988954621795108 0.004408158456529199 0.0038278595469314336 1.6331155766553849
750 0.9992376574413028 0.0029833886268235688 0.010295282412800422 1.6333729310410772
755 0.9995017408446569 0.001937282959626696 0.004782172482309166 1.632980915730684
760 0.9999154935130136 0.000239747297492654 0.00017155720719452816 1.6335605366896817
765 0.9996733945875691 0.0012372001996510118 0.001354628224673915 1.6331454355317556
770 0.9995154180421096 0.001896015351933844 0.0011166291061548428 1.633447928292457
775 0.9992589566368654 0.0029649243012850324 0.0012323046260018788 1.6332770721032872
780 0.999809402423675 0.0006858001851903772 0.002822753864613947 1.633345398786337
785 0.9997751974211926 0.0008285130536713758 0.0003043220175962258 1.6334795527014745
790 0.9989150821398074 0.004310990084580135 0.0007578035394208982 1.6331641415644078
795 0.9996003549875163 0.0015531199517637706 0.0031398477622077703 1.6333197219117923
800 0.9998545504818832 0.0005211436520793367 0.0018653551646385935 1.6330966177834356
805 0.9998448809160709 0.0005636836447302507 0.003336004261568437 1.633504485041848
810 0.9995562130442994 0.0017358218687129057 0.003937836417574392 1.6333453464613994
815 0.999277848864875 0.002882582467803596 0.008795880004210943 1.6329023615334046
820 0.9997393059892962 0.0009849641708759016 0.0015077113737205217 1.633507581722855
825 0.9996298469393446 0.0014202568016385975 0.00035347679882336003 1.6327096566516834
830 0.9994419876665002 0.0021746938201399058 0.0025949160985576647 1.6332179254326877
835 0.9999037072204678 0.0003251610021284268 0.00011299761015193255 1.6333915186474672
840 0.9996481262255711 0.0013569703746463269 0.002723532968191167 1.6329758890074624
845 0.9998802706113259 0.00042260671760230295 0.0010209059084802519 1.633105350466996
850 0.9997398464060672 0.000965262341392048 7.0592994152463e-05 1.6332045295346602
855 0.999554111194556 0.0017180602053463723 0.004422969397928966 1.633402659663812
860 0.9996733065588608 0.0012542945562930008 0.004180855332336364 1.6333867018639838
865 0.9997986861261539 0.0007431358839755653 0.00153444780762646 1.6333847451420445
870 0.9998049816425145 0.0007139411826233566 0.0029041522242980733 1.6324435256916514
875 0.9997040332853513 0.0011331951823549957 0.0028484853693577783 1.6333350941352105
880 0.9998408775280221 0.0005832639549778751 0.00025002815470775985 1.633802176994405
885 0.9997175509777757 0.0010737932378850346 0.0015870155233936867 1.6333310408679438
890 0.9997989659714289 0.000751127336748425 0.0007363720299224941 1.633194680336817
895 0.999771371099281 0.0008681650433091104 0.0008599722185678171 1.6333197441861742
900 0.9994016969697985 0.002365436808794197 0.0058746441361914314 1.6330406598736318
905 0.9996533365978311 0.0013565609410433055 0.0037008380488066095 1.6334077387555141
910 0.9996758624123485 0.0012531689722321548 0.002279608845965786 1.633295211883192
915 0.9999115176105086 0.00028555650712536185 0.00023945466286257044 1.6335515803142937
920 0.9998389383353192 0.0005740181859830162 0.0012919839975082947 1.633219793637073
925 0.9998203874864894 0.0006630748387301821 0.002720370786829518 1.6331551092732624
930 0.9998717523357663 0.0004717086050738395 0.002914508167542351 1.6333592631602472
935 0.9994718073762839 0.002047588086434571 0.0010609650382034097 1.6332521889156688
940 0.9995914488457539 0.0015767410467009135 0.003885783301628809 1.633291528080564
945 0.999932055998594 0.00021223334039266462 0.004335986922728408 1.633364896685523
950 0.9998521584158322 0.0005498341747685043 0.0020311119566627234 1.6331311452305615
955 0.9999110817241499 0.0003037476326772648 0.0005198805734787371 1.633299540723585
960 0.9996978245864946 0.001143427792177576 0.006664710069576696 1.63299886239383
965 0.9998507252636432 0.0005020508430995108 0.0022507902703032823 1.6332213090360232
970 0.9996807403471539 0.0012321709061540176 0.0025172169747120776 1.6333889934783892
975 0.9998100316669026 0.0007208844626498401 0.001435384500092951 1.6333399578522796
980 0.999576837568404 0.0016456581449633134 0.00011919154331341275 1.633288062541101
985 0.9991448864996646 0.0034241764972093858 0.004584572110576168 1.633283574497143
990 0.9996346866507352 0.0014099327798331451 0.0031166623157501405 1.633239244794949
995 0.9998148113027037 0.0006742685726515152 0.0030515477968513505 1.6332724690254572
1000 0.9996235831255684 0.001416274407456397 0.002766068216348394 1.633208862611571
