0 0.4749275672486567 1.5940940346071373 0.2842739787697426 0
5 0.9850477802020023 0.03592907019627001 0.02350446296270814 1.6679893229979061
10 0.9949617138173705 0.01421682156927595 0.017591120870176002 1.6445656877847887
15 0.9980604660180672 0.00520828504416615 0.0007615946312995447 1.6418270607873489
20 0.9973518121182231 0.008565460375619116 0.010669044026970331 1.6387446673454982
25 0.9963852528618338 0.01275117227477418 0.009651004802449625 1.6389250538209919
30 0.9982287675381429 0.00584989664166935 0.008268686536402559 1.6381666491197828
35 0.9993052147436552 0.0020751232200351133 0.0019397859009533391 1.6372206307283605
40 0.9991169439212425 0.002670579027974629 0.0003850674424179523 1.6364797828797568
45 0.9989266946954637 0.003633796022390001 0.0013948890029955585 1.6369144154193291
50 0.9991830047194892 0.0026071849038871164 0.00031654656160395866 1.636829641421937
55 0.9994005073098473 0.0019199513180974126 0.004514470268545345 1.6364349905136006
60 0.9994763208189776 0.0016343224720636318 0.005449209282177847 1.6362878703792516
65 0.9987739998362939 0.003828850403694739 0.0009481398002317842 1.636540130917641
70 0.999377160490739 0.0021938407741934896 0.0013433178145236813 1.6358905880233143
75 0.9986800200647814 0.004854202424664944 0.002931662594077844 1.6358061186308246
80 0.998888635414238 0.003768975635584315 0.0020652253039235013 1.6357211328110817
85 0.9994396654996771 0.0016864627075370286 0.002227698904109232 1.6360862925308945
90 0.9995105065232845 0.0013425679879277563 0.0033510872072723963 1.6358229032373188
95 0.9982331602468288 0.006380520531241496 0.010694971258937702 1.635420968266187
100 0.9994885594323082 0.001580685353014255 0.0001810022223074359 1.6354402370463776
105 0.9994545185115393 0.0016925360409909551 0.002881486548771406 1.6356945582566054
110 0.9988806495732372 0.004003667976179459 0.00439207210550463 1.6350867557385695
115 0.9992082380103475 0.0025901192880108947 0.005534328691490398 1.6349122255112118
120 0.9995866350592006 0.0011382033411739823 0.00031548700873984536 1.635619957531569
125 0.9997098476948802 0.0008213482887655665 0.005870391156168164 1.6356092993164075
130 0.9990097029310656 0.0034029777564530406 0.005084954599064773 1.6354555225900864
135 0.999093941212556 0.003201511900654541 0.0038745627194138876 1.6348830954268636
140 0.9991897960257835 0.0027014615731089098 0.00865214928327429 1.63491571014915
145 0.999180924641133 0.002994994954311103 0.0020030333391112265 1.634775433447316
150 0.999564765190238 0.0010903004902058644 0.0011963768914029504 1.6349951108780032
155 0.9989873022070505 0.0036498969002005666 0.0011550230822288121 1.634547762222943
160 0.9989528516253553 0.003940565723686396 0.003051567140861744 1.6350823111442048
165 0.9994693444973249 0.0017543375305655307 0.0011211559622645861 1.6345501727134042
170 0.9993977950414734 0.0019804681892896525 0.004378397157539959 1.6349361107198015
175 0.9994644855761208 0.0017210686639324013 0.002522648273780792 1.6345400021014131
180 0.9994748332482346 0.0016815505052707458 0.012990515168701755 1.634784831750494
185 0.9989279402456968 0.004046485120280829 0.007392952252299301 1.6346261479905468
190 0.9990675064066197 0.0031268314723036372 0.00279274479467162 1.6349547833456433
195 0.9994201740399724 0.001945148461081292 6.372316768166186e-05 1.6344972063224237
200 0.9995994720984278 0.001231220617169404 0.0005821181892169403 1.6346166642638322
205 0.9988828140815263 0.004214702549769189 0.0047760870569442115 1.6347448530247484
210 0.9962495602018664 0.014623476201063301 0.01125027429671377 1.6345033096588566
215 0.9986727696696535 0.005007405030488021 0.005845215311000684 1.634088836225176
220 0.9989644175167434 0.003848134330006303 0.002876417712159851 1.6343349096006619
225 0.9987812722345435 0.004238627493391434 0.0019790626756055474 1.6343953344235134
230 0.9995922348577664 0.0012108346041523887 0.00041233669728946154 1.634745045258019
235 0.9996603267085978 0.0010191682272757685 0.0005449266616834869 1.6345583690956698
240 0.9991734375659072 0.0029823889239850576 0.0009380947640271753 1.6342636151773828
245 0.9997370921289505 0.000769887765966093 0.0032409579265824107 1.6342861362074443
250 0.9994493008318113 0.0016712764753112896 0.000723814118759547 1.6342287785196195
255 0.9995094187013971 0.0017154822657465818 0.006380863073185861 1.6343796666432229
260 0.999794555215815 0.0005097082005458553 0.001525347173590763 1.6340776515871838
265 0.9993094847517725 0.0022873725233472086 0.0015469445930720305 1.6343870609579454
270 0.9995130644616992 0.0016657150999996873 0.0012048959640824641 1.6341384381001547
275 0.9996325120684881 0.0010294409986757458 0.004282743869115535 1.6340193687411597
280 0.9993029672926033 0.002493642633677684 0.010632884428680489 1.6341163750656458
285 0.9994700452309273 0.0017809451818151523 0.0006999117563930568 1.634238817957751
290 0.9997096521123066 0.000913208146965161 0.0006268326918852374 1.6341540541989477
295 0.999234008252038 0.0028950807320120564 0.010169419613702546 1.6339897518526527
300 0.9995917038751165 0.0013138885754477858 0.0035924927789456884 1.6339919708893669
305 0.9994290234682984 0.0020438743774031654 0.00010957804011546557 1.634020487085765
310 0.9995746130697619 0.0013406207721111674 0.0022914566119518476 1.6337540024468786
315 0.999571997967265 0.0015353168318432697 0.004983466246101909 1.6338585304337827
320 0.9994775117300907 0.0018371102013026164 0.005993620953688161 1.6341689079399657
325 0.9994045215209281 0.002126873237501492 0.0017256837897954291 1.6342133325064838
330 0.999334074704385 0.0023579115803507023 0.0010639834480725696 1.6335771541948896
335 0.9997085534727541 0.0009320754965300715 0.0014149886426952918 1.6339669585788572
340 0.9987465691130738 0.004730117998723582 0.003433176766991286 1.6342369161566774
345 0.9998022579791181 0.000602566597059484 0.00020630194476911612 1.633895665838936
350 0.9992365747159313 0.0028723627249895856 0.0006871052250243537 1.6338373969709428
355 0.9995237345285642 0.0015457599054820026 0.004306269927005335 1.634140095901795
360 0.9998223010543315 0.00045740473439148666 0.0005722196947897107 1.6340552118931717
365 0.9997622026159171 0.0006747248269787232 0.002644956488332406 1.6336783630456173
370 0.9990698357381608 0.0035600842796656984 0.008400446975788345 1.633557347218963
375 0.9997261268816393 0.0009113955964263898 0.000688601673393574 1.6337173949832162
380 0.9995006601866931 0.0016770232252434347 0.0030407712880962112 1.6335920673068527
385 0.9997625528764733 0.0007444642361367215 0.0005671640690021462 1.633620170386209
390 0.9992371623592715 0.0028984928249751185 0.006005081751116137 1.6340182596142052
395 0.999546722010475 0.0016652306177158405 0.003708759416492402 1.6335850709589335
400 0.999396502038064 0.002278405089419122 0.0013490416341079836 1.6335913197627396
405 0.99962710416783 0.001306768970440464 0.0009234509200757302 1.63358125004717
410 0.9998257038447307 0.0005301177680652192 0.006861114396848889 1.6339096951539782
415 0.9997525725628709 0.00083764352809923 0.00014767650740044047 1.6338221684697019
420 0.9992360891481158 0.002948404958589279 0.0071686149142342614 1.6334033669679358
425 0.9991588176141964 0.003237297199079503 0.0013806065187709216 1.633682587543994
430 0.9994528676145502 0.0019942650179540777 0.002071922639325985 1.6333195347688505
435 0.9993546519844347 0.00248426183121242 0.0052225080025083415 1.6335736106297012
440 0.9996184876193801 0.0013773214043129034 0.008687836603860077 1.6337407489774367
445 0.9996859150616957 0.0010643492647119945 0.0008695278252248695 1.6337670734372614
450 0.9993945817173335 0.0022631305602203167 0.003458522016463128 1.6333679341207639
455 0.9998573273137006 0.0003959463102041205 0.003236445562260881 1.6335432411408093
460 0.99963349055594 0.001321845460391824 0.005727895924432458 1.633647705838459
465 0.999576417076473 0.001590800727567343 0.00010876740224086134 1.6338458951387431
470 0.9990321546888368 0.003874363020809568 0.01084690454351378 1.6337472738565877
475 0.9999025573820279 0.00023777984686534914 0.0007840920477311109 1.6338199341637754
480 0.9996678877677027 0.0012024092560796174 0.009197106960199042 1.6336356051361371
485 0.9996187851360125 0.0014001282313496066 0.0020482097151550693 1.6335730692876302
490 0.9997843119218813 0.0007278624048141502 0.00013673121307311575 1.6338013938518297
495 0.9998293986535233 0.0005528971232335866 0.0024584478867848425 1.6335772668486066
500 0.999439537906168 0.0020651223824610376 0.003940009115571241 1.6333847411695763
505 0.9997422025893026 0.0009096030256308119 0.0013701681951583389 1.6336243110954234
510 0.9995771442925407 0.001578225435601155 0.0024412812233038927 1.6336560168973693
515 0.9998045876481989 0.0006714212412846088 0.0020366560468634276 1.6335300027217676
520 0.9997374323614927 0.0009229682357068114 0.004258230277342623 1.6334665098645638
525 0.9996867746784524 0.0011227026661568829 0.0024595723355069765 1.6334213492327903
530 0.9998633412566384 0.0004399582454410744 0.0002927722376009356 1.633565546642461
535 0.9996644388197418 0.0012221115093575818 0.0023512290908691558 1.6335277147479987
540 0.9998556199744262 0.0004625089807523963 0.0011774418397558772 1.6335927695042782
545 0.9990702035995542 0.0036578261102402365 0.0034335584282552123 1.633213138310701
550 0.999483746616012 0.001939633820219111 0.001552022166262823 1.6334404706385768
555 0.9995538649030346 0.0016876020759155619 0.0008608655299273682 1.6335067241662315
560 0.9996529845055072 0.0012716841840110238 0.005471478223804116 1.6335932514288551
565 0.9988817632042243 0.004254408756958483 0.0010983580930088443 1.633297787551939
570 0.9998819753521078 0.0003364747514118527 0.004854305879977483 1.6333875062696912
575 0.9995935495112678 0.0015014585721067064 0.0013464990038019042 1.6333537426795324
580 0.9997457979723059 0.0009109695489979419 0.0009233062009490478 1.6334487855769801
585 0.9997204119655192 0.000989359034550219 0.0016293592980116678 1.6331286067394262
590 0.999793413835756 0.0007210988895591797 0.0019695762629550195 1.6332582200995107
595 0.9997915962757922 0.0007154456315825453 3.264103937850038e-05 1.6331580253940716
600 0.999354957584896 0.0024845207140047343 0.0035252354872488123 1.6335245033654207
605 0.999488058041008 0.0019662932961428403 0.00451433369290366 1.633651020251534
610 0.9997943056756169 0.0006949664530062627 0.00043265645312562384 1.6332847279194473
615 0.9998541283423322 0.000480443116836371 0.0037991270669341937 1.6334370317714377
620 0.9998296110259428 0.0005603778203526755 0.005348560176129835 1.6332516656501612
625 0.9997426682891815 0.0009368822466266913 0.0028708685711200665 1.633280854459496
630 0.999861840594414 0.0004338253098936651 0.00031742205989115924 1.6332005025288987
635 0.9997790204584646 0.0007904479174893897 0.0031370725910822017 1.6335495101969786
640 0.9995776131706288 0.0016116482272674482 0.001085704078363614 1.633438528252268
645 0.9992414057756454 0.002982560901410025 0.009507472272485051 1.6331784292990736
650 0.9994828643138235 0.0019615131043826395 0.004552933524482494 1.6329112730049922
655 0.9997466858847721 0.0008968945151253127 0.0003345968250205722 1.6335368339496088
660 0.9998945668348922 0.00032023285239124455 0.0019669996769993148 1.6333699729529472
665 0.9997569072029426 0.000850760268926054 0.00181918629137523 1.6334289108577074
670 0.9985295501248304 0.005810187554261326 0.008425813851320907 1.6332577722698807
675 0.9998222817354504 0.0005975611181912033 0.00533866192032173 1.6334138252270372
680 0.9996091512438416 0.0014868782801922276 0.0018831513480446205 1.6335295105780232
685 0.9997631327091201 0.0008632814190809857 0.002858633621949158 1.6335706022833463
690 0.9998649627445082 0.0004354723312642861 0.0015741672251643468 1.6336001352715868
695 0.9998194429491649 0.0006454488068978748 0.0028851671138583335 1.633379648755991
700 0.9997679948373551 0.0008400941695811959 0.004461817562126491 1.633215557128753
705 0.9998166216496931 0.0006379435081327323 0.0016670897445643096 1.6330696542109078
710 0.9997542342622858 0.0009021047535771043 0.003979100459873042 1.6331140285682175
715 0.9998559793181212 0.00046917090583198373 0.001070642586251891 1.6332436715008587
720 0.9996270384723878 0.001370434147297317 0.0006139670071427794 1.6329860688204636
725 0.9998242645003057 0.0005895593196973969 0.005458581759101522 1.6332713343470266
730 0.9992624882553893 0.002860730548283952 0.002663578694433788 1.6329650534152202
735 0.9998098462640788 0.0006707496221884934 0.001964570042586322 1.633490988275583
740 0.9995483722415428 0.0017117802956241324 0.000356051462101048 1.6336028311039936
745 0.9995231907775599 0.0017713246172710306 0.0046154179139108464 1.6333209973050868
750 0.999819956760754 0.0006147043990318846 0.0027617430024915457 1.633261935988484
755 0.9995690772378691 0.0016162050096104608 0.005675617406755151 1.6332964842616462
760 0.9994192215418074 0.002211132424746687 0.002840261861739135 1.633397359165264
765 0.9996218301372695 0.0014189397984378793 0.002127990854252637 1.633212374359434
770 0.9998358806936791 0.0005470930038471433 0.0004058217460751745 1.6334116784451038
775 0.9998470374876405 0.0005148195267208333 0.0011280433537650403 1.6332877041818121
780 0.9998067686738594 0.0006838748026885 8.189078023823626e-05 1.6332620608469974
785 0.9996022372153246 0.0015350309405088858 0.0005257584918856306 1.633265725063118
790 0.9998603939672353 0.0004572039531201 0.0015425072923800354 1.6333329066377087
795 0.9998708409097588 0.0004246486260905957 0.0006727256475398402 1.6334151551272094
800 0.9993917925139012 0.002331244300748825 0.003242104142418878 1.6331694670491574
805 0.9996400978182166 0.0013641672840249974 0.008487046228347506 1.6330866127892611
810 0.9994933153379592 0.0018285464548115637 0.004152552791049979 1.6330966636903934
815 0.999709623169938 0.0010764669753984268 0.005133323852523519 1.6330584833092538
820 0.9988255822370453 0.004725665040417049 0.008304668636588852 1.6331903950840632
825 0.999605005720576 0.0015349938969930754 0.006871615579902679 1.6330267061846129
830 0.9996171992236651 0.0014509880220971993 0.008072428970533174 1.6332813485173492
835 0.9998932385365835 0.00031735318123482514 0.00039363694822913686 1.6333024531226252
840 0.999861459915119 0.00041940154353925507 0.00014180497158133853 1.633170255796297
845 0.9997283226663672 0.0009912617925955658 0.004541171381970743 1.6332086486395776
850 0.9996041392432948 0.0014953210189723176 0.003832798299104656 1.6329524907977337
855 0.9997757059210122 0.0008100910464157174 0.002859862290837789 1.6332665399432054
860 0.9994705519318322 0.0020409937221392838 0.003022074356543003 1.6331312906494961
865 0.9997747004221558 0.0007999192525196541 6.430503056709114e-06 1.6330937112026083
870 0.9997385267155932 0.0009534975482718977 0.005153100661523746 1.6332877888638904
875 0.9992870328667495 0.0027791565763288784 0.009393244436997517 1.633010365860138
880 0.9997910155153925 0.0007400681429392542 0.001221598241984534 1.6332318201563587
885 0.9999096308951118 0.0002520231212055357 0.0009819500702477058 1.6335643635831005
890 0.9997176105298065 0.0010463494558203834 6.039674151891994e-05 1.6332050358068184
895 0.9994163964101497 0.002238436429306434 0.004075770184423622 1.6330668910016306
900 0.999749329961829 0.000923014478372508 0.0007490208625209327 1.6332737640266324
905 0.9994070003107569 0.0022278491629075248 0.00274579880467285 1.632732346186951
910 0.999799019631854 0.0006932769072545142 1.456354457585185e-05 1.6334679767286466
915 0.999719521360771 0.0010438621253350266 0.0004378375879436902 1.6331426333373305
920 0.9997816096579684 0.0007779258665410183 0.00012965474975112912 1.6334531065059448
925 0.9998933313649057 0.0003108256554016364 0.002325462933461253 1.633156812770427
930 0.9995018760441361 0.0019337520428088784 0.008019099486876069 1.6330779626571428
935 0.9997009193695903 0.0010950307646864221 0.008305647700434626 1.6331268262691219
940 0.9999237303274571 0.0002041918128483644 0.001232622304098152 1.6331683025816426
945 0.9998431294674561 0.0005459843498680783 0.0009608624065691185 1.633280322567919
950 0.9994433549034785 0.002178130803406786 0.011501718909788794 1.6331492883164345
955 0.9997344536423262 0.000987562461309821 0.0037660947352131657 1.6336024101804583
960 0.9998474800959493 0.0005347332108736058 0.0022854685573721056 1.6332501486320263
965 0.9998731753986081 0.0004090453134169003 0.00016544729606993158 1.6332857124547857
970 0.9998118566535178 0.0006220637684475339 0.0033825643256535365 1.6331128510675401
975 0.9997067820774207 0.0010863480471574594 0.006449314321414823 1.6329722925907328
980 0.9998893491544181 0.00031758882852250814 0.00014217770035362953 1.6333619048748067
985 0.9998963592240637 0.0002868189002531718 0.0010301797444687288 1.6329922723105283
990 0.9996206446472062 0.0014385539485626264 0.0037427265277618638 1.633174556034954
995 0.9998279005331043 0.0006023136566932763 0.0034032240249586287 1.633195387592912
1000 0.9998574316844872 0.0004557592469289773 9.78156710607081e-05 1.6333984481930548
