0 0.49490347796548334 1.5464721031598079 0.36494003872111236 0
5 0.7487837700532805 0.6408409975320883 0.13925524696419656 3.3164502827418585
10 0.9391058034300144 0.13678960485822733 0.01289867756147145 2.781509268277585
15 0.9476673898138805 0.12231977005012462 0.026903022350624584 2.760962068356326
20 0.9495548647556047 0.11930030426174687 0.05089551154069949 2.75700293258597
25 0.9508033793021129 0.11571797268564721 0.03837745676678184 2.754197582201422
30 0.9511775036877008 0.1151164325757672 0.01670787135933849 2.751638965975875
35 0.9519501441851859 0.11260692266644678 0.04166851219242873 2.750000897051741
40 0.9507502369363354 0.11591965321269981 0.05421512003228712 2.7483656614323295
45 0.9531806911401615 0.10928705134016337 0.01300300917851005 2.747792735288624
50 0.9532191237658019 0.10888306692673488 0.03297906463635347 2.7468484675134586
55 0.9531583180105047 0.10920627461865218 0.03627988396341997 2.7460165952810467
60 0.9538772759396358 0.10746849559370153 0.015004526418632258 2.745287984736771
65 0.9539214886843983 0.10746239065108343 0.025697874014642297 2.7448191599605822
70 0.9545124678750365 0.10630622672321577 0.02534903367454011 2.7444861400108556
75 0.9547451562087704 0.10556001484992317 0.028294371082719483 2.743899628383285
80 0.9546610036928328 0.10598141604614542 0.002387768554513947 2.7434701319162347
85 0.9550932044205763 0.1045591377454067 0.03560481765512069 2.743156095543365
90 0.9548079069450044 0.10495682079796298 0.015430289027829058 2.7423508170157094
95 0.9551263569173243 0.10427336085942507 0.03119215927368546 2.742112506948299
100 0.9557314079394026 0.10288134415078343 0.02920544626800492 2.741263534801892
105 0.9559916995828696 0.10212222115551306 0.009859970840014443 2.7406734328795888
110 0.9561880363875148 0.10172998910193254 0.03618262702389119 2.74051698070855
115 0.9544418608266312 0.10593177816527977 0.03908922255331815 2.739506412786403
120 0.9561451970280772 0.10156833253828257 0.04123135031789471 2.739165295020008
125 0.9570573917853226 0.0992705687637323 0.02820012949478734 2.7379939785122485
130 0.9573800372407865 0.09861270475191874 0.03158564770248584 2.7376171544186536
135 0.9574911438088466 0.09808798189509771 0.024425802399698826 2.73654872323478
140 0.9576126894673755 0.09854956551038407 0.039702555893436964 2.7358742592467733
145 0.9586079728583481 0.09560717767745697 0.027249405628981815 2.735154743281725
150 0.9588804749361705 0.09534538877593768 0.03974658805253917 2.733913782365174
155 0.959194941062802 0.09443923428732326 0.03498886918699573 2.732079667309102
160 0.9597601634230175 0.0925455071080803 0.039353668043830003 2.7314507106639816
165 0.9597645598245403 0.09337683677994724 0.018836074930571378 2.730312080712049
170 0.961406682148486 0.08860135933971991 0.02148733222407695 2.7284793949715294
175 0.9622611345426265 0.08663825201827535 0.02343799841714511 2.726554130142041
180 0.9629802508566161 0.08535523776202414 0.04373264030838109 2.72459472948155
185 0.9640343385623993 0.08270377776632154 0.01987982812929623 2.7222021294531062
190 0.9651810990186628 0.07985174077097801 0.018229356722305523 2.7197306868216793
195 0.9661092361109576 0.07777373128964493 0.017759368936256514 2.7162360618280106
200 0.9676785233797474 0.0750743493847108 0.018191114542086995 2.7130894568038206
205 0.9687311975079729 0.07230785398950035 0.025925766071005718 2.708924466589194
210 0.9722538385405295 0.06357661331339326 0.028282269114306535 2.704647659628642
215 0.9738502015282051 0.06056901389348779 0.0173025119905883 2.6999836379005773
220 0.9771387556263234 0.05297591596859741 0.0014226514289623626 2.6938764680885834
225 0.9790407601110229 0.04865353182818888 0.03717749090654521 2.6886463656166644
230 0.9813995373861036 0.04389452773930591 0.023238711121618794 2.683412473024512
235 0.9844755667117648 0.03719089094191963 0.013683645619633422 2.677798775653171
240 0.9842034214657769 0.04036650530446195 0.013969240586455767 2.67381921893802
245 0.9861488880408869 0.033861127818350045 0.010253969452447942 2.6705326335278023
250 0.9789102859277445 0.05095190055423382 0.0012755424045962638 2.6473712800572415
255 0.9783743601459887 0.04658615671752209 0.011348829284804518 2.642926380059162
260 0.9756968059464736 0.05052730606153455 0.00649645245153585 2.6415840760515352
265 0.9663597960939563 0.0719476497465461 0.009688098001511047 2.640099254300428
270 0.9687102835996634 0.06445616649330876 0.006236216946632345 2.6401479496694016
275 0.9656258986308444 0.07293544124701024 0.008239810734581132 2.6396315548156224
280 0.9616577952425452 0.07997427151182324 0.00511069699700939 2.639371593625628
285 0.9631930228910619 0.07610510194022035 0.0008870398733449303 2.6397340278146917
290 0.9630934867273433 0.07602579864019932 0.0006200249079715281 2.6387596719827413
295 0.9606713809250964 0.08081347983065257 0.0017914948500765693 2.638732711583119
300 0.9609872844765104 0.0803439596904294 0.004231715026578042 2.6388398039467917
305 0.9602443917758103 0.08168983929208373 0.0018342787113165837 2.6386769978131532
310 0.9571139173154168 0.08862499898042797 0.007999053678783064 2.6384910179494154
315 0.959049882542627 0.08410141879403099 0.004406548914639874 2.6385139729276306
320 0.9558573321990533 0.09145150216020248 0.0004116962273807978 2.6383160887781765
325 0.9570783648975649 0.08828030635679163 0.000967621377262029 2.638490819857001
330 0.9564358308439423 0.08973733930477934 0.0017591665495071407 2.6383773574700906
335 0.9567470500789372 0.08883882105753615 0.0011895696462334016 2.6383878459628893
340 0.9563960684890067 0.08984072927069553 0.002347092935591766 2.6382182913738443
345 0.9572932652432488 0.08785285675182086 0.00079312263593323 2.6379968637306614
350 0.9557999115919733 0.09114138545663897 0.0002994038681498612 2.6382645816326376
355 0.9565173701510528 0.0897104000027995 0.0036601664946147583 2.638504384389817
360 0.9565569289732667 0.08924897910557572 0.006450508385241527 2.6384550119355747
365 0.9561389805950927 0.09052894767503972 0.003834765787575023 2.63794574672193
370 0.9539600927801889 0.09516916403976827 0.004870652871507675 2.6375678946166543
375 0.9556195654000432 0.09169069026358923 0.002286557003278178 2.6380051125513875
380 0.9542971097147392 0.09406584883416436 0.0010813161217673173 2.6383078784351914
385 0.9557586187692511 0.09083363680428302 0.0006896058454988196 2.638431698210656
390 0.9513997885802622 0.10128845984249546 0.0016203658798839005 2.6378486117413407
395 0.9549403645086421 0.09257247590718398 0.0018900888353992062 2.638247643390677
400 0.954548499661641 0.0933452443956928 0.0032697742369578453 2.638120486435434
405 0.9538305373155131 0.09513213462583003 0.001712182849831434 2.6373533377458824
410 0.9554801131904437 0.09146915719765047 0.0027298540992768405 2.6374756593737345
415 0.9509031438078044 0.10252653372250942 0.0004968623626475654 2.6376689492020864
420 0.9541426990734574 0.09452157245519688 0.0015547982167463115 2.6378465732244774
425 0.9543236799488457 0.0938086357975001 0.000553175600960687 2.6379285066212987
430 0.9536253542749284 0.09530920715248925 0.0021222223187160605 2.6379961564396415
435 0.9532507680045157 0.09628452428315759 0.0011874129088387253 2.6375489279015705
440 0.9550556520231848 0.09258099891988358 0.0015384782502574357 2.6378423282493952
445 0.9541256728241531 0.09425098979823376 0.0008577163939504917 2.6378176955452943
450 0.9541700832262918 0.09416227477360684 2.8542738850667604e-05 2.637724638439981
455 0.9536485718844276 0.0952696552275234 0.002445391405468511 2.6375215685814184
460 0.9531140067590387 0.09633664185688673 0.00027420598839555943 2.6376807402393774
465 0.9539608573795599 0.09454859704895435 0.000299615825295918 2.6382293984675322
470 0.9530949926100557 0.09640751430305983 0.0007587676260136789 2.6378192754109007
475 0.9531148075263784 0.09631832170515775 0.000368037388606135 2.6376855183668955
480 0.9516619686580288 0.09975894044503697 0.0033735086961392824 2.6378931668053274
485 0.9524334922888318 0.09789473018130179 0.0015550928320717805 2.6376697815974324
490 0.9501622548576273 0.10341410847820276 0.004897581194152512 2.6372559043834922
495 0.9520302285668942 0.09873655189702868 0.003236971935275834 2.6375358646089664
500 0.9524359671432769 0.09801072793726906 0.001104080621139536 2.637598102812679
505 0.9522123955384056 0.09836432000894346 0.0026230929555064453 2.6376254380149065
510 0.9527264114559356 0.09710834135408142 0.0008242022805882154 2.6377563458273956
515 0.9531132817039732 0.09659065881997009 0.0007977562556320539 2.637624144490403
520 0.9524526275973195 0.09777308162657095 0.0007631946177777404 2.6375756025586314
525 0.9513930557523729 0.1001206290654153 0.0004080768777934285 2.63768845230433
530 0.9522504198219609 0.09814680965486078 0.0005913340244600995 2.637727239508132
535 0.952157201616135 0.09841571933864612 0.00037200345349597264 2.6377842230349065
540 0.9510628371977428 0.10077973618096525 0.00015788776413550032 2.637405633875819
545 0.953071321659064 0.09687856963302766 0.003241539649366354 2.637447876450632
550 0.9515445556756368 0.0996763947254995 0.0011108928735967805 2.6373994690838782
555 0.9522507650385479 0.09809461375179085 0.0033658960483349265 2.6374904725871526
560 0.950531436631085 0.10220103301795769 0.0039872456054543814 2.6371968100597734
565 0.9525064542494508 0.09791026392979996 0.0036883515049306315 2.637528349030735
570 0.9521141382751034 0.09863675896254298 0.0007594561608823547 2.6375594630421393
575 0.9522463007425628 0.09811941256820766 0.0015069249121657524 2.637320780297499
580 0.9520855011346385 0.09851366204490208 0.003208214903086537 2.6374027617025364
585 0.9520335141789722 0.09918899844708484 8.254549804598277e-05 2.637502551483296
590 0.9516837524481052 0.09928675449930813 0.0004349392554094944 2.637400176341826
595 0.9515368563812405 0.09958707527369404 0.0022820552302955655 2.6375224946449634
600 0.950659792495148 0.10346199371592357 0.0006899215497480071 2.637227746845144
605 0.9520703801356271 0.09856356306044356 0.00634965051545322 2.6372404827760834
610 0.9500116977660882 0.1037639280024667 0.0035299151874534918 2.637489236985274
615 0.9521242909191677 0.09851123551262875 0.004200634901036837 2.637353064533928
620 0.9516762655222017 0.09957988463399037 0.0015355765921705178 2.6374940102923103
625 0.9519122074473176 0.09903275336536677 0.0029502925997333396 2.637528897049516
630 0.9516907187499107 0.09951376133990264 0.0025368695289449406 2.6374040810918387
635 0.9505713692364739 0.10177976963844415 0.00042434784529388203 2.6372976901819998
640 0.9516279701468463 0.10019158751683799 0.0019008719977489097 2.6374183579276864
645 0.9513426125645639 0.10008161525021597 0.0004807664042874027 2.6372861660804516
650 0.9499932304139271 0.1034668287046121 0.007807987499593105 2.6373201947868954
655 0.9515908441378089 0.09946971130148441 0.0012822421390865646 2.6374008567586444
660 0.9520152464435774 0.09867321096398429 0.003196606911367361 2.6374502658704193
665 0.9520284945662763 0.09879832007740985 0.0002668788783655174 2.6373835388349702
670 0.9501856854913713 0.1032141658667971 0.006771323456135958 2.6372540012806933
675 0.9501800943323666 0.1027210020914544 5.84825807630196e-05 2.6371583568564647
680 0.9500816004574899 0.10316937636732071 0.003015635358904367 2.637074228169074
685 0.9516351652720457 0.09969764955464067 0.0014788262668636865 2.637544450738683
690 0.9514252106042952 0.10001041097354735 0.00015560836702355196 2.63734948581404
695 0.9517006449709118 0.09926675422673714 0.0006719525797738157 2.637379906346309
700 0.9514698520846574 0.09975294696668557 0.0009483963442591392 2.6375114468715295
705 0.9520134626739114 0.09871789304580458 0.0008400292750170291 2.637374222916161
710 0.9517262074150472 0.09919609795212958 0.0013704816885697912 2.63744472406691
715 0.9504381210034534 0.10208216966264994 0.0028359175974814743 2.6372484076032805
720 0.9505387481255638 0.10194200754383687 0.0015613502101867738 2.6372515212042185
725 0.9491038922413519 0.10522080560723213 0.0006165442100065643 2.637517979110913
730 0.9502967623394806 0.1022415571449975 0.0019068205294854312 2.6373493962124424
735 0.9514850661814251 0.10038664969088229 0.0018268667023504381 2.637398894089013
740 0.9484157283132704 0.10689523352065766 0.0003250977612978545 2.6372057118851973
745 0.9508586493090273 0.10109584696165852 0.0021426036632210543 2.6372680149274976
750 0.9493819716428904 0.1043735841232345 0.0018041549161214032 2.6371598094874718
755 0.9503221351948862 0.10225862104722827 0.0014358606030591137 2.637482401541344
760 0.95159201112925 0.09947698308427233 0.0005609474828618399 2.6375437622018905
765 0.9507790397816541 0.10228162412860575 0.004679573100276224 2.6374202635413666
770 0.9503487403387249 0.1021566225765782 0.0008179714163685237 2.6370664559376387
775 0.9499083219250434 0.10337130356231539 0.0005877189118896897 2.6373287322155097
780 0.9508010356785581 0.10118697228778117 0.0013214100746863355 2.637397882140764
785 0.9513192458120707 0.10031168951351477 0.00035895469693469906 2.6372609739935573
790 0.951129326181597 0.10059468651133407 0.002792208712544264 2.637433992365633
795 0.9482975136695652 0.10696536451768512 0.0012332395875149782 2.6373438559966718
800 0.950801715397301 0.10123659637242843 0.004006516782445901 2.6369840028322864
805 0.9507138682554437 0.10130018398228913 0.003041992605546495 2.637413813016059
810 0.9504368702754873 0.1018984034258752 0.00502010554185528 2.637218435639274
815 0.9498709203242854 0.10414068822771849 0.0018640278795782894 2.6371642498486607
820 0.9500283586382874 0.10292292551763138 0.0002929344763542563 2.6372068320814783
825 0.9490620317841029 0.1051031656187198 0.0013740092713867558 2.6372873645867423
830 0.9511763645133943 0.10041388014403951 0.0005751139368184166 2.6371844813111887
835 0.9507226243076097 0.10148035219580676 0.0013437278567309807 2.6372793334335642
840 0.9499693989737207 0.10309618754832073 9.491417113993705e-05 2.637228369965394
845 0.9494046041190964 0.10434110325765023 0.0015888344431458368 2.6374234414211553
850 0.9499099400715013 0.10335326570446624 0.0006932420685894503 2.6371843427467034
855 0.9505227756565504 0.10187568941222924 0.0008107092205480448 2.637527858900151
860 0.9504840943681253 0.10186669470690202 0.0026416689748309796 2.6374839236308882
865 0.9507868514762181 0.10118618060041573 0.0002223492414883399 2.6370298320140297
870 0.9501516157760909 0.10260669029543079 0.0011132861124945048 2.637193375055194
875 0.950320869049676 0.10226304243380158 0.002251642482149041 2.6374558086724527
880 0.9496714555998554 0.10380416232817247 0.0019522830842690908 2.636897728060151
885 0.9504216870428062 0.10191050817480152 0.0015449309547932444 2.6371499759400323
890 0.948814982153702 0.10689065168901601 0.0006639648300026391 2.6371720648414896
895 0.9496758841873676 0.1036261817612032 0.001546148479570908 2.637115834678283
900 0.9488838241783395 0.10702520480139599 0.0021266484367787886 2.637190638230556
905 0.9495299277244403 0.10393178667268277 0.0030089972073155113 2.6373940612149234
910 0.9497311192331097 0.1037427163389788 0.001456084656101142 2.63711492567181
915 0.9477513173480692 0.1082908418728259 0.0010609901175335779 2.637114312816085
920 0.9498707360363845 0.10309444206319363 0.000738294288834096 2.6372312304790926
925 0.9485791893279765 0.1066477608590386 0.005565823180137874 2.6370540669931177
930 0.9501152860360019 0.10255424629839993 0.0014886936083289282 2.6368387844740435
935 0.95030984134444 0.10215829194673542 0.0022465149862047618 2.63687807624722
940 0.9505281154103697 0.10184834245268748 0.0010302946437195093 2.636997752007328
945 0.9499412091603935 0.10316578496221673 0.0005862703482373277 2.637052125383406
950 0.950820164274558 0.10138252612587717 0.003029128042791873 2.636987416086312
955 0.950145254923728 0.10251765023304182 0.0032841118073096975 2.637070079886602
960 0.9502901533032639 0.10225918034141168 0.0019795733747540734 2.637115132000119
965 0.9510303923746164 0.10098665257869444 0.001627036563109474 2.6371181769547203
970 0.9488541951350059 0.1055256154443911 0.0004072491007756085 2.636741699296368
975 0.9467148200865978 0.11148501294550428 0.0014530959697935941 2.636817113810669
980 0.9502821629341522 0.10226197492218159 0.0006361897898010671 2.637168184641351
985 0.9503149830147901 0.10229462305509607 0.0005735114921696649 2.6370331900949435
990 0.9478101126297254 0.10836585307010305 0.00031090386821430727 2.6369462807012263
995 0.9501312476154107 0.10318145481202512 0.002019321088362558 2.6370532835579956
1000 0.9498022515716082 0.10401059626937936 0.00021562062226254675 2.637392565994239
