0 0.4392356794191135 1.85058239631831 0.36669740423114927 0
5 0.9548826258554955 0.1007950517162115 0.0324221231108226 3.7791543336397875
10 0.9828884760342026 0.04267969800954763 0.010747130146282036 3.6937442880408504
15 0.9941672755384652 0.01446644585162371 0.013780523209660833 3.680851406945605
20 0.9946144383420197 0.01342087272279402 0.010021549730022228 3.6758655830001636
25 0.9973572951710445 0.00923652948660214 0.005227071307137843 3.669027045216749
30 0.993988282127062 0.02150392996090611 0.004936433573360821 3.668273788495627
35 0.996831936296197 0.011510121148448516 0.0002252958546293815 3.6655231342452983
40 0.9975941532787691 0.007039554983139684 0.003925644658304472 3.666460652434942
45 0.998032124808834 0.006007874407861102 0.00612459725794845 3.663492909409322
50 0.9978500968214381 0.007571177647314187 0.005304917155702915 3.66517994138809
55 0.9947073561264694 0.01791832959593176 0.0026628327856828005 3.6655442205857254
60 0.9965281385130336 0.012949127097799717 0.001841913094923875 3.664410436058316
65 0.9984946182659493 0.004788972885473974 0.0038925536360425728 3.6639623281234996
70 0.9982955891444398 0.005474187589988855 0.0031939283261366302 3.663246165327036
75 0.9984122055702054 0.005620055287043346 0.00010812632000667399 3.6629211982547214
80 0.9984315932551641 0.00459146490034934 0.0028998617683366756 3.6633508202595406
85 0.9949951676608922 0.017577721316822004 0.0027331008773712195 3.6623071552252227
90 0.9976365146090873 0.007301536153468735 0.0005815447934331974 3.6625042019249396
95 0.9944989264390319 0.021164344940826307 0.0074684275827392455 3.662311774643492
100 0.9940420221782681 0.023612481278425523 0.000321333282474523 3.6624311162555494
105 0.9959292954684933 0.015262433269026321 0.005917980084150232 3.6619639424769685
110 0.9988045417776455 0.004064126330018958 0.004239775192874218 3.660960533170227
115 0.9975004276988897 0.008857230953958073 0.010952321372330154 3.6609511711426435
120 0.9990487455936139 0.0029938448497617287 0.004361504973267261 3.660379456759358
125 0.9968257445886796 0.012197151621824887 0.010923775449479534 3.660762130507131
130 0.9984277874700964 0.005371739604277614 0.004679788200912416 3.6607330985859097
135 0.999024442370786 0.002958229373149379 0.0005295888494554202 3.660606766758794
140 0.996349753135512 0.014194742006747418 0.005930356728650388 3.6599042267151334
145 0.9984487157693556 0.0054803704434940315 0.0029362861221240433 3.6598289997671456
150 0.9971092492250895 0.011715668427807024 0.009701383634336702 3.660343964755685
155 0.997731680930614 0.00783371614405004 0.006415386189125405 3.6600169502484756
160 0.9990100113725335 0.0034645311933045875 0.004565107316690353 3.660502602814818
165 0.9987410513827294 0.004081541453055504 0.0031015054184455604 3.6602430439391207
170 0.9980230847291099 0.0075987218842525905 0.004168907966897173 3.6594369624455596
175 0.9960320374941439 0.014822523370917828 0.0018427504735218925 3.658675849720007
180 0.9988292246438508 0.0039671006571762035 0.0035140113473934864 3.6591297457348264
185 0.9988955576792149 0.004110719786990735 0.002507697989534874 3.6593808500052982
190 0.9991675178719446 0.0023657338826810204 0.0038780690454160993 3.659012194765543
195 0.9982131461421161 0.006155616318836099 0.002572233246987299 3.6586277089679142
200 0.9990398028051062 0.003151486331234743 0.002630528975984703 3.6581999244510706
205 0.9989247915279362 0.0034642314356756465 0.008170422863336801 3.658849758042884
210 0.9993372608315101 0.0022609840001663883 0.001086751884765924 3.6582728895475425
215 0.9986734953217837 0.0050576147949459305 0.008711212884445096 3.6579883680638607
220 0.9991704110432544 0.0024670243640239065 0.0030512875207397983 3.6585694908984165
225 0.9986591027703479 0.004947622302879484 0.0017906298812293553 3.657916095177275
230 0.9984350606021808 0.0054855811384832975 0.0089308265307948 3.658740905476214
235 0.99762857629909 0.00934189571752464 0.0006165791754846328 3.6574512346895345
240 0.9987621241437212 0.004517568581455578 0.012066675012015082 3.65756626035731
245 0.9986057115327617 0.005313653800637308 0.0029809502120752285 3.659131098983625
250 0.9983641827889493 0.006084956436668065 0.004252803922699 3.657627603226114
255 0.9986107567841663 0.004959321145269868 0.0055344090288955705 3.6579358197852296
260 0.9993340029277006 0.0022457173865850777 0.002818445980440565 3.6578803430097158
265 0.9985438052112384 0.004823437825508314 0.0001510105917215121 3.657995574870929
270 0.9993180288704797 0.0024393430932647675 0.0007929687974397304 3.657782463207334
275 0.9992573596494255 0.002530340079248461 0.003881873850018147 3.6577682965900817
280 0.9990889718314642 0.0035020785551154177 8.759886920106652e-05 3.6573685082258818
285 0.9978251747944256 0.0075655099024034556 0.002245503238738067 3.6575531098329708
290 0.9995720187992001 0.0015761722386415933 0.0013151145698602207 3.657991226067138
295 0.9987091337274966 0.004853239934504927 0.0011567705417367957 3.6577525920611724
300 0.9982603307459166 0.006756077849837894 0.0007665365231153132 3.657601324938408
305 0.9991334633527583 0.003065037814304894 0.005103244190054035 3.6572272262980943
310 0.9992822601251319 0.0024684771449625664 0.0007503540237137063 3.6574906798353353
315 0.9982469364539446 0.005832175998069733 0.007286262394696763 3.6572845619933103
320 0.9976218931239618 0.008753745362603649 0.005118342510232798 3.6568835390051504
325 0.9989640700060611 0.0040165826077958044 0.0027506288420438008 3.656742017614146
330 0.9986062072927965 0.005372000368765839 2.153907340707306e-05 3.6576534667765155
335 0.9993777781869402 0.00212369028513848 0.002852895422208901 3.656769589051375
340 0.9992786039423686 0.0027134097871814866 6.071154607911744e-05 3.657572746336425
345 0.9992026784476451 0.002859342122875752 0.0024370315278090526 3.6573121765511987
350 0.9991002177886014 0.0033402251274763373 0.0003061070627727869 3.6572275898237177
355 0.9992209745697322 0.0028343913545758603 0.0014243871749688441 3.657248133747765
360 0.9987010273914283 0.004960260021714902 0.0031420517151319327 3.6567491538654373
365 0.9988445131435396 0.004511324146080575 0.0007580736991312786 3.6567031102307532
370 0.998843965538236 0.004118586901260102 0.0037241289177760706 3.6566083200031083
375 0.9986485958362417 0.005165713074380296 0.003708045183508313 3.6572202357246875
380 0.9991980730897 0.0030466167332061644 0.0028213620416313034 3.6571347284125424
385 0.9994178091392717 0.002132452857879219 0.002866232726428164 3.656585359822088
390 0.9980760072129182 0.007458467506012312 0.0056265438610327845 3.6566005574581752
395 0.9988046639069892 0.0044220203318356965 0.004583769760372114 3.657002627141816
400 0.9991871456490126 0.0031344122605223568 0.0060458619413568115 3.6569700372200833
405 0.9989352290532175 0.004178507128834497 9.690209705626174e-05 3.657505301822494
410 0.9992847300449983 0.0026705238514699303 0.0017863101352129096 3.6567292043014783
415 0.9992413071473872 0.0027389082109152696 0.0014474036209535246 3.656830475320433
420 0.9993761683621015 0.0022213467009541965 0.0014091053295399725 3.6570889624861906
425 0.9992600797542237 0.00268755111547625 0.0031590543486894607 3.6569128579088055
430 0.9991405375766386 0.0030801778413440672 0.00698486985715463 3.656725691170315
435 0.9992497098455555 0.0026991497789694563 0.0036469854857632544 3.65655651710534
440 0.9994047079342235 0.0020502528825696587 0.004155290017107127 3.656582279826219
445 0.9994884597459888 0.0018851648235069796 0.004920125245254203 3.6566908024878546
450 0.9990438020528224 0.003613083768924774 0.0032450545096698313 3.6569038213165617
455 0.99892024980175 0.004196792017423512 0.0011984088469281229 3.656175190360431
460 0.998770788866511 0.004604516814997961 0.002293071193143481 3.6571127580279277
465 0.9988758784129688 0.004404077204839485 0.00462979123837548 3.6565340737479834
470 0.9991484521930282 0.00334637021728712 0.0030683688407171505 3.6566964565028997
475 0.9990695198078079 0.003678602433891953 0.003938662672844817 3.656783428974106
480 0.9993069542995181 0.002573005469631351 0.0016638151404217982 3.6564341866015213
485 0.9989182792948322 0.0042145343775388255 0.0007962682674147459 3.656735092910819
490 0.9990712885148958 0.003682385232409935 0.002423560254461332 3.656298934140508
495 0.9993658511682841 0.0022612983936451947 0.003834249226872588 3.656584951187162
500 0.9993033552577258 0.0026755972098011505 0.004437380172309435 3.656548451323054
505 0.9970552450275765 0.010549223869877 0.00034858192888065354 3.6566532131852414
510 0.9988017610600791 0.004494679704598159 0.0032938239937423397 3.656094228115117
515 0.9988849196579505 0.003898350110798088 0.0012244538389849513 3.6561196356532606
520 0.9987778330198063 0.0038665134111259825 0.0007706514002832066 3.6564987492588994
525 0.9990113388987768 0.0036793705861462023 0.00020711170580489657 3.6565102019765936
530 0.9988359290186021 0.0038463560229531346 0.008592174317216372 3.656405051232501
535 0.9991425642157288 0.0031141484976418 3.882917323672075e-06 3.6562218563086164
540 0.999064166881921 0.002647459898568183 0.004753563762216917 3.65600411679752
545 0.9936702046654786 0.021566786600669463 0.010637226819399048 3.656008027799891
550 0.9955719598646471 0.01644961002122791 0.0007841427258385991 3.655967001578821
555 0.9990455315165605 0.0025725486030894196 0.0018956091958974852 3.656039702144838
560 0.9880205421229886 0.026071226467461184 0.0012781238431205377 3.6555164936562083
565 0.9984467840672075 0.004869853593429951 0.00033471786084282584 3.656266632922158
570 0.9976558477205176 0.006717539105517645 0.0019487289071886682 3.6562524264934693
575 0.9978800510172118 0.006192176642187519 0.003949587424884937 3.6560082190676275
580 0.9976860667292574 0.007100634594242372 0.0009305066156213293 3.6560796784042253
585 0.9981273293047705 0.006193959206678645 0.004545767618639784 3.6558466860752996
590 0.9980710328227897 0.0054678001316035285 0.003767221551960409 3.6559046306719862
595 0.9970496863902361 0.008994601588129925 0.003964061483810344 3.6560124935121068
600 0.9961118819540066 0.011241423185054611 0.0019773959334552504 3.6560033228547133
605 0.997797841207372 0.005219464656421646 0.003969414312389619 3.6558805567034303
610 0.9964043123414553 0.009280786509497041 0.0026387979516531157 3.6560788498704513
615 0.9974513702703408 0.007233679965644058 0.0032173712055010295 3.6557377346037585
620 0.9965870895820719 0.00898855044537239 0.0035609817402872945 3.655890867222884
625 0.9945322300141123 0.01253946427469943 0.0006844615346068839 3.6555631326041786
630 0.9950271640645474 0.01149909158522533 0.0005842093334114118 3.65592546733339
635 0.9963849135601983 0.00840431079837245 0.0008151629641084401 3.655718254394446
640 0.9941674231088033 0.01445523590254627 0.0008655820306409101 3.6556241629208572
645 0.9944556931810113 0.011949281154104874 0.00033259343955638343 3.6557869092286266
650 0.9945692733438298 0.013307265482397135 0.0020228642744271053 3.655956114725461
655 0.9623048351676264 0.08274295920233454 0.00011126393721649919 3.655164442582903
660 0.9949016565215246 0.01166564048306551 0.002605481418559652 3.655889898020988
665 0.9928716399886823 0.015459136784099936 0.0013516041959009684 3.6562036115542105
670 0.9873875344109875 0.02651575601135292 0.0038402922128146777 3.6554392498338206
675 0.987773744616057 0.025867782872174505 0.0025828940077259332 3.655370737870112
680 0.9882997531494996 0.024941554938276767 0.0005921373822244114 3.6563317112490576
685 0.985736212997619 0.030014297841590487 0.0034231205214279026 3.6558246324375343
690 0.9774395634869006 0.04799932437505294 0.008566803797514844 3.655778017844995
695 0.9906687041465142 0.019473173419433554 0.0005938001137897331 3.655684404186535
700 0.9877985203049466 0.025597249101126263 0.002957157145970779 3.6555281857249007
705 0.9892134471188812 0.025468498343894197 0.010813178091947151 3.6550929968558243
710 0.9783187879963374 0.04536896741466556 0.00023931814753730407 3.6557574119550758
715 0.9854880590185333 0.03021561916300941 0.0008385057169928434 3.655634781428655
720 0.9822213100181338 0.037539996353521676 0.0014079497973185084 3.655828108326949
725 0.9246018757739435 0.17371186498156854 0.0020188736469417545 3.655582456136703
730 0.976787743122763 0.048955448966296444 0.000800488456838 3.6559040348173255
735 0.9639343595942078 0.07745705360034849 0.00702373535078582 3.655738133620703
740 0.9763342936759647 0.04873276186575559 0.00729826500195041 3.6551956048295255
745 0.9718330432755344 0.06713441347804716 0.0008580074009807426 3.6554513840480665
750 0.976740998919368 0.048961512283780984 0.001272594014118944 3.656010333370483
755 0.9786278726622326 0.04595535618802993 0.003187469912495411 3.6552722674979092
760 0.9737204815590577 0.05493043008418663 0.0038437503574155762 3.6557293883774276
765 0.9493936491556844 0.10977229160578927 0.002724441402000677 3.6552541523709916
770 0.9187334309517885 0.18911771844205072 0.001160184173907508 3.655943881804577
775 0.9632741240729696 0.08082674869814976 0.0013134281635194256 3.655492446438605
780 0.94488356958027 0.12025265534374174 0.0018320273228202844 3.655545958089635
785 0.9630067589416194 0.0764254779567266 0.0011886722606773148 3.655754302891265
790 0.9369424087142726 0.1398343851281698 0.0010241447570218387 3.6550447227399236
795 0.9538605083419571 0.09764965369654632 0.0040820143961235456 3.6552227058640767
800 0.9474555437367527 0.11068731415201638 0.0038410881910537764 3.6555896318121244
805 0.9033170260165806 0.22708665332729483 0.005041278666624738 3.6555019363888075
810 0.9150540745948759 0.200297723734562 0.00016426217686404954 3.6557191819594346
815 0.9450173390920523 0.11940378381630357 0.0009296602479844651 3.6557807635597483
820 0.9496180617635733 0.11068351094417928 0.0036370420040423568 3.6552302504431067
825 0.9260385465092891 0.16788219471172816 0.004018979741922779 3.6551128118293486
830 0.9533344117035377 0.10071944801666 0.0014238344808816805 3.6557952120810686
835 0.9528640157635453 0.10364134447151496 0.006980353988505605 3.6553417175444145
840 0.9536154604638424 0.10239946712050418 0.0032911354740727816 3.6556681072582284
845 0.8846366322489696 0.3058095522676849 0.00038578948789469436 3.6554332470223403
850 0.954125655896326 0.09671566324650538 0.0005425494208528558 3.6555487932320507
855 0.9279233556279987 0.1599026147053353 0.0029557697305067077 3.655018171450696
860 0.9317263363527011 0.14999273093109755 0.005817838233799444 3.6554743914463135
865 0.9383894534222501 0.1327974447142335 1.4254193320573094e-05 3.6551664694551267
870 0.9423117649603971 0.12237452236449942 0.0044914988227002794 3.655721074319396
875 0.9172998403939763 0.1938323416420733 0.006573114456617013 3.655637134798764
880 0.9234688587907762 0.17162241881518536 0.0036391775327955234 3.6556727740832713
885 0.9331014183281011 0.14702512168018655 0.0015976337817285025 3.655354258255882
890 0.9405212637109001 0.12754204216343368 0.0033386689753938104 3.6553704517281975
895 0.8702747089283811 0.3501293683994362 0.002234208249869196 3.655390124941227
900 0.9371996844849908 0.13456251271833208 0.0004928693329457889 3.6558590828451405
905 0.884966402050069 0.2956194681029092 0.0007201033318335881 3.655394104472451
910 0.8954239717573385 0.2537306413628948 0.00673936239386741 3.6555085655715946
915 0.9407825765809682 0.12473481532115427 0.004146034532232612 3.6552878107504916
920 0.9119614041017388 0.2115061298725207 0.004602398267309349 3.6555736705504347
925 0.8908938656799232 0.2773509484975176 0.003150664781247814 3.65541794646638
930 0.8846510212173112 0.29949909199899416 0.0018219429127286357 3.655587762294965
935 0.8254977463654025 0.5173841036019571 0.00406015062060594 3.655278420869146
940 0.8976441700843918 0.24317076625067147 0.0023561629900419323 3.655428727269057
945 0.8991659604793103 0.23186205175813468 0.0016966683702912544 3.6551804976416924
950 0.8858960174860944 0.2757879339582838 0.0059238181120151445 3.6553708637823537
955 0.9287229357217199 0.15566941375067778 0.0022426952209850803 3.6550768658183364
960 0.8473307078430321 0.41926839612914346 0.0003683348769982775 3.6552390584827865
965 0.8489590330748089 0.4189771252946226 0.0035354472802484604 3.655583034895794
970 0.906602139718947 0.21548869862927322 0.001753205587512241 3.655654311282004
975 0.8816259033420104 0.2905096691238187 0.001549119641022667 3.655603934515369
980 0.8769766576477017 0.3242808824156187 0.012265404862045193 3.6553051616078114
985 0.8900371408626963 0.26071746214825486 0.0012568758944744296 3.6549914944019752
990 0.8578030686649987 0.3821482166275443 0.0012948442938893745 3.6554049211463546
995 0.9074865761499091 0.21731655022856788 0.004853760311761546 3.65538346566331
1000 0.9037711138405362 0.2200063717668428 0.0018894600232990388 3.655388085936583
