0 0 0 0.33370755042612343 0
5 0 0 0.000496863303393047 8.089841806020914
10 0 0 0.005235638100609785 8.070860101946488
15 0 0 0.009611769737641218 7.983258475352354
20 0 0 0.002508869888589782 7.940348107879682
25 0 0 0.009972001470086367 7.90977477039298
30 0 0 0.009198712527796804 7.892271627399802
35 0 0 0.008058947185872078 7.884765297682045
40 0 0 0.013055033520965376 7.877949186758781
45 0 0 0.012827252772479536 7.876254771095319
50 0 0 0.012252022413736352 7.876725574074329
55 0 0 0.011911834955599554 7.875497934060209
60 0 0 0.00419304310295332 7.869922556507439
65 0 0 0.012385925719244684 7.867291696434339
70 0 0 0.011806728041336756 7.867810345160067
75 0 0 0.010029431088761864 7.864844293052252
80 0 0 0.014993134010028886 7.868537796482249
85 0 0 0.005688225200064068 7.866858796690722
90 0 0 0.013848162663651964 7.864685801877483
95 0 0 0.016994821254171955 7.86472025563412
100 0 0 0.013500195139090732 7.865087624525191
105 0 0 0.012907010568749433 7.862295315809563
110 0 0 0.018958905511949453 7.863196726805586
115 0 0 0.01221975657408536 7.863277663798369
120 0 0 0.011368679534708326 7.860443907752472
125 0 0 0.01488556067901392 7.860381148166623
130 0 0 0.013301657484751761 7.862079117479994
135 0 0 0.012428727871181433 7.860468636473612
140 0 0 0.010923218092413478 7.8604317818477885
145 0 0 0.01558193993318624 7.8598400068635
150 0 0 0.01146775704166103 7.859101226459555
155 0 0 0.011454945568302621 7.858901449678475
160 0 0 0.015337427639906753 7.857125240943354
165 0 0 0.01390415309583326 7.859165962139787
170 0 0 0.013849019531741336 7.855879977840487
175 0 0 0.013961072864884017 7.857731453812745
180 0 0 0.008829328668433556 7.858634700660094
185 0 0 0.013947786358778691 7.856387010790772
190 0 0 0.010592359852753308 7.8551893202435785
195 0 0 0.010500949425007455 7.854813765795761
200 0 0 0.011681105156489124 7.855169431465412
205 0 0 0.01399755710618833 7.855096944057625
210 0 0 0.010614895479273523 7.854790099925756
215 0 0 0.010798990468598113 7.855119727621863
220 0 0 0.016224079103044353 7.854789090608141
225 0 0 0.013593818999508844 7.854494928779471
230 0 0 0.015285854175063784 7.855003622015151
235 0 0 0.00963305188746344 7.855374915480914
240 0 0 0.015684801709207497 7.854533854793009
245 0 0 0.005312369439617992 7.854061317764931
250 0 0 0.01330500783919053 7.853397277893703
255 0 0 0.016191317803696093 7.85429807996768
260 0 0 0.015200099135530332 7.853696362521926
265 0 0 0.011044873075352513 7.8529590338173545
270 0 0 0.01399337240839471 7.85214633321617
275 0 0 0.010180873905965449 7.8527598449658
280 0 0 0.013347803067549346 7.853397970058645
285 0 0 0.015197065949897448 7.852307285739584
290 0 0 0.00911875720569566 7.85142923671576
295 0 0 0.01030755494537372 7.852380544369302
300 0 0 0.011039643935832011 7.852281589100183
305 0 0 0.011241553866696785 7.851149453892387
310 0 0 0.013553853025466411 7.852343451322722
315 0 0 0.01524994855128381 7.852359897363476
320 0 0 0.006801001589157529 7.850385743657783
325 0 0 0.013425431453500059 7.850544199734796
330 0 0 0.01378175492206668 7.850673774494834
335 0 0 0.008449624731662109 7.850518786922138
340 0 0 0.015710030764396254 7.8507762321754555
345 0 0 0.006900330403716959 7.850077312503882
350 0 0 0.014440054958525739 7.8506268896829
355 0 0 0.015576131996390297 7.849961035027738
360 0 0 0.01402360158553062 7.849458005324738
365 0 0 0.008370244773302282 7.84921129596063
370 0 0 0.00838244888299644 7.848047929536729
375 0 0 0.006422621031599629 7.848908784272303
380 0 0 0.00667197025869859 7.849165623322445
385 0 0 0.009652895370165782 7.849575560642613
390 0 0 0.010479061249893284 7.849484685080789
395 0 0 0.01093580404009109 7.848970568035249
400 0 0 0.015666141184127458 7.848972743694526
405 0 0 0.009870261062122188 7.8496149353055
410 0 0 0.012280436789374072 7.846879821192367
415 0 0 0.011883614369473827 7.8477659587562405
420 0 0 0.011307119160473444 7.847663730795401
425 0 0 0.00788205850170165 7.847065278812
430 0 0 0.008155384961372691 7.84724033686027
435 0 0 0.009726957848521733 7.848004915148826
440 0 0 0.007637855751105871 7.847286642820294
445 0 0 0.013659483146979845 7.846943500134821
450 0 0 0.009991797951271142 7.846521690225063
455 0 0 0.011930683534198572 7.846626655245306
460 0 0 0.00943502933964302 7.846722314350623
465 0 0 0.01067841035546313 7.846196257286542
470 0 0 0.012578522863087693 7.845684622552333
475 0 0 0.01111255228910446 7.845552888659659
480 0 0 0.010744792686664395 7.845376137872292
485 0 0 0.009572376606915789 7.845180788105105
490 0 0 0.006658850165475849 7.844882983678402
495 0 0 0.008280613607027476 7.8444230701579265
500 0 0 0.007072007721648621 7.84520044094971
505 0 0 0.009372089115369464 7.843803237631164
510 0 0 0.008538627373248175 7.844139715286697
515 0 0 0.003013629551284147 7.843433101892791
520 0 0 0.009758411497782893 7.8436687409067805
525 0 0 0.011926089418599517 7.842463717624984
530 0 0 0.014338766906660805 7.842187783451075
535 0 0 0.010602183626927886 7.841362777562653
540 0 0 0.012230502782170527 7.841485788293928
545 0 0 0.011354711743673418 7.84190459001512
550 0 0 0.007713672798711713 7.840320185787468
555 0 0 0.008024336958445843 7.840157958144623
560 0 0 0.0019667507477374446 7.839785131152771
565 0 0 0.00892589169652691 7.840245855648464
570 0 0 0.003104964478367167 7.838698364408879
575 0 0 0.008662138590946 7.838249919905528
580 0 0 0.017074099550929978 7.840396249133291
585 0 0 0.002032644477518719 7.837649208226765
590 0 0 0.009745091882925605 7.837358249028821
595 0 0 0.024137905416108607 7.836582568108108
600 0 0 0.005660040717389014 7.8367247725147955
605 0 0 0.01499566203056757 7.836040780725776
610 0 0 0.0030450643442894165 7.834650597101155
615 0 0 0.015899265166900545 7.834541661043622
620 0 0 0.0016710497984966377 7.834670420785894
625 0 0 0.009339285964097499 7.833902271684013
630 0 0 0.017869495967909987 7.833383303951467
635 0 0 0.0045675026851186296 7.833183135314844
640 0 0 0.0034779525737820283 7.83177351745597
645 0 0 0.006792371380810014 7.831387163480875
650 0 0 0.005202254170301623 7.830906488826084
655 0 0 0.0007433589334855384 7.830321657439566
660 0 0 0.0036505640893209623 7.828844002885145
665 0 0 0.010394866497597022 7.8290173589992875
670 0 0 0.005976659692980668 7.8285159620429985
675 0 0 0.0065439497275150416 7.82807093123011
680 0 0 0.004160005782550158 7.826747110301356
685 0 0 0.0033812748372326062 7.825233724655886
690 0 0 0.00933996474575638 7.824989682463276
695 0 0 0.015971350421960295 7.823124963469947
700 0 0 0.015773624158931465 7.823830652136158
705 0 0 0.009137428632802536 7.821735605020088
710 0 0 0.04211479131153428 7.822587625282467
715 0 0 0.012642213996019835 7.820479747118676
720 0 0 0.0004842235637541048 7.819721583264035
725 0 0 0.00585691776736974 7.818512689980216
730 0 0 0.011910696301560053 7.818096567783418
735 0 0 0.004224264834718383 7.81768122458078
740 0 0 0.014170293608069429 7.816114631353239
745 0 0 0.013260222766530383 7.815182508003439
750 0 0 9.965649353782524e-05 7.814087962009699
755 0 0 0.02033278823284035 7.814046765214265
760 0 0 0.005787677779937717 7.812606639790464
765 0 0 0.008920141205042809 7.811741344508035
770 0 0 0.006831457585015244 7.810735336732172
775 0 0 0.022723651147968038 7.809380425783357
780 0 0 0.008145965064453309 7.809084075773828
785 0 0 0.008611707063454377 7.807125636685157
790 0 0 0.03445131621905251 7.8073404879223265
795 0 0 0.017717468169523354 7.806110817583967
800 0 0 0.002008831478202744 7.8049008415044385
805 0 0 0.011309284944301501 7.803504337278362
810 0 0 0.013758171655571694 7.803343634276883
815 0 0 0.01762932365618508 7.8001877889769
820 0 0 0.00663157218579391 7.802244829479462
825 0 0 0.002211238281267569 7.7998755457083
830 0 0 0.002505148128151946 7.7989722086179905
835 0 0 0.013549958950686447 7.799056247627783
840 0 0 0.02255309656990523 7.798499571941464
845 0 0 0.008340779882028304 7.796029230339356
850 0 0 0.0105725560622425 7.794723774712776
855 0 0 0.03294860795392607 7.794977753599304
860 0 0 0.04223248303129945 7.793471769464364
865 0 0 0.008307036670252899 7.79267915434835
870 0 0 0.022602459426989352 7.790737875224154
875 0 0 0.027087447793687325 7.791287721476638
880 0 0 0.01900830189384939 7.789605288340753
885 0 0 0.020925146406954642 7.78905271256955
890 0 0 0.004157441238058279 7.788318159964834
895 0 0 0.03774684625396141 7.787684435767339
900 0 0 0.022674335772430387 7.786386102314696
905 0 0 0.010242294016108877 7.785331891576947
910 0 0 0.06294774620788002 7.785116377907509
915 0 0 0.05408773478008033 7.783659181113134
920 0 0 0.017175027101309803 7.781412399341681
925 0 0 0.02688954460951143 7.782411545883462
930 0 0 0.008117648371412267 7.78024268806789
935 0 0 0.0456593596603605 7.780617907495485
940 0 0 0.04058336984833644 7.7798377385290145
945 0 0 0.005453115513700757 7.776872677029795
950 0 0 0.0344168595023322 7.7780963586268195
955 0 0 0.0039576660530369345 7.775823936993423
960 0 0 0.0231042222225466 7.776947425331001
965 0 0 0.030598492967370827 7.775858347849553
970 0 0 0.015012812040666956 7.774952238666923
975 0 0 0.024569694173983914 7.772775276262186
980 0 0 0.061435428724759156 7.772802182994354
985 0 0 0.05858803977618221 7.7722157182285
990 0 0 0.04009755922797287 7.771650676852906
995 0 0 0.05052134218812787 7.769854569658706
1000 0 0 0.03525303315671957 7.769902458321036
