0 0 0 0.28239591736713376 0
5 0 0 0.005687914428302854 8.220117227073512
10 0 0 0.0029962209634546433 8.141663106542026
15 0 0 0.001069282608784583 8.114806292851169
20 0 0 0.003285770648529862 8.088989497045112
25 0 0 0.006519528861967272 8.08522798763436
30 0 0 0.002986517098721775 8.072724684809582
35 0 0 0.0016132419117118602 8.076292068102783
40 0 0 0.00423573914534181 8.07309658579592
45 0 0 0.00394879453804986 8.069662950096125
50 0 0 0.006972692817753812 8.069452218185102
55 0 0 0.002150208948514809 8.066702275883632
60 0 0 0.0027608533575129712 8.062925853289277
65 0 0 0.014002714302457253 8.066429581312127
70 0 0 0.00672517281515117 8.066179165422268
75 0 0 0.00247134439543073 8.059780317000772
80 0 0 0.006108110590649085 8.058497613859696
85 0 0 0.003955117939027364 8.056854162039263
90 0 0 0.0051423736005975496 8.055879623869494
95 0 0 0.00021818807346329905 8.057734979094345
100 0 0 0.025243427825415665 8.977601715740754
105 0 0 0.02623728397177194 8.25708436487621
110 0 0 0.003445447606049701 8.110366286334482
115 0 0 0.0004193663699272321 8.060161052507517
120 0 0 0.006583064848293407 8.044531036554142
125 0 0 0.006548498044402606 8.015588878685476
130 0 0 0.013938766477062048 7.997081829915255
135 0 0 0.0028248850981580365 7.983398104781463
140 0 0 0.007710113046059286 7.988105803280581
145 0 0 0.007406739487825886 7.995608345970598
150 0 0 0.002538615386079801 7.981183810997246
155 0 0 0.012789055525340043 7.971499958831601
160 0 0 0.007651557112590357 7.962837057687923
165 0 0 0.011226355502068408 7.960780576853404
170 0 0 0.010446079447248069 7.952064044489191
175 0 0 0.00455261106232796 7.956066357450135
180 0 0 0.006046458802966059 7.944969175376266
185 0 0 0.007759634572611862 7.945837549703425
190 0 0 0.013637975929895907 7.946171269961948
195 0 0 0.012467839378269119 7.942318504378844
200 0 0 0.009067927584320845 7.937920708674098
205 0 0 0.005142179104879352 7.936467628178699
210 0 0 0.007708073717919817 7.937942179646475
215 0 0 0.007603236023912885 7.937215215425572
220 0 0 0.012804841850824866 7.933605397345896
225 0 0 0.011406913918050154 7.935214070697464
230 0 0 0.01451951811723129 7.935391084586557
235 0 0 0.015343893846206935 7.932053357751316
240 0 0 0.011374627355758449 7.935006534276121
245 0 0 0.013083287489760842 7.931640229005565
250 0 0 0.009660978221560423 7.92970106898285
255 0 0 0.011411625803212422 7.9314073798397695
260 0 0 0.008156025578370363 7.9304570218050605
265 0 0 0.009309631367675264 7.927759304288397
270 0 0 0.010522695948809835 7.930094963964146
275 0 0 0.005510982710197121 7.930425075066459
280 0 0 0.013942766372981197 7.929330152098859
285 0 0 0.01438714027618948 7.928534653335505
290 0 0 0.00739617259472003 7.929097081560688
295 0 0 0.011395200187812149 7.924722201556733
300 0 0 0.009643470798678555 7.927516405114294
305 0 0 0.010288271742147748 7.928669611541818
310 0 0 0.012791024629787762 7.924699567365945
315 0 0 0.010715915069266835 7.922380869789281
320 0 0 0.0034185517748579475 7.924657716308093
325 0 0 0.013013149639110821 7.9275737954864836
330 0 0 0.01265036224639604 7.9273055257984275
335 0 0 0.013184791501434923 7.926197091472796
340 0 0 0.008828921770478226 7.924067556425508
345 0 0 0.011205620311907749 7.924146417341453
350 0 0 0.01173506214062936 7.925211265039825
355 0 0 0.013059276825336141 7.922805588140976
360 0 0 0.011049311790740868 7.9229249323626485
365 0 0 0.012310050530279781 7.920549561810844
370 0 0 0.006397380796440588 7.921555557405149
375 0 0 0.010077931479822055 7.922590937629505
380 0 0 0.013000361942379968 7.922567245454817
385 0 0 0.011666692473954798 7.922546629785246
390 0 0 0.013966018742128217 7.923457276927654
395 0 0 0.009141703108110466 7.920321036036223
400 0 0 0.013922653072608426 7.922749973142689
405 0 0 0.009010598302870987 7.920700617774379
410 0 0 0.01490293125215314 7.920626062090238
415 0 0 0.010183718908647332 7.92011764346176
420 0 0 0.01162292606169868 7.91986826977522
425 0 0 0.010300297390886781 7.918775963024506
430 0 0 0.010011122522096016 7.92239497150818
435 0 0 0.013435250143323252 7.921520214915839
440 0 0 0.008720347631298031 7.922721324079012
445 0 0 0.007920628058311063 7.919541433026758
450 0 0 0.008503203900833922 7.918253269830533
455 0 0 0.012725251556964912 7.920563496332895
460 0 0 0.007834098471535933 7.919597471526824
465 0 0 0.010548002068602402 7.919264402061938
470 0 0 0.007760864807897061 7.917872364632448
475 0 0 0.0051040022863291235 7.917867343041069
480 0 0 0.005002521971636309 7.919106408889595
485 0 0 0.011548648634513103 7.918634698989138
490 0 0 0.010809389414938142 7.917225693379538
495 0 0 0.009067731895002762 7.9192014254705745
500 0 0 0.011210174648402571 7.917955270262691
505 0 0 0.0133995205019668 7.918805313287222
510 0 0 0.007682055777292307 7.9165559439339095
515 0 0 0.009832486930712925 7.917734526684327
520 0 0 0.006768732629191421 7.9196453577104275
525 0 0 0.008912023225893906 7.915438037497155
530 0 0 0.012061986035766914 7.917132635065137
535 0 0 0.010904533206199662 7.917726235357999
540 0 0 0.006432044869178144 7.916053848568671
545 0 0 0.00946263810187431 7.917402553250358
550 0 0 0.012398899148328146 7.91669135111996
555 0 0 0.009824083542808504 7.915873791215218
560 0 0 0.009639190454248547 7.916583703367259
565 0 0 0.009745897575762497 7.917052952578352
570 0 0 0.01018487492716691 7.9173159381110425
575 0 0 0.008471139535784822 7.914301169057336
580 0 0 0.009637678122830895 7.914003221243466
585 0 0 0.008564952213820476 7.9156714383130575
590 0 0 0.011116545411156808 7.913507885259549
595 0 0 0.011179494397673961 7.913318345772853
600 0 0 0.010719601950161861 7.91423450932226
605 0 0 0.006880413976073418 7.915146708486182
610 0 0 0.007716656146362411 7.915035862850674
615 0 0 0.009741897795810583 7.913770177470039
620 0 0 0.007892792070584909 7.913177349827951
625 0 0 0.012164914488508538 7.912094058619127
630 0 0 0.014912370875941994 7.9145863537426235
635 0 0 0.010783287364493521 7.913476993148793
640 0 0 0.01174331460825262 7.912550732470397
645 0 0 0.010460579875496423 7.912632394763135
650 0 0 0.012388844951440436 7.910023399110739
655 0 0 0.014112259422359275 7.9115806685104735
660 0 0 0.00997788381710163 7.9130656388715
665 0 0 0.00757808298345819 7.90887671393213
670 0 0 0.009578935569948932 7.909537153906386
675 0 0 0.011756888299687018 7.9102752950646815
680 0 0 0.009645858864421264 7.90676368260594
685 0 0 0.01141187758613893 7.909983488754009
690 0 0 0.014262788854571662 7.906807371788559
695 0 0 0.013189268459994352 7.90742154218482
700 0 0 0.010333282374112462 7.905794264276185
705 0 0 0.013949538600796618 7.904427768303098
710 0 0 0.00812454113251282 7.903357927592938
715 0 0 0.012926253502879792 7.902716985398384
720 0 0 0.014106201302304777 7.901842110352337
725 0 0 0.007687856217655442 7.898936904186383
730 0 0 0.00923458873737415 7.897254982875429
735 0 0 0.012095746939342567 7.894671302372086
740 0 0 0.011904012351599214 7.895030475824095
745 0 0 0.008046518451326978 7.8885446422696655
750 0 0 0.009819527206163414 7.888780813134629
755 0 0 0.013313609278489125 7.886429607833909
760 0 0 0.006734377269257852 7.884663422453835
765 0 0 0.009285130350806359 7.881497538486062
770 0 0 0.009297808216331083 7.883222557991494
775 0 0 0.013323075023938813 7.88095980081504
780 0 0 0.009261741047066785 7.880990340399509
785 0 0 0.01614097386203528 7.87873453986321
790 0 0 0.015508411771255837 7.877198824474001
795 0 0 0.00919319514722261 7.873415472118927
800 0 0 0.013787868535958037 7.873168474448167
805 0 0 0.014078433351280228 7.87021399815122
810 0 0 0.011318532848180185 7.872738323991098
815 0 0 0.011078266463935726 7.873128384435753
820 0 0 0.012585103710078371 7.868613336435547
825 0 0 0.010103180766050324 7.8689335066628106
830 0 0 0.009563941165204204 7.867449451222286
835 0 0 0.013146132899834795 7.867156339325402
840 0 0 0.009509253260036488 7.867173323682294
845 0 0 0.016022750971297794 7.867172817383015
850 0 0 0.0126697547356045 7.8653104281335855
855 0 0 0.012867402229447267 7.866380075348303
860 0 0 0.013604776429411158 7.863808748758707
865 0 0 0.010037215947082734 7.863700745605091
870 0 0 0.009933946787140435 7.86319130724088
875 0 0 0.014616377153810589 7.864428741350346
880 0 0 0.01459039687351904 7.860781646277156
885 0 0 0.013812555672730653 7.8632820706809365
890 0 0 0.013382685720391363 7.861790228820927
895 0 0 0.013766862481740638 7.860240460304465
900 0 0 0.012332343141949531 7.860563189525128
905 0 0 0.011146472246709394 7.860229149115304
910 0 0 0.012139068159723987 7.860062125558918
915 0 0 0.014627741446047615 7.858015652726785
920 0 0 0.01215286696406448 7.8596304612155965
925 0 0 0.014049161268473664 7.858977411511381
930 0 0 0.013872512869411713 7.859817250270629
935 0 0 0.012571213907556222 7.860103987224855
940 0 0 0.009665461377318163 7.859159512064501
945 0 0 0.011360883085905105 7.858770953542246
950 0 0 0.017313845556967244 7.859357991885087
955 0 0 0.012444441264982675 7.8592943278145455
960 0 0 0.014769035104720496 7.858173481681291
965 0 0 0.011605320961346255 7.856131203291901
970 0 0 0.014592757193668593 7.8565054216495875
975 0 0 0.01232166875759133 7.857029928702198
980 0 0 0.012386271147276862 7.856525284834918
985 0 0 0.01247381970388517 7.856969940300884
990 0 0 0.013994844975815601 7.85711905717829
995 0 0 0.01676199009632695 7.8572194859650555
1000 0 0 0.0112022104161138 7.858184318224597
