0 0 0 0.3174611457754606 0
5 0 0 0.004543724469112886 8.196323872464477
10 0 0 0.009118095617725919 8.135666083116858
15 0 0 0.008161828405091054 8.112829172292226
20 0 0 0.0004970879697432373 8.098368832251396
25 0 0 0.0006681886376553869 8.090968776481196
30 0 0 0.000370306422948552 8.085451619438892
35 0 0 0.0037861535065133456 8.083816124041718
40 0 0 0.0060540409435045905 8.07928190231425
45 0 0 0.0005510487980526779 8.06949027688478
50 0 0 0.005150728640980651 8.070794659780079
55 0 0 0.005750677787420777 8.064825208662407
60 0 0 0.006923656094964592 8.068150817264087
65 0 0 0.004188831073110411 8.064962097194083
70 0 0 0.0021000565814954797 8.0629842553653
75 0 0 0.011122186408620616 8.062150207448543
80 0 0 2.6965200044859472e-05 8.060454446167233
85 0 0 0.007329317725576434 8.06245737268885
90 0 0 0.0055563103367772815 8.058526100937426
95 0 0 0.00480727033009587 8.056046082442425
100 0 0 0.007017696171216725 8.978477678293075
105 0 0 0.0015613060651149535 8.273618734575171
110 0 0 0.008450182065292022 8.14415414497487
115 0 0 0.010162210165078012 8.08726994408048
120 0 0 0.0022123034173402445 8.049889478543145
125 0 0 0.0008762226284391161 8.01940881524704
130 0 0 0.004168239146711272 8.003548348658144
135 0 0 0.009212207495461255 8.009060409281458
140 0 0 0.00021758559926166043 8.00729590112071
145 0 0 0.004565707435089328 7.992759806792979
150 0 0 0.0044555087090110135 7.987741969118211
155 0 0 0.012941312798139482 7.982640032295186
160 0 0 0.007302600105129287 7.976435743196332
165 0 0 0.0007223143569687895 7.970656936670534
170 0 0 0.010934281353828235 7.974692643838846
175 0 0 0.006393101941385648 7.967435816028968
180 0 0 0.01043980234113584 7.953458131774861
185 0 0 0.005938731689841825 7.950797948888154
190 0 0 0.006373593515749398 7.9501385934186155
195 0 0 0.013850712217233108 7.944918126178311
200 0 0 0.013961252260779933 7.941725345118368
205 0 0 0.005627191759897565 7.945583049829756
210 0 0 0.005365852426897133 7.94206246201961
215 0 0 0.008822352223541996 7.939533319353611
220 0 0 0.008290799918430736 7.934847529261849
225 0 0 0.01110473295852965 7.934633961824391
230 0 0 0.011154739198648844 7.938785785292541
235 0 0 0.01087562628226002 7.9353489521260325
240 0 0 0.012578198805604401 7.935799688209379
245 0 0 0.010079780287887363 7.932927724866812
250 0 0 0.008700193043279736 7.93592588497657
255 0 0 0.005960213915941148 7.932161755397487
260 0 0 0.0047707014416367155 7.933482032804064
265 0 0 0.006654603991945285 7.930179026035525
270 0 0 0.010285628603418306 7.933083536788206
275 0 0 0.005253063292775639 7.932053720748157
280 0 0 0.010746025420917737 7.92854242188599
285 0 0 0.00641535452336095 7.927922273772051
290 0 0 0.007919684562148532 7.929272045653213
295 0 0 0.005304530762247905 7.929453504098007
300 0 0 0.009035767972827236 7.928204929618219
305 0 0 0.010964838703471758 7.928900839574799
310 0 0 0.005871447557728393 7.926323004222753
315 0 0 0.009406286471114855 7.925473169812407
320 0 0 0.01001875941873287 7.924509893044262
325 0 0 0.015365106866350509 7.927460508903576
330 0 0 0.011702649077710348 7.924991808045786
335 0 0 0.009607330170775086 7.930320068478165
340 0 0 0.006792297806370584 7.925114818062761
345 0 0 0.009349531531411825 7.922585322283949
350 0 0 0.00822082263544699 7.923994114858127
355 0 0 0.004182975291541213 7.921260136378078
360 0 0 0.0109077685718173 7.926348845540141
365 0 0 0.010802464475231144 7.922895504735469
370 0 0 0.01073285423299275 7.92173587987108
375 0 0 0.008758832108607173 7.922280750737439
380 0 0 0.00678136234087745 7.921412738309088
385 0 0 0.006743039898381209 7.921843615161922
390 0 0 0.01077683307671018 7.92013346837683
395 0 0 0.010523843156752699 7.921833695591313
400 0 0 0.0101709777539285 7.922399529241374
405 0 0 0.011040810929005662 7.921662230070214
410 0 0 0.007567105836414623 7.922135008338755
415 0 0 0.010018773825860361 7.921495730368393
420 0 0 0.00869101767306435 7.922799546012203
425 0 0 0.009857571518279817 7.919233428027801
430 0 0 0.010962707841345454 7.918800626985868
435 0 0 0.006145224765969903 7.9217328167046945
440 0 0 0.008913654930554404 7.919509609038775
445 0 0 0.004996524000554725 7.919842748395236
450 0 0 0.00989225118249304 7.919827448884567
455 0 0 0.0066562671054892775 7.919109218581142
460 0 0 0.007492484579929126 7.918355251938372
465 0 0 0.006140667460174054 7.918511028712666
470 0 0 0.007605153955688948 7.917863861160681
475 0 0 0.0070800650549238675 7.918992124620375
480 0 0 0.010210677971331128 7.919709404625118
485 0 0 0.0032878338170463373 7.918413703363625
490 0 0 0.003990729880877675 7.919277750866522
495 0 0 0.011843805311438027 7.918395547498361
500 0 0 0.005589259680686354 7.915105271960905
505 0 0 0.00700857636990504 7.918125776579651
510 0 0 0.00875353097086684 7.914957034148651
515 0 0 0.01121079023919136 7.917084292484028
520 0 0 0.009709541775323238 7.918948263549485
525 0 0 0.011218213048341585 7.91598499479525
530 0 0 0.0077291382901629735 7.91950583799985
535 0 0 0.006910125488577501 7.914995270392833
540 0 0 0.012469301448730263 7.916419256137694
545 0 0 0.014069426300122867 7.916366570603975
550 0 0 0.009990724739906032 7.914110385028501
555 0 0 0.00987682636201681 7.914209941832887
560 0 0 0.00814209013056777 7.9161402575456234
565 0 0 0.011283141664853336 7.915685354034117
570 0 0 0.008687017525953022 7.914542844014001
575 0 0 0.014203618861465817 7.913065506560562
580 0 0 0.011226541689675296 7.914339546110766
585 0 0 0.008850672446405694 7.9143727816827125
590 0 0 0.006284902142812854 7.912858798765132
595 0 0 0.013096271853704877 7.913099759547318
600 0 0 0.011262065193993864 7.9125237383328715
605 0 0 0.011046563678873689 7.913378890584153
610 0 0 0.007622495083472458 7.911429415389635
615 0 0 0.007623677509031479 7.910165697092849
620 0 0 0.009934182774991474 7.90886369105836
625 0 0 0.010123908777975643 7.907888058686395
630 0 0 0.012143962652948925 7.910827891866596
635 0 0 0.007141207588181375 7.905291789031576
640 0 0 0.008502261074204487 7.902708268100326
645 0 0 0.01114347668281157 7.904495710047128
650 0 0 0.008994033776637878 7.900572758232502
655 0 0 0.010680000237275333 7.898039102123372
660 0 0 0.013213994611486202 7.895604754521876
665 0 0 0.011353592053427786 7.89448410029133
670 0 0 0.010601128671301696 7.891387187646742
675 0 0 0.016725423982505205 7.888984810589419
680 0 0 0.011777739443918023 7.886851948510704
685 0 0 0.008443775750534233 7.885308040632041
690 0 0 0.01414181299790207 7.88176987725212
695 0 0 0.010158469178355833 7.880559010361938
700 0 0 0.00849727127621902 7.882824734075545
705 0 0 0.012558891042413922 7.878347343990209
710 0 0 0.011122730210786802 7.8770746801874125
715 0 0 0.007601704690226141 7.874593070267359
720 0 0 0.013413045946352176 7.87519269761101
725 0 0 0.011173251832420794 7.872214299242516
730 0 0 0.01514225674416414 7.869910404467813
735 0 0 0.012751159502134568 7.870048654937012
740 0 0 0.0135554989357487 7.871332631598738
745 0 0 0.010113058072732661 7.866922750748583
750 0 0 0.009848507020236763 7.867509205637634
755 0 0 0.012460733593200768 7.8685797590599975
760 0 0 0.013759306846644614 7.865750534850216
765 0 0 0.011273518335894295 7.864623637902094
770 0 0 0.015300408269712573 7.864804242463368
775 0 0 0.015950975371576748 7.863562814976178
780 0 0 0.008500835615608215 7.865015340635268
785 0 0 0.011370160133891583 7.863693447988814
790 0 0 0.011958636986862503 7.8625217681696835
795 0 0 0.013116850357055565 7.863281801337926
800 0 0 0.012785084406541358 7.862593453730658
805 0 0 0.01721351137801541 7.862228982557708
810 0 0 0.014489093689930455 7.862964072762924
815 0 0 0.008748920103322844 7.862245184789563
820 0 0 0.014019533591798528 7.86159217461159
825 0 0 0.01614177441899578 7.860215900606489
830 0 0 0.015726150240323644 7.8595441881905534
835 0 0 0.0159565318838244 7.862108868740365
840 0 0 0.016791813745131723 7.860506811069574
845 0 0 0.018428685316750126 7.860008793496733
850 0 0 0.013611215775082952 7.859033108170206
855 0 0 0.011378169008300576 7.858939472387175
860 0 0 0.01151906350193821 7.859227645768003
865 0 0 0.014938047246524366 7.858449065991504
870 0 0 0.007992920504901413 7.859883676899292
875 0 0 0.014250332638496621 7.858782190963608
880 0 0 0.014153552035587769 7.859878599984611
885 0 0 0.013379083661944069 7.861049372187128
890 0 0 0.00961590095512177 7.857606982689001
895 0 0 0.014205773890815454 7.85882610622789
900 0 0 0.011358663532366586 7.860525876453706
905 0 0 0.011512473548903834 7.856883472618235
910 0 0 0.014218980451610408 7.858119468661171
915 0 0 0.01429446301305215 7.857990213462972
920 0 0 0.01219162214543168 7.85558882757289
925 0 0 0.012364316631255479 7.856873251458284
930 0 0 0.016126991985738748 7.85609765725132
935 0 0 0.01409250009532248 7.857309830366399
940 0 0 0.01603802500833562 7.856656691990749
945 0 0 0.011681706246263523 7.855735017789283
950 0 0 0.01918989604481336 7.85860690280815
955 0 0 0.016764886869049755 7.856490216157386
960 0 0 0.012907902189533527 7.856386317619812
965 0 0 0.0117855519506318 7.856647159507139
970 0 0 0.013062816090125162 7.855164568179309
975 0 0 0.012083694439841475 7.856572054395261
980 0 0 0.017765866720205192 7.857231154290004
985 0 0 0.016043241696656052 7.856559464772601
990 0 0 0.011533906583132802 7.856511312529285
995 0 0 0.0152171433911501 7.856247747782755
1000 0 0 0.013787059707927263 7.855110299158884
