0 0 0 0.29414977675702914 0
5 0 0 0.011012307604127303 27.309594318448745
10 0 0 0.010132102723697356 27.1447791705614
15 0 0 0.011494376169397302 27.069244332548806
20 0 0 0.011287285834121086 27.0106651824352
25 0 0 0.01284720572148812 26.950565660160102
30 0 0 0.016237919830484726 26.90204938408469
35 0 0 0.01599231175404303 26.854932982872057
40 0 0 0.012630080340200855 26.800660810759826
45 0 0 0.016160720441136922 26.73931883604296
50 0 0 0.016892697633154263 26.68991133619235
55 0 0 0.013638402229665836 26.64969808726944
60 0 0 0.012758327274521752 26.61194412967739
65 0 0 0.017040534208599745 26.568262813275574
70 0 0 0.01522006589496172 26.543573794641517
75 0 0 0.01471922715086671 26.53292634218305
80 0 0 0.015688702156422485 26.513027314356492
85 0 0 0.01341966598034361 26.503573647535454
90 0 0 0.01548993180931646 26.482212262702475
95 0 0 0.013513959826055189 26.49167011178565
100 0 0 0.012135343012264155 26.47200644656147
105 0 0 0.01286590324898107 26.46779259790671
110 0 0 0.013976738244187326 26.452666248150468
115 0 0 0.01705290039862506 26.454254734257965
120 0 0 0.013668990803014758 26.45105289029951
125 0 0 0.01879414104080701 26.451026092467572
130 0 0 0.015963358509488712 26.436128373511952
135 0 0 0.011892072091583383 26.429060784745666
140 0 0 0.014759020602302497 26.431162807276998
145 0 0 0.01738132555291627 26.42502038744324
150 0 0 0.015037324243405426 26.433053014367548
155 0 0 0.015075938954058454 26.426655918014863
160 0 0 0.016720184758795664 26.423068586036337
165 0 0 0.017332987648965625 26.421792612395084
170 0 0 0.015552230114316723 26.42296380407829
175 0 0 0.019925111297628195 26.41688015295706
180 0 0 0.015285200585299918 26.410079934800013
185 0 0 0.017886324530050013 26.41918859396467
190 0 0 0.013971821377258165 26.41844241442729
195 0 0 0.018853994482994407 26.41884081157445
200 0 0 0.01601075405836694 26.419143157543594
205 0 0 0.017167630200254136 26.408509495071225
210 0 0 0.01575022886876032 26.404973979267798
215 0 0 0.015598742519409736 26.409401356868067
220 0 0 0.01384490528846527 26.403243851773937
225 0 0 0.012928522715638158 26.401407606187803
230 0 0 0.015944512901627572 26.39391168363587
235 0 0 0.017781626126412098 26.393922658081152
240 0 0 0.015875797808458936 26.39032197002634
245 0 0 0.018611495267637057 26.38933555993208
