0 0 0 0.2770776860166779 0
5 0 0 0.011127330936550939 27.362943324026674
10 0 0 0.015915289617278727 27.181505908684134
15 0 0 0.015192578451589167 27.08247291149675
20 0 0 0.015057775070358659 27.01252671886613
25 0 0 0.01083134561598631 26.953555971109544
30 0 0 0.014762661557509604 26.87959718205133
35 0 0 0.016681291880222382 26.808899226928997
40 0 0 0.016977241937918164 26.7389838729027
45 0 0 0.014524679675959273 26.666115113706933
50 0 0 0.018585540226044195 26.617290825299488
55 0 0 0.01621467460947512 26.57474296931197
60 0 0 0.014716520732364957 26.548326660061786
65 0 0 0.015302499890015753 26.525822843691298
70 0 0 0.018317120612836524 26.506181495128054
75 0 0 0.014378992012912262 26.48751846896765
80 0 0 0.013616500877790205 26.469338303107243
85 0 0 0.017286546857238738 26.468987768060174
90 0 0 0.01551393211908958 26.460268012851806
95 0 0 0.015289889498297349 26.455054157859667
100 0 0 0.017190607033753524 26.44751428313854
105 0 0 0.014143120061373082 26.450527497987704
110 0 0 0.014853465887522788 26.433208641619153
115 0 0 0.018313837578562087 26.437473621038556
120 0 0 0.017119107948838863 26.44040223043266
125 0 0 0.014824550910923051 26.429030540753992
130 0 0 0.017649722132669687 26.434651893560925
135 0 0 0.015662822709676227 26.42791818834225
140 0 0 0.016437256812620538 26.431201785862303
145 0 0 0.0167180155790696 26.426129448583083
150 0 0 0.015099600467253005 26.42628024355404
155 0 0 0.01629904092819312 26.420035893115752
160 0 0 0.01840101224678037 26.421766102342986
165 0 0 0.015709912750745847 26.417962270300066
170 0 0 0.01682024844822294 26.420374559978363
175 0 0 0.016507697008158795 26.41237721204179
180 0 0 0.015174583977301426 26.428968670611972
185 0 0 0.018094564836949933 26.409368890850313
190 0 0 0.015076489158799111 26.42678422528097
195 0 0 0.014994388296596606 26.418193754601266
200 0 0 0.015217623362377086 26.410389557558165
205 0 0 0.015959536303036037 26.412935073640906
210 0 0 0.01679931033202986 26.402763357471226
215 0 0 0.014976256488576478 26.41159042926372
220 0 0 0.01670375834193827 26.404918285757017
225 0 0 0.018531850574535103 26.411633497640032
230 0 0 0.018267313197879442 26.399433759024813
235 0 0 0.01624489668317075 26.412135171648302
240 0 0 0.013370323275941232 26.39933344887361
245 0 0 0.015926147723800854 26.399258118113675
