0 0.4392356794191135 1.85058239631831 0.3843224933293572 0
5 0.930618247601755 0.25286695675046067 0.014058981253729508 3.8121572658510035
10 0.9339918649652176 0.26013391813847253 0.002055828799599979 3.753350722938371
15 0.9356592338082255 0.2589751508711515 0.025234802186482108 3.7384976841060484
20 0.9371879499267137 0.2537166788852776 0.007316130996511072 3.731020910189163
25 0.9364418165177819 0.2573162420800381 0.009702085600959531 3.727499743066893
30 0.9374866877528307 0.25241795566014513 0.0166657782611479 3.726766836920019
35 0.9382291799157927 0.24892630071994803 0.013929013354378128 3.724633120743026
40 0.938039299174192 0.25169907511258627 0.00012042313879656596 3.7239304736908134
45 0.9382373581936819 0.2517287560951713 0.004115890990537885 3.7227425110406913
50 0.9377975735414319 0.25156598291667276 0.021221058042836916 3.7238609132295735
55 0.9344210452559676 0.26314085593864567 0.010903877878037482 3.7251049649217873
60 0.9362461464143508 0.26118951382639866 0.00798229305990894 3.7225701171721557
65 0.9380419350686691 0.25083512082871584 0.013588123092007187 3.7234339542375863
70 0.9381112483330623 0.2533582484180923 0.015760315813706738 3.722199035755902
75 0.9372971758086508 0.25577191532548893 0.015414633605299821 3.7218039358870048
80 0.9381885427305777 0.25248838062220136 0.017306836464150654 3.7217332490105868
85 0.93612867312254 0.2587490621272428 0.017739080911070237 3.721253165801698
90 0.9378460025294129 0.25333621704244225 0.01789032498751819 3.720758837530844
95 0.934918114350635 0.26118565251724357 0.00531285304025686 3.7209573437746117
100 0.9352764985486268 0.26298500675195413 0.010018958674571365 3.7214132178344723
105 0.9287884687981852 0.28842648468841414 0.01756393968288128 3.7204731976125607
110 0.9385022893255399 0.24970409976200303 0.013412525341026882 3.7198919636200913
115 0.9369366028080258 0.25505937883474816 0.00851933265897764 3.7196443475940724
120 0.9388388064155371 0.24970436221265757 0.009447436080510796 3.7202287982997553
125 0.9350137333446926 0.2638155518742722 0.011864193222364205 3.719601329505353
130 0.9371188024452163 0.2567321304757506 0.015774821534351613 3.719651702303277
135 0.9389950514505546 0.24812404794617704 0.010624708647120507 3.7196629471677904
140 0.9369030995896526 0.2557356567982092 0.017167489112482004 3.718475575573267
145 0.9380241298471642 0.25303443494502575 0.01824124385286674 3.7191955835688084
150 0.9388423159622841 0.249756059359596 0.015727645686552272 3.7199352610110497
155 0.9371376313371335 0.2553311217872527 0.008344485337317131 3.719907445801624
160 0.9390217132849876 0.24763122173284557 0.011116645764035704 3.719926601825672
165 0.9387288361813467 0.24908446284607155 0.014257819509763126 3.7191297369918015
170 0.9384455283093476 0.25162350792734944 0.005062797201810465 3.7193546738006917
175 0.9354054558049913 0.26082217014966336 0.01630265029794198 3.7171511268678343
180 0.9335985565918146 0.26777863438675675 0.02041496502973339 3.7182126350985065
185 0.9386201695968934 0.25195390317433697 0.0070133943244645724 3.7176789294269326
190 0.9389532017148805 0.24930736843554913 0.015684253357782785 3.7175255048074933
195 0.9382232695747685 0.2535933467820768 0.008390960428666494 3.7171835208734105
200 0.9381200019483429 0.2521591786401629 0.00764322185806221 3.717083366062616
205 0.9390977816129125 0.2474972327709386 0.01831880578843359 3.717850472129202
210 0.9384873409731492 0.2540030115778511 0.012628826104802426 3.7166851192882406
215 0.9389122276162343 0.25170838304563636 0.0076426818926647044 3.7175122001233474
220 0.939162657550163 0.2485413908350953 0.014722769575082006 3.7170817705963555
225 0.9382672576573532 0.25197329701862214 0.01823912824523677 3.716932488574447
230 0.938674543021803 0.250593128556297 0.012488070190397549 3.717561543291238
235 0.9330407194107975 0.2720707744587125 0.014885351145405679 3.7159859953876087
240 0.9382965058782666 0.25156304606896107 0.01579182406568136 3.716233632103979
245 0.9389078977664402 0.2500421155623731 0.011451707541362932 3.716094062627267
250 0.9391353385485133 0.2480152199599086 0.008736751719420566 3.716274261873419
255 0.9386580031043655 0.24908423912728184 0.014435682751993806 3.7165539455237355
260 0.9388009838085489 0.24817565739832181 0.012516711854573481 3.716847457608316
265 0.938959306168923 0.2473023625720625 0.015921428774221535 3.7167438636208483
270 0.9393921716937608 0.24787201489910293 0.002280739626724815 3.715673804242557
275 0.9391153186950063 0.24838324802214018 0.017256142616626446 3.7157705315902576
280 0.9391156809988842 0.2503702076300822 0.014581074291011964 3.7153866253326573
285 0.9384878370065716 0.24825735065949006 0.01568165165352231 3.7157976989820827
290 0.9391732691919255 0.2490493350232752 0.015612381163746969 3.7155131607063243
295 0.9371809987438525 0.2572306758529166 0.011333644596919878 3.715744301021958
300 0.9375873479185846 0.2525596987401193 0.012604184134945795 3.7149588082269442
305 0.9398665632027692 0.24427842892591656 0.01740811765357253 3.7144726038144196
310 0.9394503085958266 0.2478492224549793 0.007047783700677046 3.7150683203223283
315 0.9391460306506824 0.24822977590790885 0.0004241507352040763 3.7142140967216775
320 0.9392208706919425 0.24937527035473916 0.001068051614872445 3.7139136571066644
325 0.9390274264616834 0.2485942447998415 0.014615295792376415 3.714037706319323
330 0.9373194991765506 0.2577674296310142 0.00415557771224262 3.714236116082491
335 0.9397345229266391 0.24559968000078225 0.013117044114627552 3.7128484748887383
340 0.9393995583924045 0.2489617747451831 0.004546556069967123 3.714113814777255
345 0.939769921987299 0.24596967587052454 0.011043160764652837 3.7133638455376348
350 0.9395733616670296 0.25083348824340845 0.016061215424403086 3.7135035805831644
355 0.940261306513829 0.24513786560094264 0.008395709822573982 3.7128848871689413
360 0.9395349474608043 0.249805217855811 0.0176543930166142 3.7124473729268215
365 0.9395629864909885 0.24628761558747936 0.008154857816615735 3.7118995627635787
370 0.9406334091639645 0.24268308376649106 0.01136418060887201 3.7121676581368774
375 0.9380529875525617 0.24968299219723455 0.015388901376519604 3.712461338619416
380 0.9408276067119266 0.2426622128262359 0.007953416204324437 3.7114480227833258
385 0.9408342016868003 0.2448103581546346 0.016013378354181818 3.7099030080590762
390 0.9383169014685224 0.24914546739509724 0.007712209217126675 3.710100725772069
395 0.9413767110951077 0.23871037761451808 0.012517530673376465 3.709555784646532
400 0.9403056814509705 0.24448120422540986 0.011124547138584795 3.7099993618214544
405 0.9413661650849542 0.23990400519065336 0.006359131800831586 3.709631054082883
410 0.9421803513711823 0.23827375376818427 0.005152702870192094 3.708345677227155
415 0.9422384538701449 0.23778504127975664 0.014152704622334644 3.708990901393542
420 0.9424892199490338 0.23753925206869164 0.0020767412898388127 3.7080968816504725
425 0.9416703176126702 0.23811336777117154 0.012726527681147237 3.7074248557292613
430 0.9436147770215964 0.22877977296689211 0.015801626758886522 3.70558319117788
435 0.9437093721030263 0.23329101208587444 0.01867752056311489 3.705149040931745
440 0.9429438532582248 0.23535577263693774 0.015713018570885584 3.7044233416860233
445 0.9443122305183289 0.23254309329183753 0.013650973220757256 3.704780909226736
450 0.9452277820791419 0.225907528997082 0.018035343240764057 3.704898088083159
455 0.9454054251455868 0.22739714405305822 0.011907486732400496 3.7027108717993555
460 0.9398064435662519 0.25113006997319287 0.004484149574864649 3.7021730184091433
465 0.9460751760774415 0.22595475924158936 0.01490900691274466 3.701515688221909
470 0.9468529465310551 0.22451085398497606 0.018598678866154517 3.7008287713319037
475 0.9449618160687178 0.23482222268910125 0.009402006202214652 3.6990571633126246
480 0.947066318841857 0.22510722722546372 0.000635116842715 3.697545003418769
485 0.9449000673568001 0.23304695727809133 0.014074081300570418 3.697470880174669
490 0.9489890724391694 0.22000686364059163 0.0063873729582391015 3.6962169591273657
495 0.9500244610806114 0.21525638603460084 0.005397235095943476 3.6952312726484724
500 0.96415962771857 0.10999814745202396 0.04259385336990973 3.7971482711017934
505 0.9733776118417721 0.06431348232403566 0.024463121148143196 3.7143085730505008
510 0.9792720420134671 0.04854787163981067 0.0027868106905175605 3.703987343673427
515 0.9807512343829738 0.046862495574757634 0.00043968784562031793 3.6977057108755855
520 0.9840308706584577 0.03856361561591548 0.0168651712747927 3.6926910581899635
525 0.9835777562378105 0.041955544820031054 0.015226294910728244 3.6891675507503976
530 0.9871803680027135 0.03169651998025014 0.007392126572048019 3.6850809676340135
535 0.9896230131744908 0.025008033837605304 0.0023993373331725465 3.6826998572027776
540 0.9906800287373445 0.0227048449999252 0.01109792289458511 3.6797675737377644
545 0.982602343401324 0.050988651550512465 0.01871465256706073 3.677987940305262
550 0.9914932112084337 0.02201992647355322 0.0054921187020746665 3.6762908491464916
555 0.9925990141355001 0.01831970500174185 0.009551488873845715 3.674235775648548
560 0.9923000652881522 0.019716230011498137 0.006615775603019403 3.673833205981375
565 0.991457329698621 0.024236187913356133 0.009074304732522576 3.6730477084296678
570 0.9921040700206647 0.021744021813012715 0.0006710546706321097 3.672251735080778
575 0.9944135862686561 0.01389708717713134 0.0002548979579479749 3.670628414974412
580 0.994433535762496 0.014430525600349409 0.0008285064598143599 3.670675806295223
585 0.9948447587264413 0.01303060228368702 0.006045420023223169 3.6693407795306103
590 0.9947067214371297 0.014214673061208494 0.003231593729335458 3.6691197266568696
595 0.9951727328599788 0.012787030847143832 0.0003791030023114761 3.6680297806695528
600 0.9954366018230246 0.012115499051974954 0.0032914992940000776 3.6675980376534767
605 0.995995404193595 0.010304572846706161 0.004971158025340872 3.6674628486446603
610 0.9940592511403421 0.01790065301736199 0.0037403294060418535 3.666677053355232
615 0.9964868998642231 0.009006134867022286 0.00472255528646337 3.665667187120063
620 0.9942776807269413 0.017723061040040733 0.01068402039339933 3.6666482527568847
625 0.9964487093493535 0.009149631174707462 0.005183680034240856 3.664402766003174
630 0.9945460534223418 0.016280607153605242 0.006911785487767386 3.6649390818683405
635 0.9965321259524783 0.009356551678156855 0.0014663195877380186 3.664543647278939
640 0.9961509924974361 0.010714097479869622 0.006518406995427828 3.663695371410975
645 0.9970550326813732 0.00782833854075271 0.0018336900062070338 3.6643228496282596
650 0.9944405525619756 0.01789120356832319 0.011876363178169091 3.663083694434555
655 0.9958606727481333 0.01244965210324489 0.0010825684994719698 3.6624660290196585
660 0.9973542973794343 0.006816026205150205 0.005864766239620289 3.6632757243973355
665 0.9966950119863051 0.009394631952655885 0.0007187774825250237 3.6632674180751303
670 0.997696546040105 0.006061107301205126 0.0007076656429989558 3.662218588378946
675 0.99766058981657 0.006302075162157639 0.00229288690227869 3.6614484529789295
680 0.9965755219671864 0.010073939945620669 0.0050462455670436945 3.6628724660925815
685 0.9969228585188126 0.009155728840222643 0.005479013394156018 3.6629918280161426
690 0.9970304325830575 0.008562922723736488 0.0016216688566879078 3.6618437797551837
695 0.9978633274484449 0.005471140836283972 0.0026186291310175136 3.6616233895743306
700 0.9979371788687179 0.0057102815175174015 0.004123445169766482 3.661768679687751
705 0.9949314091328706 0.01658253807901211 0.010934099744331904 3.660475146012134
710 0.9977561328198783 0.00616906889297697 0.0002381958085677649 3.6600580874533035
715 0.9979232834847094 0.005778088266771952 0.0003114015051104424 3.6607023792435065
720 0.9981792245519832 0.004933762221905447 0.0013511327080586444 3.660333870013668
725 0.9979930850773913 0.005213553167894958 0.00860331836659678 3.6603587637846475
730 0.9979967957754734 0.005783706636186103 0.0009583231954375382 3.6605164764978912
735 0.9979919644025558 0.005596286879073542 0.00013672258802266413 3.6605300491183903
740 0.998364245564693 0.004301132360224447 0.000434245282807888 3.6603504121279453
745 0.9960158998601396 0.013490569397665908 0.0015210149410889162 3.6602627223316615
750 0.9984121667711842 0.004152888390037024 0.00028079312083639785 3.6603584395810076
755 0.9975876872079928 0.007259108246054247 0.005064891912684555 3.6603648287936887
760 0.9974100926007187 0.00815269982162592 0.009139964821367919 3.660047349146546
765 0.9972002450426508 0.009040538301970713 0.006763377741415333 3.659230471321679
770 0.9949378410111072 0.017864549003373753 0.005659204544989249 3.66016898033392
775 0.9973808839815244 0.008613616183962058 0.0006495306064329132 3.659216627183942
780 0.9977619423625026 0.006758658881995228 0.0016340683526319122 3.6594304741457933
785 0.9983129422111202 0.004972997433398962 0.0023359505298814476 3.659234761792395
790 0.9986180361917771 0.0036060566374596092 0.0004307956411375713 3.6587889985146926
795 0.9987036674027003 0.0034341025060204977 0.00023833707100906487 3.658839987557867
800 0.9975683271241591 0.0075648546352327095 0.002099664387760436 3.659203852126304
805 0.9967530005438486 0.010849124322970916 0.008813461921095334 3.658829235715548
810 0.9984401340755444 0.004473734824110398 6.122292502497295e-05 3.6586835728339815
815 0.9985421549905191 0.0038549668655871727 0.0018111565319014478 3.6586594672367903
820 0.9981969914341305 0.005649367310049058 0.0030312350819854395 3.6583445308143037
825 0.9983384871409481 0.005167555681193647 0.0052430456030101436 3.658571105531465
830 0.9987674956594101 0.003606127587492569 5.817571394128862e-05 3.659228595034197
835 0.9987943074159166 0.0034258254546331024 0.006489316316112381 3.6585259898792515
840 0.9983062364303668 0.005506867366636747 0.0008543666337277322 3.6586242895443193
845 0.9988514680912961 0.0029965865576961903 0.00013433213075497719 3.658193623116996
850 0.998714678201104 0.0036360836211639658 0.0004805918930366193 3.6586011234283484
855 0.9971060712930084 0.009793066946731432 0.00010095050133784866 3.6581468281691905
860 0.998822062909229 0.0032603580643058017 0.0006641184801008393 3.658274953469255
865 0.9979639514548946 0.006639653666677514 0.0015981945476664094 3.657954956644283
870 0.998098645053302 0.00612414390619298 0.0013990100816692053 3.6584678828839903
875 0.9986755553921496 0.003915942300367181 0.006723383852846654 3.6575256462507597
880 0.9986329167403306 0.003995387371113601 0.0017945653556921126 3.6579006963768257
885 0.9982826562131324 0.005585777474813369 0.005326640796877946 3.6581054501911474
890 0.9988201590346775 0.0031150029417044145 0.0004835473995685735 3.6577530290117193
895 0.9989754785988365 0.0028325121077892312 0.004553724645593782 3.6582496537450955
900 0.9988410943188418 0.0032434573197486216 0.0027256118725886846 3.658201066726099
905 0.9984467108179109 0.004985724406219472 0.00023871013651999284 3.6578978684875936
910 0.995199941248693 0.017783960869368176 0.016210715952487353 3.658093513797531
915 0.9989337173800875 0.0029524796608826342 0.002992890654571312 3.657679396250055
920 0.9985839008563118 0.004552800674966662 0.0013182650370238136 3.6572818359276904
925 0.9974258982481753 0.009008084778908909 0.0013949087204145894 3.6579294197120555
930 0.99790041623688 0.007177488523707698 0.004922369929787118 3.658067415754147
935 0.999036234446148 0.0027267772541721413 0.00127985283613552 3.6569830651743676
940 0.9983987574878826 0.005237951467865987 0.005675312551987277 3.657811482949043
945 0.9988141748186333 0.0037502346840008194 0.007631735280823282 3.65758895026911
950 0.999083485119601 0.002706142627590946 0.0014344393758420892 3.6574948045977624
955 0.9977960055914925 0.00789516484189079 0.0006146766693617689 3.6570901208564432
960 0.9955463784617051 0.016433211722100438 0.003958387628717919 3.6573032299300277
965 0.998975075843834 0.003207598273803569 0.0023998646335161578 3.657563612562042
970 0.9990773915235971 0.0027061469416036488 0.006460653891521284 3.657611015201161
975 0.9987211633413028 0.004004668126293964 6.926109228566624e-05 3.657779002943375
980 0.9992114909067364 0.002269374882573505 0.0040357055943192055 3.657181505318294
985 0.9988368878142231 0.0035719206629316602 0.00031010480766080484 3.656736278495913
990 0.9989721628989152 0.0031075557283442024 0.0019509899796490426 3.656821298791087
995 0.9984752520314777 0.005148123207860511 0.0048101988320239375 3.657468581073539
1000 0.9972095388955236 0.009893240665613146 0.006353201322716107 3.6572307140341103
