0 0.41120231021403836 2.0183412893998662 0.4004898671778854 0
5 0.9275970452414541 0.2583146686101787 0.012340431757999148 3.8279670594734863
10 0.9343232303274229 0.2599363735109863 0.001210398046662009 3.7548302045741297
15 0.9360634176911738 0.2582447662753604 0.011763435139549694 3.738411576197673
20 0.9365333593213874 0.2559268929101157 0.01743144412784159 3.730458185812635
25 0.938427400630733 0.247470145292219 0.023085153512787393 3.7271488422154646
30 0.9340995024078707 0.26654762213829697 0.01371127652253712 3.724747367147546
35 0.9375041982558117 0.25428384330021236 0.011959544550953938 3.724981626629123
40 0.9382640153132307 0.252074129497176 0.00868873276907034 3.7233827205862298
45 0.9238571495389127 0.3015233453646502 0.011024447343447097 3.723003236750455
50 0.9383979419892239 0.2510141910550088 0.00940266023483649 3.7226290988252737
55 0.9379009562988851 0.25162530144972317 0.01668474075104709 3.7214690839513667
60 0.9385497749629039 0.24975628871814637 0.00808685593225933 3.7213882894818533
65 0.9381537904366983 0.25259573426502246 0.018775363050009153 3.7210010916166265
70 0.9381360036852282 0.25166835531600507 0.010505491245805576 3.7207528814583797
75 0.9327134665528523 0.27079709722283196 0.005395081960951842 3.7215794141239793
80 0.9383107390086809 0.24998075630543592 0.013784237485082729 3.7205583575206465
85 0.9361546815541668 0.25834414972727604 0.007336533004904888 3.72095020104893
90 0.9389929197734559 0.24814185061576266 0.005097815462086208 3.7204446881658755
95 0.938923531287559 0.24876656748754922 0.007261104717664502 3.7211472722647247
100 0.93558447986152 0.2608065419694956 0.008642802350028012 3.719229928261166
105 0.9305305508108488 0.278764353125859 0.017360339422837656 3.7203304724174378
110 0.9387845843542795 0.2502285702277711 0.01374101190065491 3.719508260830026
115 0.9384269417358893 0.2501869529310805 0.00927281821168724 3.7191860476350507
120 0.9380823892012451 0.2536088419877389 0.013787389617740509 3.719300507973528
125 0.9385519364905365 0.2503136016762473 0.008953842704473525 3.7183947055896183
130 0.9383914234566921 0.25145271200004515 0.006532968483045076 3.7180463971096303
135 0.9385537375622497 0.2510248245163451 0.011669705940945851 3.7191040374775124
140 0.9375760712300436 0.2524371054980188 0.010034073526801413 3.718323805883166
145 0.9385619707153996 0.2517989949815229 0.014202854378937646 3.719615027963509
150 0.9388047872661606 0.25174172573338804 0.00921104118559235 3.7180024958846682
155 0.9382103435884863 0.2526773392632853 0.00890837816978296 3.7175321654931475
160 0.9354079384209013 0.2647547575275939 0.012843956304258164 3.718073623197857
165 0.9386979408877432 0.2501433890543989 0.005759983781401523 3.7175498720514195
170 0.934998685373009 0.26243647922265545 0.010980865337471002 3.7178425781664055
175 0.9331918804413294 0.27152408270959505 0.01219928517232427 3.7164281137929676
180 0.9380422680019707 0.2516878274043268 0.009652127558330115 3.716670680542578
185 0.9391140890955164 0.2477367749024073 0.009668311707558885 3.71637459615152
190 0.9390782019733287 0.24919060717825392 0.009712736205633732 3.718026091993088
195 0.9373710353369822 0.2539135385673137 0.015884054605231013 3.715825067024453
200 0.9391742464647317 0.24816229832540415 0.012855269063949626 3.716838726855958
205 0.9390906784973903 0.24960722361622745 0.009385671633569848 3.7170044301251717
210 0.9391042595420385 0.24806760792989602 0.00981334271133183 3.7169593818544073
215 0.9392537758636057 0.24824194484895745 0.016087929831468006 3.7160170024789356
220 0.9389456100540947 0.24752295055956974 0.008064087383810259 3.7159883013169184
225 0.9365564441839023 0.25480221232730127 0.005915310935743934 3.7156629408111517
230 0.9326453064785954 0.27066371629863895 0.012893685836998792 3.7150429063909662
235 0.9386833790124416 0.2507661935113168 0.012406377030337756 3.715429577129234
240 0.9382460094222909 0.25186651201743615 0.00260756664278472 3.714881397773589
245 0.9396776180102989 0.2455088734045634 0.004819198383475776 3.715726358495514
250 0.9386513535625101 0.25049165725099476 0.012323135937468255 3.7150300780726138
255 0.9392276501030663 0.24800972021334733 0.007372148336343143 3.7141844120579117
260 0.9397622885249358 0.24539413813852073 0.009863584069155662 3.7138520670113104
265 0.9398315031881879 0.2440257706285891 0.006336469547169266 3.7142950852570458
270 0.9343271183594337 0.2630948920014182 0.018812704524303392 3.7141173347722454
275 0.9384073999738047 0.24960620564187108 0.010930640654327473 3.71427508536469
280 0.9398088244963405 0.2453466265189781 0.0037018505543675584 3.713393665129642
285 0.9382454806470257 0.25283082333866247 0.014198344635353743 3.7120138234069655
290 0.9404143903606164 0.24186586612665284 0.003635335769018644 3.713827918230992
295 0.9392082063675271 0.2455714213065936 0.011983841894198433 3.7116049146915038
300 0.9380955408370286 0.253247666440124 0.008360380748408502 3.7113507636111187
305 0.940118594775933 0.2463359251782853 0.013293936959234198 3.71093859659812
310 0.9407768007778101 0.24126012156470145 0.008745976258071497 3.7101094105399657
315 0.9405490216015329 0.2412989167571724 0.019432018910394033 3.7107199600167178
320 0.941080081056078 0.24124301616446786 0.012420933613426888 3.7108163137897066
325 0.9397753437876273 0.24581203726032008 0.007546132076445611 3.709352574775001
330 0.941249038129955 0.24141372627482083 0.007794912426958511 3.708924685844883
335 0.9417265107487751 0.23988272110493014 0.01118553965115976 3.708069353082293
340 0.9417394886382902 0.23737107309513794 0.009987905121324525 3.7072607978398664
345 0.9424975164971473 0.23222317373818502 0.009550695442295032 3.7062209541682973
350 0.9427578038731494 0.23535886348903023 0.011323526478993928 3.705915524791911
355 0.9416958676357745 0.23715000266650677 0.010106226853234368 3.7048483710636537
360 0.9433741216291338 0.23462276898807932 0.010318038271440733 3.70421364282605
365 0.9446151254101312 0.22804466393204326 0.00021133748802282248 3.7038006603217726
370 0.9453510890146071 0.22571058738196248 0.007451205545230488 3.7030989770998897
375 0.9447324586558847 0.2311993062539326 0.01374347558285649 3.700971021280143
380 0.945670200142833 0.22713504660555994 0.01344348264326789 3.7011351212519843
385 0.9452154773687442 0.22586058317066815 0.003152818264214874 3.698735280310734
390 0.9452705502041936 0.23244350807504688 0.017990065361696672 3.6977919894813325
395 0.9488171416634906 0.2185251297217503 0.01026527605038341 3.696375725754442
400 0.9466235134781906 0.22717994986415402 0.012098608304827563 3.694698281682955
405 0.9514085172554385 0.20950163930614707 0.0075105577039067395 3.690741777630048
410 0.9523520232679186 0.20822292965714517 0.011183813452037672 3.689999085085095
415 0.9534470872269495 0.20467208861725705 0.011289441609307893 3.6892469717177296
420 0.9530264780194317 0.214515371823774 0.013539582971103803 3.685697964617169
425 0.9513144613398699 0.2135565366325718 0.008157564170657494 3.684760666018103
430 0.9570128528378611 0.19201993892314295 0.007483238168720208 3.681742145035883
435 0.9575514013500523 0.1926352821300239 0.010534059665640694 3.6805017672836264
440 0.9504546373331481 0.2249004506163903 0.014615130964817702 3.6795629116663076
445 0.9574182072699444 0.19690956369123036 0.00858786333456174 3.677746023103105
450 0.9587622878346774 0.18949547360588603 0.01263078589097022 3.67609990103379
455 0.9599449776834192 0.18533281089937237 0.006438402159790968 3.6766073007492595
460 0.9576158933296981 0.19481382601586406 0.010077271969290758 3.6750027482040313
465 0.9598889043109367 0.18708309464200257 0.007462319429442088 3.672630842539843
470 0.9604122693118857 0.188036262444645 0.0008015574984951979 3.6716014848793876
475 0.9597925516164776 0.18997287082414482 0.005738265831533251 3.6713000520638923
480 0.9604531289398155 0.1879859575340186 0.0040585528234251544 3.6697037572139273
485 0.9603479180069372 0.1871407585111009 0.005651666272185052 3.669876338010568
490 0.9596561334311604 0.19028031566581483 0.008260651255284301 3.6690457800492005
495 0.9610021669607525 0.1880317060325014 0.005557378545704372 3.6679644608211506
500 0.9808723484375643 0.06980659704638636 0.002176249775572181 3.7601988685371297
505 0.9918584778219096 0.02094104841391875 0.010567629735044548 3.68043148191665
510 0.9921137886609485 0.020334654040206512 0.004904788977408758 3.6751657964772524
515 0.9928795060943147 0.018616757186488364 0.005033149367977163 3.6718935153800785
520 0.9946251689762162 0.013117888434968084 0.005146356789764273 3.670748134239091
525 0.9941396833225036 0.015390204080719894 0.0036968526024627746 3.6691131076486783
530 0.9956666226089632 0.010498569369342459 0.00818412958419179 3.6677060773597474
535 0.99567291213875 0.01068579724965435 0.0038170257763052717 3.6676279213171217
540 0.9951956850167932 0.012962597686156485 0.0015184224268685043 3.667026267268061
545 0.9964195590331963 0.008751686396323066 0.004955152553449471 3.6655692541597444
550 0.9947641702851954 0.01515806292846289 0.006548179368993878 3.665727372325953
555 0.9968360681152382 0.007909975439069239 0.0033253831533566203 3.6650569128621537
560 0.9970513498731809 0.007267723795491232 0.0034513736986288013 3.6641214220526677
565 0.9871527291635306 0.04459381608290158 0.00680097579343375 3.6650086998868123
570 0.9967090453114447 0.008777613406590667 0.003770347163372101 3.664333247756704
575 0.9959430617311429 0.012049368861459353 0.008472005602888855 3.66361863565875
580 0.9975535758232987 0.006197868586617528 0.003409315172616445 3.6625017447912045
585 0.9942177644571168 0.018235841428845934 0.010681548134153784 3.662596419609906
590 0.9975943542690249 0.006072996386974339 0.0019012651017231708 3.6625933179866355
595 0.9979324645537113 0.005171665329863906 0.00281642564595308 3.6613650765837287
600 0.9877336793338077 0.04376341286486429 0.0016548919355448 3.661745057512813
605 0.9981544627819525 0.004555228410892287 0.0013374774359853348 3.661423847363137
610 0.9980513573537331 0.004903305202809349 0.0010916286747419957 3.6611735432338617
615 0.9974452432495111 0.007626391081120065 0.004117865162428513 3.661976441165137
620 0.9979593544318317 0.005560019815628259 0.001468241904133416 3.661437683568497
625 0.9981194608354851 0.0051500217527791214 0.00046467434886565684 3.6601425681862385
630 0.9916228043207962 0.030160498386149648 0.005589054955227546 3.660448370550297
635 0.9981201274282409 0.005069493781859613 0.0004233946343275008 3.661172634110372
640 0.9983393728794578 0.0043352961595832795 0.0007914598187410693 3.6608930049560526
645 0.9981079938379616 0.005418302126089181 0.002604320587286768 3.660474010051122
650 0.9971119920201684 0.009241068474903802 0.00086110354194191 3.660335933652515
655 0.998376724052371 0.004351445050817748 0.006812995691535928 3.6593540931856667
660 0.9978174063155074 0.006442556017254741 0.003268656774475742 3.660490623730961
665 0.9956893671438186 0.01487756885765279 0.00022151830557692875 3.6599983256313955
670 0.997984624958012 0.006108931023499409 0.008386102832469655 3.6595343825390554
675 0.9979815413681064 0.005889634968087254 0.002039899422108027 3.660583298547569
680 0.9984508846166766 0.004428648317046147 0.002449626422129425 3.6598215068689863
685 0.9982158632360978 0.005243489488061304 0.0034456397955209273 3.659172179413578
690 0.9958784795670217 0.014472541370759817 0.012829998551917354 3.6593255408626018
695 0.9957991657320768 0.01466849838862494 0.004526450922787362 3.6593062740745363
700 0.9987083139228159 0.0035158510093871165 0.0024348398744198363 3.658839863776565
705 0.997935737773 0.006558836113844002 0.0014237447525129454 3.6589697808787047
710 0.998748967881586 0.003389017932749816 0.004600504074668388 3.6582742891420357
715 0.9978436971428237 0.006809267115197137 0.006872281769983335 3.658497387224764
720 0.9981668998942138 0.0059029597345610085 0.0010298095762872883 3.6591887497808373
725 0.9988436017748394 0.0030552448623000217 0.0005501401504641734 3.6590558424124704
730 0.9989187857256463 0.002933628532446164 0.0031775254088912686 3.6582418423807934
735 0.9973324575721069 0.009216995722115762 0.0017263420937927432 3.6579656270725773
740 0.9985936017800596 0.004204233657356227 0.006828236012240696 3.658879490884352
745 0.9988750073872041 0.003099719077540364 5.2175485141692235e-05 3.6585292618916183
750 0.9987874156058377 0.0034667943323709594 0.004022211094384831 3.658878768219208
755 0.9979961891317807 0.006580361144769675 0.00019584857881427276 3.65888837066973
760 0.9922708868438908 0.028723277446401685 0.005102397543509829 3.658601447600585
765 0.9967446012999933 0.011404764881972618 0.003122365609577349 3.6576929032999757
770 0.9972639854286709 0.009246285040079183 0.00044712489016474066 3.6579175512986435
775 0.9983195706262687 0.005312300905176315 0.0012504688059753466 3.6582842603430263
780 0.9977300484716025 0.0075573035089053775 0.004514940029089143 3.6585989562840218
785 0.998874492360469 0.0031971802179184827 0.0047283497856245305 3.6580010511835632
790 0.9977449125352618 0.0076240990267999464 0.0012780098124984818 3.6580483261719428
795 0.9988901437629452 0.0032069789302662244 0.0027010378292999793 3.658399351217537
800 0.999017231631764 0.002767609457392073 0.0037211550464988363 3.6573995946386777
805 0.9989626971663985 0.002922885492428584 0.001062807491049922 3.6580670860557336
810 0.9963542921383687 0.01299270425384691 0.0037168684476229785 3.6572810141829915
815 0.9988490348699242 0.003613214213148641 0.00041368430415467117 3.657891409149626
820 0.9969814972995428 0.010615575239665276 0.005559908711346928 3.657134760818609
825 0.999061042429298 0.0026387508725700393 0.0013860324955978776 3.6578911208574105
830 0.9956537977102262 0.0157548574895503 0.001191694388468445 3.6573171375321096
835 0.9989986251974857 0.0029828675794720816 0.004233754660918354 3.6582727614668444
840 0.9989941727816809 0.00289708504048658 0.0036051885627428337 3.658072124602942
845 0.9977641648218891 0.007904730577820818 0.009475393039451996 3.6568665149607513
850 0.9991045849470581 0.0025659049276955948 0.004027692113439896 3.657754542661195
855 0.9990808083657927 0.0026151056590744126 0.003936212739988454 3.6571124043321066
860 0.9982502724330047 0.005740474881000601 0.006374783137509388 3.6570021886522297
865 0.9978624744843954 0.007333986446504515 0.0012719557195335351 3.656774302205741
870 0.9987844057373453 0.003746861620409714 0.004798058098163693 3.657579452729846
875 0.9985452825924293 0.004845755376317484 0.002525629716704003 3.6571460354751606
880 0.9989083402699168 0.0034182516918743744 0.0010930640022346338 3.6575209381036506
885 0.9990020762156077 0.0030364486206928554 0.002893135590776419 3.6569689354134693
890 0.9991808728084042 0.002379963045400668 0.0006560897962271106 3.657517678949345
895 0.9987472006137287 0.0041145860135469725 0.0003457574159277943 3.6574609101312614
900 0.9988885281339067 0.0034440051524096127 0.001872115483525727 3.6570564914510255
905 0.9986490550871081 0.004430797471866033 0.0008385819623983881 3.6570825447158377
910 0.9963630761646406 0.013586444680206977 0.0021840385138973684 3.6573298500825797
915 0.9987275358026979 0.004069356067637919 0.0014555445926311972 3.6565828420447004
920 0.9990981967389675 0.002652500698908433 0.0010842820443863754 3.6570779295250238
925 0.9983041062462554 0.005964118869477897 0.003661153730460054 3.6570501953977215
930 0.9976660257181241 0.008521422094169395 0.004655262765728141 3.656687879111534
935 0.9991772307722737 0.002443096188705862 0.0005714869258801603 3.656995239397495
940 0.9992439546836884 0.0021625425485498617 0.003213945956795916 3.6572456372393596
945 0.9990116434656244 0.0031500890591491526 0.005030810582313361 3.6575396518282357
950 0.998987171510739 0.0032213502802460603 0.0007799829497641131 3.6567132786974996
955 0.9968351800812094 0.011542216339963218 0.0013161870563385136 3.656973965441468
960 0.998526295113815 0.005133797514739413 0.0012035935447416435 3.65676669639794
965 0.9991110713409439 0.002758883076330765 0.0014517878772959403 3.6569230920455613
970 0.9989802822404996 0.00336675685201282 0.0038468221576277717 3.6569565141945186
975 0.9987652984512893 0.0040529083517317765 0.0006503972609408493 3.6568270253099127
980 0.9991899106182851 0.002533760577289712 0.001534590708326622 3.657078205657752
985 0.9990692447667178 0.002929403751229742 0.0034871028078522492 3.656702191037453
990 0.9991275660170009 0.0027519728101039753 0.0009712801430432627 3.656698663957896
995 0.99744288780985 0.009244520683440616 0.002884895561891865 3.656604883956886
1000 0.9989613395150516 0.0035005861177106468 0.0007767476842450716 3.65669694576231
