0 0 0 0.3413959251489789 0
5 0 0 0.023024778320735795 15.46970601172695
10 0 0 0.017417832622597773 15.414141090975074
15 0 0 0.024243857599321794 15.398027667000301
20 0 0 0.019339107872835326 15.387162818475861
25 0 0 0.02690494415468514 15.380849178616625
30 0 0 0.025355635924319886 15.369261776486967
35 0 0 0.02623903657736415 15.363159759341258
40 0 0 0.026879238250683946 15.35813258148085
45 0 0 0.027666223189787065 15.355118977242949
50 0 0 0.02526916075504837 15.342405028591363
55 0 0 0.027579197299643976 15.338695649461581
60 0 0 0.027866538018224807 15.32992736824066
65 0 0 0.027768891768462867 15.327994791131477
70 0 0 0.029084834212427912 15.330101365438502
75 0 0 0.028406363410302893 15.327590636482187
80 0 0 0.028789366717442144 15.321976306530628
85 0 0 0.02968025295409027 15.325037545906422
90 0 0 0.0282696162760534 15.32100747920577
95 0 0 0.024735061432025196 15.322031437515694
100 0 0 0.029170314270511533 15.321868444063051
105 0 0 0.02810986271893312 15.319724787728237
110 0 0 0.028349063938136965 15.316819784618142
115 0 0 0.02740505999106002 15.319699538699403
120 0 0 0.027672865138266056 15.318589193934313
125 0 0 0.02795033594542895 15.315646252572124
130 0 0 0.03030176750056901 15.315813247949677
135 0 0 0.027903725624991438 15.313235240466105
140 0 0 0.025769637664446066 15.315616230321462
145 0 0 0.028982609447006924 15.310692915971417
150 0 0 0.026991705158274426 15.313335734870169
155 0 0 0.025166033655063424 15.31345021331256
160 0 0 0.026041977991031695 15.312476834114657
165 0 0 0.02846448631768439 15.308521059761516
170 0 0 0.02690089285031161 15.307178441791857
175 0 0 0.02751888523706736 15.3100151017303
180 0 0 0.02802665725245901 15.311543917869125
185 0 0 0.029484823083538947 15.308783626491044
190 0 0 0.02804231806059998 15.308904863460809
195 0 0 0.027592564855137613 15.307521322761831
200 0 0 0.028612778317377296 15.306845680514797
205 0 0 0.03092168681378693 15.307187010937596
210 0 0 0.028088408114818053 15.306152793375299
215 0 0 0.028454446925114896 15.304750363851829
220 0 0 0.0257712406144861 15.308345005662638
225 0 0 0.02834289244998045 15.301947516833236
230 0 0 0.02924569998928872 15.30824223510798
235 0 0 0.029178355950270296 15.302622272589838
240 0 0 0.0291022094358111 15.30635228610149
245 0 0 0.028830762610497995 15.303668245113567
250 0 0 0.028239061066502646 15.302417765852562
255 0 0 0.027195217102651048 15.301855380772405
260 0 0 0.029410115127887826 15.303690995512323
265 0 0 0.02773217466884459 15.304252785488382
270 0 0 0.028632019069732006 15.303251781537497
275 0 0 0.02711232525851326 15.302996480024587
280 0 0 0.029496355284166498 15.306068754103741
285 0 0 0.027979176047832732 15.299775586521553
290 0 0 0.027229225266480528 15.302087658743973
295 0 0 0.02706635192347706 15.303508425894432
300 0 0 0.02501977071463135 15.299275726687434
305 0 0 0.02935898675819648 15.301722854508116
310 0 0 0.02940546085689033 15.299828457112207
315 0 0 0.028988346076218363 15.297892823512473
320 0 0 0.027549603774718268 15.30027114619795
325 0 0 0.029010519023182635 15.299665467948596
330 0 0 0.028764855476417495 15.300272387046304
335 0 0 0.02676259536000747 15.296448128362686
340 0 0 0.030692180911895628 15.29814124750821
345 0 0 0.02717309872732887 15.29911206135889
350 0 0 0.029409059239459134 15.29655259348058
355 0 0 0.02816374593211335 15.298384096590164
360 0 0 0.030110734618081114 15.296935509042601
365 0 0 0.02779499302066135 15.29595817505463
370 0 0 0.031013354833327123 15.295145177544173
375 0 0 0.027302608180750143 15.294107508598495
380 0 0 0.026291167942210425 15.296770995668082
385 0 0 0.026571879001716425 15.29527308008048
390 0 0 0.024952321622915052 15.295844492842653
395 0 0 0.028740188932833144 15.292331390052075
400 0 0 0.028820209536993158 15.292645276216106
405 0 0 0.028117788569228752 15.293745735466848
410 0 0 0.026482556081778297 15.292902928227711
415 0 0 0.020013903510389452 15.291178036669601
420 0 0 0.023907435320522197 15.2911257557755
425 0 0 0.025573869679258898 15.290448204597494
430 0 0 0.024321053814766458 15.29254578748506
435 0 0 0.030141810108024636 15.289341368598075
440 0 0 0.024946864863188534 15.289368865338748
445 0 0 0.025813608142655653 15.288204097162247
450 0 0 0.02615565144058074 15.288273514671346
455 0 0 0.020717693539837212 15.28668386819169
460 0 0 0.027090298959109083 15.283510546394634
465 0 0 0.025573368015656905 15.283939064959586
470 0 0 0.022810002913088434 15.28231208279494
475 0 0 0.021627360685367636 15.281329433952529
480 0 0 0.021439167905494827 15.281672888503284
485 0 0 0.026639814230631442 15.276361766081203
490 0 0 0.028775352434276202 15.274908193669667
495 0 0 0.02201420157862266 15.274706304985768
500 0 0 0.026109356362078895 15.274438782665099
505 0 0 0.03540748391862958 15.269258196163888
510 0 0 0.022004568221970056 15.267743226885868
515 0 0 0.010736445777932868 15.264140507909303
520 0 0 0.025371917926802823 15.263493669238807
525 0 0 0.02076522609827247 15.26319999379226
530 0 0 0.027278635236352322 15.2587877610661
535 0 0 0.026517187694091948 15.253596389557952
540 0 0 0.009506776074320378 15.252616848166475
545 0 0 0.01643883711217531 15.247271620395022
550 0 0 0.03484109557846238 15.246398548222942
555 0 0 0.0030437055276790748 15.242434024506004
560 0 0 0.009383733654121595 15.236606016249748
565 0 0 0.008346504690105228 15.235330563589885
570 0 0 0.018108729713941507 15.23365932219103
575 0 0 0.008473822336433123 15.226032090952838
580 0 0 0.010835116984948101 15.222246048951416
585 0 0 0.004951096794628906 15.218263143611132
590 0 0 0.022777161481956076 15.213652500870205
595 0 0 0.023865271921571063 15.209295776085696
600 0 0 0.009263739431428997 15.202120175605923
605 0 0 0.0032293788459980544 15.197960952788453
610 0 0 0.036349792485925736 15.191097085954155
615 0 0 0.009943314904253597 15.188024895380979
620 0 0 0.028755908697717603 15.182080060473654
625 0 0 0.010888750816408166 15.175055039769825
630 0 0 0.013873325597653308 15.164568393497282
635 0 0 0.0032738621184720262 15.162374657453324
640 0 0 0.012529284047512412 15.15625855013152
645 0 0 0.051018466362303894 15.151213693349725
650 0 0 0.046844448069565114 15.141680238120394
655 0 0 0.03127782036464222 15.140502941821394
660 0 0 0.026538455491533774 15.129768730392746
665 0 0 0.004988803829425459 15.12075705557539
670 0 0 0.045792016800368485 15.117852851119792
675 0 0 0.045793798689764964 15.11034183096262
680 0 0 0.031109664632157363 15.104228814929481
685 0 0 0.030289262359884495 15.094132261892945
690 0 0 0.06632940547361299 15.08789959438776
695 0 0 0.018818711354153805 15.07953025766165
700 0 0 0.08674978945769918 15.075582075975264
705 0 0 0.05482774069143925 15.066303924054017
710 0 0 0.05218130482962757 15.061597007827789
715 0 0 0.01558830763930752 15.057234080572204
720 0 0 0.10924200410157914 15.05053525246336
725 0 0 0.09332177430491151 15.041597345584874
730 0 0 0.08699942407393046 15.033014680457734
735 0 0 0.06283977498892024 15.028503886748355
740 0 0 0.11481876364580756 15.020925093717402
745 0 0 0.12768462451371376 15.014153832350964
750 0 0 0.0997983374192557 15.005755650344197
755 0 0 0.11664101287265627 15.00274931585475
760 0 0 0.07616121946426713 14.995362808077337
765 0 0 0.10590070515811867 14.989143084094767
770 0 0 0.09934716068012328 14.983403311071518
775 0 0 0.12429707211695207 14.976253145568021
780 0 0 0.1598535325128001 14.967915327898455
785 0 0 0.12397308779700911 14.968699894643974
790 0 0 0.06658799443412522 14.958386570422721
795 0 0 0.11953814342564573 14.943955807854243
800 0 0 0.08131083206898104 14.944929434841397
805 0 0 0.15795125632001628 14.93662020480742
810 0 0 0.08098725463889855 14.932045751513664
815 0 0 0.08522156632229105 14.923225985017057
820 0 0 0.07549417317233664 14.913075907519055
825 0 0 0.0687469101802447 14.914030622739038
830 0 0 0.12530070696216744 14.912007968111197
835 0 0 0.10571039325974096 14.904812140752497
840 0 0 0.10921470780814246 14.89671261684591
845 0 0 0.14049358035756887 14.893756755609951
850 0 0 0.1878116304554205 14.883168667867174
855 0 0 0.04352330869061172 14.880143800976743
860 0 0 0.18519445002348078 14.867705675594411
865 0 0 0.13861658162528623 14.861661180802809
870 0 0 0.17897209179913043 14.862702159578104
875 0 0 0.21660996009765943 14.852728101521327
880 0 0 0.15259414334663624 14.849403877951952
885 0 0 0.15942284512187044 14.838459074672919
890 0 0 0.16583923526235256 14.834046366441878
895 0 0 0.10157019747813756 14.83547981709041
900 0 0 0.119823516485567 14.82509990602231
905 0 0 0.2574299326032611 14.817033570017415
910 0 0 0.12432519913366091 14.811878848299491
915 0 0 0.20865475167612102 14.809424752137064
920 0 0 0.16779211239546443 14.794244612339616
925 0 0 0.16295908114321533 14.797307920542167
930 0 0 0.17432193433507392 14.792536337724203
935 0 0 0.20120073397216687 14.7921134858717
940 0 0 0.17971187399753719 14.786419372881245
945 0 0 0.13020073908812213 14.779481354022495
950 0 0 0.22860172759164965 14.770721154540922
955 0 0 0.25127615508065826 14.781461344806376
960 0 0 0.20304438419125725 14.753976603544238
965 0 0 0.25642191097311295 14.759405274140555
970 0 0 0.21910425691400093 14.757289405985706
975 0 0 0.24169247489625045 14.741969224272255
980 0 0 0.26095846336914685 14.739911347557221
985 0 0 0.167831695836818 14.750199323793382
990 0 0 0.22072312646855863 14.73805605186172
995 0 0 0.2471254648566089 14.732938289126139
1000 0 0 0.24405820173033965 14.727797074087814
