0 0.5042558486095227 1.4539930948951838 0.27448541340292076 0
5 0.7540254638972004 0.677458444538062 0.06170167098860846 2.3328304287322523
10 0.9266861398165795 0.17140247886011895 0.009471310779542774 1.851137119741213
15 0.9709825688791581 0.06532051373713932 0.008519821542561035 1.6974468712843782
20 0.9755541276742471 0.056577007724318173 0.023690562357032263 1.6869404351203783
25 0.9771154199486378 0.054214641096667515 0.01831103779413712 1.6844745874099487
30 0.977909529017164 0.05276216859742844 0.02351644093295624 1.6828379443135904
35 0.9783922408687528 0.051746436246172145 0.01916580214625263 1.6818150478051488
40 0.9786534643269879 0.05144402364503331 0.011892408691778211 1.6808329079662903
45 0.9791375260066795 0.04982671624845603 0.024134003658077496 1.6800323008617335
50 0.9793511646913334 0.0489661443961269 0.01353913482742053 1.6793354390816153
55 0.9796558026429046 0.04842085948282926 0.01657725345798644 1.6783838254330332
60 0.9799239461789468 0.047652091756770876 0.012999321623012206 1.6778565984545977
65 0.980159816560658 0.04684697254707171 0.015000468838202385 1.677165174513883
70 0.9805004317373027 0.04605246486543857 0.010069094894750386 1.67646758693101
75 0.9807293576336589 0.04540465513682923 0.02683792530291962 1.6758174549090177
80 0.9808173430407883 0.045114854568496066 0.009418956050305738 1.675260203729376
85 0.981207875204676 0.04405131346837887 0.011158229275912479 1.6746080233542409
90 0.9812637346028064 0.04412021881754358 0.0007420128699211492 1.673982900288101
95 0.9814316774552603 0.043652416841385655 0.014648281054244316 1.673407932322577
100 0.9815579612802103 0.04337746189763525 0.022436907262309624 1.6729284690399395
105 0.9821497820230585 0.04157916337894174 0.011680537920744083 1.672057101846469
110 0.9818810508310143 0.042489812529419746 0.014225329278013898 1.671529752133991
115 0.9827034454915784 0.040141128642338764 0.014775047100944239 1.6709467377613476
120 0.9829043423865274 0.03971277726402045 0.011951679124514891 1.670256682187797
125 0.9832186274317516 0.03876997073973021 0.01567099881954359 1.669676905618062
130 0.9835546727473827 0.03825114514222605 0.009254994015736928 1.668957548361663
135 0.9837605266167166 0.037326595638933036 0.016847723839960027 1.6680643815751113
140 0.9836365103575307 0.03779479449746215 0.011123600699864511 1.6672771801301085
145 0.984247990232616 0.03620603751525908 0.015606960023818672 1.6663981415312177
150 0.9848108517488858 0.03505428289314705 0.01193262477524315 1.665774878134352
155 0.9852839102620856 0.03392837099331758 0.00782762745149368 1.6647993632483453
160 0.9853042910627587 0.0335426830315706 0.0022345753618080444 1.6640035324098017
165 0.9860791674125199 0.0319507106031971 0.01256889323086674 1.663037723262819
170 0.9861879880155504 0.03141447589528168 0.01587007657806261 1.6621069016749266
175 0.986999069640264 0.029604284507681378 0.008007138460921048 1.6608919138394231
180 0.9874650488930203 0.02829632332902854 0.014247596988724576 1.6598820666902854
185 0.9880388054793624 0.027180672883429624 0.004583846754704579 1.6587430100934677
190 0.9881606664377083 0.027779015424171938 0.0037159688470183028 1.6573161487576058
195 0.9890853218407984 0.024547983925740313 0.013922165661640173 1.6559227206740352
200 0.9896546613983577 0.023496704617358866 0.012693925219753543 1.6548185102579058
205 0.9902128326200319 0.021903222483957485 0.011363549951666219 1.6535429493783074
210 0.990295930002066 0.02171655134977013 0.012806024383881676 1.6522804441325976
215 0.9913341233057744 0.019674319125391415 0.0008934353917107174 1.6508415302353725
220 0.9918682052306316 0.017980912379757186 0.010617441735332633 1.649916288353473
225 0.9925500676875405 0.01651682195452886 0.0006029093992530044 1.6487594535773227
230 0.9930014950659145 0.015395231792802777 0.00831090102062415 1.6471468534203622
235 0.9935864945813326 0.014130957510428255 0.003866536312989055 1.6461744653556252
240 0.9939692526439246 0.013600696510789101 0.004919020112198247 1.6451500263029657
245 0.9943002722088639 0.013382180722401493 0.004896047868871323 1.6443123105189625
250 0.9948921228058745 0.011094167125210053 0.007917584530233945 1.6434963297599687
255 0.9952546227091508 0.010314856792518867 0.005403061108244733 1.643149352817461
260 0.9953355518213444 0.01033165404585401 0.0020411164532794235 1.641945607336673
265 0.9960156261249148 0.008879767172235598 0.009772939789863155 1.6410976422169654
270 0.9961553392280141 0.008373439667713312 0.0012641667465855821 1.6406093622078743
275 0.9965460552806885 0.0077121352789371045 0.009122568798221042 1.6399839826373779
280 0.9966903673172951 0.007578461539036185 0.002845091944748024 1.6396697594046077
285 0.9970257221698676 0.0066348685006132335 0.0050807565004009625 1.6392833645734814
290 0.9971289562508755 0.0065820318029823355 0.006584532122855702 1.6388913257705335
295 0.9958304966285545 0.0121511189795096 0.009248291986447388 1.6382438726814679
300 0.9973596259124464 0.006231116667938075 0.00581660271335771 1.6378983245882843
305 0.9975958677726772 0.005317231922169707 0.0008306040958028227 1.6383521681958533
310 0.9975889131127942 0.005772900807847314 0.0009115271928776814 1.6374419423297493
315 0.9979839038824506 0.004334504742343093 0.0008647801029508795 1.637509354229057
320 0.9980062705082688 0.004356468004085956 0.0006365385274242907 1.6372506536806122
325 0.9980867442885067 0.00435906926838503 0.0006494357071527013 1.637100609364753
330 0.9982901296767845 0.0036700954305493028 0.002490971814729015 1.6372922986453102
335 0.997236636805201 0.008133737205775482 0.011679881854735452 1.6367503890641009
340 0.9984163635283542 0.0035200405019544245 0.000683177600816709 1.6366226671580406
345 0.9978834459385315 0.005780929211838259 0.009088124957630228 1.6367084164907535
350 0.9972976764975694 0.007585884724972347 0.006695703948585541 1.636616655976911
355 0.9985654993485769 0.0031714897185308732 0.002272175852574776 1.635940373539534
360 0.9981197216139444 0.005097789952583254 0.012535564220331086 1.6356809997882125
365 0.9986071760654609 0.003126739047957461 0.0009937029252296004 1.6363959836776467
370 0.998794019844538 0.00260631206887485 0.004749157081574307 1.6360864861115652
375 0.998590452426632 0.0035799398731806154 0.0030314900330394856 1.636103733295198
380 0.9987962588288957 0.0026885614808926928 0.00427342416713139 1.6359538425536215
385 0.9988667251887482 0.002475762419616556 0.007071510649281798 1.6361140254889688
390 0.9988123414349122 0.0028637693990547497 0.0009101230202661625 1.6354778904184497
395 0.9985669227859293 0.0036342911257949417 0.0025197309612230434 1.6358042687663705
400 0.9989872097150689 0.002257085020474836 0.0046560253536986895 1.6358009313951647
405 0.9988464290609609 0.002853097895131995 0.0022794608792062743 1.6353866369704229
410 0.9987294364148771 0.0034032603380897974 0.005320636338333129 1.6358301544901728
415 0.9988638824590246 0.0027669588413206103 0.0009219699248994573 1.635797714573534
420 0.9975392764013713 0.008244574276510264 0.0031464239078105027 1.6354921957752666
425 0.998006060723527 0.006340783304972231 0.016704088075540247 1.6358619945648107
430 0.9966531457195182 0.011142137453449497 0.00399046857916785 1.6357286284691068
435 0.9991585625922221 0.0018218010345845137 0.00022618843225674645 1.6348662242744019
440 0.9983829004178568 0.005060242828823558 0.01003957490672347 1.6354055184893244
445 0.9984984094846416 0.0046433082476462495 0.006183038756390147 1.635643864156348
450 0.9987783944265914 0.00357860625998363 0.006235166267632319 1.6351597580787622
455 0.9992172510917934 0.0017404977761710239 0.0004947463552225084 1.6355867133543203
460 0.9989893118667348 0.0027549952351841878 0.0019203985382683086 1.635167054652446
465 0.9992097252513208 0.0018320370297835176 0.00010381324385577706 1.6352300551946535
470 0.997806364363535 0.007074032318919343 0.003482230074756343 1.6348800446663692
475 0.9992772484225364 0.0015697467242037355 0.002951316289269368 1.634943660374526
480 0.9991639856643112 0.0021672086603741203 5.157588430626525e-05 1.6355171278377003
485 0.9991929735625192 0.0019414408437947728 0.0021099641947515124 1.6354021174522366
490 0.9992059165708164 0.0018797093497646689 0.005004929541273295 1.6352182475840074
495 0.9983866323080495 0.005295401589332505 0.0029654394140108398 1.6351568741929032
500 0.9991397016671131 0.0021592318049692416 0.006350775979865331 1.6349686262337761
505 0.9991304629729307 0.0024158649345862315 0.0048077041459273495 1.634631193567479
510 0.998564671301886 0.004384723303630267 0.002457657416188308 1.6348876912696353
515 0.9990281883315434 0.002627719563699893 0.0029891941400994604 1.634848112212688
520 0.9993211655215206 0.0016476375557734624 0.00211339545983269 1.6351339918182317
525 0.9993210211057625 0.001587283988298438 0.0016377080540601607 1.6350658265900777
530 0.9993342182922587 0.0016331487980161263 0.0021691256355731436 1.63535325307862
535 0.9993679396507296 0.0014949544140263615 0.0031557339835999176 1.635013908612656
540 0.9993604095223287 0.0014722271272717968 0.00020362605240009657 1.634829553053435
545 0.9989546691589051 0.003005313169462065 0.0026176766959327136 1.6351498599553014
550 0.9992702353042255 0.0018738592186609004 0.0013228938370004606 1.6340443693128812
555 0.99813330744315 0.006169851421429673 0.0056911740753273765 1.6344627872403132
560 0.9989863677350894 0.0029160189343901965 0.003079727748153127 1.6349410763626857
565 0.9982309599063335 0.0058250009557285765 0.013427892647861706 1.6347324216010009
570 0.9988832033282309 0.0033360341064219146 0.004787622096555921 1.63474138173472
575 0.9990800211067691 0.0026165502601416257 0.001960686499613784 1.634984322867239
580 0.9981914632144289 0.006340710867925203 0.008021868026178325 1.6345438520464048
585 0.9993915464779036 0.001498922626721244 0.0030042501998335247 1.6345447525800265
590 0.9993334008957497 0.0016834778284384733 0.002539354419259565 1.6347681032508583
595 0.9993154836753051 0.001888050465634894 0.00045504985352740057 1.6347183296269856
600 0.9994697547317026 0.0012050773896643552 0.0003106995526160894 1.6347108786485511
605 0.9989780411291893 0.0032526281163924864 0.0016607454021386747 1.6345855360319124
610 0.999506810810767 0.0010810739566686767 0.0008899687067382978 1.6344883207823253
615 0.9994362747344308 0.001342287759706462 0.0012527640331931877 1.6345899079479045
620 0.9983941497801521 0.005331815638851545 0.011176648152275481 1.6348250205032715
625 0.9994789616927813 0.0012129380802210488 0.0011998149476120101 1.6347726912846028
630 0.9986633146937489 0.004590465750918149 0.010951001155958373 1.634277087537834
635 0.9993561904284676 0.0016873914980435334 0.00146710549126583 1.6345466581149617
640 0.9994975897082031 0.0012017316802599431 0.0016827008439046498 1.6341770939606217
645 0.9994588948002543 0.0013228858955673939 0.002625868526751951 1.634790620788032
650 0.9994762559881275 0.0012768817779218455 0.0005958541815815899 1.6346675528827341
655 0.9994065367201926 0.0015993149488273684 0.0016208322503581396 1.6341982434132956
660 0.9994163785418004 0.0014917391537081492 0.0008320214805823678 1.6345911912967148
665 0.9994821269439247 0.0012672880800719266 0.0028734358063622345 1.6344340583855068
670 0.9991016202980181 0.0028719935938272823 0.003832630485370414 1.6343773428819341
675 0.9969440299320734 0.011083936320540833 0.019154752063855973 1.6335574125202634
680 0.9992748880554809 0.0020630582087999283 0.0021218708965797806 1.6344486190126344
685 0.999427724832419 0.001533987405968107 0.0039944031103817945 1.6340206375731168
690 0.9992099667340191 0.002481402502953367 0.0006143622097090073 1.6341858751270122
695 0.999274235242744 0.0022317000535587717 0.0024682590962279427 1.6341240817186011
700 0.9994689430032566 0.0013545224062736505 0.0020390710425279845 1.6347681064569162
705 0.999407010506773 0.001584054052862438 0.00366524789328615 1.634246732362435
710 0.9993938763043639 0.0016274730236773838 0.0020623658774412412 1.6345828276545753
715 0.9991000421887659 0.0029020145770974892 0.0007365728771508984 1.6337593314863081
720 0.9976726507545205 0.008637546928961015 0.012936683120598369 1.6344112100832562
725 0.9993676855469162 0.0017654437432264025 0.0020392693777211424 1.6345350291495344
730 0.9995310582350327 0.001140789494234129 0.00048154471233807783 1.6342962502452816
735 0.9995334824122201 0.0011400136617316647 0.0016737646090221325 1.6345828091131123
740 0.9990707268125306 0.00292272500774593 0.005047156308097378 1.633698291334106
745 0.9983200340816705 0.006081930548641479 0.005167022202482219 1.634023273823808
750 0.9995946686938695 0.0009563464443587133 0.00268339174021337 1.63439771862846
755 0.9991632914150881 0.0025713061743997123 0.0017515164955190787 1.6338293059209161
760 0.9990423738772686 0.0032172562414043426 0.003821085738984431 1.6339959357792437
765 0.9994047591668223 0.0017666262326823112 0.0022663751291196466 1.6344087679927393
770 0.9995976369196039 0.0009318507622404493 0.0013489497827876562 1.6344396835660993
775 0.999587872938335 0.0010181449545296761 0.0001432850910974004 1.6340121994351162
780 0.9988485228458919 0.0038129774626525226 0.005525121049384962 1.6342071373130507
785 0.9990464985306349 0.003051375454149685 0.004515696773817357 1.6342773581286507
790 0.9992979766571051 0.002085386671979439 0.0028842983963757174 1.6340236987264092
795 0.9993948466644933 0.0017407570213454626 0.003211359391497526 1.633979258557396
800 0.9996252246913443 0.0008746098520151513 0.0004367942333842745 1.6343509910752285
805 0.9996079925276941 0.0009356466013317188 0.0013684052534934654 1.6342615321793261
810 0.9996085332740452 0.0009664423144253309 0.001694422211776514 1.6345540137773116
815 0.9988691917539703 0.003940196498626536 0.0050222214236281815 1.6341653727592609
820 0.9995558900497246 0.001184767209112092 0.003273972387265456 1.6339336457056555
825 0.9996466895138487 0.0008089377775688522 0.001762229691094852 1.634358753846801
830 0.9989142441995622 0.0037542181642620243 0.005187122734708449 1.6341462171113408
835 0.9979753135330476 0.007279274377167244 0.002470385717603385 1.6341750363101466
840 0.9984564308324466 0.005622860686156139 0.011252452397733315 1.6336913792110934
845 0.9995911694293327 0.0010673112879246993 0.0010746267151671152 1.6338694090931571
850 0.9995863917357901 0.0010894791333477816 0.002285510042294492 1.6342213220511093
855 0.9995915759130602 0.0010732615743389573 0.0019342190142723759 1.6342112403020896
860 0.9995176777813668 0.0013674046619633895 0.002584183184888067 1.6341239042649773
865 0.9994890951759341 0.0014888225104374708 0.005993601144376193 1.6337542582148978
870 0.9996435200169039 0.0008426581897578167 0.0010422723707317338 1.634263954558162
875 0.9993658644131979 0.0019147924178106734 0.0007657339729310042 1.6341403732518123
880 0.9995638515786022 0.001138977320956025 0.0025688027450634365 1.63420265594642
885 0.9993749003288028 0.001999278518683756 0.0028513623519439424 1.6337575454935365
890 0.9994274154957083 0.0016824033283437956 0.006594191724172749 1.6340983896767214
895 0.9988581105910845 0.004051872337130558 2.0104086585925884e-05 1.6336199082861986
900 0.9994030478338995 0.0018836772400285806 0.0025546950975019467 1.6339740092452957
905 0.9991640614584506 0.0027003211729395016 0.004548635374074017 1.6338042142648046
910 0.9994019711492002 0.001881167100493908 0.005504164972617742 1.6338375623301316
915 0.9996733792240917 0.0007627900467914728 0.0010228493018344942 1.6338210026521365
920 0.9995251723186314 0.0013536042481319122 0.003759760422386682 1.633632160106294
925 0.9996947432512624 0.0006837406497894882 0.00048392691062115745 1.6336779722411818
930 0.9990955342784514 0.002978513187543941 0.0033256418574678648 1.6335189703307356
935 0.9996360004152548 0.0009559986808349574 0.0005733269178864742 1.6336871507747859
940 0.9993200830421249 0.002218664763068645 0.007666526596055601 1.6339769627209009
945 0.9996639354068757 0.0008336138059348297 0.0016320857793112875 1.634170344392829
950 0.9996203477868856 0.00102403288868258 0.0028872809365361185 1.6334896736245452
955 0.9994346651103836 0.001681035283917831 0.001403104158234747 1.6336826549663066
960 0.999652617558083 0.0008457143649815979 0.0003607597878090285 1.6338682192452196
965 0.9986913650620995 0.0045910118751066875 0.0035535765253467133 1.6337295179946327
970 0.9997151226679609 0.0006314737375838764 0.0005405174021460013 1.63386054372835
975 0.9996822398584 0.0007770250164198522 0.000720007154627611 1.634148827921857
980 0.9993637509894531 0.002072694975573164 0.0004106545767694758 1.633611295099801
985 0.9993184008411564 0.002159276525472986 0.0036203775686756146 1.6339305623452904
990 0.9997000252969916 0.0007121066052182545 0.0002054335225396553 1.6341368553882831
995 0.9995188239829133 0.0013861033399660272 0.0015352904216381358 1.633980985343725
1000 0.9996717460685643 0.0008134833486803661 0.0013037105452573527 1.6341191457318536
