0 0.48547542100353147 1.5430269033787432 0.27987887564899294 0
5 0.7619094993463698 0.646298377946728 0.11512794307537066 2.3036931732112413
10 0.9324781295212167 0.15241699411556642 0.005668735111189704 1.828024176375822
15 0.9726679095792237 0.06247411126844904 0.00529861105398699 1.6927190916398691
20 0.9765319621984271 0.055374283599387564 0.014510489241739144 1.685348724594911
25 0.9778250433749747 0.053596760863781956 0.01904220598937756 1.6830750451785637
30 0.9784370502194659 0.05179917640884124 0.019487852718124143 1.6816254220467652
35 0.978975943219208 0.05062797766005045 0.030685993570447545 1.680572566664333
40 0.9793730688743126 0.049680662417895594 0.01573782271500246 1.679584578439638
45 0.9795705005279803 0.048825970167428956 0.020058679772633647 1.6788125675814825
50 0.9800150744284248 0.04758515976831523 0.022155085158943155 1.6779906646278766
55 0.9801591254382906 0.04725019623124749 0.020432413672679228 1.6771772382084849
60 0.9803793757472616 0.04655695388140746 0.0213693265809467 1.676467998771055
65 0.980834651545149 0.04526376724504089 0.019760796416181226 1.6756395022783337
70 0.9796922418994832 0.048868194960184796 0.028291283835438108 1.6750164272434835
75 0.9809757485677638 0.04518234745256722 0.009968318237411733 1.6744720354659341
80 0.9815924718685312 0.043171733107153054 0.007738641050653694 1.6737472339851334
85 0.9818231466895554 0.04250348427343642 0.012508467092778641 1.6730533962426586
90 0.9820972780619472 0.04181037302000479 0.020489463799509444 1.6725392196426798
95 0.9823288774491641 0.04125165338768921 0.017083079058435757 1.6718922894812946
100 0.9826112856469413 0.04044297365703731 0.016630081528195895 1.671236063258688
105 0.9828001155347847 0.03999998365234325 0.02157884281630107 1.670549408003081
110 0.9831502402340424 0.03902605469061693 0.014243809633423199 1.6698969053355628
115 0.9834431238252201 0.03829002818103677 0.015082609526378521 1.6692230688877308
120 0.9829851282173507 0.039697774244640716 0.013816745214842552 1.6683747225312422
125 0.983964933845493 0.0369487385270757 0.014679097175994915 1.6679617802945947
130 0.9841983010993614 0.03638112873242427 0.021332627914332658 1.6669184186150576
135 0.9846996592991797 0.035361302509464565 0.013861387381143953 1.6662566313342304
140 0.9850390958831623 0.03434357922922082 0.025731182260141816 1.665333831837802
145 0.9849324383033639 0.03452923970699229 0.016246709520103098 1.6645056130239684
150 0.9856282210173147 0.032793131528561004 0.007816890414495292 1.6636387595411575
155 0.9858252751513306 0.032379387565441675 0.020008854561378575 1.6626356588186129
160 0.9865871998309745 0.03042039951462705 0.016592096444091986 1.6615875673312792
165 0.9870727358026661 0.029407302191663653 0.023861314299150393 1.660327780439297
170 0.9875402437889651 0.028313262106720805 0.003991728312995768 1.6595977389416856
175 0.9880921768500796 0.026857983208957714 0.01980467801350505 1.658360033373506
180 0.9886190567480793 0.025547545493935342 0.013250501658068625 1.6571916506702693
185 0.9890849044003482 0.02435308336209463 0.001590197601545551 1.6560911273287655
190 0.9892520525392827 0.024105508580439583 0.007662838841685282 1.6546332188667052
195 0.9901321483476306 0.021940115512228298 0.013121339213705951 1.6533356471590595
200 0.990809643263963 0.020435144918264703 0.011790464820503388 1.6521622358314396
205 0.9914674294218917 0.018876836180454104 0.0022447879571574347 1.6507793660712076
210 0.9918643793026075 0.01830356192366267 0.011818012007435374 1.6495495637345605
215 0.992633847831268 0.016334707059849407 0.002900143035104774 1.6483235864815118
220 0.9929392856935513 0.016129704912783316 0.012801219584259949 1.6471557474415988
225 0.9937214050208827 0.013608311077445867 0.0025465929697887635 1.645957535158592
230 0.9942728477279985 0.012378890067167525 0.00938795508948198 1.6447270729195993
235 0.99459114417297 0.012104626712694966 0.005503370837626864 1.6435633196655741
240 0.9951891355142161 0.010337707478438096 0.0034492265480132733 1.6427496301065323
245 0.9955957813451355 0.009530400445800336 0.004145783755201693 1.6421157882887065
250 0.9958061326934587 0.009481457766100432 0.0011888803645609958 1.6410706959416579
255 0.9963103024289328 0.007854308609729799 0.003953973928543464 1.6403121672228322
260 0.9966081023254564 0.007392280085899872 0.004791508912355358 1.6395729014972733
265 0.9968850142496335 0.0066803063536329255 0.005151155783927219 1.6393688412423142
270 0.9967144100041585 0.007876899662631498 0.006119182924991584 1.6389563985496762
275 0.9970859975931059 0.006525468001192358 0.009785428688622755 1.6384270396573175
280 0.9969834244742599 0.0075143219094189195 0.00031207867991578375 1.638078207917829
285 0.9977276562164528 0.00495848693515466 0.004417183008251557 1.6378268781644252
290 0.9978917506937255 0.004587985180615428 0.003886639531540226 1.63711774438866
295 0.99760288341078 0.005938361298420736 0.002808665122011389 1.637275828458818
300 0.998039294563595 0.004343659707731096 0.0034684046634634313 1.637003163764135
305 0.9983127420818951 0.0035610626259230393 0.000503539190308322 1.6365549646482342
310 0.9983168230786456 0.0036814357589676217 0.002459587253008655 1.6363138186242066
315 0.9984432573658681 0.0034186530416291383 0.004818443272489148 1.636220442557081
320 0.997473915842492 0.007359100717417633 0.0032568592973793997 1.6358936326013096
325 0.9985379652363728 0.003246985355086718 0.002031017767053278 1.6357509603895986
330 0.9985640341612417 0.0032840824384434697 0.000928923157968109 1.6360964120318355
335 0.998384777811852 0.004027855287483062 0.002088547003372465 1.6359236220020938
340 0.9988299460830995 0.002508616710654721 0.003117638682024193 1.6359461240122588
345 0.998883408341492 0.0024146591662477235 0.002643491909812834 1.6359244372526363
350 0.9989258406456218 0.0023167453431618412 0.0022375593315175912 1.6353828382655606
355 0.9986032699859082 0.003677777824911521 0.0020430159067867937 1.6353444657298062
360 0.9989796690230308 0.002249412545379359 0.002559557847778393 1.635278524327048
365 0.9977517224842242 0.007194337853085653 0.0065132673992840395 1.634933547501086
370 0.9989410970337789 0.0025555575761591065 0.0019506190027738235 1.6349643423060147
375 0.9975925448515998 0.0076151652742626474 0.0028878859429279924 1.6352780003790004
380 0.9985559063701133 0.004042519922037746 0.0069402425690987535 1.635364082732987
385 0.9984352681560884 0.004537830871700788 0.0009714970677294765 1.6352133100855415
390 0.9989704855807533 0.0026829071819463035 0.0005820475243010215 1.6351489179630638
395 0.9986950498403735 0.003655470785423054 0.0022602329777499097 1.6350787953653614
400 0.9992483509766501 0.0016365787440715263 0.003410068602562877 1.6347750781034165
405 0.9989631645665811 0.002823828637619874 0.007389716551786885 1.6349193862885705
410 0.99928497027519 0.0015632707359582998 0.0009853688078911294 1.634912491736502
415 0.9992217968573125 0.0018117405063362568 0.0022794808980459713 1.634832546935782
420 0.9993087243024816 0.001548118341377469 0.000760089960837762 1.6350590439646806
425 0.9992782968536114 0.0016716374060741224 0.0009098894282206782 1.634263127337811
430 0.9992904337261368 0.0017016180196425257 0.004721852305650476 1.6347371711244887
435 0.9993030304277811 0.0016595541572963501 0.005856093725742362 1.6351513261757338
440 0.999010817652003 0.002730546038209214 0.0002244156231649974 1.6350992782168445
445 0.9991714797932929 0.0022543205727953985 0.004112062209330913 1.6347958528754305
450 0.999391087872922 0.0013532089046157658 0.0017228336412378198 1.6342963036270926
455 0.9994220745993507 0.0012595185483512683 0.0010038431075027887 1.6345800694729928
460 0.9993623424950977 0.0015428706319020602 0.0009782415817700674 1.6347882199600443
465 0.9994433448489424 0.0012413710736922656 0.0006248406028275255 1.6345950160985319
470 0.9993144555973963 0.001792169245361519 0.003990400114033177 1.6344140338061715
475 0.998939454353174 0.0033042971769241536 0.007232531118097185 1.6345728814169411
480 0.9992894797399137 0.0019205280626328758 0.0010762684318958993 1.6342962949135218
485 0.9984406817308469 0.005277013753597348 0.004038033726194268 1.6344490332795183
490 0.9994963826392542 0.001093567875500856 0.002032144452682294 1.6343505488491448
495 0.9994729549033727 0.0011946653437777677 0.0012750280582443096 1.6346605267262413
500 0.9986616518030556 0.0043132913219521285 0.0016541885649652421 1.6343538914221976
505 0.9995060850089508 0.0011122626307253913 0.0020101373115266608 1.6340618613910942
510 0.9993534068662908 0.0016840859999531776 0.003895682130591993 1.634876257801099
515 0.9994771077270079 0.0012189063753349494 0.0031618321786761605 1.6344384739310314
520 0.9994818001396766 0.0012298049985943749 0.0013450884625143544 1.6343301649619277
525 0.9993351595747184 0.0017915790517997188 0.0017590724967040394 1.6344742313858276
530 0.9994292504536402 0.0014947533154898718 0.0004204890656174243 1.6343378260069727
535 0.999438286404539 0.001453833115851788 0.006088417333215856 1.6345017083248252
540 0.9970103566491006 0.01083204440091512 0.0033391954100430166 1.6342633523448271
545 0.999518309752518 0.0011691744295430073 0.0012497956631518647 1.6341764816933388
550 0.9990676323582843 0.002873773167542115 0.000823448060341514 1.6345619703454546
555 0.9995500861070132 0.001027140118559533 0.0006580934907967073 1.6345489371666195
560 0.9995206450064243 0.0011558325566061178 0.0015035918773209644 1.6342151104573202
565 0.9995586797788034 0.001026786230859278 0.0014204873751340052 1.6336032792635504
570 0.9992796584958303 0.002152346029428598 0.0020327934536110703 1.6340438820783862
575 0.9994228447697179 0.001548401234310326 0.001495799644628093 1.633928611996927
580 0.999530393386008 0.0011997329901316522 0.0016343957830122768 1.6339977225438986
585 0.9995899101191388 0.0009454574459286658 0.0013711060372081363 1.634426933830526
590 0.9983892284367286 0.0057932143382697365 0.001410918292824137 1.633809599311182
595 0.9993667693967181 0.001795063821730336 0.0022704276467473417 1.6340636139118698
600 0.9995867050723724 0.0009722669618830171 0.0017015704400760168 1.6345671982950378
605 0.999579371743865 0.0009935306262043309 0.0005855178494120761 1.6340489500528874
610 0.999475813958031 0.00138649595367335 0.0001414962864356717 1.6342982778204662
615 0.9992275282095052 0.002435383996207463 0.0005946281335462711 1.6339794862340855
620 0.9996225233621252 0.0008471596998622655 0.0011286916923534118 1.6340129953520846
625 0.9994986439186477 0.0013734621294614335 0.003312640718549309 1.6339466635528836
630 0.9989065229667097 0.00375271113999176 0.002027378930425261 1.6340593539491963
635 0.999127600736917 0.0028691938513998316 0.0003336531530742093 1.6338707063643054
640 0.9990651960321374 0.0031361946507337812 0.010825130542817973 1.6343339672606643
645 0.9996029326942933 0.00098215156912973 0.0014178954278905032 1.6341240874656813
650 0.9993184964471626 0.0020435191381555917 0.002806394275154833 1.6343205351103327
655 0.9996126895518149 0.00093561300396372 0.0012965563131936975 1.6337604552890121
660 0.9994980147134553 0.001369156821666051 0.0005868995850804026 1.6344896006678618
665 0.9996465708009831 0.0008151762949937247 0.0030933883354613556 1.6341297547614162
670 0.9994848899249369 0.0014320593121806002 0.002792183746424648 1.633587028247748
675 0.9995822876688479 0.0010518324828405756 0.0002868993167801648 1.634084496139855
680 0.9996336430349773 0.0008925248456241874 0.0007191866878943909 1.6339723446362313
685 0.9995919057625458 0.0010236567567591948 0.0003899169092211885 1.6340194499926606
690 0.9995614943366958 0.0011554058410849777 0.0006374976467304894 1.6340964422379887
695 0.9996501984755426 0.0008223892344707551 0.0034913405486365345 1.6343178611096403
700 0.9995660329438747 0.0011769327826176568 9.565741377648429e-05 1.6339156399815398
705 0.9995167369169458 0.001367037554588002 0.0008608130713381179 1.6340253395227067
710 0.9992528013019937 0.002440549399816083 0.004620973168901754 1.634330819516138
715 0.9994566656928616 0.0016386105087931035 0.0016736550928684313 1.6337902722002031
720 0.9996076640442768 0.0009951264609897592 0.00434812441913901 1.6339895502988755
725 0.9994011218542513 0.0018810965873212737 0.0041843449083058815 1.6340627732141189
730 0.9996301588397873 0.0009261735452312791 0.00394291089558374 1.6339979022845574
735 0.9993707397962164 0.0019995971123800693 0.005366623252854863 1.6341164874514666
740 0.9989796640430013 0.003565885728454621 0.009884173156574416 1.6338528353560804
745 0.9995873523500226 0.0010991988553257226 0.00030759626653709127 1.633600718884006
750 0.9993015445150873 0.0022965200018052467 0.0023252304811189894 1.6339457907187869
755 0.9993789580056807 0.001989960105214683 0.001269538376901247 1.6337111175870058
760 0.9996775175831805 0.0007722937261473994 0.0025279583406869754 1.633916778003878
765 0.9996387502807876 0.0009116777407089938 0.00435886742283409 1.6340669641324315
770 0.9992338166763843 0.0024768738232801013 0.005938074729140874 1.6340135967985885
775 0.9991595965596756 0.002773953802174711 0.004468815619532496 1.6341297219501851
780 0.9990074235844364 0.0034813599657044225 0.0017871879271593727 1.633405981726429
785 0.9996121293857728 0.001018981636458527 0.001419175899376901 1.633733066286455
790 0.9994728777147259 0.0016407512848752859 0.0005680075371727877 1.6342346055743469
795 0.9991078696135323 0.002990761655088825 0.002603507716727016 1.633658868902243
800 0.9996826033508875 0.0007678999196998326 0.0003058193003748766 1.633572778231065
805 0.9997114856986073 0.0006570882107137521 0.00011655172169944272 1.6337966057405566
810 0.9993450279621643 0.002177358040663213 0.005148822016146859 1.6334873873332483
815 0.999140814576934 0.0028823997014961744 0.0058104737978750265 1.6335764078760802
820 0.9996610113021265 0.0008811370575028121 0.0005451693790983203 1.634028850213189
825 0.9995338059364353 0.0013617263719458705 0.00349422712948666 1.6335965784492819
830 0.9990325058150361 0.003432863803497721 0.0027783933930134452 1.6335734139596934
835 0.9996677805810983 0.0008741122242656996 0.002785467970762845 1.6336981445774754
840 0.9995182178686692 0.001464560198130238 0.0055770647982920085 1.6338229643807125
845 0.9994334956242192 0.0017484247083678905 0.007705986302187329 1.63415768661443
850 0.9996873905279746 0.0007961257879782746 0.0015373828456548555 1.6334884712333224
855 0.999434108752739 0.001755496649274102 0.0016979680565711863 1.6336549720754605
860 0.9997395403966569 0.0005810759724196313 0.0004112995429061961 1.6336239576368927
865 0.9994323507794118 0.0017618897993116889 0.0022934782416026422 1.6337415391204055
870 0.9997227191136451 0.0006587794450159112 0.000688342558871069 1.633975342782648
875 0.998682936819939 0.004703832323751822 0.0013456274186633976 1.6336089520380568
880 0.9984543720588561 0.005736003017486446 0.006919267231997095 1.6337600771481318
885 0.9996098000710292 0.0010798421423852123 0.0005187611379493529 1.6334838020318876
890 0.9986663278573851 0.004773671847439376 0.00193753357336246 1.6334092776329683
895 0.999509938773715 0.0015441121466173158 0.0015619702250280199 1.6333667779793926
900 0.9995156599601802 0.0015112117227984445 0.006723779308344557 1.633866445228191
905 0.9994057738758999 0.0019456555972190426 0.0009887743253456094 1.6337559163498725
910 0.9996669814978527 0.0008797665013609013 0.0024922900866926057 1.633858948468054
915 0.9997317633298357 0.0006291824893622788 0.001171957864281481 1.633698623627194
920 0.9994429750111677 0.001757601236717754 0.0050461864509792065 1.633395209570713
925 0.9995053578888695 0.0015728033658195528 0.0008904437974512902 1.6334480201606818
930 0.9990296557330824 0.0033721366646786155 0.001737810339926149 1.6336007678769358
935 0.9994059206357843 0.0019031059712417697 0.0073649149582051265 1.6336913598855747
940 0.9981950447579839 0.0068210974166325045 0.012241926829711147 1.6334987331575002
945 0.9996764064078532 0.0008918267830870796 0.0002982507554347702 1.6334115452474212
950 0.9997082935120722 0.000736888022338178 0.002828984218118169 1.6335697023211446
955 0.9994083446396109 0.0019703785810680774 0.0019914021629574563 1.6330057965838436
960 0.9996467395774641 0.0010117464815122545 0.0012002626674805228 1.6334369930981876
965 0.9980785631460576 0.007306345424346272 0.004637968121782965 1.6333340361687012
970 0.9992901050735908 0.002368076998773061 0.0008075992528580045 1.6337037120282087
975 0.9986499680499763 0.0048856578549258955 0.013224103303879797 1.6330816630922085
980 0.9968946921914326 0.01179325695274236 0.00956489506777669 1.633469607627604
985 0.9997324518039631 0.0006682102419208746 0.002531010009367396 1.633521892054816
990 0.9997048971763112 0.0007658962300818306 0.002211211847490624 1.6336300613918928
995 0.9995059565089388 0.0015964999504483046 0.0010327249820432094 1.6338608172750697
1000 0.999430099367128 0.00189257361306705 0.0008139634751878067 1.633571234644709
