0 0.4976774235027739 1.4877067424652166 0.36899128528673697 0
5 0.7747357676917825 0.5988381976049846 0.02463161563030236 2.2647530244276903
10 0.9525019205510439 0.10449845861040807 0.005260991019974792 1.7599728228312634
15 0.9731698285034278 0.06094454221699275 0.027677998322440667 1.6921512265516025
20 0.9761009303932504 0.05618253494507108 0.012702164728493948 1.6862298034655012
25 0.9772743430339031 0.05443065567740124 0.026624537722460317 1.6843829691346386
30 0.9779196828169301 0.0532368991721166 0.024268932472419458 1.6828631264174525
35 0.9782423102929048 0.052598105882234236 0.027245849666042155 1.6818052374392771
40 0.9783587033371026 0.051825996442205646 0.016483664660910557 1.6810303501568717
45 0.979102614693735 0.05007664414531443 0.021405757301585338 1.6801342002318043
50 0.9793708473957777 0.04929713587362383 0.013083143335834269 1.6792117430874116
55 0.9797001236420635 0.04828126716912351 0.02413035678792097 1.6785616088919264
60 0.9798516310760848 0.04809481433737961 0.011584156637005183 1.6777215743604494
65 0.9801656712232082 0.04692241658618723 0.017159365212527478 1.6770566090075871
70 0.9802104186572536 0.04685099931571557 0.017747101393893905 1.6763657929037168
75 0.9807709195641958 0.045375354035502635 0.019951212143641595 1.6758613013793662
80 0.9810195116209808 0.044631752474818986 0.011743552623347142 1.6752366982976765
85 0.9812411128475069 0.04402127085232488 0.01690743945885176 1.674498355512648
90 0.9815241218149453 0.04325522651989355 0.005334702928363466 1.674044583408872
95 0.9807266954850271 0.04555710374670596 0.019338275873002075 1.6732192990756036
100 0.9815927458296378 0.043028206344202014 0.011668547461376022 1.6727262591928491
105 0.982136438498483 0.041458848015667016 0.007193994557521233 1.6721349092475017
110 0.9823677924318872 0.041272134028373264 0.00931543814592306 1.671580500658859
115 0.9827120536040538 0.04005993017279885 0.010446483564003017 1.6708509576331836
120 0.9829320773482078 0.03948239900549644 0.00013110612663447263 1.670336780612993
125 0.9831212215167495 0.03910389372448053 0.020571708037328218 1.6695742602366588
130 0.9829671127534083 0.03945353551084585 0.017793796174978116 1.6691450541550494
135 0.9835287398037977 0.03845610087192397 0.017314780572055932 1.668308305415047
140 0.9841036652480242 0.03670867544692724 0.008925725084692804 1.6675799648311815
145 0.9842051704618366 0.036255895320941756 0.011413401312066807 1.6670278300225525
150 0.9846413715360393 0.0357091919857242 0.015836942908966867 1.6662362040967524
155 0.9850456800069513 0.034298185352103605 0.009414860816140624 1.665420942498713
160 0.9853910448574823 0.03339248712111198 0.010773377294956532 1.6648432478327428
165 0.9856668902888626 0.03269729373897223 0.02074153539706569 1.663867090921745
170 0.9861214126127928 0.032014943077081526 0.0076985589555076395 1.6629407411268757
175 0.9863361113453653 0.031054492611567897 0.006100767286316255 1.6619343808134353
180 0.9870092712018144 0.029741276818624707 0.013279907936348145 1.6610160796184907
185 0.9873477675486556 0.029176104898431143 0.012295680464986969 1.6599278893437088
190 0.9865831123065706 0.030738203488143823 0.018860019221561775 1.6591356825777634
195 0.9880806497922588 0.02804001527819011 0.016380291894045662 1.6576090169128546
200 0.9889043233063168 0.025048614682058767 0.00241265804312496 1.6566574737771904
205 0.9892951349538952 0.023964191436619764 0.011746333741515347 1.6554938237120689
210 0.9892433774401148 0.024176314748641792 0.00995243593046169 1.6544236734707467
215 0.9905360124340933 0.021407327071066407 0.014700274903744148 1.6530595529019902
220 0.9910909019408554 0.01991519298505473 0.015093552960389056 1.6519410479014696
225 0.9916467346858835 0.018717625923105663 0.011267930211864119 1.6506092702739539
230 0.9922001647516691 0.017353729572207932 0.007523451079550547 1.649566722118272
235 0.9924105667104097 0.01677061547790748 0.008712628171241299 1.6483397945152247
240 0.993132096855237 0.015751016949743013 0.012109499599444185 1.6468162861615778
245 0.9936000866905204 0.014039719541152573 0.005568860911051132 1.6461351849695436
250 0.9930740690959912 0.01582753140044968 0.01004493390732919 1.6452232488432335
255 0.9945892176382466 0.011711773521453583 0.00010648056889173141 1.6439689642132829
260 0.9948173214812164 0.011241884651401302 0.006725106407860837 1.643472987689199
265 0.9948955264164185 0.011401445917193609 0.006678292513936368 1.6419656957582955
270 0.9957954974094212 0.009025715482942509 0.0020119501317488186 1.6417488552993462
275 0.9960467464741057 0.008484794569703968 0.004934759415639922 1.641147200861685
280 0.9959534720858223 0.009786464943687845 0.006796881410822575 1.640464358099179
285 0.9963244199055192 0.008127165250410462 0.0038384181454880206 1.6399161242972713
290 0.9968552383006722 0.00715519234526929 0.008244302417107274 1.639510898535164
295 0.9971322356549703 0.006109053938698761 0.0029118761852653385 1.6390548764512396
300 0.9968192389792778 0.008098704034504856 0.005601051424310999 1.6384756019562385
305 0.9975353559798459 0.005266381047774438 0.003747525515305883 1.6383940126056502
310 0.9974164931327563 0.005855404883673199 0.005430076045155996 1.6382506180425462
315 0.9978350767854419 0.004581152022469004 0.002956670445509957 1.6380034924657958
320 0.9979026309693093 0.004512624729892334 0.004535519959175893 1.6374197227980383
325 0.9973192006341083 0.006733112877671754 0.001961799399875508 1.6377903482215135
330 0.9980455753595067 0.004264763069796951 0.0012891313270426696 1.6374141794972936
335 0.9975508219458928 0.006178322517289558 0.002679600703010321 1.6373209353328877
340 0.9965678871812267 0.009899197467805543 0.018919772734255158 1.6368420580550793
345 0.9981182491329954 0.004750141137894515 3.821563817663076e-05 1.6365074129378068
350 0.9979634651761469 0.005088108782971945 0.0029975591018045478 1.6362228621492514
355 0.9977921870804132 0.005829888653367865 0.006463389123450014 1.6365600527754243
360 0.9979521407989637 0.0053791481797274 0.0019261451223271386 1.6365428715826311
365 0.9987377650786866 0.002668181504454914 0.0003664028910159711 1.6364142839949058
370 0.9981309896525462 0.004899971314791252 0.0027661286227853576 1.6363243116990938
375 0.99824938031187 0.004543141778182491 0.0033203893738673607 1.6365066573988296
380 0.9973273572491321 0.008611844119823964 0.002153445588729097 1.6360387615046228
385 0.9982880314041803 0.004901041715856813 0.0025271276064160464 1.636250596910878
390 0.9980230912163581 0.005618241038384042 0.00020331023918052082 1.6361023141322113
395 0.998974082503746 0.0021978846125167983 0.00027646257776559047 1.6360514083524125
400 0.9989483530008181 0.002450876369513688 0.0014648369592724642 1.635462466086976
405 0.9986957048435412 0.003322355262940224 0.0037469373841954035 1.6358003373925967
410 0.9990046145785745 0.0022807273070628575 0.0034567302659085364 1.6358530536342124
415 0.9989682306126064 0.0023699989597065763 0.0013910845267179894 1.6352625177190854
420 0.9989764651573348 0.002552647873190539 0.004802106281896146 1.6358853434324125
425 0.9991583655814397 0.001797283895311974 0.0008875320151691124 1.6354366422067925
430 0.998838641115082 0.0029952027398369996 0.00015378586787373472 1.6352569359606608
435 0.9991337481141096 0.0019812597827528755 0.0022237837611636113 1.6353310252414008
440 0.9985994776345459 0.003979175200464757 0.004004991191238094 1.6354635239026702
445 0.9982430827472919 0.005650887120737025 0.005349053803673565 1.635100772701028
450 0.9989253320171794 0.002789305870432468 0.00332832687765805 1.635128480246838
455 0.9991863348884843 0.001835651771015634 0.00167719910459585 1.635371919541412
460 0.9992263936176428 0.0018070483112961888 0.00015786811101259346 1.6350422689252722
465 0.9992890140270694 0.0015563558176947545 0.003145476944899528 1.6356765137406577
470 0.999141684526513 0.0022187846317955895 0.004489011245220942 1.634959885686533
475 0.9985797389301205 0.004493725437731966 0.002792143182110962 1.6351890107655738
480 0.9992230444354129 0.0019442989391196264 0.0006184342634134588 1.6346483815845627
485 0.9989182948465437 0.003018571270175574 0.0030920062439072638 1.6350319796097017
490 0.9990428839190131 0.0025551051551924164 0.0006948214696831378 1.6348534243024628
495 0.9991769863125867 0.0020851534337409383 0.00041811114027967555 1.63495825171536
500 0.9993222262489722 0.0015917619385108495 0.003895882536735229 1.634816916494926
505 0.9993004760140584 0.0016349607277581502 0.001493597398159352 1.634484955444161
510 0.9993860666441869 0.0013636321669139306 0.002551584048816169 1.634727058569477
515 0.9986122014324614 0.004468512697014315 0.004620972949867408 1.6353849835798855
520 0.9977367244027431 0.0076494949161018955 0.00585846179294891 1.634628936428851
525 0.998918284536588 0.003368893662833772 0.0047832653383916846 1.634475458006327
530 0.9979331404930653 0.0072448073404831614 0.009262352293589515 1.634932900739995
535 0.9989913817742357 0.0029148674096972638 0.0009641943672094033 1.6345952483129356
540 0.999404138546069 0.0014324672716845566 0.0015997753898973066 1.6346303418950345
545 0.9994359670056665 0.0012686973851512295 6.659676440290418e-05 1.6351702642964523
550 0.9994272084116272 0.0013689439534931847 0.005873455269992389 1.634623150893074
555 0.9992927244749856 0.0018384665081159213 0.002130839684034491 1.6348999890047184
560 0.9994450559383866 0.0012915437648299832 0.0021867491794484994 1.634763824904875
565 0.9979529907799878 0.007261949961398395 0.006158646284618152 1.6343516026940403
570 0.9992175026245628 0.002134653167462419 0.001922961951198232 1.6341972085707364
575 0.9994777735114696 0.001204629949378866 0.0018208009309641504 1.6345149303958584
580 0.9985773677580223 0.004866821499194485 0.0006245561716202719 1.633981622336359
585 0.998813659926147 0.0037169717994411933 0.0005057250168496452 1.6346161319135066
590 0.9992480901180976 0.0020825635537484732 0.0028911983675130593 1.63481685849885
595 0.9993312789661263 0.0018562137957316427 0.0008979432841853541 1.6344588694214204
600 0.9992575739144598 0.002158754424720133 0.0025474425666129896 1.6351254728210685
605 0.9995114916386475 0.0011381370134799784 0.00018103628892474077 1.6342747349607183
610 0.9994017376496315 0.001597906366700208 0.003564599355813103 1.6348081822794944
615 0.9995287702130138 0.0010957074747144357 0.00454732068055641 1.6345372428022586
620 0.999526835936487 0.001103910771476313 0.0006525524488112389 1.634278825527471
625 0.9994423164127564 0.00147049228712115 0.0017477589722618703 1.6343178363552429
630 0.9991877671023139 0.0023768286377472414 0.0021412266457430107 1.6342046352312374
635 0.9993389065044143 0.0019060498447895924 0.005274276303786518 1.634367648065439
640 0.9995164789914668 0.001173501346385164 0.0026977393050884313 1.6344290233215568
645 0.9995769549060449 0.0009454797467149945 0.002335139867547076 1.6342808991507056
650 0.998800662540241 0.004092151148111789 0.014223710720248306 1.6340646132682977
655 0.999182567676314 0.0025526362135561698 0.00757357264511227 1.634532025354518
660 0.9963393197557533 0.013500922739364096 0.0037762666610741125 1.6341454933352215
665 0.9995480917235153 0.0010644219110582664 0.00013254170688004052 1.6342480493880869
670 0.9994974476765894 0.0013337842319718352 0.0009398500515513941 1.634590995723472
675 0.9995467544247784 0.0011039149567253492 0.0013840270178828717 1.6347755206210826
680 0.9992373698990531 0.002327592683546431 0.008393666800670108 1.634354621296045
685 0.9992803974137068 0.0022233962635107574 0.002461735937071996 1.634554727214861
690 0.9990477845450545 0.003163476052485903 0.0026920894425734865 1.6345188656514995
695 0.9995905511530334 0.0009407271009815865 0.0007700842565572241 1.6344973298054903
700 0.998741735464703 0.004365909265007462 0.005638238398476103 1.6343536981164215
705 0.9995795015066119 0.0010340830431432302 0.00020151244025634618 1.633876840518913
710 0.9988608101727742 0.003924863492499542 0.00016089001122643332 1.633953024440946
715 0.9996248183348481 0.0008468875936664677 0.0009843858924147852 1.6341931348058052
720 0.9995673259086766 0.001071729682185829 0.001540928046964929 1.6340628056291544
725 0.9988510981889652 0.003976170555737291 0.0043283734317198785 1.6338740692433302
730 0.9996170726415927 0.0008695727277980847 0.00023551235693597405 1.634460218745527
735 0.9995022514357224 0.0013427314880312125 0.0013787403216380945 1.6346066508034054
740 0.9995858737233492 0.0010427034484887798 0.0009130315888585816 1.6343270077653234
745 0.9990334594336755 0.003128464213454585 0.0001104390710413572 1.6340050070721222
750 0.9981297456623051 0.006864268626045611 0.013344651117134454 1.6342842134209747
755 0.999092093000903 0.0029306963261783725 0.004721595691084657 1.6337930179186153
760 0.9996230596031319 0.0008954687375535286 0.0020392129430339967 1.6344023206572031
765 0.9995088638478422 0.00139041574012988 0.00326379401525001 1.6342737454149494
770 0.9996414861401652 0.0008293157216385794 0.0005649190519529945 1.634256767411303
775 0.9994336802230094 0.0016255657095018972 0.00022374788547163682 1.6341506804595753
780 0.9989060352606622 0.003835453405691025 0.0015647770743785205 1.634246343456943
785 0.9992244664219314 0.0024358949582867773 0.0009981188453387357 1.6342028212536868
790 0.9983712771096338 0.005974875600129881 0.006789186595579144 1.6340499397552344
795 0.9996250995100588 0.0009265756028400407 0.0026738181051257914 1.6342691550319417
800 0.9996389044528787 0.0008788654452607236 0.0006926353826319787 1.6338100823543578
805 0.9996381707732998 0.0008815580337613316 0.0012740736338638925 1.634171067939997
810 0.9995691490889308 0.0011450769806804484 0.001545445731129469 1.634009066397939
815 0.9995619515796517 0.001156771800562728 0.0004423223210894278 1.6337947142596279
820 0.9992000132342035 0.0025448892799662115 0.002925590951497803 1.6341767744838962
825 0.998738826920661 0.004358380342817547 0.001704726320753025 1.6336594047111286
830 0.9994536960736583 0.0016033403152100334 0.0010532737116202284 1.6342573143455723
835 0.9994563176084224 0.0015692390112547194 0.0021739501042730147 1.634316145300872
840 0.9991923266485674 0.002709495621320279 0.004747352094330859 1.6339841843362404
845 0.9996105965635276 0.0010379603503871682 0.0017591669408827393 1.633830488899146
850 0.9995505278549502 0.0012809197954961604 0.00012060693072513118 1.6342705017046157
855 0.9989510349525621 0.00366632782048093 0.005596857387550225 1.6341113761296113
860 0.9992920734153901 0.002224600536625543 0.00038082375524783885 1.633989233013274
865 0.9996363352993283 0.0009453852292486964 0.0008418031460668551 1.6341702316815878
870 0.999570828076894 0.0012152963869846989 0.0051002444772279 1.6335965304989557
875 0.999532013574296 0.0013685989217151473 0.0028050881862300425 1.6338466832439806
880 0.9996613539682679 0.0008186655781232677 0.0005526967135596195 1.634208230939375
885 0.9994491448520649 0.0016936317127955736 0.002821417347534494 1.6337950224075621
890 0.9997094521191139 0.0006491239939419025 0.0008596659636090909 1.6339031882578852
895 0.9996731061806159 0.0008011693098699535 0.0006869048498421293 1.6338021174822848
900 0.9996001441912472 0.0011088081213483925 0.002856265272450198 1.6337260177373474
905 0.998749451800705 0.0043718666306507 0.005817292860889722 1.6337413086282015
910 0.9997093017265059 0.0006659039556191626 0.0002233323010203403 1.633720842701694
915 0.999622732667991 0.000975511101278359 0.003908949158990982 1.633862893017061
920 0.9995446788750055 0.0012967725661412466 0.002186461060857292 1.6340090075256992
925 0.9994225116511775 0.0018567828574986844 0.00256025649958902 1.6336886028747666
930 0.9996130982837532 0.0010794723903524428 0.0021386374535403707 1.6341637547684078
935 0.9976636175365355 0.008641453471034843 0.00992388885826534 1.633583973444119
940 0.9996155490338183 0.0010569633220667285 0.0018496104907659294 1.6338736347959204
945 0.9997041553609356 0.0007128143782260121 0.0011714838780085834 1.6340651387257317
950 0.9994814245413903 0.0015615999412672554 0.0019506544898961753 1.633682315697707
955 0.9993912758661161 0.0019027049236872706 0.0016320722955176503 1.6340043318532407
960 0.9995477132571862 0.0013404399657876986 0.0058700985103858905 1.633380287574721
965 0.9993371115299092 0.0021078879923339677 0.0012470365552146312 1.6336134337284205
970 0.99965600298833 0.0009160807091534995 0.0019420698455632213 1.6336805124679972
975 0.9996268765501773 0.001010016248896628 0.0014886384127261731 1.6337675974854764
980 0.9993105408321363 0.0022280966100838295 0.002748413414780604 1.6338051935066442
985 0.9988209746701593 0.004304743662928212 0.0062531648391201955 1.6337516861898558
990 0.9996754279167162 0.0008361695883880582 0.00018413358795887902 1.6339605718259236
995 0.9996966747345062 0.0007610431337301549 0.0013069489735813011 1.633810657103237
1000 0.9995006877452305 0.0015534777487200557 0.0021568832751388545 1.6338718837480743
