0 0 0 0.24982058565196585 0
5 0 0 0.017232820722494324 21.770709687425747
10 0 0 0.015815412290941966 21.614825789514974
15 0 0 0.01784217702212265 21.528471832051064
20 0 0 0.015703449440318096 21.46367441227841
25 0 0 0.01609176620545938 21.40323421525893
30 0 0 0.013050903536366398 21.34871802126514
35 0 0 0.019165100065556828 21.303692997360407
40 0 0 0.021710291929795567 21.245413141730197
45 0 0 0.014832051705163884 21.203836715714587
50 0 0 0.01752037672226292 21.18269286814229
55 0 0 0.01786443604336929 21.142971624154278
60 0 0 0.02042357849168841 21.127718682947002
65 0 0 0.018189319494614997 21.111919036032837
70 0 0 0.021189984720024535 21.097844997193096
75 0 0 0.020406235055919097 21.09481118548451
80 0 0 0.018991859403570732 21.078693698405477
85 0 0 0.020606873418934413 21.058576294543897
90 0 0 0.01957089420221436 21.047729327682447
95 0 0 0.020261329507988757 21.050491460643403
100 0 0 0.017273983240957413 21.04659864269389
105 0 0 0.018214189955680027 21.035858647439845
110 0 0 0.018492112013431594 21.051205996813845
115 0 0 0.01775227017220149 21.043857133878976
120 0 0 0.019161620831058324 21.0339535181242
125 0 0 0.02056665992659168 21.024555100851913
130 0 0 0.019682192721259373 21.022046364780348
135 0 0 0.021379516474145044 21.02758638336526
140 0 0 0.018667587367379168 21.01617339315422
145 0 0 0.019374051556169114 21.02652065450782
150 0 0 0.01908461222556257 21.01850444444092
155 0 0 0.01843486311016207 21.01870440686732
160 0 0 0.019185362071754586 21.015075005892527
165 0 0 0.021586108040340113 21.01490665340631
170 0 0 0.01775360362173828 21.021031254293725
175 0 0 0.018125239496719736 21.01460032927155
180 0 0 0.01784345579739166 21.010915466067296
185 0 0 0.020209908253669306 21.009474236738782
190 0 0 0.01990154960560453 21.00907280428551
195 0 0 0.01988435458594906 21.014319648020045
200 0 0 0.019785564833086466 21.003447708607606
205 0 0 0.02086602468088805 21.004087069230636
210 0 0 0.020997683266350542 21.006112053710858
215 0 0 0.018410705530944593 21.00134554536536
220 0 0 0.015468053663572512 21.00648950205368
225 0 0 0.020704583417190392 21.00219604999148
230 0 0 0.01638246457882042 21.003742203445416
235 0 0 0.02002266681730691 21.004373628343306
240 0 0 0.02006944968192159 20.999427107014586
245 0 0 0.01703868824151522 21.00119293641627
250 0 0 0.023172047675250163 21.002771235441227
255 0 0 0.016759421656551643 20.998927745444515
260 0 0 0.02048286826034129 20.992708274956584
265 0 0 0.02029865854949886 20.999407033360193
270 0 0 0.01755869803914445 20.996500789320198
275 0 0 0.021113058239088822 20.990718601476697
280 0 0 0.01709829680511099 20.992551007246934
285 0 0 0.019420504402315464 20.989662072230793
290 0 0 0.019354459254802947 20.99059272248612
295 0 0 0.01913068124190187 20.985879328950144
300 0 0 0.016903794319016008 20.986876647588282
305 0 0 0.019583567245338607 20.985087520645276
310 0 0 0.02006127877901087 20.982996748119675
315 0 0 0.021046578142511985 20.986323204301097
320 0 0 0.016584286684365956 20.976059882952665
325 0 0 0.0197689532602503 20.97529917505757
330 0 0 0.020406705182256735 20.977515426675133
335 0 0 0.019252740575420813 20.970063227344482
340 0 0 0.020272907117942385 20.971771057655204
345 0 0 0.01746513280196993 20.96505979996151
350 0 0 0.017366863809606503 20.96110448224267
355 0 0 0.020465377720405797 20.95416432691715
360 0 0 0.02157799227811541 20.944613374410167
365 0 0 0.0215273976818251 20.93518438718883
370 0 0 0.021511369139842307 20.92736234078255
375 0 0 0.018364291307295666 20.916291927000007
380 0 0 0.02062457936844453 20.915749585633733
385 0 0 0.020433900450047338 20.916826580533733
390 0 0 0.017983679828623478 20.899618529086688
395 0 0 0.01974925547018458 20.889276855724294
400 0 0 0.020894366040813406 20.89524079852221
405 0 0 0.02163793922648094 20.887648987992375
410 0 0 0.019827397688729542 20.873149232265774
415 0 0 0.02311267462144251 20.873899719444665
420 0 0 0.021234214272876528 20.872080276377968
425 0 0 0.02452417710303223 20.85291753519422
430 0 0 0.021336191916511815 20.846743297808402
435 0 0 0.022594123410992983 20.851989553093123
440 0 0 0.02035047678751245 20.84291912906665
445 0 0 0.02189595880585804 20.847486157566678
450 0 0 0.02053421970693714 20.829571785577627
455 0 0 0.023077884233777102 20.82450084840561
460 0 0 0.024330052454797135 20.820389359402835
465 0 0 0.020479760990248286 20.815536122542326
470 0 0 0.01779364925792648 20.805249918137562
475 0 0 0.025732662821654317 20.81014429474038
480 0 0 0.024404532625948328 20.795914207606288
485 0 0 0.021246916482813294 20.804320782150008
490 0 0 0.02243418847980716 20.798171650518736
495 0 0 0.023714102928877656 20.787662015555924
500 0 0 0.024230739503418697 20.783233373113458
505 0 0 0.022251949812186256 20.783227669092618
510 0 0 0.024134439501650506 20.777316650951512
515 0 0 0.021995535557009838 20.775945972907678
520 0 0 0.027411865251162792 20.773971604750482
525 0 0 0.024373794325514453 20.765554853480186
530 0 0 0.024156869412090387 20.769423501378522
535 0 0 0.02551369907205281 20.761662117638437
540 0 0 0.024451400613728858 20.767942482294966
545 0 0 0.02685232804991511 20.766832673707558
550 0 0 0.02439279570764441 20.765259108867212
555 0 0 0.023602731568328927 20.7618297973829
560 0 0 0.025735562308926596 20.77138000077264
565 0 0 0.022928605343746522 20.7628639058296
570 0 0 0.026761111962747774 20.758353327759252
575 0 0 0.022422572749407177 20.75779486915335
580 0 0 0.02526705781740124 20.758905512763263
585 0 0 0.024835795106783465 20.75315361849953
590 0 0 0.02371495917645028 20.753485269039892
595 0 0 0.024874153973635238 20.753008754360266
600 0 0 0.026088943130414766 20.75365644021693
605 0 0 0.022579135849436716 20.747414404023026
610 0 0 0.023429758094324793 20.744981751751084
615 0 0 0.02333096195882156 20.74654027334476
620 0 0 0.024256172614600002 20.75328794328204
625 0 0 0.02273896604719816 20.747336086998995
630 0 0 0.022768455580311597 20.74676496252205
635 0 0 0.0232871593253845 20.738955662741184
640 0 0 0.021621836954495377 20.739456972254807
645 0 0 0.023203311545406002 20.74203926767422
650 0 0 0.023471220095849343 20.742504358722794
655 0 0 0.025163179208865794 20.739503683282134
660 0 0 0.025663648745023027 20.739234041081787
665 0 0 0.022751217210246866 20.735633470081556
670 0 0 0.02440389365731943 20.737800048252865
675 0 0 0.02484076153453696 20.74149541668769
680 0 0 0.02463322745027341 20.731715262755497
685 0 0 0.023419332874405008 20.732893256854272
690 0 0 0.023989390287112 20.740838084949818
695 0 0 0.024282379281215682 20.734539254940227
700 0 0 0.025293948346622352 20.73316838384494
705 0 0 0.02708581333785487 20.733058073524727
710 0 0 0.025193865469318233 20.729115766698193
715 0 0 0.019291892976978975 20.97605569063441
720 0 0 0.019994868641166397 20.938966570799813
725 0 0 0.020318663499332867 20.748658014003535
730 0 0 0.025740350323762762 20.735161591423317
735 0 0 0.02462389782557506 20.729933534575398
740 0 0 0.02416388670198444 20.73218173102846
745 0 0 0.023378260627492597 20.73217326180408
750 0 0 0.021491269107883237 20.72601229449538
755 0 0 0.02499209105748501 20.731035002280557
760 0 0 0.02613694141792422 20.731300217768926
765 0 0 0.024450707302621444 20.728891235655343
770 0 0 0.02491762836651845 20.7305033510271
775 0 0 0.026744432033932508 20.730026290097552
780 0 0 0.024508268840498282 20.73685720843939
785 0 0 0.025643657364023964 20.727554338710902
790 0 0 0.025511506971851894 20.725086766135778
795 0 0 0.024985846155588076 20.725241470580105
800 0 0 0.02509496875977124 20.728492153252628
805 0 0 0.025217001063627897 20.727249180275503
810 0 0 0.024084569678884282 20.729155095355033
815 0 0 0.022245509616431125 20.72211427348815
820 0 0 0.023252829540783893 20.725845784068397
825 0 0 0.02541909646043128 20.72309304962053
830 0 0 0.02640010529739012 20.726090837935452
835 0 0 0.02512465457805102 20.721903745493773
840 0 0 0.025250088010751126 20.721286759656795
845 0 0 0.022396528142576644 20.723918195508748
850 0 0 0.02588011745347174 20.721546998190902
855 0 0 0.024940718498120518 20.722043288729928
860 0 0 0.02334466150359016 20.720347001688165
865 0 0 0.024802374125959536 20.721438174347178
870 0 0 0.016214485363727382 20.720959779503872
875 0 0 0.02493695567028631 20.72178304068086
880 0 0 0.02533432527445867 20.725268559289034
885 0 0 0.025103374149577196 20.722734371737104
890 0 0 0.024930606030612923 20.72368672475393
895 0 0 0.02570799520835565 20.72162934981998
900 0 0 0.02429998050861748 20.719662349570445
905 0 0 0.024391328660508416 20.718737854397695
910 0 0 0.023932249381931392 20.723935565029596
915 0 0 0.024900374407621495 20.72123856227048
920 0 0 0.025505002966830448 20.7208266296956
925 0 0 0.026262699158853486 20.72025900483787
930 0 0 0.02491537173393965 20.719942257049
935 0 0 0.026268290084694 20.72012109986601
940 0 0 0.02508974525547747 20.719211235091624
945 0 0 0.02429013116256673 20.72531901657653
950 0 0 0.024799984610645476 20.718859414462795
955 0 0 0.025461578470577173 20.718772510518615
960 0 0 0.02510708922759619 20.719571375767757
965 0 0 0.025435520863927197 20.7257474099748
970 0 0 0.022542743733101167 20.718736249738466
975 0 0 0.024897388865435355 20.719378833263413
980 0 0 0.02622530364415443 20.71750915066205
985 0 0 0.02385119247529377 20.716651591306064
990 0 0 0.025282769663841798 20.72075785087643
995 0 0 0.024605141469582925 20.715758127064802
1000 0 0 0.02549329826462099 20.717843609732018
