0 0 0 0.2657445556139154 0
5 0 0 0.013985063103574724 27.35304740181984
10 0 0 0.007254378421902574 27.193608216443046
15 0 0 0.011543575942282613 27.10607209909913
20 0 0 0.011151980957269547 27.045888978000303
25 0 0 0.015986314913476907 26.98624070620583
30 0 0 0.016207022286599093 26.91879794113356
35 0 0 0.015518882519083732 26.866980909219425
40 0 0 0.014485280436213221 26.820618224414265
45 0 0 0.011040584766428108 26.771399064331664
50 0 0 0.014351775545943024 26.723313076558114
55 0 0 0.016585743076259485 26.685954433623387
60 0 0 0.012482263049855336 26.647836633123497
65 0 0 0.011964131145446366 26.616162100597435
70 0 0 0.01578137314485839 26.582152026262335
75 0 0 0.013811457117343329 26.57488654438128
80 0 0 0.01610115166188364 26.557231139414238
85 0 0 0.012507042603981056 26.530828298858033
90 0 0 0.0143697933359348 26.51987604923069
95 0 0 0.017448815143439544 26.512391079869975
100 0 0 0.01654890005305587 26.497583003927392
105 0 0 0.014759824698553192 26.491851499355707
110 0 0 0.015065065912246434 26.469981269637078
115 0 0 0.01164499293276644 26.465889732152615
120 0 0 0.014524620432801782 26.4711314224044
125 0 0 0.017799033472595704 26.458275041096716
130 0 0 0.015273714285361617 26.466071024775747
135 0 0 0.01576142369973721 26.4559783685677
140 0 0 0.016929173702813438 26.452986724644838
145 0 0 0.014628170512401173 26.438524023046394
150 0 0 0.016085245565701678 26.443345524098774
155 0 0 0.01635871433522973 26.43693082716566
160 0 0 0.014373881427648838 26.434439219758175
165 0 0 0.013905573108351055 26.425203439039674
170 0 0 0.014043372441110868 26.432009261230622
175 0 0 0.0152025954838384 26.43008332331523
180 0 0 0.016769528771631403 26.43075413786361
185 0 0 0.0167938440696771 26.427479543109897
190 0 0 0.017217767987135923 26.418142556403936
195 0 0 0.01593878801899873 26.421339397350774
200 0 0 0.015857007017842317 26.424750883411413
205 0 0 0.015936792473959738 26.415726979211914
210 0 0 0.015489009037384927 26.41893704081927
215 0 0 0.014729528837474248 26.41517262977033
220 0 0 0.012770286615546134 26.410838956765744
225 0 0 0.016250928003374465 26.411965566750816
230 0 0 0.015537343089428335 26.420714210964917
235 0 0 0.015243235930333832 26.412368834528497
240 0 0 0.014204447634670325 26.408703163871024
245 0 0 0.014436340155669525 26.410215287334402
250 0 0 0.014290906325909347 26.402686512483978
255 0 0 0.01777534579549056 26.404269581347076
260 0 0 0.01583349641784615 26.401992961661172
265 0 0 0.018858258935743333 26.410906262606886
270 0 0 0.012742853453465264 26.403741659510885
275 0 0 0.014711826243368753 26.39920915656629
280 0 0 0.01741680844235316 26.40312303848534
285 0 0 0.01470184715838907 26.400333792519067
290 0 0 0.017809946547909572 26.39812489888033
295 0 0 0.013194160978239777 26.400644438964346
300 0 0 0.014681684839054743 26.389658511314774
305 0 0 0.014783380601347984 26.39208991186617
310 0 0 0.020415466204772414 26.387728663756505
315 0 0 0.01580042262102843 26.384307055509
320 0 0 0.018540933428916606 26.38806715735975
325 0 0 0.018881378955531547 26.380015722756276
330 0 0 0.017251944193122704 26.37876759269834
335 0 0 0.014055635795827248 26.37839878422399
340 0 0 0.013372660595386776 26.376858016049773
345 0 0 0.017574555202118702 26.370152037479908
350 0 0 0.015073507923757612 26.375705370397885
355 0 0 0.015527455036104199 26.37027595308603
360 0 0 0.016962079269834174 26.359584572983575
365 0 0 0.01613057152676456 26.362071133592202
370 0 0 0.0162632083282237 26.35772788695282
375 0 0 0.016908123202805436 26.345856292250787
380 0 0 0.0139214428373442 26.343122494126916
385 0 0 0.01552760666450026 26.343530336479954
390 0 0 0.013784301620170858 26.329605571943134
395 0 0 0.016199052171988138 26.322253686298858
400 0 0 0.012098337737462384 26.31318127956605
405 0 0 0.01615409575873672 26.311023571158135
410 0 0 0.019049733987221984 26.31482499634529
415 0 0 0.016947399374985128 26.28352487016031
420 0 0 0.018546259531787346 26.296689244026684
425 0 0 0.01350978898790256 26.265123617746834
430 0 0 0.017778104618256352 26.26816315831672
435 0 0 0.01707909338208302 26.257009248755818
440 0 0 0.017737781118771334 26.269400807364562
445 0 0 0.015584111082602714 26.248925938923417
450 0 0 0.01631853655700155 26.250721566395296
455 0 0 0.014467638604567679 26.238259773234976
460 0 0 0.016566426106784826 26.226725419974482
465 0 0 0.01547400190432846 26.221731146361392
470 0 0 0.018329851017386822 26.22583304203762
475 0 0 0.020535276672190683 26.211913468525083
480 0 0 0.02078274338125108 26.204820396034776
485 0 0 0.020809727028431313 26.212283061546124
490 0 0 0.01848113271868268 26.19055526558114
495 0 0 0.01874223234642658 26.197514757076384
500 0 0 0.01953415085683652 26.11952133748161
505 0 0 0.02047806172352118 26.11573358421572
510 0 0 0.01958724508784937 26.11448266528175
515 0 0 0.020448439656923556 26.11398640294167
520 0 0 0.019241745916297903 26.1072586304796
525 0 0 0.020642598017192038 26.108936021837266
530 0 0 0.019241999530007936 26.106407417329752
535 0 0 0.02004031342425794 26.110877163396903
540 0 0 0.02118204526374612 26.107421224672436
545 0 0 0.019833221530980882 26.10748744937743
550 0 0 0.020899218689397925 26.10760902028869
555 0 0 0.019481229014963297 26.10389396196444
560 0 0 0.020967704834842227 26.10337247645641
565 0 0 0.020272830568806022 26.10316252545097
570 0 0 0.01979212958410037 26.10647002406639
575 0 0 0.01855378239100869 26.102739410970273
580 0 0 0.020050086882210216 26.107210973546227
585 0 0 0.019337506496104107 26.101574821551736
590 0 0 0.019692473296864854 26.10509435013634
595 0 0 0.020017256636794212 26.103279671478322
600 0 0 0.020191255684915532 26.10256155815432
605 0 0 0.01995697196811097 26.101445468768414
610 0 0 0.020730088175222594 26.102317597848046
615 0 0 0.020452237277480467 26.10297801049104
620 0 0 0.019122025353949468 26.10525236359371
625 0 0 0.021074821457434556 26.099825532352696
630 0 0 0.020153712902651 26.10459747047522
635 0 0 0.021470089173268647 26.098622502321067
640 0 0 0.020433082099176936 26.101486154874674
645 0 0 0.02096230397850718 26.099602835078556
650 0 0 0.020194958965209286 26.102225751630108
655 0 0 0.02066858641515812 26.100213951781512
660 0 0 0.020348335183162147 26.100821574455676
665 0 0 0.019542185345752472 26.101442996036734
670 0 0 0.020254931842758728 26.098305161424683
675 0 0 0.020720672505686988 26.10056496565314
680 0 0 0.020057952865244477 26.09920841750836
685 0 0 0.02151088808217727 26.097724698838643
690 0 0 0.02013440896812191 26.1031563468415
695 0 0 0.020144637840571633 26.097849495559917
700 0 0 0.02033135092467586 26.100781962846014
705 0 0 0.02106553697175939 26.098153205363637
710 0 0 0.021060775507557583 26.097710680916045
715 0 0 0.020628610881177067 26.09775324934724
720 0 0 0.02037632837342751 26.0968604260033
725 0 0 0.020970395421758603 26.099453299902052
730 0 0 0.019240632013528325 26.09935458480621
735 0 0 0.019171844216220535 26.09851395166994
740 0 0 0.02081940705378682 26.099162083498005
745 0 0 0.021189195285240103 26.098874643440016
750 0 0 0.0204280863688302 26.096988910094687
755 0 0 0.019416961470435812 26.09761210956057
760 0 0 0.021285414027109262 26.097493551419365
765 0 0 0.021354435145468198 26.099750137963166
770 0 0 0.019176881677973157 26.09890664662515
775 0 0 0.020647403977137158 26.097425194104424
780 0 0 0.02084499779172022 26.095826218653787
785 0 0 0.01965747988077693 26.1006490014245
790 0 0 0.02127835584887028 26.097161227216755
795 0 0 0.02122161511063614 26.096205045501787
800 0 0 0.020570417325127988 26.099704432008906
805 0 0 0.02057358793266051 26.09670396688326
810 0 0 0.01883962183739807 26.09482951548468
815 0 0 0.019346724027085926 26.09682728106662
820 0 0 0.019377304262987893 26.096637864248038
825 0 0 0.019418834383600148 26.09850412223218
830 0 0 0.02057862189963844 26.09683172972479
835 0 0 0.019766991025158553 26.096759765208784
840 0 0 0.01989445107369714 26.096339205395257
845 0 0 0.020894918363308257 26.095583746688295
850 0 0 0.02061707526292511 26.098150578867077
855 0 0 0.020374974509167032 26.094882204826327
860 0 0 0.019466425070864934 26.096007314160065
865 0 0 0.02038361122682142 26.094660996758307
870 0 0 0.019713557947330873 26.09593602519807
875 0 0 0.020288208039701994 26.094482141031747
880 0 0 0.019607442505488626 26.09391089825743
885 0 0 0.019280032983056916 26.096585884022605
890 0 0 0.021084341700342568 26.093444488232144
895 0 0 0.020244217311736312 26.096466147792718
900 0 0 0.019671182801669573 26.09404705538258
905 0 0 0.02046498658221596 26.09258231307767
910 0 0 0.02081453911823372 26.096143913665024
915 0 0 0.02103193422820193 26.092370769204976
920 0 0 0.020873971993685236 26.095629989985923
925 0 0 0.020383002423664864 26.09376563031755
930 0 0 0.021111435419564728 26.09355146363872
935 0 0 0.021380878655000934 26.09274507715365
940 0 0 0.01999279958999023 26.09657554394535
945 0 0 0.020033931223208734 26.096572457532567
