0 0 0 0.24677356674453244 0
5 0 0 0.010175705086495013 27.351341422819477
10 0 0 0.010031274499372467 27.180761844266975
15 0 0 0.01042443378117519 27.10546379714453
20 0 0 0.014541720493607357 27.035797105105434
25 0 0 0.011898149093126698 26.97501347479286
30 0 0 0.015956748854950353 26.916393362750465
35 0 0 0.015408277894686018 26.868616839666725
40 0 0 0.01628471926665731 26.805760602542367
45 0 0 0.013174624260185341 26.755524013159096
50 0 0 0.015261610859018893 26.712947854160635
55 0 0 0.013432270798541701 26.673085324772124
60 0 0 0.01738287767122415 26.632544759998485
65 0 0 0.015444493779014135 26.606516588994673
70 0 0 0.014143416090506511 26.586265247535856
75 0 0 0.012938682038390104 26.551032216485773
80 0 0 0.014656769069204989 26.527902819516513
85 0 0 0.014690967270165167 26.5152968037732
90 0 0 0.013595034972550435 26.51145918350564
95 0 0 0.017220406634384844 26.497956595579478
100 0 0 0.015380160996992132 26.48353536707342
105 0 0 0.014082790655812527 26.47809782991901
110 0 0 0.0164721198679163 26.462273809927815
115 0 0 0.017456058896522242 26.45333273301077
120 0 0 0.016087426428077922 26.460748105729348
125 0 0 0.01642727682457834 26.44812707834009
130 0 0 0.015716639734799864 26.44702196155959
135 0 0 0.016792813274994822 26.44108404707948
140 0 0 0.01549989096105886 26.440355887861465
145 0 0 0.015584577735553662 26.427341377234562
150 0 0 0.012093629078415491 26.43675274236798
155 0 0 0.016120666127592997 26.42889775395861
160 0 0 0.017330670469206888 26.43606428976758
165 0 0 0.015407585968617132 26.42110898923499
170 0 0 0.017355192082307624 26.424368052555966
175 0 0 0.015780828423265225 26.41974460478887
180 0 0 0.014319542664372964 26.422034245357427
185 0 0 0.01611998011890492 26.41443509052128
190 0 0 0.015187368355947362 26.41774244942137
195 0 0 0.015278544685573436 26.41867689879011
200 0 0 0.016685341202592685 26.409272315207154
205 0 0 0.01618642723304875 26.408363540223657
210 0 0 0.016655771515581064 26.409646860357924
215 0 0 0.01449909584307485 26.406908667238387
220 0 0 0.014638654889632008 26.405916620904545
225 0 0 0.01590251086945882 26.41178860947089
230 0 0 0.01638006426666405 26.405656684187615
235 0 0 0.016014797310269557 26.40703307137379
240 0 0 0.014742536114068061 26.4034397175298
245 0 0 0.019181585035784376 26.393738032470896
250 0 0 0.016013772159147344 26.39938788386627
255 0 0 0.016945963541002973 26.40342656633102
260 0 0 0.018107227152149186 26.395142001582908
265 0 0 0.014221984953771027 26.395901944273643
270 0 0 0.016250260650090054 26.396299233456105
275 0 0 0.014798228083761966 26.38766627682
280 0 0 0.017398941125191136 26.395230962966426
285 0 0 0.016956194919219625 26.393541311550276
290 0 0 0.01756112268446408 26.379947323239175
295 0 0 0.014641344357187336 26.38658022416122
300 0 0 0.01441690065262402 26.38043365710209
305 0 0 0.01631352552313814 26.381572384899798
310 0 0 0.017105576413595447 26.379495593912452
315 0 0 0.015917160591448765 26.381416208990615
320 0 0 0.020352838525727446 26.36592416710266
325 0 0 0.016487293439830575 26.371011123283516
330 0 0 0.014679893345054706 26.370661409400956
335 0 0 0.015243896166314164 26.355664242397534
340 0 0 0.01606139023137554 26.359791393165743
345 0 0 0.016524086078359534 26.351862470069946
350 0 0 0.013373070155838995 26.342277508568746
355 0 0 0.01768110316055438 26.3311196782481
360 0 0 0.014099491369769623 26.31629616172354
365 0 0 0.017122497116350388 26.316786921017552
370 0 0 0.018998356389422932 26.313838845105305
375 0 0 0.01722321950747796 26.30497796013843
380 0 0 0.01863414406300401 26.29024568807696
385 0 0 0.0161921399808016 26.289758551181254
390 0 0 0.01803534155274389 26.29825938640703
395 0 0 0.017980809132347675 26.272864990017606
400 0 0 0.01751618819244727 26.271470021061756
405 0 0 0.016756135767357794 26.274769270194216
410 0 0 0.01926380458957322 26.255050162062275
415 0 0 0.017534631393456346 26.255127640915234
420 0 0 0.01984184474300954 26.240488666704827
425 0 0 0.017926520399119905 26.242029781570704
430 0 0 0.01574227548127438 26.243136516965603
435 0 0 0.017052162295391193 26.242313596505372
440 0 0 0.01718410860701569 26.22564766828657
445 0 0 0.01682598916745004 26.22828936734365
450 0 0 0.015626003664556354 26.22172602221519
455 0 0 0.017267560262748782 26.21573163778493
460 0 0 0.017977446992833768 26.222149400608863
465 0 0 0.017703992729112272 26.202698848467495
470 0 0 0.01966605216817463 26.203953880532676
475 0 0 0.01911885398368951 26.20181611223542
480 0 0 0.020044909025042967 26.20400218955431
485 0 0 0.019725630085171808 26.200400644051435
490 0 0 0.017027703702051866 26.187682933762662
495 0 0 0.019903303065484934 26.195862987141577
500 0 0 0.019256229174475337 26.109699180751328
505 0 0 0.019992429892383035 26.11031028237724
510 0 0 0.019458228754991813 26.10887486001111
515 0 0 0.02055694870248015 26.10867373045687
520 0 0 0.019403414956940646 26.104857498229826
525 0 0 0.019632146163367725 26.108585502726143
530 0 0 0.018155121936910712 26.1060795263429
535 0 0 0.021496690344681824 26.103921468600102
540 0 0 0.01986166483754226 26.102325766418627
545 0 0 0.01977635504450559 26.104885296984683
550 0 0 0.021447000989205378 26.104764959106454
555 0 0 0.021460384736407434 26.105997563330256
560 0 0 0.020783669241204228 26.10238153398638
565 0 0 0.020437278083720534 26.102335914613786
570 0 0 0.020265923734266167 26.100707693412367
575 0 0 0.01960241982988986 26.101235239916427
580 0 0 0.019660965443033085 26.100782000179407
585 0 0 0.021076975752775784 26.103860766962956
590 0 0 0.020078252156027432 26.103268538823823
595 0 0 0.019461119454778242 26.105556763082415
600 0 0 0.020454147032688885 26.103202403665556
605 0 0 0.021583008608557552 26.10166305881567
610 0 0 0.020130423355351423 26.10000963693678
615 0 0 0.02229167300671775 26.101426826861246
620 0 0 0.01918909710623451 26.101742191939902
625 0 0 0.020569225455048024 26.10113446711695
630 0 0 0.02119318193134534 26.099501526259164
635 0 0 0.020325685808200378 26.10372015551257
640 0 0 0.021048024660746956 26.098326862477183
645 0 0 0.02099332120127384 26.098212593089585
650 0 0 0.021054149548950907 26.101034058166334
655 0 0 0.021082019589605316 26.10062071669847
660 0 0 0.02068524314891773 26.099732283370486
665 0 0 0.02019471969589892 26.098415186245578
670 0 0 0.01957623069611336 26.097167851383368
675 0 0 0.020904104592225137 26.100800626681117
680 0 0 0.019773635226673303 26.099575309960134
685 0 0 0.020299487276538075 26.097643482812895
690 0 0 0.020897408566116216 26.09899503989792
695 0 0 0.021041431745926653 26.099065429869867
700 0 0 0.020548722769952343 26.09833250953393
705 0 0 0.01985308833975341 26.099288655507063
710 0 0 0.02113013541402209 26.098985073819854
715 0 0 0.021562908611114207 26.098568766965297
720 0 0 0.019971675564145697 26.098913470984456
725 0 0 0.019178728345442764 26.097796420070264
730 0 0 0.019905741073287908 26.09828675951832
735 0 0 0.01946439265414268 26.09910079635017
740 0 0 0.02144797802727738 26.09676951831417
745 0 0 0.02084216365676017 26.098853343797444
750 0 0 0.021326765242096313 26.096575416927557
755 0 0 0.02066662015082188 26.096808550695652
760 0 0 0.02079645489053883 26.09482291974038
765 0 0 0.019995398578221746 26.097295779711086
770 0 0 0.020629491676331435 26.096425599071544
775 0 0 0.020505686410596358 26.095083931018067
780 0 0 0.020786387002734275 26.098626309839936
785 0 0 0.0199265999897964 26.09655599209784
790 0 0 0.020161106097049464 26.09799145638163
795 0 0 0.019547551791078588 26.094312472178366
800 0 0 0.02004837251532443 26.09580242385982
805 0 0 0.0199606452688752 26.095455425399326
810 0 0 0.020565558144851392 26.099932701560714
815 0 0 0.021310566794352503 26.094685807056177
820 0 0 0.019961242607799745 26.095316234414664
825 0 0 0.019285980979943274 26.09385243889735
830 0 0 0.019268905742162445 26.097678538861263
835 0 0 0.020588143023125838 26.097158565469837
840 0 0 0.020849361096834107 26.0961004327
845 0 0 0.01973560014357645 26.095280008203446
850 0 0 0.020681375489308707 26.095932844714604
855 0 0 0.021993354702714463 26.09837683483126
860 0 0 0.019679848281779044 26.094262280035164
865 0 0 0.021850494041769197 26.09654547919035
870 0 0 0.020946875929805264 26.0972121290946
875 0 0 0.019137661963927854 26.09603373458309
880 0 0 0.019634563900712942 26.09545830015278
885 0 0 0.02100768883874382 26.095665548244707
890 0 0 0.018837978113994458 26.094649392942216
895 0 0 0.020752153721887323 26.096368140620537
900 0 0 0.019552485145294396 26.094981150980942
905 0 0 0.019097595403216427 26.094228297767035
910 0 0 0.02085541721518336 26.094272869097207
915 0 0 0.020889804055936434 26.095618663061032
920 0 0 0.021320049859778534 26.09333146279086
925 0 0 0.020808160139703435 26.09536871947234
930 0 0 0.019928309644417608 26.096433255897267
935 0 0 0.020159165288632153 26.09580067420644
940 0 0 0.019586540629369376 26.094101239109474
945 0 0 0.020346456978451055 26.09312757788467
950 0 0 0.019529751173525067 26.095942866332617
955 0 0 0.020102201385776786 26.09488684850107
960 0 0 0.020497663528854515 26.09465868788262
