0 0.06892249591794278 5.559657640032342 0.3853034839272096 0
5 0.9709825218859105 0.06945759395671303 0.004734362457919472 4.784064888634225
10 0.9651500458732512 0.09364626840866386 0.01797816689503451 4.774835807627007
15 0.9699622215922825 0.07096691511903774 0.022069360116666825 4.770862983796636
20 0.9704045439172071 0.07559383178795986 0.009636580840103326 4.77036404764184
25 0.9729875796519094 0.06275242244244783 0.005941828343590805 4.763130858815165
30 0.9817656831277667 0.04526888457636069 0.0028817391112039292 4.74800144602954
35 0.9816206748362819 0.057443423065433485 0.004773742517200308 4.719523609360854
40 0.9942400054748366 0.017536905177497175 0.010386159250412419 4.713337522216416
45 0.9971447483805354 0.007270667749510018 0.00374228993362391 4.709240439970964
50 0.9945042607290093 0.018912153844222956 0.0068788754243021 4.7068211868454055
55 0.9903678858200339 0.03514053416367702 0.009457061004938483 4.703202598664419
60 0.9966992488084531 0.010630017461493502 0.0022605387741987393 4.702433560599924
65 0.9916524429921627 0.030284645471398086 0.006269135279016513 4.701625574199502
70 0.9927758984604117 0.026572295899262244 0.006940215980735243 4.701106850086701
75 0.9940492947091945 0.022102759988738008 0.00854893312740801 4.70022537097096
80 0.9934886981630677 0.024199646537734765 0.0018993825242745732 4.699882072905362
85 0.993632771648497 0.02270359571678693 0.0035945737134586153 4.700007341773395
90 0.9914032491973935 0.033793302271566183 0.0061282728040725765 4.700045121594857
95 0.9968517063603288 0.01088443639294212 0.0011713466774803116 4.69747578726015
100 0.9923281487544973 0.028673574003311053 0.0017390951976776758 4.697489504551921
105 0.9981235344193997 0.0061179851871315805 0.0043061646060293945 4.696591726539936
110 0.9932126674249205 0.024402179523080214 0.00664450404075434 4.697449381716754
115 0.9973978189952983 0.009242236636158196 0.007627882779954964 4.696072236278845
120 0.9983823761218779 0.005496665128473133 0.0037025174377398606 4.696755914877673
125 0.9982846441928298 0.00537425957082327 0.005868569053164352 4.695841254100142
130 0.9974135693359177 0.008757959720955277 0.00030747282271259557 4.694734355046162
135 0.9981134374969866 0.006953402709002354 0.0022232469755905093 4.6953749236919995
140 0.9985675818207969 0.004571028000019517 0.002866842871425579 4.694751381863889
145 0.9973212197564301 0.010011268641064497 0.0033585030859315523 4.694847479140694
150 0.9986078245424445 0.004622361159874799 0.0007990164328925964 4.6942442604062276
155 0.9975055529820658 0.008832347454765355 0.010483289405599505 4.6937290773495
160 0.9983284085994482 0.005878936872067975 0.004048577574233159 4.694274465604257
165 0.9973415993178918 0.009059536064927265 0.004011793432936894 4.6938145926978425
170 0.9981525988368481 0.006833611035575338 0.0007583164432773959 4.6936066942025585
175 0.9980378274330401 0.007007251331635267 0.003927063950473153 4.693474366248584
180 0.9985374352471976 0.005336968338054859 0.005450008928975958 4.693397246524562
185 0.9985678571264545 0.004801166700207027 0.00170265254164792 4.692175610001484
190 0.9980786636666499 0.006662341526729065 0.0028891230157803705 4.692920568272652
195 0.998375710585961 0.005674457636812846 0.0001067040321993673 4.692925623288004
200 0.9978577095647136 0.00800119143666933 0.0001502072174746072 4.694094384245077
205 0.9983534670401779 0.005775909742665952 0.006902294526827113 4.69278120343221
210 0.9977941262046515 0.00811014090609774 0.005044237922130712 4.693072776746331
215 0.9962714775084422 0.014011766390937375 0.003796601002829414 4.692774819909164
220 0.9970239568451096 0.010738050199073257 0.003907452848983084 4.692460537961933
225 0.9968961374576177 0.011560346782997222 0.0030715584676599406 4.6915390079470125
230 0.9960789870811632 0.014934642934264275 0.005005859519343847 4.692555230255823
235 0.9967317343281806 0.01288952919637687 0.005523492923556583 4.6915779214253766
240 0.9974822758261453 0.00968597496374013 0.005114685378302619 4.690042339834843
245 0.997100863720936 0.010409407349863287 0.0032286687427187655 4.690639844983689
250 0.9965081286834218 0.013558126241950852 0.0012136814300169885 4.691874641967803
255 0.998808134471346 0.004106586412357949 0.001939573061504607 4.691391338660352
260 0.9988518918763765 0.00408260241040459 0.0018038545023004726 4.69171104326047
265 0.9939996551114709 0.023633362909863287 0.0022632747272819387 4.691105992722988
270 0.9983455321003081 0.005592518235475019 0.0013226500017551324 4.690613793039114
275 0.9909360305476915 0.03609545459760266 0.0018420330928667905 4.690883348152662
280 0.9960765088796977 0.015518849313015615 0.009278084274690013 4.6899803376208204
285 0.9979126525474673 0.007804229934842866 0.004314800529906737 4.6909501327006184
290 0.9958579375119561 0.015658136362767472 0.0017409610413094967 4.6895900998032625
295 0.9955810612691149 0.017201865168341435 0.002812930694515048 4.689763830713055
300 0.9965579723776661 0.012536227678015877 0.009959559409816965 4.690981781155893
305 0.9988650960990526 0.004207357960244629 0.003320298039121372 4.691295961968303
310 0.9981439721366071 0.006850710791971082 0.0010163758155377067 4.691177157992129
315 0.9968707277709341 0.01186947322521359 0.007074053295471838 4.690270341931129
320 0.9986073716745112 0.005419350609839668 0.0007701251845899648 4.690130428489668
325 0.9981127939528753 0.007159684233362995 0.001400657570350683 4.689957798541382
330 0.9977405028855366 0.008669910382532287 0.005901948802293555 4.690637575222018
335 0.9961997604328257 0.015167688235881549 0.003597770292928404 4.688994857955292
340 0.9966494531260355 0.013111068035254192 0.003438318379537675 4.690115377198187
345 0.9985445029030459 0.005323357174694898 0.0021069463238492236 4.689998424134955
350 0.9970374034755944 0.011357709101973867 0.00903853225341944 4.689145482337384
355 0.9969938498463005 0.011480273732057178 0.005978494051857908 4.690282958858602
360 0.9982125457115439 0.006697834053830398 0.0038463636283350144 4.688558382451625
365 0.9979137389218846 0.008261088557530272 0.0038344523819013876 4.68926628723744
370 0.9982669363666836 0.006313479527618071 0.0001600142877529187 4.68882099483913
375 0.9978139585552106 0.008631156806615081 0.005277666774749168 4.688165203441681
380 0.9981477009964448 0.007141297234125155 0.006840078114104919 4.689475122129955
385 0.9981812225656165 0.0068713168975946814 0.004505978790462661 4.688353728045558
390 0.996678439456103 0.012960284181800397 0.00755399464188744 4.68835048659917
395 0.997120716092835 0.011310077888119885 0.004941232214065172 4.6898810859304465
400 0.9987319363332339 0.004590583885552668 0.0052752193587009 4.688025453296207
405 0.9979565103319692 0.007698157802446204 0.004427815982234851 4.688588072349222
410 0.9984965142691811 0.0057976748536505696 0.011563234586370763 4.688012796207869
415 0.9980466020890922 0.007171617010956588 0.003289621523023367 4.687732667052168
420 0.9975272123454074 0.00937829101840304 0.004570659105058494 4.6883810433163795
425 0.9983954332016713 0.006132565640209364 0.008741756930747524 4.687582335023088
430 0.997918938206576 0.00791869650657162 0.0032370235756131738 4.688154286693789
435 0.998422204969727 0.006061246755529659 0.004647241762661292 4.688494762477543
440 0.9979956154916035 0.007965021979156717 0.005094255794125591 4.686997948531439
445 0.9977219327208224 0.00862455325427014 0.003866802431890637 4.687777120433585
450 0.9951228869722781 0.01908398374547371 0.0045889746297114176 4.688364528684633
455 0.9980378837643515 0.0077094381262607925 0.0067350375860546485 4.688429594465564
460 0.9977878239929319 0.00839089603200982 0.005778926202044898 4.687275671466661
465 0.9969522622760134 0.011866616853240863 0.006705737067519646 4.687550652308952
470 0.9978249764182778 0.008175947907958836 0.006496892209880922 4.6876414098312065
475 0.9987706965910936 0.004546951082962103 0.0033851523937116212 4.6882708901224035
480 0.9979767196235206 0.007703364585428751 0.00868380222356957 4.687820506249319
485 0.9985918365852275 0.005317385805594377 0.0016464477946376288 4.687224579855469
490 0.9982756734856003 0.006587728552768901 0.00901767942836762 4.68770932613595
495 0.9920774867115034 0.031065746757966473 0.005833134717984967 4.687491328896378
500 0.9986573205471287 0.005049334016018925 0.005252421253576278 4.6884862007055395
505 0.998466452077926 0.00572977342615566 0.004189104771165075 4.68759893091284
510 0.9970773132064028 0.011482682787111287 0.0019022369580867782 4.687454615944908
515 0.9977764676788886 0.008738092688262533 0.0017663772666982602 4.68784437434236
520 0.9932284129033833 0.027822284755741222 0.0012248919075035225 4.686592504195026
525 0.9986138162499201 0.005075977164461065 0.007243897170066571 4.686893470597014
530 0.9973988070538705 0.009816376889520306 0.0035027721573241966 4.6884574947706685
535 0.9939206108602419 0.02342356682647395 0.006879652051021035 4.686596602277365
540 0.9971518416462394 0.011213431203005442 0.0023151538066825683 4.687548415560883
545 0.9979264909572053 0.007958719366828682 0.0050886878349492015 4.68767814381179
550 0.9975773832563682 0.00976024491402594 0.0026595031579941253 4.6874838665758105
555 0.9981739876048652 0.006762244549457286 0.004673503483675789 4.68653952998709
560 0.9984283897389516 0.005879439963904609 0.0030475848458650923 4.687761944903834
565 0.9977872989810967 0.008390885491066591 0.003652780371620201 4.686859954886355
570 0.9975218323247874 0.009428418189840748 0.0062280403398911055 4.686978609759223
575 0.9980433550312642 0.007522597384483909 0.00016397668501166862 4.687040317033526
580 0.9970604006314298 0.011149947056737552 0.0071937143385747415 4.6863529190373825
585 0.997955564664149 0.008023416813415452 0.000696863930007785 4.686207370279073
590 0.998153658249541 0.007262299110823989 0.004591563553338895 4.686087632501874
595 0.9978231576911378 0.008375805973298789 0.0005614746704796225 4.686577190567081
600 0.998289292864616 0.006620483552005396 0.0053873494946878875 4.686770537841641
605 0.9976836767416684 0.008852662639190712 0.0030142657224687674 4.687023018354174
610 0.9981262411614722 0.007001042447392969 0.001593613829786955 4.686398056179772
615 0.9982866773255183 0.006621025866674124 0.002495553038414977 4.687135629268872
620 0.9975011454991527 0.00967192259681049 0.014059417495543292 4.686662247043536
625 0.9981066924533724 0.007371262165936088 0.00860936987410077 4.686895655717861
630 0.996485953475332 0.013534544631808032 0.01720877514815733 4.686412462842675
635 0.9949398708918311 0.02010423369107972 0.0018630116755640191 4.685884238145523
640 0.9974065661222024 0.010045216367064569 0.00854447685083981 4.685099510175273
645 0.9978596949130193 0.008469810207847317 0.006938102258252643 4.686531564882528
650 0.9984112276627697 0.006028085795160898 0.0030871574999831175 4.686255942946198
655 0.99836312885126 0.006090688213945761 0.003898366674941478 4.686770079619375
660 0.9983067275859439 0.006283086772262081 0.0037231562238746463 4.6865660946856735
665 0.997190487194646 0.01028524959484578 0.0018639526269741413 4.685466387270742
670 0.9964460100971317 0.014115895998465966 0.005354867180159983 4.686932855454788
675 0.9977351613696203 0.00886575676936907 0.009098366528876856 4.685613531997984
680 0.9947837663437913 0.02117566254686931 0.0011711122833124588 4.685713850879271
685 0.9975305509791831 0.009644539484337855 0.005670494887407562 4.686539791351577
690 0.9980905472054529 0.007453163386919037 0.0004288213788634643 4.686064617312864
695 0.9976593966623832 0.009345931359989734 0.008037836536171072 4.686314394155087
700 0.9985947556713458 0.005364531081134771 0.009315513997628866 4.687019561236548
705 0.9980345001894939 0.007541670565688996 0.008820062939731477 4.685369231068019
710 0.9977910613177357 0.008538278413170453 0.0010259996067598642 4.685895447010426
715 0.996964547751749 0.011871664750228383 0.002679806424141118 4.686206972081554
720 0.9981164479885122 0.007411849103452717 0.0030630692416966365 4.685978569030333
725 0.9969428816379897 0.012048725646889302 0.009927117921511242 4.685278544237332
730 0.993692186769346 0.02515178996347789 0.0025355916709233206 4.685816797366623
735 0.9984157722993418 0.006039204564313394 0.0012437922021268921 4.685877414872549
740 0.9983504477655103 0.006335303300918582 0.009805551251744982 4.68612509943893
745 0.9974670811722806 0.010418284298921776 0.010405814472427055 4.685843175482312
750 0.9973633701536133 0.010849694760286077 0.0055552479833900215 4.684998655563174
755 0.9979220339886595 0.008116100221500666 0.0033639154241957847 4.685432462770833
760 0.997840925641547 0.008227695409835256 0.005363834248629962 4.6859999648197785
765 0.9979012741631663 0.008010779017185499 0.00786559871851411 4.685688088306993
770 0.9982350964831008 0.006723870375068941 0.006104525168440178 4.685507461103996
775 0.9974064682839607 0.009816191610016567 0.004797563016810669 4.685444145192805
780 0.9978130580165068 0.008345188716730512 0.0029974819223237414 4.684943850284662
785 0.9978718217500226 0.008248317580449971 0.00998832811267869 4.685637319201076
790 0.9964915906316185 0.01407785810429285 0.0008740744888422469 4.685879036119332
795 0.998151026926777 0.007181390916936259 0.005213884259520629 4.68529455426499
800 0.9977092607511654 0.009067150270281488 0.006419813902280858 4.68509435525684
805 0.9979964670486484 0.007634865427035287 0.0020175971827740558 4.684898309394367
810 0.9981061617660684 0.007465215231850841 0.005866022688475692 4.684929623649619
815 0.9963082175857988 0.015064096922970727 0.013580542708999 4.684850107248165
820 0.9981233068534874 0.007070884644826414 0.003974441164447562 4.685354509367969
825 0.9976344213536692 0.009211886722891194 0.0037667475548208706 4.685352665174303
830 0.9980152899444548 0.007605280571281625 0.005219864983881051 4.685291180435313
835 0.9969813641619036 0.011665476469835845 0.002827649432407764 4.6850145426495144
840 0.9983571521962644 0.006339070267085134 0.0031439561104749103 4.684984412823664
845 0.9977331575772961 0.008993986433872614 0.008560236593989856 4.685058671612981
850 0.9980847842794565 0.007357491709342412 0.0028723838186641704 4.6863837906112815
855 0.9981330683552357 0.007143480512305622 0.002504750785038201 4.685096373982785
860 0.9983223686250859 0.006536755944577699 0.0050766909206647615 4.685677178048594
865 0.9977186578824041 0.009289297001312313 0.008064135714205278 4.684193586461964
870 0.9975159102988167 0.009543243667144097 0.0009649497691295306 4.684988116312237
875 0.9982624660648187 0.006670168769941753 0.010343662613692572 4.6851279281686375
880 0.9977174414030301 0.00884303878932613 0.009623184942167295 4.685234100727875
885 0.9955371722221638 0.017286725543993242 0.0014419844679522953 4.685088309528107
890 0.9979839577437228 0.007916683163690763 0.007863451526143317 4.6845355910320645
895 0.9974158975507037 0.009928429018153828 0.0039054230329444994 4.6842574786555575
900 0.9970306715595734 0.011181687055071166 0.0005892056943070934 4.684477547748358
905 0.9969018906833752 0.01225535124863697 0.0009048083464138212 4.684494596336448
910 0.9981609618306707 0.0071224538960947825 0.005763397593027575 4.684643465266198
915 0.9981508248509008 0.007264722206640428 0.010161627515953953 4.684727045876633
920 0.9979103799937563 0.008108477682366555 0.003118323820114899 4.684837301177088
925 0.9980804881715257 0.0074378400756742735 0.0005844540515889118 4.684595534833819
930 0.9975316564297411 0.009629734618052055 0.0016938993656476775 4.684686074897839
935 0.997289853849523 0.010610185854071474 0.0015227406608562255 4.684884524704065
940 0.9980149879550526 0.007592744435745757 0.008691854454262904 4.683936330786565
945 0.99839386906647 0.00625057181303923 0.004422333164011416 4.684052680316407
950 0.9977180897794098 0.009216842525703761 0.007204346423306696 4.684365074266779
955 0.9980224007054541 0.007272617833939066 0.0004237858124200855 4.684219637594819
960 0.9975081284810404 0.009569572487367672 0.0049142409878941695 4.684386154260296
965 0.9977676281632624 0.008746007400133315 0.002628164125523913 4.684124878418619
970 0.9983877514863521 0.006112428486347632 0.0006056191556951251 4.684358691837437
975 0.997881356626823 0.008208440178606224 0.0008200101347441979 4.683992736703827
980 0.9980592437779292 0.007608751428764826 0.006249954271623448 4.684195791466173
985 0.9975350884708815 0.010133134242865438 0.00902304823793032 4.683963090823711
990 0.9981459295840385 0.007120999034708753 0.00031678551511760134 4.684668666877482
995 0.9977975823683005 0.008774466605865783 0.00011230176392773572 4.684369784263051
1000 0.997131030471003 0.011463031628530906 0.00682787444270061 4.684126194586185
