0 0.06746711517307977 5.606013704179371 0.40349939367938836 0
5 0.9709776016898478 0.07415802796413029 0.012465450220294771 4.787828724251829
10 0.9684042914237343 0.07919190691570943 0.009685716092324714 4.775922757637038
15 0.9730463615418024 0.06388510051009977 0.012561198718763045 4.770083496597402
20 0.9702632059736351 0.0748261066867153 0.01176723427976789 4.764078869889954
25 0.984252416653033 0.038797526663485016 0.007629403918665734 4.7340659956012345
30 0.979460975267487 0.0704603388952787 0.00794945322075713 4.721422465658712
35 0.9928018515410237 0.02127379068344215 0.003279239681845958 4.7118468337441195
40 0.9956420049202738 0.013895461548027122 0.0003716158078259646 4.710014517243848
45 0.9937329511063555 0.021167069305888297 0.014498581597836901 4.705113495839291
50 0.9977774574191363 0.006156260998981367 0.0037073041827420106 4.702692415228472
55 0.991415931698025 0.030722072674151946 0.0008191187163375524 4.699021975864062
60 0.9937828187205981 0.022323494282231238 0.009421797541352861 4.700301189437146
65 0.9949783031198911 0.018408810408749865 0.002659103264489815 4.700692615196518
70 0.9980072928337895 0.0065680562325622915 0.0019102496286174109 4.700458250672604
75 0.9957119108471937 0.016651581427713502 0.004285567616489239 4.698678379022111
80 0.9955780797950322 0.015044993045572497 0.0002977013804121853 4.698634002940241
85 0.9970338962577208 0.011030203079687162 0.0033257840749079115 4.699132959903751
90 0.9973886760942523 0.009082816471518207 0.006408240375859409 4.695054106320598
95 0.9979011866887837 0.006375806996794076 0.0008584544530818583 4.69682330192714
100 0.9987074500868192 0.004085689489849109 0.0038351090739126015 4.697069317867254
105 0.9983555336806098 0.005461011012108052 0.00010049326656424995 4.696838320954864
110 0.9888151264619289 0.04570497240461435 0.005792153783579002 4.697008840106252
115 0.9984679960856847 0.005067709405635945 0.006929967094891687 4.695476158143313
120 0.9969662552476857 0.010974125384090705 0.007938601885944196 4.6948055613511075
125 0.9982760960706845 0.005998733239407805 0.0017620731352860908 4.694766099014431
130 0.9970933953975161 0.010451047824393989 0.00036705108371370976 4.696883116139573
135 0.9973138796402422 0.009575682764674909 0.006438710583988483 4.695121540302864
140 0.9968519614322047 0.01139504397196145 0.00042289517688653966 4.693561454325985
145 0.9969761063575656 0.011265921043099425 0.002711360495158077 4.695621705374358
150 0.9974664876947159 0.009012970223435168 0.002498686243640469 4.694393778549635
155 0.9963998250678645 0.01424343305244058 0.0007744888916088044 4.693395568611255
160 0.9972747845702483 0.010268110913790096 0.0026988022497325126 4.693755713565834
165 0.9969016611466268 0.011532297732646413 0.0032117544331273784 4.694397970047668
170 0.9988406326415584 0.004139498347914383 0.0009949208934281195 4.694467911416573
175 0.9982119404356384 0.006278481849108175 0.012255481690056191 4.693849680165484
180 0.9960597912364086 0.01479447701507386 0.009320836068076543 4.69409972021918
185 0.9976709368071774 0.008352013993137675 0.0027263466253295565 4.692967040070488
190 0.998028823058351 0.00700290454477237 0.005878160647539321 4.692953995853353
195 0.9954430905059574 0.01800822811545366 0.00026827192558509516 4.692784260589751
200 0.9982227251334077 0.0063357581551271025 0.0018864437984444926 4.693465728298859
205 0.9975145617247394 0.00890899647194665 0.000808918731221242 4.694112841938961
210 0.9955209332547659 0.017586639491372402 0.007106160628588265 4.692709649693854
215 0.99741121790211 0.010122714955376644 0.011829121236920592 4.692275135925355
220 0.9985215093039744 0.005520748057572966 0.0060256718541140675 4.692098004203808
225 0.9985444710519659 0.005179823731572775 0.00436579111711044 4.692770674095233
230 0.9985873770247466 0.004874069234053202 0.004351946963157216 4.692623391639156
235 0.9988520609281992 0.004169947740387592 0.0030713751178648163 4.6913801953314245
240 0.9982453514398885 0.0059761226073486995 0.0018259736987900066 4.691549257667722
245 0.9983275841099697 0.006024933211529415 0.00011810268844181238 4.691846136433529
250 0.9971217431889301 0.010861764346838498 0.0031978515341921643 4.690906195805934
255 0.9967608998194384 0.012227549600026144 0.0039242322692072396 4.691014184343285
260 0.9977387644956703 0.00848614162287653 0.0034906872760935848 4.691540475276936
265 0.9981412658323463 0.006738706331621991 0.0017474453652857047 4.690296286165696
270 0.9972380672044063 0.009948869507907077 0.007925735761823649 4.691488766393564
275 0.9986540441033452 0.004744598650521681 0.005868184462236359 4.690736847547144
280 0.9984759252991348 0.005658266177092308 0.0010061100075460239 4.691457284135522
285 0.9980588861509081 0.007602515339727667 0.004025387180422557 4.691561054481204
290 0.9988711626641635 0.004191671340555203 0.004394186201019945 4.692581686341699
295 0.9985782100905577 0.005381414258433637 0.012776794322867602 4.691163941526403
300 0.9989269776551313 0.004000669470156204 0.0013616712510231554 4.691418108858455
305 0.9988950732168956 0.003844763899341075 0.0010309684907181538 4.690395292210301
310 0.9962930596005287 0.01452787333307537 0.008645431342542365 4.690855083155097
315 0.9985611053154086 0.005376369769466649 0.007739442491518478 4.6907973312778255
320 0.996883316967963 0.012326479590459627 0.002631013749296862 4.689956198382203
325 0.9952673142066307 0.019276177539628847 0.004459700838066016 4.689319527189038
330 0.997796713424853 0.00829211298341459 0.0024815551169603545 4.689593142032868
335 0.9970494428039023 0.011733516561259094 0.000696527684920456 4.689765626020388
340 0.9985779830575263 0.005401178495124448 0.0006901945615613858 4.690067600839673
345 0.9984411569446391 0.005905232255039472 0.004406615812532655 4.689493138536376
350 0.993065723698029 0.02626743525758446 0.00022799290506680947 4.690513794669341
355 0.9979405206856635 0.007899938851750221 0.0016193746794153085 4.688772726183129
360 0.9975049429112277 0.009500233503425548 0.0036669044922326144 4.68856559048224
365 0.9955260154583303 0.017310272558601625 0.008140733291891022 4.688524137501662
370 0.9980690640558996 0.0071457092165641 0.0030493950809791226 4.688594372349865
375 0.9987601871887872 0.004385223800301041 0.0064411059184039665 4.689861984329248
380 0.9974760937678702 0.010125603344054213 0.005124403241000497 4.689740789477353
385 0.9977171034016616 0.008938692712626484 0.008267053444284134 4.688351591207944
390 0.9975511464682123 0.009045686303444711 0.007159158632733531 4.6896452125503005
395 0.9978029353429932 0.008528078928035754 0.0030196740022252477 4.688996257833224
400 0.9982569910221031 0.006849799548367841 0.0028950804811702646 4.689794960907281
405 0.9982633185386396 0.006329523549789329 0.0016354761809265206 4.688026302950723
410 0.997685684468658 0.008559986157597343 0.0013705765063565245 4.6889187405932
415 0.9984215976283122 0.005924999835617228 0.0005079952565516521 4.688862691163553
420 0.998378263699971 0.006122698467559751 0.0007489692964430805 4.6899998143660495
425 0.9979699704741416 0.008021207557013632 0.00972173279257249 4.689300522478884
430 0.9963093191728909 0.014303652918306042 0.0025062797780925905 4.688664562489275
435 0.9985812883671752 0.004916099751489433 0.001359464121982068 4.68934875941957
440 0.9978939493566308 0.008023285613730557 0.0033622313912646806 4.689650738692496
445 0.998049176425664 0.007904911296372497 0.006176179529028714 4.689135386063854
450 0.9973816651975627 0.01008122694316338 0.00830474584256935 4.689508935224691
455 0.9961001240958116 0.015977642074726184 0.009635156365821462 4.68762131837741
460 0.9968579378479678 0.012316746293453917 0.003290249356181052 4.68762508612701
465 0.9982280654276805 0.006455010780864079 0.009023443159065447 4.6883446819614285
470 0.9984997799699797 0.00570424899889499 0.009209999443904548 4.688366938970145
475 0.9945952804157235 0.021787133066339948 0.008846612338824889 4.688675215285827
480 0.997534091250081 0.009856355922948978 0.001026923220041498 4.687961691538353
485 0.9979440207315735 0.007365636929917763 0.0033519095244840535 4.688002438023993
490 0.9970793166281231 0.011315784345770297 0.0019682545844192934 4.688332852737742
495 0.9985306823716407 0.005501124640304056 0.004874365344644804 4.687819458968765
500 0.9980397081543972 0.007085104798012942 0.005814540729591311 4.688047168255718
505 0.9965495484869624 0.013326720386579893 0.005801464931171507 4.687508948443032
510 0.9978612091634363 0.008100306291585646 0.00013637856984827224 4.688172077486487
515 0.9972741769470884 0.01067680792382042 0.00896323979304392 4.686969392038099
520 0.9983698163907859 0.006112877183658938 0.004564015191858006 4.687806833090244
525 0.996244013266415 0.014737162372346013 0.004809094980485984 4.687504339427331
530 0.9978420710421281 0.008500784497253555 0.0010707045398743453 4.687010443398028
535 0.9978745322475965 0.008529321612106955 0.004247290542491289 4.686827009661036
540 0.9962796200797367 0.014457549616127885 0.008271784188576436 4.68748190582354
545 0.997175894390304 0.010723847830054645 0.0028662994929675722 4.687160849088864
550 0.9982744786736615 0.00649402242253494 0.007647157357037138 4.687549849502444
555 0.9981902152943382 0.007072536717866562 0.00514872483066009 4.687488912881529
560 0.9983715401686684 0.0063634886489198905 0.004668951245855757 4.68733349102502
565 0.9978817754002238 0.007778776665992915 0.006628935928371771 4.687921860597234
570 0.9982516364793712 0.006660192491248829 0.003880398071664626 4.687730208005841
575 0.9956641284352479 0.01692835053308528 0.0009602714046226257 4.686683628367199
580 0.9980496541983896 0.007503117982790464 0.0032782222374001524 4.687219096381601
585 0.9972879115532914 0.010428915211159406 0.004682264459719754 4.6870004583944676
590 0.9973049840226034 0.010343258817240297 0.005009242503612343 4.687061697715714
595 0.9980491813280588 0.00756565319191882 0.005755221736843286 4.687164359693888
600 0.9982869104516041 0.006674420551341598 0.00031026400913614083 4.6868663906178485
605 0.9981442946322467 0.007178952191469357 0.00010040594044946616 4.68681638421555
610 0.9975327875723741 0.009566019590062425 0.0033584656386655976 4.686519156509095
615 0.9980457915274434 0.007324184857424143 0.005052496629141645 4.686134832303235
620 0.9964678674371842 0.014273900052995891 0.006282411977071023 4.68688134881684
625 0.9979326502368905 0.008110397185817853 0.002702473042414777 4.6870716106405075
630 0.9980961798567791 0.007057787974912522 0.0025536780585639907 4.686939891525685
635 0.998162218135178 0.007263242620703991 0.004411353483113611 4.687142115812083
640 0.9968829614189599 0.012518813831501774 0.009277464013596415 4.68686055142665
645 0.9977770519953659 0.008729625486704862 0.0011651553303502205 4.68539163042499
650 0.9957442887137329 0.016753686798926637 0.002971466612864848 4.686799714997787
655 0.996498475064467 0.014232059955528342 0.002314571664533638 4.6862968921190005
660 0.9961842067504559 0.014902404365662925 0.007633191586982502 4.686808526518707
665 0.998145049776454 0.007356980836286553 0.0037484571412478296 4.686680490921268
670 0.9972346833711515 0.010504949299977362 0.003169406015431697 4.686052839268566
675 0.9971088118889767 0.011401897470965316 0.004313223586897674 4.685351057267602
680 0.9982688069038452 0.006621360069039461 0.001151225073246609 4.68597732348059
685 0.9984501316648778 0.005852577944023274 0.000981875708921054 4.68546117446909
690 0.99691815698986 0.012278072644538618 0.0006893788076560714 4.68581688048292
695 0.9978829312387867 0.008308204596731095 0.009285431625142948 4.6860902088684915
700 0.9977947909212976 0.008415454323365879 0.0012576144996330196 4.685951932758191
705 0.9975785746376005 0.009320837330004217 0.0025355608048873712 4.685997775436689
710 0.9978585046163222 0.008438812018273012 0.002539251379069851 4.686024318911299
715 0.997027779484747 0.011979481491252386 0.004044336527467385 4.685495462641303
720 0.9978006004404367 0.008648864636811027 0.0036414765788477244 4.685763197093513
725 0.9978031427567376 0.00857153860129145 0.00949074585268539 4.685208399696993
730 0.9983384683352461 0.006282835984873003 0.005197477108676685 4.685853001801227
735 0.9965432564428937 0.013765661534101525 0.013149082195776263 4.6854808272588295
740 0.9976772175621259 0.008855590851703177 0.0024839635930213877 4.685813208469282
745 0.9951645668442473 0.019143850419467867 0.0034214834678365502 4.685231953855185
750 0.9979910129709632 0.008021759402161877 0.002406469270552991 4.686244893012826
755 0.9979081732417951 0.008346100686911662 0.004473866671654614 4.685610170133148
760 0.998134490471436 0.007256684404438829 0.010480847256463699 4.684373813885611
765 0.9976495550764812 0.009361701330569794 0.007380431109273555 4.685956701390141
770 0.9982470323067425 0.006819506880684223 0.006828429013131743 4.685966274208301
775 0.9977181141349026 0.008869595391423957 0.006101431101933397 4.685625842545608
780 0.997992446444055 0.008094530039561398 0.010372903822997603 4.685609624530139
785 0.9964411823745962 0.01392461257429023 0.000499579491355151 4.685628364963267
790 0.9975757726276999 0.009568731746023573 0.01344141236016494 4.685607044690882
795 0.9977206460764099 0.008952501456290562 4.1797804820387086e-05 4.684375638364631
800 0.9976669497182059 0.009202446951249499 0.005118281279084647 4.685182405659736
805 0.9980019249730843 0.008233575280970129 0.00039262820682961497 4.6854255194785175
810 0.9983503456361874 0.006483335059060735 0.008006500964779173 4.684656955640427
815 0.9979518372214015 0.007553040410558154 0.006393143425687864 4.684842004737194
820 0.9979467175766487 0.008391652413188844 0.0005746251194147511 4.685553848196981
825 0.9982794325435673 0.0066858353977057305 0.006747242817379817 4.685705295208591
830 0.9965760673291904 0.013786192563379984 0.0034904531959667473 4.685611801297867
835 0.998019546970779 0.007945926201669451 0.010646148830875335 4.68515927218323
840 0.9968894640457807 0.011945296602012156 5.328913167135241e-05 4.684606165717963
845 0.9983593572484553 0.0064059080894516285 0.0055455879415369225 4.684894035334725
850 0.9983092217220908 0.006779316510196587 0.008146705174983948 4.684699427297341
855 0.9982852314644151 0.006576773153644133 0.0018049844654632885 4.685054298453855
860 0.9976941963365786 0.008620720586117514 0.005974362893191643 4.684975155008957
865 0.9982963952659473 0.0065874246268089465 0.00298261337620942 4.684125908802228
870 0.9980544971321921 0.007513532355813979 0.0026791473975862345 4.684241522530877
875 0.9972605402029641 0.010684564104187722 0.0037696827288897783 4.685473173972668
880 0.9982616195988135 0.006818245423119151 0.002883664696951005 4.684557857329143
885 0.9976258203681563 0.009404684911907601 0.003148164876848769 4.68433533059366
890 0.9976399373435763 0.009177954595199544 0.011186368164188831 4.685109461091279
895 0.9975188281591019 0.009788202619876785 0.005873225840029139 4.684040209165615
900 0.9980346214367606 0.00784241596955848 0.0015871615750264745 4.684801865696817
905 0.9978503563124141 0.008556890652897664 0.00790431726970997 4.684909831351913
910 0.9978462477973357 0.008344446143323303 0.001257759851268414 4.6845599016784565
915 0.9956164543675801 0.017314034873636253 0.0018590396577020663 4.684008980701982
920 0.9981021223500506 0.00754328484982647 0.00216932240956047 4.684802012549387
925 0.9982387404881371 0.0070914758109816844 0.009945874333746607 4.684418980448006
930 0.996869430374351 0.012845340077376477 0.006674689540202561 4.684330001858033
935 0.9982587516155921 0.006751186551242405 0.006725189140949883 4.683693017324967
940 0.997752497790015 0.00895110495264273 0.007161026365085421 4.684302242965464
945 0.9980104989246819 0.007749056021979506 0.004919299858148873 4.6843204179090465
950 0.998034569329755 0.007715670991681911 0.005479241595972351 4.684816450969447
955 0.9970851216529889 0.01166479490912753 0.004173495012059103 4.683956186210013
960 0.9977263790113914 0.008712630732930826 0.0009032993609681128 4.684365187979958
965 0.9967908967466386 0.012579487095046638 0.007861907454761674 4.683647585267076
970 0.9978829306091581 0.008144985636232782 0.0016157258657938378 4.684915794061974
975 0.9981575499582984 0.0070004169237041225 0.007004594866451441 4.684465490904769
980 0.9975043143905997 0.009891523996381046 0.00706738962241471 4.683977382216774
985 0.9981281557951058 0.007284110007771183 0.00455579673367823 4.684300628494464
990 0.9966222506431045 0.013258104818757666 0.01057821805300807 4.684247445080278
995 0.9974560302478116 0.00988141708280299 0.0033576030767397125 4.683547728385069
1000 0.9974554080300464 0.010031764504343954 0.005164655017809272 4.6840407677415605
