0 0.384242658251697 2.191716563490804 0.35283969138648796 0
5 0.8088654490373853 0.45491592471928843 0.0243210496420061 5.314258103811214
10 0.9246657045542451 0.17894978944483242 0.019157966693113426 4.866856631417946
15 0.9284828402876406 0.16761674745018595 0.0192830470363492 4.854769121209005
20 0.9300283574162851 0.16196399654251437 0.03315324285194854 4.848650583578117
25 0.9300859837975257 0.16118285241871977 0.026877082244789907 4.84592606915648
30 0.9256436320670303 0.17538018474986838 0.029444477689028803 4.843643570889805
35 0.9323738338930907 0.15414145085404307 0.018624836157273617 4.843771338390235
40 0.9309981075428823 0.160358646252023 0.023450973139657494 4.842426520470884
45 0.9234135757587743 0.18057684976735722 0.013266604937928417 4.84225129500013
50 0.9124153277305623 0.3557040196203518 0.009235918795929221 4.894691630228461
55 0.913486672934984 0.3978108280453849 0.00725912576917187 4.789600156349328
60 0.9143330348020273 0.39239731562880475 0.012151336258258816 4.7847735478457265
65 0.9145969128179422 0.39267506158878884 0.011465962023567533 4.779588094436868
70 0.9013157488108507 0.4417462055055852 0.013960861845573103 4.774873718000446
75 0.914796753124953 0.3897387275833575 0.011145699813181587 4.775792082840106
80 0.9087591552186607 0.414511038955216 0.0005574608635237066 4.773746695476383
85 0.9080041589441363 0.41778397283282764 0.012359010918783442 4.771690813569405
90 0.9152895387861315 0.38898461553071595 0.005933911331927444 4.767728007330927
95 0.9136142588260354 0.39527823293907716 0.00883559909774334 4.770658609173669
100 0.9146588646975478 0.39355268636512175 0.006584174613776694 4.76840093811904
105 0.9088267427379808 0.4175520794402994 0.014075227382701838 4.769498777591182
110 0.9145866410043126 0.39527964210136 0.011358664796769391 4.765661434611231
115 0.9140014489243697 0.39898565171797085 0.012307021337840451 4.764342377177353
120 0.9105372089408927 0.4115398844135809 0.014515831464430917 4.765901147359284
125 0.9065387522709345 0.4195643321805269 0.013558630535183358 4.764231608667288
130 0.906054722685836 0.4257981005989082 0.01773165628216966 4.761712546156492
135 0.9089308733072612 0.4170802161965117 0.008136665494053563 4.760011582225785
140 0.9151474744995828 0.39105392475255574 0.013880700633682075 4.762462965335685
145 0.9153284675198522 0.38747485338069687 0.016616938292383754 4.760612724832522
150 0.914700722098316 0.392467012878396 0.012538250464329437 4.760552421106031
155 0.9036395583880523 0.43387282842491537 0.007698261231446235 4.758958990979564
160 0.9141025950242005 0.396408181174956 0.006314448914656268 4.759308711991855
165 0.906075167662893 0.4240060557933827 0.014216787091060556 4.759535816364837
170 0.915039480556041 0.3947579282538829 0.003986083634473392 4.761115094194918
175 0.9130904672669111 0.4065827966305955 0.008291276138147285 4.759363890164096
180 0.9141435536953868 0.39929179802632664 0.005912646077618877 4.75630207645996
185 0.9097568364461287 0.41453273659529 0.00802690578994758 4.755154819067792
190 0.9085541581209824 0.4168082405403828 0.0019719936751485534 4.757417670160293
195 0.9144620279479176 0.39903721250605173 0.010673136943263106 4.754455992337374
200 0.9132086522463403 0.40181902558888716 0.007260362000580001 4.756543651339303
205 0.9149543535459568 0.3941125731532953 0.008611782563133108 4.756459457603729
210 0.913325150806567 0.40735874620143875 0.004781875257155566 4.757392646251059
215 0.9008792624530924 0.4545799599303244 0.018348484185903846 4.755027104694453
220 0.913734208787648 0.39823429168861413 0.010816602429568611 4.754920552276264
225 0.9145942235556004 0.393231152589574 0.007861204415716694 4.753934103702455
230 0.9138639955270126 0.39609230294457465 0.008903001717833314 4.755748768411755
235 0.9141623295947245 0.39886718859934955 0.01150457581293951 4.7544176282861805
240 0.9152814208065392 0.3876496276786652 0.0051593822165412195 4.754127512099175
245 0.9136445190020033 0.39848488011952554 0.006786819143102418 4.7528210730500895
250 0.915072952796288 0.38988858009340976 0.0037696100041861857 4.75352436797497
255 0.9144401787112129 0.39662092642999536 0.005710844161318951 4.752486673074902
260 0.9125632840921137 0.3996302063931303 0.014028921396179062 4.75263354758512
265 0.9151741779216712 0.38705168251340716 0.013793709691071632 4.7517050251113915
270 0.9146924138503186 0.393487741747208 0.009725206842365441 4.751440018596562
275 0.9149286569241388 0.3929073936169454 0.005802775500074242 4.751089394214023
280 0.913710347812538 0.398560308865588 0.004105285126704938 4.751748870800967
285 0.9146299285654521 0.3923399243985246 0.013471593334933196 4.750281044289514
290 0.9144329963006732 0.39378394763770874 0.010390748165434172 4.7508967033184835
295 0.9152332798460545 0.3877872863608758 0.01295703499209333 4.750947319842507
300 0.9152977014938427 0.3864522925641021 0.008554393566121643 4.750200553012652
305 0.9138374022042958 0.39659520099598033 0.007860017663926966 4.750860529555214
310 0.9130900461373652 0.3980588066185735 0.008105116810873225 4.750075887927842
315 0.9129935309622752 0.3976980730561275 0.009099207470993242 4.749533768200663
320 0.9148000947780941 0.39407222629750827 0.004952349312619342 4.748968495232592
325 0.9146617615237411 0.38811999232498273 0.010519393485881157 4.74764396643905
330 0.9135680229326341 0.40312425709208544 0.008432765690281396 4.747729987533113
335 0.915078251155483 0.3879873598302108 0.012583726424676867 4.748214124388037
340 0.9146899844274157 0.39217620517285745 0.007085866433208077 4.7485306193992365
345 0.9147531175930734 0.3890780092710511 0.012761448912218532 4.748273983675657
350 0.9145236260867146 0.3917684701006392 0.009789809642543501 4.749554298933273
355 0.9154685666172555 0.38800821168711774 0.005288390798186882 4.747545803904461
360 0.9145709551154709 0.3891083321492994 0.012299849799315421 4.7480607641989705
365 0.9146499901581859 0.3929885180589281 0.012471156868216315 4.746641471157199
370 0.9088035317880055 0.413323239229336 0.012926433776044188 4.746334880475835
375 0.915790921853196 0.38567127836304405 0.0011053758384598211 4.7462741170203575
380 0.9128325797567726 0.4024663756187925 0.0089969340917615 4.746764831316801
385 0.9148443323897221 0.3923586283682514 0.009491611859168803 4.745808750419669
390 0.9158403330239784 0.3849161576212765 0.009153491165437178 4.746057878442919
395 0.9138195267036298 0.39576575946269354 0.009517893275698297 4.747115931610466
400 0.9152953531494008 0.3915020759310215 0.012268637303154417 4.745039605823488
405 0.9167423387678568 0.3775421828090435 0.0033923268591622424 4.7443281525961964
410 0.9144645475739626 0.3909216920884919 0.010662796700591226 4.744197149367151
415 0.9157409558927967 0.38452663574679935 0.004089808915000104 4.74400694551117
420 0.9164207822011228 0.38409850518713107 0.010868708210812539 4.743541130567563
425 0.916906259929388 0.38120857208494385 0.006102621014484111 4.74349757084991
430 0.9170235830709743 0.3808612247082417 0.010630537510530003 4.742910637392859
435 0.9125981525802084 0.4037593520356255 0.011417290976446282 4.743091275858776
440 0.912852563197376 0.3985968992781359 0.006409690991294292 4.742302932532198
445 0.9105905112255555 0.410529330370224 0.019116445250077607 4.7414351076991
450 0.9175015138055311 0.38218025943876466 0.009334097555031118 4.740906423525272
455 0.9166498067851974 0.3921337553410149 0.005881969905044526 4.740413201207748
460 0.9167786387323511 0.3829282866393777 0.013977084441078702 4.73993208903032
465 0.9181397310368435 0.38337236773974936 0.006570084536908771 4.739109443020288
470 0.9183698968388982 0.3807866313412047 0.006018391076706653 4.737937195061342
475 0.9193904959865291 0.3770707660778845 0.013226806993418938 4.7355381433141615
480 0.9193889527697352 0.37190881909370166 0.006234184971287693 4.7348190994983375
485 0.9179550238984923 0.3814947132063935 0.012840399497046517 4.734371113614631
490 0.9206230315655414 0.37753545916370257 0.011021123492351403 4.733295464564149
495 0.9226389780473613 0.37036201535293056 0.012997459826516788 4.730071915271966
500 0.9221124514586603 0.37329886603955575 0.0068960526777614994 4.7291590297673425
505 0.9238163079183259 0.36824573203230404 0.013943584953223453 4.726661685159773
510 0.9271915849408606 0.35331767639529676 0.008205583612876932 4.7254136154863
515 0.928012199558609 0.3500742146731808 0.01195741033686648 4.723777238874767
520 0.9287897092357118 0.3479997992123014 0.008985206067863016 4.720251522921908
525 0.9304944649779134 0.34054690639420926 0.00559079187308309 4.718930190610341
530 0.9313012489463663 0.33906632116545943 0.0062484452034827775 4.717354839713793
535 0.9278198238858548 0.3542714979700845 0.006360820744724993 4.716192409834519
540 0.929992576701437 0.3468794431154514 0.00943820420078123 4.7130341390784
545 0.9330540529596689 0.33792533854785756 0.004790197282620534 4.710283845400603
550 0.9323320342811997 0.336281589874595 0.0037173143448288037 4.710898255507323
555 0.9344429795195579 0.33137643817651075 0.005354293532250143 4.709029562248582
560 0.9362799390664991 0.31983384748979216 0.0050042380827513 4.707394089124809
565 0.9349051709886554 0.3288184039722939 0.003171146971186145 4.708204654735999
570 0.9309486343258168 0.3495672686005644 0.010886067788510312 4.704987982067223
575 0.9361865681053849 0.3259242638623947 0.004562528685342793 4.705378608307026
580 0.9276250659445583 0.3643681753533423 0.009955808009950662 4.70270837649318
585 0.9365028924587152 0.32354041837588277 0.009139674951976984 4.702043163425711
590 0.9379138978189367 0.3193373941933375 0.0076477384737621 4.702996858643732
595 0.9380337601055764 0.3189264857278804 0.008488944732324866 4.700358264821919
600 0.9310574367280592 0.34945415910725064 0.01679566869275506 4.70182657705982
605 0.9371955875804769 0.32325471523328453 0.003474957680601687 4.701806678279917
610 0.9382502533717358 0.3211542111736243 0.0015698755846187407 4.69870956025086
615 0.9392107304300619 0.31465493208195294 0.0058177430869990054 4.698567484882237
620 0.933558004091445 0.34492424529548416 0.004828649393227691 4.698806462152794
625 0.9390856348482712 0.31617585869078724 0.0026579136271789316 4.697815031926272
630 0.9351527124680779 0.3338164831855037 0.003971173787900684 4.696644656205548
635 0.9381293850382433 0.32001953561666596 0.004908634981285465 4.69526519507576
640 0.9401139776378993 0.3125623159276314 0.002785360786667024 4.698864560879434
645 0.9392442952190941 0.3167001143808372 0.00480425054175404 4.696925847820898
650 0.939016567725525 0.31971336812920814 0.0042807969229954335 4.695835791866002
655 0.9390538519588156 0.3206873493697202 0.00440750795891498 4.695983602280635
660 0.9408805337760808 0.3057651251622078 0.001733163616232547 4.694928656716501
665 0.9399459251918814 0.315580129973946 0.002104277162157775 4.695513163875055
670 0.9405530192653536 0.3112348669852789 0.004769660320724789 4.69402109771408
675 0.9395933087232713 0.31755962419735795 0.004658355380027457 4.695022804696518
680 0.9413063120060691 0.3075304871594531 0.0033437514153427106 4.695191219343651
685 0.9388347602661402 0.3212397885711509 0.0023419720688597767 4.694692265979711
690 0.940866585989506 0.3098465536199475 0.0023701677596748016 4.69463666773301
695 0.9413942390424423 0.30581087179845934 0.0016596026558224342 4.6939542532553435
700 0.9409883528838582 0.3098375607214843 0.0026760467030093604 4.694801615528425
705 0.9402710116758646 0.31321425631269584 0.0011523243711766273 4.69322172345316
710 0.940466862888782 0.31368543628805146 0.0014312248574781528 4.694237078627008
715 0.9422087913450198 0.30306403273474736 3.7072001912052954e-05 4.693769306617892
720 0.9415271686468996 0.3059051613237296 0.0009965911726657062 4.692801464524604
725 0.9408786136178041 0.31112751961194185 0.00463956897992901 4.693326520713486
730 0.9404062153638889 0.31291164144925343 0.005294688405993897 4.6930134374468215
735 0.9394906076893451 0.3158415938789867 0.004179994431182221 4.6929105253316035
740 0.9383247346008234 0.3219045702034675 0.0029688662753561967 4.693142602116066
745 0.9403001550399064 0.3162149082001857 3.053403627295559e-05 4.693643594668857
750 0.9412578110523844 0.3091927040200986 0.0013137824639077866 4.692921941440164
755 0.9398829406084623 0.3156131968818654 0.006549064218509981 4.693692308097173
760 0.9373659191538829 0.32733220556885634 0.0070484696864396845 4.692733642494502
765 0.9406327516361269 0.30839082172453214 0.006702368895789013 4.691510373521913
770 0.9407130934590286 0.31239242747425244 0.005249065457762381 4.693708794920751
775 0.9414862477696637 0.30764666996642553 0.0027278030548048005 4.691204081709555
780 0.9419342228563642 0.30429227931162917 0.00238910414995841 4.6935445365546204
785 0.9400566445141962 0.31670334433163916 0.0033962347288363226 4.692359545676754
790 0.9405904897096082 0.3153450200052612 0.0029561327345679622 4.691777552807964
795 0.941903772516224 0.30540782323757654 0.002695719360009008 4.6935416238308285
800 0.942252999364592 0.30449832282402856 0.0007470393231439054 4.692983401577423
805 0.9409138907147143 0.31115818050136124 0.006994729398667632 4.690756528060219
810 0.940926808701224 0.3120348027220068 0.004412638646568157 4.691331532469029
815 0.9401155153232447 0.3180937802910284 0.0006717981559092312 4.692175443236964
820 0.9358879383463345 0.3355045397355365 0.00589649352894428 4.691192043595112
825 0.9396649283999756 0.31713478610511636 0.0019233218293686072 4.692700592022389
830 0.9333564932855322 0.344144626408343 0.008916165176650725 4.6914320370357645
835 0.9402129200186182 0.3179522031845794 0.002946774306614719 4.691668508728043
840 0.9388554292430473 0.3199521792082498 0.00023847358558315435 4.6914173474057295
845 0.940911663089433 0.31361767622317327 0.002099837666101001 4.690739918320649
850 0.9406342014234659 0.3129434746371098 0.007860703044626938 4.689849312412726
855 0.9414932459821992 0.30930210652655443 0.0015801901520084982 4.69151315931466
860 0.942162187270247 0.3045205697769715 0.0031988339697073265 4.690723410065089
865 0.9423232204958794 0.30442338719945106 7.781304618426077e-06 4.691019340524224
870 0.9423581260575078 0.3047593118396472 0.0016290718400853166 4.691084671360381
875 0.941557730318759 0.3083804219880699 0.006538106222640394 4.691439146640315
880 0.9327179033444541 0.3534359784379957 0.006350434480447031 4.68944495888098
885 0.9412440447034672 0.3122127797096441 0.00016771611900678884 4.691539990614185
890 0.9395036897544096 0.3178927765843014 0.003697273458815653 4.691404022743696
895 0.9408059286753893 0.3143589049262241 0.0023242937025027555 4.691080430044107
900 0.9413519114058104 0.3084472062609134 0.005883718391121562 4.691089339029109
905 0.9420514871659073 0.3063856391178392 0.00219294832279493 4.690741655283749
910 0.9411275711107414 0.30928147957830276 0.0037520901132381823 4.689358093056934
915 0.9411473859750241 0.30829525605471897 0.005342952990749605 4.690790766706765
920 0.9414473441088945 0.3110027857965063 0.0004114600447602257 4.690861599216458
925 0.9405755570438928 0.31516217164793225 0.003416464966860655 4.690404247736074
930 0.939852485441532 0.3215330852680136 0.0032731711378388706 4.689456995801527
935 0.9406216945236162 0.31172858868809783 0.003267368734551912 4.6897529447574335
940 0.9388062688091197 0.32321541690908084 0.0010061105857013253 4.690098959377107
945 0.9424076827292609 0.30264667638904275 0.0033218882653260895 4.6898261397259144
950 0.9409385531648098 0.3148327649156464 0.001533853118516948 4.689645437239666
955 0.9421212356967721 0.30616507392176295 0.0022847036600970316 4.690047075427858
960 0.9415505327506919 0.30899414364064093 0.001661389172702199 4.69041369113153
965 0.9381652509158622 0.32986067495400295 0.007227377818282976 4.690373660148047
970 0.9397320127111574 0.3200438896757509 3.287411358554593e-05 4.690137252589391
975 0.9382124287399973 0.3223854720505921 0.00014492945916111388 4.689366881803936
980 0.9379627278217739 0.3297456893106503 0.0031831254191891922 4.689231791546201
985 0.9398976645216733 0.3194832993895593 0.0028257544097234355 4.6885522627136105
990 0.9400385484610649 0.31985576423514583 0.006014265618186743 4.68908697155618
995 0.9432846483681339 0.298956859208829 0.0016869167991384604 4.689075540101328
1000 0.941134598678226 0.3124343948872612 0.0012232240499419067 4.689251303644996
