0 0.36586089268102107 2.3086325892304806 0.3270940690652099 0
5 0.7550583515754483 0.6044290491971402 0.042383278834142724 5.43295815729958
10 0.9249785499099624 0.17878176159799608 0.019833883158459242 4.864956673156995
15 0.9286502241458027 0.16734789394732807 0.03639233190367075 4.854902607307278
20 0.9306655477069845 0.1615576136058694 0.014815653982151344 4.8477177550371575
25 0.9286459288663573 0.1659300801008241 0.029436217753973093 4.844844435586259
30 0.9307526434869005 0.16032209922211038 0.011468226834596695 4.843065140753591
35 0.9324525238664474 0.15555076006699853 0.015636736730237466 4.841850965967979
40 0.9325568744461857 0.15525642620834468 0.01896615861655304 4.841332091338518
45 0.9334984078874251 0.15293474128294093 0.028613219687142033 4.84017355149029
50 0.9206352952039112 0.32503238934511547 0.006611343178255957 4.886486429276872
55 0.9112333248858258 0.40382336379957184 0.0052300045837370135 4.77382791975068
60 0.9055733750931545 0.42661924367156434 0.008451987785071724 4.778067099575541
65 0.9140369658943537 0.3943891472853629 0.012552037527731041 4.7747473477227445
70 0.915145967491686 0.3902938169622816 0.013172468659639502 4.77352855021181
75 0.913535290946624 0.3973598325623051 0.015000447293637365 4.769773352952912
80 0.9118937464901526 0.39845297282037073 0.015074164670616286 4.767471829978047
85 0.9147562025316864 0.39140008687676 0.01192977340256407 4.768501572888876
90 0.9156172907761585 0.3856359936070266 0.01581081655978278 4.763856328358711
95 0.9148123920714557 0.3934536925523142 0.0054633102392367405 4.763177763222796
100 0.9148818238878258 0.3918151868068769 0.012760663737362066 4.7650227787223765
105 0.9145555443329845 0.39134716433714 0.011672085834621093 4.764981375606743
110 0.9074847309491 0.4224133230632079 0.008859305866686373 4.763879194519683
115 0.9140248853683932 0.39558379910585284 0.010929917117253662 4.761545909688886
120 0.9148092817839121 0.3905067067499113 0.011764566879200133 4.7607337690180955
125 0.9150636185265179 0.39176409095622944 0.01041203163254778 4.759636464897455
130 0.9136106505773891 0.3968465291895864 0.006637996111482414 4.761928580098862
135 0.9132776089984664 0.4008653169761631 0.009353129491412426 4.760034559983657
140 0.9146636589101482 0.3919334591076238 0.011241841200882785 4.757759960455555
145 0.907600274358561 0.419040357461161 0.01734852174556223 4.759311889001287
150 0.9153022027920645 0.3876316453387503 0.016788603988246553 4.7575615392224035
155 0.9115307483658646 0.4115463991854744 0.01207364837950231 4.7565946393403555
160 0.905948899565643 0.4317918966883303 0.019465541272315257 4.756559279916032
165 0.9142941650152332 0.392383258386662 0.0035141299735221843 4.756290817884353
170 0.9149054871960338 0.39341006552187263 0.008343873514032651 4.757268583934785
175 0.9144887682220029 0.394702130054017 0.00613175501994534 4.755569833829265
180 0.9121964640964884 0.4011885050223931 0.012338920595927894 4.755753722739767
185 0.9104440352419934 0.4072595444169682 0.006673314245468465 4.754363514962973
190 0.9151859805188217 0.3884368513086116 0.012482125106891395 4.754651555110421
195 0.9117222310025632 0.40921171765135345 0.007616845328134669 4.754261911986939
200 0.9129727569686565 0.39930014242206546 0.00610639953737202 4.754525948230326
205 0.9140012631556618 0.39506292500413576 0.006526548139700106 4.7546794746853625
210 0.9128866116925545 0.40270640969114524 0.007456595625672913 4.752125030687869
215 0.9141262169954009 0.3936805695682679 0.01639590644869382 4.752656136603178
220 0.9139139442524816 0.39427714657042046 0.009145080130568584 4.751430408636179
225 0.9146338376234432 0.3929073104672556 0.009898360760335345 4.752205844366016
230 0.9136024816489146 0.3993569926029856 0.010581340906231418 4.751950640968526
235 0.9154464912859149 0.38565351176141416 0.013318429903851126 4.750245173063098
240 0.9150737067385879 0.3908712605571685 0.009240956800075306 4.750269526248403
245 0.9137234429661392 0.3973392114576928 0.006123242321651734 4.7505053923249525
250 0.9137983196765644 0.39321487528928767 0.007176291816649583 4.7487402273746895
255 0.9107930927752115 0.40586763101742385 0.01085418211139988 4.7489588941777
260 0.9147730105574603 0.38758565275282564 0.007542191161105105 4.747775132963821
265 0.9153516127402006 0.3861704594693389 0.012020593801571833 4.747993219328696
270 0.9156503764470747 0.3805858794592325 0.012554574911995742 4.749490439044656
275 0.9157264216049652 0.3833202619101703 0.006133710398119607 4.747823624736452
280 0.9153997443440842 0.3882701891469118 0.008801806581802296 4.7483090177139164
285 0.9147773321626872 0.3968968528857433 0.006447026970828329 4.748924949203955
290 0.9155542817638654 0.3890408558156748 0.005164872111451668 4.749285083713764
295 0.9152952172124376 0.38890162220816293 0.016895712130113427 4.747703511397591
300 0.9151638957024426 0.3927554850586761 0.008150671448099445 4.746615031622388
305 0.9165067510798699 0.3820794467070927 0.008486367756833868 4.746049799893914
310 0.9161151949752867 0.3859622370426985 0.010355129218801995 4.7471249720646105
315 0.9159487052255951 0.38598572999965164 0.012717979155160819 4.745420914045952
320 0.9144787199398584 0.39760088807983873 0.004863767963039445 4.745065190075167
325 0.9148415295338199 0.39605632850776296 0.006740559437667937 4.744173321667393
330 0.9170387531598149 0.3815938755294166 0.010420665465336265 4.743729018489686
335 0.9149101557759625 0.39504935727745494 0.013140011557833287 4.744252953115404
340 0.9156322200012801 0.38887395155778925 0.009063663074011519 4.7426887695284226
345 0.9171203873408229 0.38635361322928485 0.005000620986889803 4.741261714121465
350 0.9142105915745218 0.3910287757057329 0.00949280672803221 4.742928321537526
355 0.9181711861169108 0.37976780421684264 0.011672091275376939 4.7410479934225895
360 0.9182580955096917 0.3757463172880078 0.010463021152698593 4.740297645797476
365 0.9172952091669899 0.3805329129390236 0.012158216773869857 4.739334408127386
370 0.9184003893458508 0.3794235132039896 0.010037511517458908 4.738308285505283
375 0.9192403913911382 0.37895565787237473 0.010963752677171534 4.739406514225263
380 0.9198223028361603 0.378092013814622 0.007634520669052014 4.737915645778375
385 0.9206426327923223 0.36981149268005886 0.0003362103291619789 4.736585488398853
390 0.9207721116132953 0.37100006123059526 0.01416708270122391 4.736234858805941
395 0.9199088385217147 0.38131780566199946 0.008419206724864736 4.735581528786101
400 0.9218546444918907 0.3713118185735924 0.006575261724909742 4.735323310195839
405 0.9226140729424068 0.3655140688224332 0.0060173832203536115 4.732444389480615
410 0.9212606667242271 0.37347215841047987 0.010453578735714064 4.732788406279294
415 0.9222350317313716 0.36330913552050426 0.01266621474123042 4.730744498030599
420 0.9239601869830014 0.3677702963365901 0.010913095684471186 4.732476927878273
425 0.9224627470532956 0.36919735631773865 0.011405351616534443 4.729528470753712
430 0.926232586369988 0.3486041024776041 0.0029767375765126225 4.728890687293634
435 0.9265795309944354 0.35363268571784 0.0009657452106648368 4.726874635248762
440 0.923263832804166 0.3683806659501814 0.002528479907402126 4.72684125154587
445 0.9259128310199138 0.36095630257180567 0.008429201396948693 4.724944851287139
450 0.9276834340866551 0.34813379132102273 0.007423627364913976 4.725288619259347
455 0.9275889939420501 0.3575566687081171 0.00787970898749668 4.7206998909567135
460 0.9262086314459463 0.35493392231553766 0.004687737558661809 4.720364460765236
465 0.9303806526266951 0.33945481209241546 0.009138013296662972 4.719492611779632
470 0.9302706988758771 0.34444635908816323 0.014930144217348396 4.718496155223641
475 0.930273215628119 0.3449312139545686 0.0051855594558967155 4.717028609764937
480 0.9316830265352263 0.33994267735659633 0.008647567926752364 4.715676171194609
485 0.932552369255651 0.3380523158947497 0.007818004146621593 4.715224757956927
490 0.9326324104712957 0.3369773562703653 0.0027226842461189893 4.712599670426702
495 0.9335232749332033 0.3350669719769064 0.0044544125614831565 4.712355975050096
500 0.9339376300916269 0.3318694937255007 0.003422275772160477 4.711122959147007
505 0.9326611910740994 0.33982249765757455 0.0063598691333317525 4.709534612923405
510 0.9291197931858886 0.3539768333287583 0.008881896137254097 4.709393170701357
515 0.9315353574684649 0.34530451358284253 0.0037833976360737154 4.707085014693323
520 0.9341869548215151 0.33467556722228586 0.0024303145053756747 4.708042253136089
525 0.9346586834482664 0.3352210671461311 0.003288690964682539 4.706068269459537
530 0.9355495026724626 0.3309671481394689 0.004254562792206595 4.704101544280321
535 0.9362732184589032 0.3250725397638421 0.0045241196999348254 4.703690218035988
540 0.937634571999338 0.31894146606762774 0.00745157400210994 4.704562807501293
545 0.9363003540038315 0.32624213843389693 0.005428551801462955 4.702365473436749
550 0.9379119350091798 0.31941383076411967 0.0015178748439823586 4.703732815626498
555 0.9376250081509334 0.32283835210553224 0.004686249131235165 4.702094773717068
560 0.9375406211958689 0.32214649518562855 0.007487981119728371 4.7010063173312435
565 0.9389146683936602 0.316544312373356 0.0030338750873422082 4.702153665273343
570 0.9389174771725943 0.31481776636367 0.0031275901688441188 4.702820112695553
575 0.9368299861909803 0.3254262352442252 0.002925505386520255 4.698831431342101
580 0.9389061999363372 0.31425121077423945 0.0032436806530138362 4.700260645592276
585 0.9379683895065183 0.31952651141235844 0.005808357980656487 4.698798826738638
590 0.9389470349736394 0.3168251717104118 0.001554613203277544 4.698893999604219
595 0.9378076057751495 0.3206237639333436 0.004702100210599358 4.697292180153538
600 0.9380664720337193 0.3237473027299185 0.00500708413193407 4.697160003339351
605 0.9369705903519076 0.3277093654240568 0.007086000709887852 4.6980638125080025
610 0.9375678130868331 0.32131529492026356 0.011882502840471876 4.696685063552479
615 0.9404941918006947 0.31026160808804004 0.002880731203691811 4.696189366145665
620 0.9387982443468423 0.31635176149505106 0.004378536714427117 4.696968519903521
625 0.9400060945896695 0.3138326723578233 0.0011162304664813494 4.69718028267392
630 0.9404982447701828 0.3088195735615056 0.002453226019832 4.696684719691914
635 0.9393427640446043 0.31579461544721266 0.004515587092136064 4.695377883772471
640 0.9357978154194004 0.33597607848807165 0.007709300330549507 4.696011913910415
645 0.9391386269869734 0.3212420234483835 0.0020201733366922436 4.693733751814064
650 0.9395557117012219 0.3147734752099174 0.0028423887794661873 4.695198114006464
655 0.9395011510068332 0.32052791355068866 0.002111438304062574 4.6947719345956545
660 0.9384596484529157 0.3177863225128785 0.0029569817514880636 4.69500233502967
665 0.9408565949252228 0.30856079934685354 0.004880663142851294 4.694378000810452
670 0.9414903543490747 0.30418030268580676 0.0061545223174857 4.69263000480762
675 0.9392674200308192 0.3199565401194757 0.007160347625284835 4.693696092417187
680 0.9412183481370827 0.30838569500182267 0.0002107173995540279 4.693709455762395
685 0.9419769459894609 0.3026078161232366 0.0027341070055457717 4.693444731811788
690 0.9408047411885455 0.31165232418759903 0.001639206489369549 4.692741912179069
695 0.9388507252670539 0.32098883673846146 0.005737995041765975 4.693320056681502
700 0.9415012864800951 0.3066589286571313 0.0020783634431811304 4.694185790214202
705 0.9401111349967208 0.3179172060276345 0.006911789919704203 4.6929914926604
710 0.9401005924569092 0.3151647921445022 0.005483562617139226 4.692731540644046
715 0.9417474245216759 0.30656004313270646 0.0007918468822722957 4.693230128637852
720 0.9410735997550891 0.31099602565349027 0.0017974264682329988 4.691565490446686
725 0.9402795743614993 0.31303288276145924 0.005859075956378135 4.6914898556440185
730 0.9416194410280679 0.30815831411822536 0.005162545863413692 4.693463845323626
735 0.9353206926827271 0.3406576188577253 0.007829201588903434 4.690653171871809
740 0.9417140449849427 0.30547224470484213 0.004708631434781951 4.6920547671420785
745 0.9332247606859828 0.35036790313388355 0.003987677096837228 4.692353860333462
750 0.9407103293227205 0.3122680139298337 0.0016222861184032045 4.692563306377057
755 0.9417277964822861 0.3060309323899961 0.0029369195454804764 4.6923641168185775
760 0.9379164970557677 0.3275485168388723 0.006135220869545099 4.691180464891732
765 0.9417519549713664 0.30601627781004037 0.0015540781457485942 4.6920993651674126
770 0.9420287914424702 0.30422622918888553 0.003383682540562205 4.692436004981409
775 0.9397463984795025 0.3173110761919533 0.006731643318464764 4.691467997023519
780 0.9391651159782439 0.32237860730026835 0.0014257703819240408 4.691176763511243
785 0.9378178239618955 0.32276035292674443 0.007565996712997958 4.691573784723769
790 0.9418457401696931 0.3051557808441627 0.004956035046572493 4.691387757394504
795 0.9423282033052711 0.3016062879484771 0.0002985329528983893 4.690987973384289
800 0.9416599711254672 0.30705300049504824 0.001687735526600509 4.691228872392889
805 0.9396184105164893 0.32197426597768697 0.00043624668834274516 4.690807040865828
810 0.9415507555767096 0.3088031135377207 0.0006489977509660516 4.690579254425586
815 0.9427767608132211 0.2990829668864965 0.0023398722450207465 4.691489021376572
820 0.9416366147087376 0.30759424491055576 0.002854379913571181 4.691548625511726
825 0.940851209443629 0.3097941912963771 0.004371740361985399 4.692215196799655
830 0.9411647473634981 0.3111449269088391 0.0008928382420017034 4.691708536637853
835 0.9413321290526183 0.30883935959790243 0.011335030501676835 4.691366900072091
840 0.9392780261962694 0.31683650179259626 0.0041440466663624775 4.690682479533731
845 0.9416040524761107 0.3084920463939449 0.002284011608301828 4.690477802876784
850 0.9409967096505828 0.31087243283886856 0.00523509827408164 4.6900419963568964
855 0.9418890356407636 0.30778614355552936 0.00018708298692282632 4.691175080397412
860 0.9427055838937999 0.3007272287048801 0.0028396856273260607 4.69033103527248
865 0.9423387202869526 0.3021605253562818 0.0009880415642951057 4.689771576981084
870 0.9424044153713413 0.303119343323643 0.0030585747703488764 4.689407284669909
875 0.9415779517271983 0.31080775359430035 0.0020996148020797634 4.689886781235555
880 0.9413781438659746 0.30933372375145574 0.0030868600301565685 4.689871559092037
885 0.940174718552398 0.31245306636729886 0.002683189223614102 4.6896765519036885
890 0.9407437622568705 0.30938792908226187 0.005399625730236668 4.690231002026533
895 0.9413298745828438 0.3095803699510107 0.004987187083977052 4.688986519138352
900 0.9389391001129402 0.3242983836195421 0.0039779522124878675 4.689388572899711
905 0.937787744535409 0.33004003516432157 0.004544752751608927 4.689660448638518
910 0.9411994394661121 0.31179084421519043 0.0033166028849049844 4.690407746446194
915 0.9417614166639761 0.3036885751953484 0.002020912969515676 4.68995483396443
920 0.9427094751083792 0.30060520724021966 0.0033622990387498497 4.690046282613842
925 0.9414744178390211 0.31013943178515024 0.002735740446162316 4.689929210433792
930 0.9374609514458375 0.32878795170961705 0.007107963699387376 4.689795298913348
935 0.9423288057950383 0.3038818915151493 0.0007485436993595052 4.688873205894153
940 0.9377056438886824 0.3284625674711208 0.00286647206447066 4.690061619748464
945 0.94190684444563 0.30587988963818535 0.00020639175629089124 4.689445738877617
950 0.9418455821378298 0.3055372229135118 0.0010276309911541048 4.6901280865215815
955 0.9394187820213001 0.32047949716718094 0.0032761786007984295 4.688882812071072
960 0.942201586572817 0.30568531046733405 0.003068399921061893 4.689531217951425
965 0.9419023003792001 0.30520314011437133 0.0027334791437469974 4.689595190024372
970 0.9409977628236534 0.308349141872001 0.004144548241514334 4.690075451231414
975 0.9427844292928262 0.2986886280825001 0.003319858998115599 4.689624032005063
980 0.9413922604738085 0.30959050712812086 0.0012549718622067996 4.688668984579404
985 0.9421617516564704 0.3062110179238138 0.003928891898800746 4.689498635144668
990 0.942663454331307 0.30235974960679446 0.0027064184925946755 4.688988445213916
995 0.9414514282344087 0.3079272214708997 0.006262030763593884 4.688373126759222
1000 0.9419093621760011 0.30906742874547977 0.003209947154016124 4.689214056584167
