0 0.3546436453820469 2.3992447897814246 0.3273772318191328 0
5 0.8119744124492903 0.4520837665663828 0.04700054463829173 5.311206341464376
10 0.9184531909928324 0.19394381079626566 0.02771252555755277 4.870111168592843
15 0.9277232994122598 0.16877858160267412 0.026538871339203407 4.854601703703115
20 0.9261680863117292 0.1730401470975229 0.032919908181362256 4.849917926698357
25 0.9299188561051837 0.16151116424063972 0.008280755980701215 4.844913301435662
30 0.9326263580782697 0.1547692655213604 0.021039176034000295 4.843532207882353
35 0.9321258914261775 0.15692450299315563 0.03162836333420427 4.842874754881983
40 0.9332380303495658 0.15226069756689764 0.019846986092018737 4.8425646711230765
45 0.9335367829652863 0.15203596979011902 0.019746115510070217 4.841588104691253
50 0.9209995213174078 0.32804366210348057 0.012257540530950184 4.889951260448462
55 0.9132623734139327 0.3930001125788998 0.004588020529143977 4.784922376215246
60 0.9129324055225573 0.39627455687138546 0.017415565279976786 4.784629444412424
65 0.9147982447700409 0.3925980238846849 0.00709024911001066 4.780119186828643
70 0.9150029822619745 0.3872062304856536 0.015486119838199253 4.776543459854075
75 0.9137385797344759 0.398800057736552 0.000849832241350601 4.7711278054082396
80 0.9147146178260097 0.39236853255171766 0.015302153151253606 4.766981217551163
85 0.9144420839303917 0.3938196621142973 0.009605052382612111 4.771466069873483
90 0.9152657640619427 0.38943020747144175 0.0038340386462463183 4.77018563612473
95 0.9117102361847826 0.4017966156761057 0.014108665647311058 4.768522415505685
100 0.9153160305621764 0.38839053741690055 0.006974719804685892 4.766911849259008
105 0.9141150708652472 0.3938622243534651 0.007851998449029285 4.766108317503074
110 0.9149139128245058 0.3920062175129715 0.0063416481452263085 4.766010016916097
115 0.9148718525200331 0.3932024544436148 0.005823327069009343 4.764211296121983
120 0.905413052158587 0.4229299394866013 0.019482088241605355 4.762520892830087
125 0.9133263987876324 0.39692147794079435 0.013532487162234208 4.765201336077235
130 0.9035319580822487 0.43649248627112947 0.022188965350883105 4.760301687682169
135 0.9091175558511256 0.4161697292023776 0.00882303838989218 4.761336189710679
140 0.9141037123584668 0.39135837713119326 0.013154705552100632 4.7582559175342025
145 0.9152167528189454 0.3897986208789659 0.008422601841277855 4.760602196707683
150 0.914867384947211 0.3925253172365579 0.002830069390405532 4.759979781494169
155 0.9154336800468686 0.3870357867723042 0.00731606049635003 4.759075687005822
160 0.9134363123741662 0.4023328811562443 0.0110785977418002 4.757383074642766
165 0.9149514954378626 0.39135136066785403 0.006173811934551354 4.757295953925197
170 0.9149066600565576 0.39313874098472024 0.012117484205785845 4.756647515378902
175 0.913724549820853 0.4015418765736696 0.01210921053682168 4.757275150439259
180 0.9146916088700396 0.39203112979309385 0.008232261646031525 4.754628348216156
185 0.9135406929805377 0.3979019741905052 0.007793619275929142 4.754971694678842
190 0.9123278597728428 0.4012395510007023 0.013092431768469748 4.754348143400921
195 0.9129224521958307 0.398391708749414 0.010063304554569275 4.754926386950204
200 0.9146538547533819 0.3911441918073768 0.006420468617723163 4.7538744355427855
205 0.9150315683344974 0.3860283902472954 0.008760486818758961 4.753584794313876
210 0.9137117691347831 0.40006716402268694 0.010414219728802188 4.75245015771209
215 0.912056050162527 0.40325383576144347 0.010344180850692108 4.750444909175992
220 0.9145442341978709 0.39499820244921846 0.014248787434136823 4.751331374105609
225 0.914870853565434 0.39087422866475574 0.0113707866804853 4.7493239148736945
230 0.914598262594057 0.3930223594255873 0.007782612926318544 4.7505822151111925
235 0.9152149676900357 0.3865289022727545 0.009057060472704714 4.750298238289384
240 0.9119810964241145 0.40644278027111724 0.004354291808878141 4.749656979322748
245 0.9120114827999645 0.3996784741929842 0.008625265919812275 4.74949202117822
250 0.9093004554504556 0.4131598104489198 0.005372529662823755 4.7497822203203555
255 0.9147396005781527 0.38893153051887364 0.011410751548128095 4.747614554532024
260 0.9136426824968781 0.39042587664423056 0.009416330857976885 4.746583766981405
265 0.9156609757278242 0.3854578771297197 0.014984326654690294 4.74697716715954
270 0.912642176411065 0.4003560575699767 0.008117586996116977 4.746094453794049
275 0.9151109329947376 0.3922967708269631 0.011019704423403054 4.74598262433607
280 0.9149353188777709 0.39073990540368975 0.011207843835173925 4.746001087727613
285 0.9151291480007395 0.3887322693764439 0.006985216111826009 4.7459488627975235
290 0.9158313250674566 0.3839694040822277 0.0012518210811882646 4.745201643692422
295 0.9167579465606582 0.3825102416563544 0.006302838499996577 4.744744741252138
300 0.914343588768632 0.3969127725880952 0.010382487137042373 4.743280314250557
305 0.9147767887255616 0.39482182254277465 0.014155182121926568 4.744000150367093
310 0.917194679305674 0.38273092976383527 0.00899460645693706 4.742725967887944
315 0.9146743855515362 0.3949656170153206 0.004534452959144009 4.741818498671766
320 0.9135914647127561 0.3959128163718786 0.014580510037676797 4.742753642658487
325 0.9163374073813975 0.3876064243905404 0.0076552520271087054 4.742662541915959
330 0.9188531500481572 0.37421910681226844 0.01180110381656152 4.739583321012759
335 0.9176201093113193 0.3807145008871684 0.012934446478746642 4.740080962636762
340 0.9114987532703527 0.39884297095448673 0.007544092072451658 4.740702793563872
345 0.9199509843311445 0.3717800283588737 0.01443144948102315 4.7390457085461355
350 0.9200750545544341 0.37051315931724194 0.013220165832444453 4.737686660772983
355 0.9200869649518073 0.37794072024609093 0.003466179483428089 4.736041826251676
360 0.921545884920836 0.369415953207902 0.008202720750532855 4.734256339868349
365 0.921974655540196 0.3635300236414132 0.011688278203515257 4.7337311520774685
370 0.923042548659391 0.3616367906925353 0.01052924318544024 4.731669937905895
375 0.9246030306302682 0.361668787858596 0.01010915254168121 4.731032183587094
380 0.9185694463154749 0.38829463984308443 0.010056710457452045 4.729018966795483
385 0.9267949720785795 0.3526508801001249 0.006896705014620252 4.727529590674524
390 0.9273108709783238 0.3526748596449627 0.006512166167440547 4.725001275993822
395 0.9244917112513227 0.37344543735240787 0.008571355067087394 4.7226960728978105
400 0.9238321571287582 0.3642504225182952 0.009343004187969628 4.722807163319817
405 0.9296743831010934 0.34347323557302545 0.003419112515071987 4.721905775078599
410 0.9300052007823725 0.34514036467819587 0.007474874205063653 4.719117966699407
415 0.9299818384801317 0.3495427343816173 0.004206905899830415 4.7184583134083
420 0.930289943287899 0.3525200165487803 0.009098938112209298 4.71502846077936
425 0.9315578101056851 0.3429969548998679 0.005888481754515507 4.716449471291843
430 0.931360450399834 0.3419189067404709 0.006382394558600124 4.715973046258283
435 0.9283877608365314 0.35622750382644774 0.014040093984125424 4.712384577912014
440 0.9294510611779867 0.3471384720389823 0.0028315033748473883 4.711682372931346
445 0.9332918005182742 0.33863014810026915 0.006310265909516222 4.710284143022909
450 0.9348303552126767 0.32739062871833013 0.007805370653308774 4.7112940214645045
455 0.9352739173777515 0.32743114876918966 0.006099431119602761 4.707860331678728
460 0.9341725672983016 0.33460210697347836 0.000632441203864742 4.706661732626175
465 0.9300911103360862 0.3509295640671777 0.00813490010197171 4.706878370270736
470 0.9369993668579331 0.3215155707369215 0.005830490676524747 4.706163059460976
475 0.9370126424575498 0.32041314793986686 0.0063627111254966895 4.702891884012997
480 0.9360596105526164 0.330597467647439 0.004130656959123957 4.702758507457244
485 0.9381402977731438 0.31726834131937043 0.003678710887677017 4.70360891299156
490 0.937295222313284 0.3252514499243162 0.0010185366905861581 4.701618713889233
495 0.9378968787630878 0.32220891225195825 0.004385676112105497 4.701775080853605
500 0.9401068434429039 0.3054882999048294 0.00937459801153362 4.700239202903354
505 0.9371653004741356 0.3275818230069065 0.000819709567697835 4.700589016746476
510 0.933543655056837 0.3437466066152117 0.009990913919404765 4.70006217201536
515 0.9382288540378455 0.3235173477930111 0.003480485015323165 4.698956437928385
520 0.9386710177921915 0.3176604723964722 0.004450164693845737 4.700046272035473
525 0.9382148386673117 0.3244608704359697 0.0020023803947133434 4.699045732927282
530 0.9390066181365068 0.320577235063527 0.0035658371917257625 4.69875973874937
535 0.9387139689045154 0.31735152656183274 0.003489556833069285 4.6979547071043015
540 0.9375767812700666 0.3258528375077532 0.0027637046538318 4.696493222354482
545 0.9377508175976179 0.32410346638538723 0.0019113520788125449 4.696747001395009
550 0.939271719221149 0.3173222519117873 0.0019272389325257766 4.6954033846252035
555 0.9397808637904781 0.31352349593091233 0.00517421500338644 4.696911678220081
560 0.9380758361669841 0.32173546048077295 0.0034098328742957484 4.695530021512126
565 0.9380936550159131 0.3273526574366876 0.0016185471404726037 4.69571059381465
570 0.9404571830046717 0.3094744330876056 0.00429654274493485 4.69648492437963
575 0.9406874856491313 0.3111722426050312 0.005298330335266277 4.695179720744738
580 0.9408326642961092 0.31043725476681683 0.004052001314593046 4.695856115063554
585 0.9401245774474538 0.31297793368159343 0.0011435478581232061 4.694358591392473
590 0.9398381721459521 0.31439548070503864 0.0045935234570415595 4.695077488732424
595 0.9404880736546086 0.31297863485525923 0.003690856471376902 4.6948371381849805
600 0.9396806242297755 0.3203135383826874 0.001754673274113383 4.69443212809551
605 0.9404469714953653 0.31326101183396204 0.0030444624407182097 4.694433963163124
610 0.936652667521035 0.3339298245525901 0.0045624927597887055 4.693857391661084
615 0.9376706379112856 0.32783935074708914 0.003238616410651929 4.694510015690197
620 0.9385908647054654 0.3202020661614924 0.006534148983707411 4.694546094539836
625 0.9398489100325329 0.31568366424702177 0.004016741484909714 4.692787116474331
630 0.9386048528009043 0.32633677213072776 0.0023767216088723675 4.693310806231758
635 0.9418174773820764 0.30568708301652237 0.0036592854123473906 4.694611155754935
640 0.9404644525469347 0.3141538527429999 0.004227832824701849 4.693241967807897
645 0.9399594621153833 0.31410847849497525 0.0038294652731234446 4.692229086917204
650 0.9355734654648359 0.33862459909300213 0.0032508689284294068 4.691634336034889
655 0.9373039295279086 0.3257454465689342 0.008210528477639922 4.693162803025761
660 0.9403516898931334 0.3162911338315366 0.005708216116807163 4.6926211614089945
665 0.9403275957127588 0.31624931226581143 0.004369145082042891 4.692822450019016
670 0.9411400313808663 0.3103502804517664 0.004710338415328419 4.6916520166749285
675 0.9406855529030742 0.3117600816322099 0.0029630686571022746 4.693099898091551
680 0.9404487873899632 0.31457319635681547 0.0005889342193259317 4.69272673964223
685 0.9398951945091654 0.3161061231477049 0.005840956724141755 4.691388279200248
690 0.9427686148561515 0.29965959317306456 0.0036082021885177618 4.691329248715674
695 0.9408808957406342 0.3090704406905873 0.0030937942606863444 4.692100341133777
700 0.9420506819320456 0.3056413131461886 0.0033587986893668376 4.692688181316251
705 0.9415575380164939 0.3067234685166733 0.0013037798616986063 4.6924842513686515
710 0.9383899106109908 0.3235266272150472 0.005844717747994332 4.692416890598779
715 0.9423641751801448 0.3029691951807605 0.003979777205784796 4.69181297477742
720 0.9414521829496924 0.3079995719355839 0.0038189727648243466 4.6917446886568195
725 0.9399918335167236 0.3151176834551128 0.0023014983985889526 4.691266136578951
730 0.942266602346105 0.3024432750694066 0.002074235707013816 4.690863129908943
735 0.9393784921468136 0.32352680296680525 0.0057301431333074415 4.690903074760085
740 0.9378021735480041 0.3252735949723098 0.003981541002568534 4.692597486348512
745 0.9409260343884438 0.312995598350958 0.0011744935038038307 4.691548655846395
750 0.9420519674416367 0.30525459322829285 0.0021774295532408505 4.690761636725115
755 0.9401703360167832 0.31473943512514513 0.0016320743026505546 4.690849781779653
760 0.9347703243784853 0.3408857274080139 0.00954773372614115 4.691656327889556
765 0.9415717597737853 0.3092655317780242 0.0022157675432734614 4.691466497142248
770 0.942268428551208 0.3044747443749012 0.0024186269726338416 4.690743524796449
775 0.9420044112578847 0.306616410383862 0.0021283210755198567 4.691379320030201
780 0.9421574712379284 0.3053542703334342 6.46110419204593e-05 4.6901690247301335
785 0.9385715869213259 0.3219862725418938 0.0008384935552712136 4.690841395500627
790 0.9416309465439725 0.3088076167774796 0.001845917401854802 4.690435660044371
795 0.9430426343673877 0.2989142531240905 0.0008719412123396886 4.689564735548707
800 0.9407914079859895 0.31463450014624783 0.0023730184241670393 4.68996747835213
805 0.9413274085729215 0.31057204816842177 0.0010864962518739585 4.688919605541395
810 0.941317884713153 0.31006769614785856 0.0023315031737112246 4.69019485419707
815 0.9411783712838088 0.311043496782359 0.005914882620146722 4.689687313083363
820 0.9409955210434855 0.3130097043255269 0.001612180065968083 4.689856193279977
825 0.9422415128374584 0.304863309968499 0.0015498941141867117 4.690184789411251
830 0.939811752555773 0.31970381992910024 0.005382851465421279 4.690943614562303
835 0.9397699670422441 0.3191357318732946 0.0004743572784355887 4.690933094068466
840 0.9399917708265149 0.31510968024683894 0.0057610613240908215 4.6899861398204425
845 0.9414442892437418 0.31048790745408006 0.0033195590098455963 4.689045638291495
850 0.941928051566624 0.30837706304401014 0.0009544172774420545 4.689782151719288
855 0.9422528957119081 0.3041537612918912 8.446633280501104e-05 4.690198176429339
860 0.9407073108422874 0.314925596401733 0.0018941474503850753 4.690137005618101
865 0.940553373742031 0.315567499324076 0.0037321001919647934 4.690119442175298
870 0.9413204362858745 0.31173355818700443 0.0022250392319604906 4.6895432717264995
875 0.9421636314425769 0.3050749892297322 0.004739965925712131 4.689836196656914
880 0.9418786704398244 0.30770375105996894 0.0031098305001537874 4.689987534658768
885 0.9419585435369051 0.3081402677474916 0.0005599037553689623 4.689442352368101
890 0.9417336776156537 0.31136387821838785 0.0024672056641581452 4.690119048233767
895 0.9423909623791356 0.30495862290226405 2.1745868567180082e-05 4.689309181203686
900 0.9420806605885201 0.3060255179105873 0.00570764151695391 4.6897445515972365
905 0.9420606747628391 0.30683301008948405 0.0035434352924645918 4.689143442093884
910 0.9408745245354855 0.314662197153166 0.0036463084280771163 4.689773009290089
915 0.9423003898307796 0.30566388955416457 0.0020876691594633456 4.688547754758746
920 0.9406513578892937 0.31312709281524054 0.0009973310308757366 4.6887330534233405
925 0.9400051995315861 0.3200357956789679 0.0007845324146473764 4.689516725994287
930 0.9427511441372654 0.3021206947150006 0.0015752258481132042 4.689668072785868
935 0.9415627626072375 0.3106288369392427 0.005194291298050269 4.689362084964311
940 0.9419350444906205 0.3070310606056692 0.0033991833970736796 4.689081064778948
945 0.9421990624193194 0.30726112529174454 0.0036852452377558187 4.6893384257656905
950 0.9422595716971615 0.3055155479472722 0.002396888242407025 4.689265953338374
955 0.9405792354421558 0.31647709890364606 0.00030420051573143425 4.68942131119465
960 0.9407870648979038 0.3132773034258367 0.0007818040380356273 4.689299853083802
965 0.9409318216724207 0.3109922747292151 0.0006116159771516472 4.689542583610712
970 0.9418458138566839 0.30772301765546484 4.1585316201686595e-05 4.688828757567036
975 0.9425124963549256 0.304838650457639 0.0019230420716485064 4.689972981922079
980 0.9408911037165799 0.3136222160866957 0.0015177457731962996 4.6889620154373155
985 0.942553311175243 0.3012187343410515 0.001027352570627471 4.688824249218524
990 0.942690128645628 0.3035226993236728 0.000368205023927759 4.688560825097829
995 0.941743815642657 0.30803864937558245 0.0010821280419528456 4.688656511656803
1000 0.9368454836848805 0.3345274992797398 0.008507258139641705 4.688235967396256
