0 0.370740158348726 2.2767694700258234 0.3853034839272096 0
5 0.9087782411481183 0.3972065889041039 0.025107092744844017 4.846807582725122
10 0.9073588256323748 0.4117839639901577 0.017977099887246384 4.80706653354287
15 0.9140971132142057 0.38866426434181633 0.013533175797207697 4.792277486382331
20 0.9139756311186629 0.39373078970371456 0.012828057952354976 4.790757200198831
25 0.9136108729848014 0.39667183805288975 0.018092655137946112 4.781351634963226
30 0.9149468878112608 0.3854323468266694 0.010444921768363757 4.782138003808841
35 0.9071150706425981 0.41992198389368696 0.006637546894644464 4.773554378558557
40 0.9131287384443012 0.39722026361599205 0.010397452429127929 4.777123270450695
45 0.9145456305487155 0.39109177512932636 0.010715718996617607 4.772730128698024
50 0.9145334361093554 0.39277953250142783 0.012109695411984589 4.772438975319405
55 0.9099354431323741 0.4069565279593732 0.011032222314651063 4.7705287799170595
60 0.914614566833475 0.392050373224186 0.014857961915957674 4.769723398611525
65 0.9088788335690452 0.410655702920252 0.011783711997338964 4.768702227947195
70 0.9065210483088528 0.423514489099162 0.01103273222785961 4.763811821053829
75 0.9116081270023325 0.40289273158796846 0.015730983544155475 4.763891409109131
80 0.9078456549230607 0.4187363161926907 0.008421173740011056 4.763561530626956
85 0.9065608358673808 0.42222531329459034 0.01307014812420082 4.764619866846453
90 0.9063871087797535 0.42587824679410247 0.018330715938460695 4.7645312071696795
95 0.9135665744747143 0.39667382865005507 0.004994436472281816 4.762008571770664
100 0.9314235714626581 0.20078266281411938 0.050133191827403056 4.940332672145419
105 0.9329619635403419 0.15497349933099258 0.026405176079104198 4.840570898454218
110 0.9305623696501248 0.15983828958831126 0.007179963237351483 4.838304688606658
115 0.9333645516188228 0.15169488535371567 0.016885700243097546 4.836994150134043
120 0.933126386958433 0.15262406107907633 0.007459103800641298 4.836371868676278
125 0.9345798889745536 0.14908383202239595 0.014275416800894725 4.835091957341199
130 0.9343647192779871 0.148549834885765 0.017552750287770813 4.834145037767271
135 0.9334325953564351 0.15243621352061165 0.01148447892972193 4.834272278802019
140 0.9349778206351875 0.14785903550956192 0.013829589191366676 4.8332712582624495
145 0.9346613532215585 0.14877914907483092 0.011848552218398867 4.83337248121741
150 0.9353658187407449 0.14680146352369228 0.015697780127362337 4.8332419428810285
155 0.935064780033588 0.14795357983808355 0.023929671693203813 4.831784440725936
160 0.935817171899231 0.1461417551616062 0.016832500855787913 4.831307738067792
165 0.9362079830680274 0.14465756194252322 0.038507637124570504 4.831064068698728
170 0.9362752588556176 0.14458171808231146 0.011504313888376139 4.830573126422046
175 0.9366251867920583 0.14306261860229164 0.030661487477672278 4.828626685381935
180 0.9371872619536665 0.14170232199493782 0.015852042228959196 4.827613096035818
185 0.9378396409492737 0.14055940480643692 0.02964249688991205 4.825597398513457
190 0.9377553856192276 0.1412174945965914 0.00950150807653527 4.824540534222504
195 0.9395454595046258 0.1358500756222325 0.010643201190403406 4.822426050935044
200 0.941239464236421 0.13343164210512004 0.0225485224685118 4.819346874038458
205 0.9427930091744058 0.12785413888368957 0.012102801107379602 4.815074300782733
210 0.9451768063565762 0.121821623213072 0.02562235626665177 4.810135597094206
215 0.9466346190666795 0.12144727860910631 0.018832145935441913 4.801378818778798
220 0.9472780825452318 0.1219342207538272 0.02325078927572255 4.793114178865276
225 0.9556893381789766 0.10176328644292276 0.01841403074117065 4.7816655741979375
230 0.9628717704948213 0.08471061297679316 0.003855712426278801 4.772393422484028
235 0.9632901886363081 0.09053497918766151 0.0007108258847758897 4.761285318042311
240 0.9689824839582531 0.07995924382667496 0.016326381701736503 4.751070943005944
245 0.9763273709928556 0.05576731663570378 0.013817273343213365 4.743922025876544
250 0.9757049287246224 0.06042473336373888 0.017646555069992242 4.739135883603815
255 0.982090549907255 0.041901935743434926 0.0050180001770512295 4.733658905213928
260 0.9850535061893779 0.03724701272612929 0.016276729922048094 4.730897360870123
265 0.9810046015414607 0.048871833628986394 0.00487279677790986 4.722068238391894
270 0.9868848026350083 0.035450167287749856 0.011100179478124916 4.718680375198972
275 0.9777854723356795 0.07374889946237939 0.011443475344829146 4.716366113501053
280 0.9859553094174576 0.037643456683549736 0.00372957472404023 4.7124933220578145
285 0.9923050716104607 0.020915917944028806 0.00042709316655908935 4.7141126536396465
290 0.9811381125941214 0.05288582675342557 0.011727709153739552 4.708666618047307
295 0.9907023673679257 0.025017687629590668 0.01051872115201613 4.707478628903428
300 0.9909781670766006 0.02090397192316651 0.0027041082653707083 4.705417382108314
305 0.9894078724947539 0.031974219836270024 0.003205206920355197 4.706911283979083
310 0.9935358142849978 0.016891361770752233 0.009312689364011417 4.705716302050565
315 0.9927283274311923 0.020122043771108267 0.0027504429263740526 4.702317989534419
320 0.9900756393771866 0.03387433539874607 0.004677852130356541 4.701474452638687
325 0.9959876880781335 0.01017070418334054 0.009430231301781777 4.701605815692993
330 0.990091777556651 0.03071747275278014 0.0014266884071205688 4.700703399831256
335 0.9954229726284571 0.01328181979048626 0.0010180017092216165 4.699145310154927
340 0.9916528352992986 0.024588583631990346 0.005979963247086051 4.700933327206474
345 0.9969071461481407 0.008682552232176732 0.002540744609873302 4.700429126668728
350 0.995575801130468 0.01267228821159705 0.0015206964288063674 4.697574982622894
355 0.9967696184824941 0.008336759893970758 0.004736797273373616 4.697472839718405
360 0.9950268126030736 0.01391247140918761 0.00022354793388323912 4.696074487979101
365 0.9966665787814599 0.00980498743975744 0.0034015623432730457 4.69559016868702
370 0.9971515243006819 0.007252615119452521 0.002325346290628305 4.694882037963665
375 0.9975961093129454 0.006453544019485058 0.0009138429815089832 4.695347695834681
380 0.9977849759394722 0.0056749595563276856 0.009259761160356206 4.695266785586509
385 0.9976270409194344 0.006910373644312351 0.003339345924635584 4.695793113490777
390 0.9970645718359408 0.007593817736389674 0.004138805834377202 4.694419412046171
395 0.9940973503467856 0.020004242509783055 0.0011593641053491144 4.696163974178105
400 0.9977983587796655 0.005590055151578177 0.0011917880828984373 4.693553387139423
405 0.9978890732010118 0.005831178561634509 0.010565771096003207 4.693086774746676
410 0.997564448977573 0.00670595720707734 0.001256385701610352 4.693915750595332
415 0.9959419908122298 0.01204898567127266 0.00019961198645268574 4.692908233940706
420 0.998280391183905 0.00448899954206361 0.0016572459716652777 4.692697683542737
425 0.9981652877636721 0.005046956287943161 0.002690560069102954 4.6918867868302865
430 0.997271528556309 0.007779670956674423 0.00012650748322196037 4.693527416475622
435 0.9983171690120345 0.004858814596163441 0.006680956004077476 4.69258119621942
440 0.9981351123543987 0.004894219713674985 0.005971168089430101 4.6914775569492
445 0.9963583863311519 0.008653287223995498 0.0014314368800896204 4.691229909367819
450 0.9969234380162675 0.009398867007734069 0.0018745250906957445 4.693128171232505
455 0.9981214553595807 0.0049823906878812 0.008107406054043143 4.692084500887972
460 0.9984312443293222 0.004179309031972167 0.001606943067109512 4.691984609876726
465 0.9979362344729439 0.0064595127301245725 0.000855561800257032 4.691289517636225
470 0.994477080193678 0.020389440848410878 0.002432467336545008 4.690671083420319
475 0.9983922682645876 0.004909946841031854 0.0002221441444967276 4.692703716473335
480 0.9981562852298044 0.005679761186994092 0.0021374217536638263 4.691351482291776
485 0.9975942158497191 0.008520304208873952 0.0015761321475229462 4.69043245539657
490 0.9984282073522265 0.0048657524367774485 0.005462458447960783 4.691316300670898
495 0.9909538279049681 0.03223646210948505 0.0037851834302253806 4.691163979852971
500 0.9984054340476127 0.004853980145183456 0.001934586021966167 4.691341485063246
505 0.9985174064335365 0.003906352829668336 0.0020620776438968758 4.6902000151375605
510 0.998627329939823 0.0035912922320981977 0.005488081512112775 4.6908097136782825
515 0.9968349445360476 0.011217701036912331 0.004780805574499114 4.690342661710099
520 0.9904588840432744 0.03743230915899787 0.00061758030260739 4.691078013331566
525 0.9984732555939977 0.0042720508171925076 0.006217359122031807 4.689994871421875
530 0.9975933921219975 0.007247783116140383 0.0033692232842992276 4.690601986716066
535 0.9966950700482986 0.010697278874788552 0.002407553425496367 4.690048102192405
540 0.998087537542407 0.00612652638383171 0.001210703431191007 4.689954081010268
545 0.9982454746665995 0.005435992538050272 0.0010303931864017457 4.690626272920977
550 0.9970004294512493 0.009993516514342993 0.0019821822849943604 4.690925936376669
555 0.9983419650888605 0.004734488660217195 0.0018653118676490443 4.690147392130436
560 0.9974136948013537 0.009344084318045454 0.0010740264122603982 4.689620377390947
565 0.9969310105156595 0.010043530972953185 0.004658987959873517 4.6903846506403735
570 0.9984096423955897 0.005532534414784074 0.00405711895642713 4.689973066421505
575 0.9963883078540519 0.012615211388631309 0.0007354319733470227 4.689096688914196
580 0.9986589484711497 0.003774248880024089 0.0007256962554877955 4.6893315520898415
585 0.9987845690206182 0.003895328315960178 0.0015758034636181861 4.688872054150631
590 0.998942159965776 0.002813351814985765 0.002614442768791081 4.6890316462435955
595 0.997522347730192 0.0090800545030989 0.0024531238036493708 4.689199726090894
600 0.9989341878461531 0.003226950754197766 0.00027541213695769784 4.689185646416977
605 0.9986582487297877 0.0037700775865534553 0.0017794012570928608 4.6894090609052
610 0.998403427419486 0.005241030168084748 0.00011879422886651447 4.689418990580011
615 0.9977474923190004 0.007808169050153246 0.002117906580009876 4.6891795077339475
620 0.9980332712313595 0.005893894999219995 0.0030709858070165907 4.688602876783702
625 0.9988931931959102 0.0035056385551524016 0.001013111640990827 4.689206762291638
630 0.9989081064184576 0.0032202373342675727 0.0004579665063095817 4.68894264747315
635 0.9953340116340597 0.016980332795112574 0.0035474170513516423 4.688283174325556
640 0.9986229203935676 0.004359622688226317 0.00046157784716727157 4.688245285599874
645 0.999090554387682 0.002448392119276832 0.0008683443108354894 4.688486941880984
650 0.999218872797394 0.0022033426797438693 0.0005068801031600234 4.688684789294915
655 0.9990728464026317 0.0025651204408658757 0.00017029706292781555 4.688710470869713
660 0.9992087368403216 0.002121330643399588 0.0003725718418059465 4.688970824759109
665 0.9986109017633708 0.0040323474230072875 0.0035130164858789836 4.687260047621059
670 0.997700107790249 0.008379784778298927 0.003210015325896043 4.6891700347184315
675 0.9978403411538069 0.007770023340007093 0.0009835786246941147 4.688134022716883
680 0.9945078936159577 0.02127183646175812 0.0031878658120729764 4.688663069088715
685 0.9990081071669674 0.0033187983894489292 0.00037113872919647406 4.689059665670403
690 0.9991662433744366 0.002187667638094304 0.00032894248440662466 4.68780671833904
695 0.9991632466732201 0.0026928169980307004 0.00277525486106045 4.688751590740414
700 0.9986502394794412 0.0046816588741736 0.0005627039715698778 4.688979748168211
705 0.9987016195098495 0.0042390685013549145 0.0007841558767105461 4.688401662561046
710 0.9985576345849956 0.004704644195588692 0.0009223919589245178 4.688352899071955
715 0.999273782691033 0.0021863324920872174 0.002667082845102531 4.688497443131639
720 0.9988795848366201 0.003975243945632201 0.001390519389546041 4.687826662962307
725 0.9976919807556844 0.007613887682792253 0.003961125582995884 4.688226792165418
730 0.9940982461458006 0.023393611080658516 0.0009134273480877475 4.688014953049479
735 0.9991493065556127 0.0024302463380836414 0.0036993992013096832 4.688387620379103
740 0.9993357452563227 0.0019439013046769205 0.0033804921172451152 4.688062313703993
745 0.9991864926794264 0.002674443880883004 0.002549602137691176 4.687575161785239
750 0.9983548741418333 0.006189804009763655 0.004130038062946539 4.6876842669565635
755 0.9984876555541877 0.005403108675461787 0.0014496981535709885 4.687838489086904
760 0.997526136356714 0.009347385574032252 6.994480194766339e-05 4.688120957532262
765 0.9992513115205385 0.002085141940156632 0.0014148314059529987 4.687590042697211
770 0.9987895086937608 0.004039159169799689 0.0029851191201140104 4.6877470243887265
775 0.9984628609641357 0.005291982879053414 0.0018016373666074337 4.687683114410341
780 0.9989028279751486 0.0034209206628297295 0.0024294501609873898 4.687802272542749
785 0.9986771753961713 0.004505776810455053 0.0008880046396884111 4.68759847919165
790 0.9990038646472316 0.0032974289673521895 0.002053743746619263 4.687352373985853
795 0.9990725826472807 0.00312421152648934 0.0012137574428041642 4.687550567975702
800 0.9993225630407874 0.0018958437958600527 0.000276771295192102 4.687715174809251
805 0.99850894873949 0.004523167618797785 0.0009501523972579307 4.6877224518237
810 0.9992067524794443 0.0024287326446605917 0.00017598242672356434 4.6874579045717475
815 0.9990722778049828 0.003184019196061705 0.0009649025560318769 4.687822317358981
820 0.9991726536776557 0.0026320352954369852 0.00020205052000044077 4.687864889056533
825 0.998270444055801 0.006445068865030379 0.0009183132201475708 4.687789201740403
830 0.9992078192399234 0.0021892247016923605 0.001602210761194156 4.687548755148878
835 0.9960479796011275 0.015365044277397821 0.00199982472997684 4.687554815070474
840 0.9988853041029376 0.0035897227006600474 0.00405837897925343 4.687325678089669
845 0.9993587452338732 0.0019885459639077396 0.00293639331076756 4.687494523925547
850 0.9985739872339556 0.0047972701762564185 0.0020722325519217932 4.688207790539569
855 0.999212027536498 0.0020825664843391323 0.00589535190747692 4.687396842076585
860 0.9993062124108574 0.0019074186953860206 1.6514395323685704e-05 4.687322305103714
865 0.9993603966181784 0.0019200306821209878 0.00281259207943263 4.687402893571059
870 0.9974522595755122 0.009653011027466185 0.003287089360805684 4.687624753153022
875 0.9992027647174013 0.0023283432569520812 0.0011656049828057125 4.687066605576887
880 0.9960484603252231 0.014847925950799201 0.0032312658790183413 4.687463728581964
885 0.9967237964435769 0.012508752944183854 0.0008684284954321164 4.687555304780357
890 0.9993203151041448 0.0020725902621956394 0.00013596376403657295 4.687209740133772
895 0.9986495978468777 0.004781168303225947 0.001406986104957486 4.68716109291328
900 0.9991648171948366 0.002236909205191928 0.004163403215615036 4.68703915291224
905 0.9993135865315502 0.002047706501107527 0.0011868880336289855 4.687522333278648
910 0.9993702682348995 0.0019918129740883472 0.0015218102044995963 4.687093389799499
915 0.9994364116384873 0.001803243868268467 6.053477465250978e-05 4.687433862153685
920 0.9987179997742537 0.004480718857836408 0.0006817569552641789 4.687552511869466
925 0.9993417114172978 0.0018206553502864153 0.0012657657457364468 4.6871562572187395
930 0.9989188154929286 0.003543605878110867 0.0032012853558325283 4.686655979708825
935 0.9977150367319889 0.008297369975140967 0.0052843288424802015 4.687291013151187
940 0.9990144650642998 0.0028442347778439014 0.0033987093935246016 4.6868263635341405
945 0.9994386104106843 0.001767748844386574 9.460667968896885e-05 4.6869910439090665
950 0.9989213987072301 0.003959337898960413 0.006638871353079168 4.686788743228139
955 0.9990139392920051 0.0030140080679768033 0.0022909820952523585 4.6871392990733165
960 0.9992785271494501 0.002192151262695674 6.513848492484264e-05 4.687010622195019
965 0.9989823968076396 0.003576674068883179 0.005175318618112268 4.686274558664257
970 0.9993978338764964 0.001963173748270819 0.0016570736785004314 4.687204235434936
975 0.9980446335990316 0.0069915568090719304 0.0006896552823614233 4.686526301988887
980 0.9987156146061986 0.004838285853725033 0.0015797251592792882 4.686353781197243
985 0.999349435315446 0.0019404873516721821 0.000527832545480722 4.686467106133992
990 0.999134668123951 0.0030103264361480697 0.0014337095517400478 4.687054360288711
995 0.9984420371160787 0.005811672109460098 0.004190331614030152 4.6866941919687966
1000 0.9981373696215727 0.006963070455034526 0.0010026232888413755 4.686562609803009
