0 0 0 0.4292869982447659 0
5 0 0 0.0004376249771171903 8.10933457818198
10 0 0 0.004980155349526338 7.921849594303103
15 0 0 0.008951608963023494 7.901606045445765
20 0 0 0.00913264677570802 7.894970541902113
25 0 0 0.0038599865941542078 7.89574833641018
30 0 0 0.008164414317834101 7.88970614970938
35 0 0 0.010068470874122548 7.883771989765664
40 0 0 0.013164836819404169 7.8845868690593
45 0 0 0.008338687994733807 7.8857610430754495
50 0 0 0.0062023975859855085 7.881801576427213
55 0 0 0.013092104252236725 7.882564790334669
60 0 0 0.0064734136980511 7.879059153388466
65 0 0 0.009805461292517359 7.875249238061221
70 0 0 0.011987592964494809 7.8772649689954894
75 0 0 0.014212242072354941 7.874459977021988
80 0 0 0.012920240835642804 7.875268635917606
85 0 0 0.010913370428285774 7.8752864487789545
90 0 0 0.009715787434170009 7.875670706358312
95 0 0 0.013881620199235778 7.874209996494517
100 0 0 0.014023694005322884 7.874690017501783
105 0 0 0.015129968675128946 7.874421148544094
110 0 0 0.006614162022719361 7.874375519872062
115 0 0 0.006089902884800935 7.874842527013234
120 0 0 0.012654236883958614 7.872541313724498
125 0 0 0.011705379501678825 7.8730379378734
130 0 0 0.014959167856555267 7.873334798876861
135 0 0 0.009909565120301833 7.873881024042411
140 0 0 0.010450566768563485 7.874067595242562
145 0 0 0.013752007875237116 7.872881241297751
150 0 0 0.012048421990637381 7.870947441884491
155 0 0 0.006597762992899048 7.873260572367317
160 0 0 0.009815514902747013 7.870649880548915
165 0 0 0.011067840126893769 7.8706510192
170 0 0 0.010149209302405149 7.869248102017407
175 0 0 0.012102665471362073 7.871088023912312
180 0 0 0.009963643331039718 7.870189691640047
185 0 0 0.011978279503526368 7.869680540480582
190 0 0 0.011333270710625953 7.869250943126126
195 0 0 0.009368097887141547 7.869230206971865
200 0 0 0.010316552305832838 7.8683594355652815
205 0 0 0.013796331783751281 7.868110867688504
210 0 0 0.012857297294256886 7.868105379229912
215 0 0 0.011147507050430328 7.867602032772667
220 0 0 0.013477913286945364 7.867681728138364
225 0 0 0.013600532561281797 7.8672840623347655
230 0 0 0.015524752839842781 7.868884333082061
235 0 0 0.012769390541978565 7.868587360886353
240 0 0 0.013200128641413844 7.8668430195220935
245 0 0 0.009868725389444055 7.867191650730909
250 0 0 0.012546308388340144 7.867762840123817
255 0 0 0.017112592961192163 7.867507565913611
260 0 0 0.011489168639167824 7.868113161923703
265 0 0 0.015396210467162552 7.867172733493326
270 0 0 0.015286415602460579 7.865438520377513
275 0 0 0.01146260535246113 7.867476268216178
280 0 0 0.0146659723560143 7.867835942734607
285 0 0 0.014572368985965145 7.866743051711835
290 0 0 0.010597377449339307 7.866451868002162
295 0 0 0.00849107141432448 7.866515490526421
300 0 0 0.00848202864699088 7.8668258773933735
305 0 0 0.012570184943723639 7.865214133661606
310 0 0 0.013789280693011552 7.866444770523287
315 0 0 0.01066237813899118 7.866486216851889
320 0 0 0.012649575170346816 7.864824305773445
325 0 0 0.01314902356381964 7.865511946283164
330 0 0 0.009631316771558707 7.866544146685669
335 0 0 0.0072203086413265005 7.864544137983408
340 0 0 0.012803467848008232 7.865518912939555
345 0 0 0.01375555083522606 7.86536188266487
350 0 0 0.010885900271051518 7.8664234579397165
355 0 0 0.006053626565971859 7.865019430178523
360 0 0 0.00815134067299561 7.865427327263358
365 0 0 0.01265961123481718 7.864968403586286
370 0 0 0.012718609210769616 7.864561842523649
375 0 0 0.007741944228651487 7.865268703753465
380 0 0 0.0120373544324337 7.865071154088054
385 0 0 0.008563403820913251 7.8660706715498545
390 0 0 0.009212938618618383 7.865609886824177
395 0 0 0.007659336134648864 7.8653574430942195
400 0 0 0.010976082190065961 7.866743758318603
405 0 0 0.008965245923942211 7.866981591636009
410 0 0 0.012869731155247699 7.8639213220726205
415 0 0 0.01181287421000854 7.865153654050578
420 0 0 0.008431319021200201 7.864587443971328
425 0 0 0.011379541680943905 7.8643147755225895
430 0 0 0.004381317570080867 7.865357085558661
435 0 0 0.011668155060774232 7.865194164421186
440 0 0 0.013280862160319984 7.864499943567519
445 0 0 0.010969181954486595 7.865071931429663
450 0 0 0.01469515568799018 7.8641336889559055
455 0 0 0.011714167390399544 7.86495362189526
460 0 0 0.011096390731681893 7.865230316081799
465 0 0 0.014969516305948671 7.864001127500095
470 0 0 0.013755906594902667 7.864254879096227
475 0 0 0.01397901867104312 7.863895703233736
480 0 0 0.010547980600961182 7.865427224642939
485 0 0 0.010307953707383577 7.86435337333916
490 0 0 0.01462684954383131 7.8644964796675865
495 0 0 0.013118815545864138 7.863843098452695
500 0 0 0.013867513754510341 7.864422721472685
505 0 0 0.011768014779220293 7.863991023169576
510 0 0 0.010158234314823433 7.864334334066817
515 0 0 0.01288321035614337 7.863809356326982
520 0 0 0.00966154645935946 7.864719268143964
525 0 0 0.010751466524926645 7.863736202291969
530 0 0 0.014502707359736355 7.8635547738198905
535 0 0 0.012185847439239117 7.862820089156182
540 0 0 0.012206598837321225 7.863493180078381
545 0 0 0.011117358427596535 7.863893513609797
550 0 0 0.01206708777640153 7.862646957639746
555 0 0 0.006577465733622612 7.863280003839883
560 0 0 0.008872069893766099 7.863988451890479
565 0 0 0.009367185459358218 7.863888321715949
570 0 0 0.01544252234906196 7.863032055057756
575 0 0 0.013219456818738706 7.8634782094577895
580 0 0 0.015595831998409748 7.863969037467057
585 0 0 0.00932488076581417 7.862718780341693
590 0 0 0.010503956885001386 7.863904752846718
595 0 0 0.010057540275890453 7.862660357086606
600 0 0 0.012810228433647097 7.862544368056047
605 0 0 0.010862264996129856 7.863701070015327
610 0 0 0.008928618586928172 7.8625628303154995
615 0 0 0.012861824508942021 7.862589393625484
620 0 0 0.015612490571213167 7.862910971064369
625 0 0 0.013721756674276886 7.863221559150502
630 0 0 0.013653692664443717 7.862913434607276
635 0 0 0.01155684075673391 7.8636040690048175
640 0 0 0.015341640255533084 7.862887712451392
645 0 0 0.012091182645679321 7.862046951067889
650 0 0 0.0065543834145431745 7.863823186762663
655 0 0 0.011690252887170294 7.862838666342101
660 0 0 0.012768724837438628 7.8620507518098925
665 0 0 0.013012541703683711 7.861925855745795
670 0 0 0.009587974583413095 7.862646472374758
675 0 0 0.013150509297997992 7.863038343616587
680 0 0 0.012732177369725317 7.862272692254709
685 0 0 0.015481074702167197 7.86231976113005
690 0 0 0.01361623290881786 7.862656900200408
695 0 0 0.011692081142887112 7.861286508292412
700 0 0 0.012422166710682081 7.862086345624761
705 0 0 0.010597105504477344 7.86209737296302
710 0 0 0.01355172277927097 7.863377252422277
715 0 0 0.013285679864536437 7.861472136157656
720 0 0 0.013492544085285552 7.862353332214924
725 0 0 0.008782216156073774 7.861749528114508
730 0 0 0.013190449723140762 7.862079899495005
735 0 0 0.00938172843773244 7.8616834042474455
740 0 0 0.012144844770564767 7.8616818297877264
745 0 0 0.013778855942304657 7.861571022821371
750 0 0 0.011957155822235999 7.860505869709096
755 0 0 0.01286392730530439 7.861832229301544
760 0 0 0.006924722242215298 7.8614271436296965
765 0 0 0.013639565475036308 7.8608128398050265
770 0 0 0.01493024037521673 7.861589048534401
775 0 0 0.014168399632311646 7.861298325113833
780 0 0 0.004894622206074617 7.861429492095885
785 0 0 0.01497362682396508 7.860691540058647
790 0 0 0.01265085085925488 7.860961059816714
795 0 0 0.01179188267411857 7.861204930558997
800 0 0 0.012593915310901593 7.860515833595988
805 0 0 0.012406335032235871 7.860122459361332
810 0 0 0.009680745579542682 7.8604374311396965
815 0 0 0.014950159459842016 7.85990650771415
820 0 0 0.012536425252145156 7.860710434987625
825 0 0 0.012570666124788632 7.859812784517187
830 0 0 0.008131735707621601 7.860129501754513
835 0 0 0.008242171934356612 7.859605538264857
840 0 0 0.011505531606233577 7.860041322698211
845 0 0 0.014752242231983681 7.859656727859906
850 0 0 0.008163574351027103 7.859779060994839
855 0 0 0.013553603253732893 7.859261799710564
860 0 0 0.009783879597240475 7.85964889220911
865 0 0 0.010923143505761068 7.858839284264441
870 0 0 0.012471782488774563 7.857453529517866
875 0 0 0.013521855452740095 7.858516148613156
880 0 0 0.014481624306888374 7.857539062957646
885 0 0 0.01565921435782136 7.858043518980072
890 0 0 0.009134141781316885 7.85825162279698
895 0 0 0.013558386655487586 7.857927168357657
900 0 0 0.016090423017870892 7.8575615075518055
905 0 0 0.00980039207354988 7.85727474787624
910 0 0 0.016744357874422855 7.856867659445076
915 0 0 0.011013840774601658 7.855748280202473
920 0 0 0.010637705512866358 7.855606658244027
925 0 0 0.014023556868290932 7.856500597262296
930 0 0 0.015398505933265527 7.855674655548132
935 0 0 0.011997012645398542 7.855270054910474
940 0 0 0.012379982491222963 7.856613944572011
945 0 0 0.014814995421685628 7.8544319341375
950 0 0 0.01290552339819162 7.854714700942777
955 0 0 0.01252540547571046 7.85407846611272
960 0 0 0.010154931851636295 7.855079935206933
965 0 0 0.016214965277865367 7.854322727351287
970 0 0 0.01358194917701483 7.854633330903814
975 0 0 0.011537577785334152 7.8536101476087605
980 0 0 0.009054455497726321 7.853930905335625
985 0 0 0.012403199562220246 7.853851423783974
990 0 0 0.013909470364435128 7.853192296395755
995 0 0 0.013289991276660196 7.853056820231464
1000 0 0 0.01343328050306658 7.852838216749304
