0 0 0 0.24677356674453244 0
5 0 0 0.01517837424244739 26.76615597162659
10 0 0 0.015612909911138173 26.67551365219716
15 0 0 0.015223066770259086 26.627299489244656
20 0 0 0.014180005373664484 26.608764047931036
25 0 0 0.012272485893903617 26.58332693511687
30 0 0 0.013728357050790896 26.538001238017742
35 0 0 0.01641886521935909 26.54070235984204
40 0 0 0.016028372407064007 26.508455629183132
45 0 0 0.016659047774692848 26.494470380376402
50 0 0 0.013480379695135492 26.43949237677347
55 0 0 0.013597506353020039 26.378787384857798
60 0 0 0.016027507753281656 26.371686918061364
65 0 0 0.015702840094070192 26.36090766277056
70 0 0 0.016390098646384965 26.31223754314189
75 0 0 0.017141562907230234 26.331318957224504
80 0 0 0.02001857837265053 26.29406746075475
85 0 0 0.017686130391437738 26.28357394723693
90 0 0 0.017647502601426668 26.286653798478813
95 0 0 0.020216373612196525 26.275900045899025
100 0 0 0.018972703564651416 26.179772593975486
105 0 0 0.019625335758876927 26.17633993972299
110 0 0 0.01938952299853458 26.171044891639045
115 0 0 0.019856079811948035 26.16973725340041
120 0 0 0.020513803703882116 26.164629127263144
125 0 0 0.019333359311320963 26.16127022247563
130 0 0 0.0202219020971961 26.161775176677857
135 0 0 0.01943926222078085 26.160829885864356
140 0 0 0.020880971215656796 26.155509807885775
145 0 0 0.02150301738069693 26.145376165012518
150 0 0 0.017907491710846157 26.153378674107575
155 0 0 0.01968316061132236 26.153839774081725
160 0 0 0.01877884872751845 26.14788741361698
165 0 0 0.01850126272545638 26.152293839042805
170 0 0 0.019648878668936387 26.146010741365444
175 0 0 0.019128456958039886 26.137968240070983
180 0 0 0.02098038882427078 26.141764252359316
185 0 0 0.01965440049659173 26.138357924783378
190 0 0 0.01958196675158641 26.136795600763218
195 0 0 0.019092075935023045 26.138648663538678
200 0 0 0.01947683146668311 26.14003291149202
205 0 0 0.017379219232506404 26.13172832373339
210 0 0 0.01691481692197505 26.130728248471478
215 0 0 0.020101198995959635 26.139253776652872
220 0 0 0.019741868691121267 26.130601529821778
225 0 0 0.017309513330888482 26.130957275994476
230 0 0 0.01830609299471586 26.13811039627236
235 0 0 0.020239555983846635 26.127924359620742
240 0 0 0.02040259637228936 26.127110221607463
245 0 0 0.020082002941205213 26.125360504471917
250 0 0 0.016584123224637093 26.120884359374045
255 0 0 0.019236955802760747 26.127473727742725
260 0 0 0.021042349036966 26.120708405273835
265 0 0 0.019676888172046825 26.12320245492711
270 0 0 0.019359785452774503 26.122323429673024
275 0 0 0.020546035731788814 26.120324026176707
280 0 0 0.01844379407782526 26.122122451734366
285 0 0 0.02055668849798087 26.12147239253276
290 0 0 0.019716804889348127 26.11704665826052
295 0 0 0.018360859727789558 26.11611479935136
300 0 0 0.01660046951653449 26.112534014711706
305 0 0 0.020101251505320272 26.11562461572222
310 0 0 0.017694072131178018 26.115140092923088
315 0 0 0.019971412527638455 26.116848623239445
320 0 0 0.021010577559755106 26.11438791634994
325 0 0 0.019927543762301658 26.11493122018784
330 0 0 0.019863423752040532 26.11583512240121
335 0 0 0.020203327543002247 26.106714354829332
340 0 0 0.01805621079007902 26.113863350028463
345 0 0 0.01962849640346298 26.112256726496152
350 0 0 0.021296508695308747 26.11053957150502
355 0 0 0.021319572242420204 26.110429013446023
360 0 0 0.01857706336815701 26.10576927576117
365 0 0 0.021021127425800312 26.106223076731304
370 0 0 0.018329349456100985 26.111159952585986
375 0 0 0.018977464484817075 26.11228086856875
380 0 0 0.020074897676095826 26.10317532867894
385 0 0 0.017391858062953736 26.1046451361196
390 0 0 0.01783651454009272 26.108759998880327
395 0 0 0.018141055007378615 26.099681369709725
400 0 0 0.021562608647704096 26.096809848774893
405 0 0 0.019318851592322606 26.1006569067607
410 0 0 0.01810096990075527 26.100564381061925
415 0 0 0.018989790833303877 26.096295772007114
420 0 0 0.01832914209763814 26.09729753367136
425 0 0 0.018675229987063613 26.09565761135106
430 0 0 0.02204239245686379 26.09680833040531
435 0 0 0.019836320618311865 26.09238950329341
440 0 0 0.01664600631860802 26.092207611984573
445 0 0 0.017899031729244896 26.09190546125094
450 0 0 0.01649352701099649 26.09187620329357
455 0 0 0.016931048617238043 26.091446834078695
460 0 0 0.01830851895194452 26.089151349333775
465 0 0 0.020663502910944986 26.09003571186353
470 0 0 0.021709199401919843 26.086670779824907
475 0 0 0.018354393538131397 26.083117234513598
480 0 0 0.014774982102696566 26.08151421739782
485 0 0 0.01708249835683895 26.08232195342207
490 0 0 0.024303217375408748 26.08086113135836
495 0 0 0.02112970840626116 26.079105768511653
500 0 0 0.0177470160942117 26.07569766403321
505 0 0 0.016938334676076305 26.073458545767934
510 0 0 0.013959997676588065 26.07451564816396
515 0 0 0.01830722743955704 26.071511688893423
520 0 0 0.013010467076295607 26.067771795877785
525 0 0 0.021094905825241428 26.06772353628063
530 0 0 0.015840999675781342 26.06658458743001
535 0 0 0.021489524663111714 26.064877312896765
540 0 0 0.021550128036162963 26.0604332953792
545 0 0 0.009504437187969783 26.059043633930823
550 0 0 0.016013820829038128 26.056477297726598
555 0 0 0.017436160123137645 26.053109173355573
560 0 0 0.013583950249637988 26.050971920235874
565 0 0 0.00890617667143645 26.0465063548235
570 0 0 0.010112458179512007 26.044735389908833
575 0 0 0.01536759302882662 26.042182427973266
580 0 0 0.009058557801959966 26.039718555467612
585 0 0 0.007963617968477443 26.037907482260994
590 0 0 0.01703732304716965 26.031837833005348
595 0 0 0.014808738785937026 26.030280957845804
600 0 0 0.013135092660017111 26.026246849719577
605 0 0 0.012569263658308572 26.024407697146508
610 0 0 0.008487513290730275 26.01967802145751
615 0 0 0.014007944633008362 26.017724535421117
620 0 0 0.007903814666101683 26.01408612493908
625 0 0 0.013609325172501574 26.008443848495084
630 0 0 0.0020415106036115738 26.00413593222878
635 0 0 0.008128759348001946 25.997885372649357
640 0 0 0.00487006246565258 25.9937269194807
645 0 0 0.012165355314006643 25.992358600257084
650 0 0 0.017570022995563983 25.985584425611044
655 0 0 0.0030436331732766053 25.981962809917835
660 0 0 0.016792989745022302 25.97612433680508
665 0 0 0.00171355129882933 25.972001465385457
670 0 0 0.002799667628846647 25.96965079384604
675 0 0 0.009577975288816098 25.96340137950654
680 0 0 0.012149688134871939 25.9619621810089
685 0 0 0.007790989624850475 25.95331627335164
690 0 0 0.0012310011479892413 25.949144101102412
695 0 0 0.005708530053642358 25.946705363536594
700 0 0 0.005204026121391481 25.943685530932644
705 0 0 0.027682563231326673 25.936251270729244
710 0 0 0.0152230029824314 25.935833354919065
715 0 0 0.01363314103706914 25.927442468610387
720 0 0 0.015522325986104368 25.92378579250111
725 0 0 0.03342769226057629 25.91465004834198
730 0 0 0.011652665935084183 25.91455572131986
735 0 0 0.0001509681821785236 25.914391781903294
740 0 0 0.0331679530269815 25.90522626021243
745 0 0 0.030243094361815714 25.897274370259538
750 0 0 0.022985371364173002 25.894834583336493
755 0 0 0.002053368064918626 25.88295670511705
760 0 0 0.03711013360358861 25.887047429753828
765 0 0 0.03799475539955388 25.879112954655906
770 0 0 0.020630755458567407 25.86881479847263
775 0 0 0.03473255705733336 25.861735808457478
780 0 0 0.03924883626391584 25.85416005589008
785 0 0 0.0032162865687346276 25.861485749812974
790 0 0 0.025676182810768777 25.84930141928896
795 0 0 0.03362291459507172 25.85378240621942
800 0 0 0.0316981341955751 25.848435413311677
805 0 0 0.027827126326410934 25.84020103856692
810 0 0 0.06786865453804469 25.842173480547427
815 0 0 0.0009551357005657124 25.833606755000492
820 0 0 0.06292362809583696 25.831329763863078
825 0 0 0.024169086920309057 25.817984364301893
830 0 0 0.04263843337822393 25.817241289292525
835 0 0 0.004352693464568125 25.803971025746332
840 0 0 0.05454023823862597 25.807500465753506
845 0 0 0.03938343079250872 25.808093496722222
850 0 0 0.04837911593008215 25.802477677863745
855 0 0 0.07336764800687723 25.798852243027685
860 0 0 0.07273853088946747 25.78955965409835
865 0 0 0.038973923900528895 25.789905809346514
870 0 0 0.07113055791515355 25.779964961463246
875 0 0 0.06844897536662309 25.772655346057654
880 0 0 0.0429874390149958 25.77752942388137
885 0 0 0.038327449143013226 25.766813810383557
890 0 0 0.07168503008623595 25.751864250429477
895 0 0 0.07782203083766226 25.75608774226573
900 0 0 0.04737821996067271 25.753520125656724
905 0 0 0.09368758572139058 25.744922615330452
910 0 0 0.07723131216272527 25.744755867404916
915 0 0 0.03287989467910135 25.739139387751894
